# Temperatura_=_20.0
# Concentracion g/m^3_=_9000.0
# C_Vs_to_Am_M_A/Vsm_=_65563218390.804596
# pendiente_HvsI_1/m_=_3716.3
# ordenada_HvsI_A/m_=_1297.0
# frecuencia_Hz_=_135333.71934375443

Tiempo_(s)	Campo_(V.s)	Magnetizacion_(V.s)	Campo_(kA/m)	Magnetizacion_(A/m)
0.000000e+00	-6.513379e-06	-1.981868e-11	-4.774260e+01	-3.539576e+00
1.000000e-08	-6.513444e-06	-1.899833e-11	-4.774307e+01	-3.527509e+00
2.000000e-08	-6.513181e-06	-1.990394e-11	-4.774115e+01	-3.519243e+00
3.000000e-08	-6.512489e-06	-2.129840e-11	-4.773607e+01	-3.515289e+00
4.000000e-08	-6.511209e-06	-1.883764e-11	-4.772669e+01	-3.516140e+00
5.000000e-08	-6.509175e-06	-1.748526e-11	-4.771178e+01	-3.522268e+00
6.000000e-08	-6.506346e-06	-1.402769e-11	-4.769105e+01	-3.534123e+00
7.000000e-08	-6.502930e-06	1.133118e-12	-4.766600e+01	-3.552122e+00
8.000000e-08	-6.499200e-06	6.321609e-12	-4.763866e+01	-3.576657e+00
9.000000e-08	-6.495141e-06	-4.891277e-11	-4.760891e+01	-3.608078e+00
1.000000e-07	-6.490562e-06	-1.160507e-10	-4.757535e+01	-3.646702e+00
1.100000e-07	-6.485302e-06	-6.987342e-11	-4.753680e+01	-3.692801e+00
1.200000e-07	-6.479530e-06	7.004586e-11	-4.749449e+01	-3.746606e+00
1.300000e-07	-6.473497e-06	6.176892e-11	-4.745027e+01	-3.808300e+00
1.400000e-07	-6.467138e-06	-1.095854e-10	-4.740366e+01	-3.878020e+00
1.500000e-07	-6.460307e-06	-1.811133e-10	-4.735358e+01	-3.955853e+00
1.600000e-07	-6.453018e-06	-1.147977e-11	-4.730015e+01	-4.041835e+00
1.700000e-07	-6.445363e-06	4.497402e-11	-4.724405e+01	-4.135951e+00
1.800000e-07	-6.437433e-06	-5.315955e-11	-4.718592e+01	-4.238134e+00
1.900000e-07	-6.429300e-06	-1.614401e-10	-4.712630e+01	-4.348267e+00
2.000000e-07	-6.420930e-06	-1.571800e-10	-4.706495e+01	-4.466180e+00
2.100000e-07	-6.411931e-06	-7.176080e-11	-4.699899e+01	-4.591653e+00
2.200000e-07	-6.401948e-06	-4.331902e-12	-4.692582e+01	-4.724417e+00
2.300000e-07	-6.391159e-06	-4.674777e-11	-4.684674e+01	-4.864155e+00
2.400000e-07	-6.379955e-06	-1.757420e-10	-4.676461e+01	-5.010505e+00
2.500000e-07	-6.368264e-06	-8.430275e-11	-4.667891e+01	-5.163062e+00
2.600000e-07	-6.355801e-06	8.508425e-11	-4.658756e+01	-5.321377e+00
2.700000e-07	-6.342849e-06	9.892381e-12	-4.649263e+01	-5.484965e+00
2.800000e-07	-6.329588e-06	-2.093789e-10	-4.639542e+01	-5.653307e+00
2.900000e-07	-6.315819e-06	-1.089742e-10	-4.629450e+01	-5.825851e+00
3.000000e-07	-6.301441e-06	8.002779e-11	-4.618911e+01	-6.002017e+00
3.100000e-07	-6.286399e-06	-3.767098e-11	-4.607885e+01	-6.181201e+00
3.200000e-07	-6.270635e-06	-1.940928e-10	-4.596330e+01	-6.362780e+00
3.300000e-07	-6.254286e-06	-8.176048e-11	-4.584346e+01	-6.546113e+00
3.400000e-07	-6.237602e-06	-5.240265e-11	-4.572117e+01	-6.730550e+00
3.500000e-07	-6.220520e-06	-1.311484e-10	-4.559596e+01	-6.915429e+00
3.600000e-07	-6.203003e-06	-1.088739e-10	-4.546756e+01	-7.100089e+00
3.700000e-07	-6.185247e-06	-1.124735e-10	-4.533741e+01	-7.283869e+00
3.800000e-07	-6.167251e-06	-2.124827e-10	-4.520550e+01	-7.466110e+00
3.900000e-07	-6.148629e-06	-1.164643e-10	-4.506901e+01	-7.646168e+00
4.000000e-07	-6.129365e-06	-2.339263e-11	-4.492780e+01	-7.823407e+00
4.100000e-07	-6.109774e-06	-1.949797e-10	-4.478420e+01	-7.997212e+00
4.200000e-07	-6.089916e-06	-2.739022e-10	-4.463864e+01	-8.166987e+00
4.300000e-07	-6.069723e-06	-8.905109e-11	-4.449063e+01	-8.332162e+00
4.400000e-07	-6.049183e-06	-4.543786e-11	-4.434008e+01	-8.492195e+00
4.500000e-07	-6.028319e-06	-2.473150e-10	-4.418715e+01	-8.646574e+00
4.600000e-07	-6.007032e-06	-2.708057e-10	-4.403111e+01	-8.794822e+00
4.700000e-07	-5.985311e-06	-9.494748e-11	-4.387190e+01	-8.936498e+00
4.800000e-07	-5.963250e-06	-7.082081e-11	-4.371019e+01	-9.071199e+00
4.900000e-07	-5.940860e-06	-2.259339e-10	-4.354608e+01	-9.198564e+00
5.000000e-07	-5.918014e-06	-2.316386e-10	-4.337862e+01	-9.318273e+00
5.100000e-07	-5.894676e-06	-1.327500e-10	-4.320755e+01	-9.430051e+00
5.200000e-07	-5.871015e-06	-1.319549e-10	-4.303412e+01	-9.533666e+00
5.300000e-07	-5.847111e-06	-1.838298e-10	-4.285890e+01	-9.628931e+00
5.400000e-07	-5.822860e-06	-1.670973e-10	-4.268114e+01	-9.715706e+00
5.500000e-07	-5.798144e-06	-1.867580e-10	-4.249998e+01	-9.793894e+00
5.600000e-07	-5.772825e-06	-1.826154e-10	-4.231439e+01	-9.863443e+00
5.700000e-07	-5.746689e-06	-1.198332e-10	-4.212281e+01	-9.924347e+00
5.800000e-07	-5.719882e-06	-1.375333e-10	-4.192632e+01	-9.976642e+00
5.900000e-07	-5.692662e-06	-2.310587e-10	-4.172680e+01	-1.002040e+01
6.000000e-07	-5.665126e-06	-1.812478e-10	-4.152497e+01	-1.005575e+01
6.100000e-07	-5.637403e-06	-9.579389e-11	-4.132175e+01	-1.008284e+01
6.200000e-07	-5.609396e-06	-1.466953e-10	-4.111647e+01	-1.010186e+01
6.300000e-07	-5.581042e-06	-2.139299e-10	-4.090864e+01	-1.011303e+01
6.400000e-07	-5.552331e-06	-1.680033e-10	-4.069818e+01	-1.011662e+01
6.500000e-07	-5.523170e-06	-1.165351e-10	-4.048444e+01	-1.011291e+01
6.600000e-07	-5.493601e-06	-1.392795e-10	-4.026770e+01	-1.010220e+01
6.700000e-07	-5.463642e-06	-1.748415e-10	-4.004810e+01	-1.008484e+01
6.800000e-07	-5.433273e-06	-1.708775e-10	-3.982550e+01	-1.006117e+01
6.900000e-07	-5.402496e-06	-1.457803e-10	-3.959991e+01	-1.003157e+01
7.000000e-07	-5.371427e-06	-1.467968e-10	-3.937217e+01	-9.996411e+00
7.100000e-07	-5.340073e-06	-1.608224e-10	-3.914235e+01	-9.956097e+00
7.200000e-07	-5.308406e-06	-1.644441e-10	-3.891024e+01	-9.911023e+00
7.300000e-07	-5.276521e-06	-1.571471e-10	-3.867652e+01	-9.861596e+00
7.400000e-07	-5.244403e-06	-1.478603e-10	-3.844110e+01	-9.808221e+00
7.500000e-07	-5.211934e-06	-1.352388e-10	-3.820310e+01	-9.751302e+00
7.600000e-07	-5.178918e-06	-1.550412e-10	-3.796109e+01	-9.691238e+00
7.700000e-07	-5.145313e-06	-1.725738e-10	-3.771477e+01	-9.628421e+00
7.800000e-07	-5.111093e-06	-1.501322e-10	-3.746394e+01	-9.563234e+00
7.900000e-07	-5.076268e-06	-1.314629e-10	-3.720868e+01	-9.496045e+00
8.000000e-07	-5.040966e-06	-1.654749e-10	-3.694991e+01	-9.427211e+00
8.100000e-07	-5.005334e-06	-1.762243e-10	-3.668874e+01	-9.357070e+00
8.200000e-07	-4.969480e-06	-1.465192e-10	-3.642593e+01	-9.285944e+00
8.300000e-07	-4.933464e-06	-1.356003e-10	-3.616193e+01	-9.214134e+00
8.400000e-07	-4.897170e-06	-1.601639e-10	-3.589590e+01	-9.141919e+00
8.500000e-07	-4.860498e-06	-1.626546e-10	-3.562710e+01	-9.069557e+00
8.600000e-07	-4.823514e-06	-1.436559e-10	-3.535601e+01	-8.997284e+00
8.700000e-07	-4.786126e-06	-1.359143e-10	-3.508196e+01	-8.925310e+00
8.800000e-07	-4.748304e-06	-1.475838e-10	-3.480473e+01	-8.853822e+00
8.900000e-07	-4.710145e-06	-1.547487e-10	-3.452502e+01	-8.782983e+00
9.000000e-07	-4.671736e-06	-1.510672e-10	-3.424349e+01	-8.712931e+00
9.100000e-07	-4.633122e-06	-1.433553e-10	-3.396045e+01	-8.643780e+00
9.200000e-07	-4.594231e-06	-1.419790e-10	-3.367538e+01	-8.575621e+00
9.300000e-07	-4.555010e-06	-1.489583e-10	-3.338789e+01	-8.508521e+00
9.400000e-07	-4.515528e-06	-1.489691e-10	-3.309849e+01	-8.442525e+00
9.500000e-07	-4.475790e-06	-1.373206e-10	-3.280722e+01	-8.377657e+00
9.600000e-07	-4.435815e-06	-1.262478e-10	-3.251420e+01	-8.313921e+00
9.700000e-07	-4.395575e-06	-1.310163e-10	-3.221925e+01	-8.251302e+00
9.800000e-07	-4.354962e-06	-1.414374e-10	-3.192156e+01	-8.189767e+00
9.900000e-07	-4.313971e-06	-1.374077e-10	-3.162110e+01	-8.129269e+00
1.000000e-06	-4.272665e-06	-1.246038e-10	-3.131833e+01	-8.069744e+00
1.010000e-06	-4.230981e-06	-1.294436e-10	-3.101279e+01	-8.011116e+00
1.020000e-06	-4.188789e-06	-1.400785e-10	-3.070352e+01	-7.953300e+00
1.030000e-06	-4.146055e-06	-1.344407e-10	-3.039028e+01	-7.896198e+00
1.040000e-06	-4.102882e-06	-1.186962e-10	-3.007383e+01	-7.839707e+00
1.050000e-06	-4.059523e-06	-1.179739e-10	-2.975601e+01	-7.783718e+00
1.060000e-06	-4.015975e-06	-1.251262e-10	-2.943681e+01	-7.728117e+00
1.070000e-06	-3.972162e-06	-1.244748e-10	-2.911566e+01	-7.672789e+00
1.080000e-06	-3.928103e-06	-1.175504e-10	-2.879271e+01	-7.617617e+00
1.090000e-06	-3.883782e-06	-1.193684e-10	-2.846784e+01	-7.562484e+00
1.100000e-06	-3.839192e-06	-1.257952e-10	-2.814100e+01	-7.507277e+00
1.110000e-06	-3.794282e-06	-1.284325e-10	-2.781181e+01	-7.451888e+00
1.120000e-06	-3.749049e-06	-1.219692e-10	-2.748026e+01	-7.396210e+00
1.130000e-06	-3.703617e-06	-1.173267e-10	-2.714724e+01	-7.340146e+00
1.140000e-06	-3.657978e-06	-1.176233e-10	-2.681271e+01	-7.283606e+00
1.150000e-06	-3.612130e-06	-1.183298e-10	-2.647665e+01	-7.226506e+00
1.160000e-06	-3.566080e-06	-1.166621e-10	-2.613911e+01	-7.168773e+00
1.170000e-06	-3.519710e-06	-1.119900e-10	-2.579922e+01	-7.110346e+00
1.180000e-06	-3.473075e-06	-1.083094e-10	-2.545739e+01	-7.051171e+00
1.190000e-06	-3.426284e-06	-1.117978e-10	-2.511442e+01	-6.991207e+00
1.200000e-06	-3.379310e-06	-1.164043e-10	-2.477010e+01	-6.930424e+00
1.210000e-06	-3.332034e-06	-1.133793e-10	-2.442357e+01	-6.868804e+00
1.220000e-06	-3.284512e-06	-1.063412e-10	-2.407524e+01	-6.806340e+00
1.230000e-06	-3.236769e-06	-1.036448e-10	-2.372528e+01	-6.743038e+00
1.240000e-06	-3.188810e-06	-1.053852e-10	-2.337375e+01	-6.678912e+00
1.250000e-06	-3.140701e-06	-1.015106e-10	-2.302111e+01	-6.613992e+00
1.260000e-06	-3.092421e-06	-9.647008e-11	-2.266722e+01	-6.548313e+00
1.270000e-06	-3.043894e-06	-9.630005e-11	-2.231152e+01	-6.481926e+00
1.280000e-06	-2.995049e-06	-9.775557e-11	-2.195349e+01	-6.414886e+00
1.290000e-06	-2.945890e-06	-9.742307e-11	-2.159316e+01	-6.347259e+00
1.300000e-06	-2.896423e-06	-9.686991e-11	-2.123057e+01	-6.279120e+00
1.310000e-06	-2.846635e-06	-9.551489e-11	-2.086563e+01	-6.210550e+00
1.320000e-06	-2.796425e-06	-9.283000e-11	-2.049760e+01	-6.141635e+00
1.330000e-06	-2.745800e-06	-9.229653e-11	-2.012651e+01	-6.072468e+00
1.340000e-06	-2.694929e-06	-9.088267e-11	-1.975363e+01	-6.003144e+00
1.350000e-06	-2.643857e-06	-8.617318e-11	-1.937928e+01	-5.933762e+00
1.360000e-06	-2.592534e-06	-8.266249e-11	-1.900309e+01	-5.864425e+00
1.370000e-06	-2.541017e-06	-8.063299e-11	-1.862547e+01	-5.795232e+00
1.380000e-06	-2.489292e-06	-8.050438e-11	-1.824633e+01	-5.726287e+00
1.390000e-06	-2.437352e-06	-8.080187e-11	-1.786561e+01	-5.657690e+00
1.400000e-06	-2.385277e-06	-8.054187e-11	-1.748391e+01	-5.589539e+00
1.410000e-06	-2.333080e-06	-7.954738e-11	-1.710131e+01	-5.521928e+00
1.420000e-06	-2.280727e-06	-7.965928e-11	-1.671757e+01	-5.454948e+00
1.430000e-06	-2.228163e-06	-7.882748e-11	-1.633228e+01	-5.388685e+00
1.440000e-06	-2.175430e-06	-7.781554e-11	-1.594574e+01	-5.323219e+00
1.450000e-06	-2.122682e-06	-7.667830e-11	-1.555910e+01	-5.258621e+00
1.460000e-06	-2.069861e-06	-7.500887e-11	-1.517194e+01	-5.194958e+00
1.470000e-06	-2.016774e-06	-7.420433e-11	-1.478281e+01	-5.132287e+00
1.480000e-06	-1.963457e-06	-7.352838e-11	-1.439200e+01	-5.070656e+00
1.490000e-06	-1.909981e-06	-6.978207e-11	-1.400002e+01	-5.010104e+00
1.500000e-06	-1.856341e-06	-6.689212e-11	-1.360685e+01	-4.950662e+00
1.510000e-06	-1.802607e-06	-6.739597e-11	-1.321298e+01	-4.892350e+00
1.520000e-06	-1.748761e-06	-6.743003e-11	-1.281829e+01	-4.835178e+00
1.530000e-06	-1.694781e-06	-6.538163e-11	-1.242263e+01	-4.779147e+00
1.540000e-06	-1.640703e-06	-6.640040e-11	-1.202624e+01	-4.724245e+00
1.550000e-06	-1.586530e-06	-7.420045e-11	-1.162915e+01	-4.670454e+00
1.560000e-06	-1.532323e-06	-7.815305e-11	-1.123182e+01	-4.617744e+00
1.570000e-06	-1.478062e-06	-7.326065e-11	-1.083409e+01	-4.566076e+00
1.580000e-06	-1.423594e-06	-6.844104e-11	-1.043484e+01	-4.515401e+00
1.590000e-06	-1.369046e-06	-6.768053e-11	-1.003501e+01	-4.465661e+00
1.600000e-06	-1.314391e-06	-6.946555e-11	-9.634392e+00	-4.416793e+00
1.610000e-06	-1.259511e-06	-6.938195e-11	-9.232121e+00	-4.368722e+00
1.620000e-06	-1.204568e-06	-6.766422e-11	-8.829398e+00	-4.321369e+00
1.630000e-06	-1.149621e-06	-6.680604e-11	-8.426636e+00	-4.274647e+00
1.640000e-06	-1.094604e-06	-6.943313e-11	-8.023368e+00	-4.228464e+00
1.650000e-06	-1.039473e-06	-7.076993e-11	-7.619259e+00	-4.182725e+00
1.660000e-06	-9.842808e-07	-6.830633e-11	-7.214707e+00	-4.137329e+00
1.670000e-06	-9.289971e-07	-6.865705e-11	-6.809481e+00	-4.092172e+00
1.680000e-06	-8.736999e-07	-6.814585e-11	-6.404157e+00	-4.047149e+00
1.690000e-06	-8.184436e-07	-6.519584e-11	-5.999133e+00	-4.002155e+00
1.700000e-06	-7.630844e-07	-6.214742e-11	-5.593354e+00	-3.957083e+00
1.710000e-06	-7.076821e-07	-6.260080e-11	-5.187259e+00	-3.911828e+00
1.720000e-06	-6.522572e-07	-6.246724e-11	-4.780998e+00	-3.866286e+00
1.730000e-06	-5.968334e-07	-6.091512e-11	-4.374746e+00	-3.820357e+00
1.740000e-06	-5.413941e-07	-6.038508e-11	-3.968380e+00	-3.773944e+00
1.750000e-06	-4.858641e-07	-5.993072e-11	-3.561348e+00	-3.726954e+00
1.760000e-06	-4.303073e-07	-5.922886e-11	-3.154122e+00	-3.679302e+00
1.770000e-06	-3.747183e-07	-5.610270e-11	-2.746658e+00	-3.630908e+00
1.780000e-06	-3.190785e-07	-5.003531e-11	-2.338822e+00	-3.581698e+00
1.790000e-06	-2.634149e-07	-4.689632e-11	-1.930812e+00	-3.531608e+00
1.800000e-06	-2.077968e-07	-4.787644e-11	-1.523135e+00	-3.480581e+00
1.810000e-06	-1.522011e-07	-4.796344e-11	-1.115623e+00	-3.428571e+00
1.820000e-06	-9.661321e-08	-4.617251e-11	-7.081679e-01	-3.375539e+00
1.830000e-06	-4.101550e-08	-4.560198e-11	-3.006407e-01	-3.321461e+00
1.840000e-06	1.455976e-08	-4.754109e-11	1.067220e-01	-3.266318e+00
1.850000e-06	7.012036e-08	-4.925074e-11	5.139771e-01	-3.210107e+00
1.860000e-06	1.257569e-07	-4.697362e-11	9.217888e-01	-3.152832e+00
1.870000e-06	1.813754e-07	-4.287192e-11	1.329468e+00	-3.094510e+00
1.880000e-06	2.369476e-07	-4.319050e-11	1.736809e+00	-3.035171e+00
1.890000e-06	2.925616e-07	-4.572720e-11	2.144455e+00	-2.974854e+00
1.900000e-06	3.481971e-07	-4.475217e-11	2.552260e+00	-2.913610e+00
1.910000e-06	4.037672e-07	-4.053664e-11	2.959584e+00	-2.851499e+00
1.920000e-06	4.593365e-07	-3.844313e-11	3.366903e+00	-2.788594e+00
1.930000e-06	5.149271e-07	-3.800510e-11	3.774378e+00	-2.724978e+00
1.940000e-06	5.704395e-07	-3.941339e-11	4.181280e+00	-2.660740e+00
1.950000e-06	6.258450e-07	-4.187180e-11	4.587398e+00	-2.595982e+00
1.960000e-06	6.811701e-07	-4.100968e-11	4.992927e+00	-2.530812e+00
1.970000e-06	7.364290e-07	-3.943917e-11	5.397971e+00	-2.465345e+00
1.980000e-06	7.917046e-07	-3.878640e-11	5.803138e+00	-2.399703e+00
1.990000e-06	8.469669e-07	-3.804030e-11	6.208206e+00	-2.334014e+00
2.000000e-06	9.021300e-07	-3.781456e-11	6.612548e+00	-2.268409e+00
2.010000e-06	9.572361e-07	-3.676547e-11	7.016471e+00	-2.203025e+00
2.020000e-06	1.012273e-06	-3.484320e-11	7.419886e+00	-2.137999e+00
2.030000e-06	1.067223e-06	-3.455528e-11	7.822669e+00	-2.073469e+00
2.040000e-06	1.122087e-06	-3.515435e-11	8.224815e+00	-2.009574e+00
2.050000e-06	1.176935e-06	-3.492786e-11	8.626852e+00	-1.946453e+00
2.060000e-06	1.231783e-06	-3.367405e-11	9.028880e+00	-1.884240e+00
2.070000e-06	1.286435e-06	-3.357087e-11	9.429474e+00	-1.823067e+00
2.080000e-06	1.340928e-06	-3.537167e-11	9.828907e+00	-1.763060e+00
2.090000e-06	1.395412e-06	-3.675039e-11	1.022827e+01	-1.704340e+00
2.100000e-06	1.449828e-06	-3.660308e-11	1.062714e+01	-1.647021e+00
2.110000e-06	1.504095e-06	-3.670458e-11	1.102490e+01	-1.591206e+00
2.120000e-06	1.558214e-06	-3.753170e-11	1.142160e+01	-1.536993e+00
2.130000e-06	1.612218e-06	-3.796150e-11	1.181744e+01	-1.484465e+00
2.140000e-06	1.666085e-06	-3.704654e-11	1.221228e+01	-1.433696e+00
2.150000e-06	1.719866e-06	-3.593519e-11	1.260649e+01	-1.384748e+00
2.160000e-06	1.773629e-06	-3.664738e-11	1.300057e+01	-1.337669e+00
2.170000e-06	1.827278e-06	-3.642292e-11	1.339381e+01	-1.292493e+00
2.180000e-06	1.880716e-06	-3.634996e-11	1.378551e+01	-1.249241e+00
2.190000e-06	1.933996e-06	-3.778862e-11	1.417605e+01	-1.207917e+00
2.200000e-06	1.987140e-06	-3.785926e-11	1.456559e+01	-1.168512e+00
2.210000e-06	2.040150e-06	-4.140018e-11	1.495415e+01	-1.131000e+00
2.220000e-06	2.093077e-06	-4.328309e-11	1.534210e+01	-1.095340e+00
2.230000e-06	2.145816e-06	-4.213190e-11	1.572867e+01	-1.061476e+00
2.240000e-06	2.198342e-06	-4.056416e-11	1.611369e+01	-1.029336e+00
2.250000e-06	2.250692e-06	-4.359341e-11	1.649741e+01	-9.988326e-01
2.260000e-06	2.302930e-06	-5.065682e-11	1.688031e+01	-9.698647e-01
2.270000e-06	2.355074e-06	-5.075366e-11	1.726252e+01	-9.423166e-01
2.280000e-06	2.407011e-06	-4.929660e-11	1.764321e+01	-9.160591e-01
2.290000e-06	2.458767e-06	-4.733024e-11	1.802259e+01	-8.909507e-01
2.300000e-06	2.510413e-06	-4.709599e-11	1.840115e+01	-8.668382e-01
2.310000e-06	2.561870e-06	-4.438691e-11	1.877832e+01	-8.435581e-01
2.320000e-06	2.613059e-06	-4.112453e-11	1.915353e+01	-8.209372e-01
2.330000e-06	2.663949e-06	-4.058094e-11	1.952655e+01	-7.987946e-01
2.340000e-06	2.714507e-06	-4.195720e-11	1.989714e+01	-7.769426e-01
2.350000e-06	2.764739e-06	-4.401348e-11	2.026534e+01	-7.551884e-01
2.360000e-06	2.814606e-06	-4.440493e-11	2.063086e+01	-7.333356e-01
2.370000e-06	2.864192e-06	-4.207250e-11	2.099432e+01	-7.111857e-01
2.380000e-06	2.913415e-06	-3.952777e-11	2.135512e+01	-6.885400e-01
2.390000e-06	2.962274e-06	-3.805314e-11	2.171325e+01	-6.652011e-01
2.400000e-06	3.010888e-06	-3.734260e-11	2.206959e+01	-6.409747e-01
2.410000e-06	3.059183e-06	-3.757323e-11	2.242359e+01	-6.156713e-01
2.420000e-06	3.107256e-06	-3.606136e-11	2.277596e+01	-5.891080e-01
2.430000e-06	3.155207e-06	-3.549887e-11	2.312744e+01	-5.611099e-01
2.440000e-06	3.202981e-06	-3.955444e-11	2.347762e+01	-5.315121e-01
2.450000e-06	3.250570e-06	-4.334511e-11	2.382644e+01	-5.001614e-01
2.460000e-06	3.297960e-06	-4.276476e-11	2.417381e+01	-4.669170e-01
2.470000e-06	3.345148e-06	-4.096395e-11	2.451970e+01	-4.316531e-01
2.480000e-06	3.392142e-06	-4.163443e-11	2.486416e+01	-3.942594e-01
2.490000e-06	3.438865e-06	-4.225548e-11	2.520664e+01	-3.546423e-01
2.500000e-06	3.485326e-06	-3.967376e-11	2.554719e+01	-3.127268e-01
2.510000e-06	3.531484e-06	-3.619418e-11	2.588552e+01	-2.684564e-01
2.520000e-06	3.577365e-06	-3.443632e-11	2.622183e+01	-2.217948e-01
2.530000e-06	3.623070e-06	-3.645073e-11	2.655684e+01	-1.727257e-01
2.540000e-06	3.668534e-06	-3.818773e-11	2.689009e+01	-1.212540e-01
2.550000e-06	3.713788e-06	-3.758230e-11	2.722180e+01	-6.740565e-02
2.560000e-06	3.758818e-06	-3.586601e-11	2.755187e+01	-1.122795e-02
2.570000e-06	3.803554e-06	-3.479949e-11	2.787977e+01	4.721073e-02
2.580000e-06	3.848013e-06	-3.263042e-11	2.820566e+01	1.078211e-01
2.590000e-06	3.892273e-06	-3.150624e-11	2.853008e+01	1.704933e-01
2.600000e-06	3.936438e-06	-2.911055e-11	2.885381e+01	2.350980e-01
2.610000e-06	3.980431e-06	-2.645407e-11	2.917627e+01	3.014867e-01
2.620000e-06	4.024152e-06	-2.738625e-11	2.949675e+01	3.694931e-01
2.630000e-06	4.067670e-06	-2.890416e-11	2.981573e+01	4.389344e-01
2.640000e-06	4.110889e-06	-2.971959e-11	3.013252e+01	5.096123e-01
2.650000e-06	4.153716e-06	-2.651709e-11	3.044644e+01	5.813149e-01
2.660000e-06	4.196029e-06	-2.151601e-11	3.075659e+01	6.538180e-01
2.670000e-06	4.237765e-06	-2.027098e-11	3.106251e+01	7.268876e-01
2.680000e-06	4.279119e-06	-1.795176e-11	3.136563e+01	8.002810e-01
2.690000e-06	4.320092e-06	-1.542124e-11	3.166596e+01	8.737494e-01
2.700000e-06	4.360630e-06	-1.334674e-11	3.196310e+01	9.470399e-01
2.710000e-06	4.400835e-06	-1.294589e-11	3.225780e+01	1.019898e+00
2.720000e-06	4.440819e-06	-1.664801e-11	3.255088e+01	1.092068e+00
2.730000e-06	4.480625e-06	-1.966820e-11	3.284266e+01	1.163299e+00
2.740000e-06	4.520203e-06	-2.189310e-11	3.313276e+01	1.233343e+00
2.750000e-06	4.559540e-06	-2.334438e-11	3.342110e+01	1.301960e+00
2.760000e-06	4.598548e-06	-2.224835e-11	3.370702e+01	1.368920e+00
2.770000e-06	4.637149e-06	-1.909453e-11	3.398997e+01	1.434002e+00
2.780000e-06	4.675405e-06	-1.697035e-11	3.427038e+01	1.497002e+00
2.790000e-06	4.713432e-06	-1.579155e-11	3.454911e+01	1.557729e+00
2.800000e-06	4.751139e-06	-1.264344e-11	3.482551e+01	1.616010e+00
2.810000e-06	4.788524e-06	-8.856761e-12	3.509954e+01	1.671692e+00
2.820000e-06	4.825691e-06	-8.600456e-12	3.537196e+01	1.724641e+00
2.830000e-06	4.862481e-06	-1.144479e-11	3.564163e+01	1.774746e+00
2.840000e-06	4.898961e-06	-1.109765e-11	3.590903e+01	1.821919e+00
2.850000e-06	4.935218e-06	-8.982194e-12	3.617479e+01	1.866098e+00
2.860000e-06	4.971208e-06	-9.115426e-12	3.643859e+01	1.907244e+00
2.870000e-06	5.006965e-06	-9.818366e-12	3.670069e+01	1.945343e+00
2.880000e-06	5.042429e-06	-8.623549e-12	3.696064e+01	1.980410e+00
2.890000e-06	5.077428e-06	-7.245917e-12	3.721718e+01	2.012483e+00
2.900000e-06	5.111971e-06	-9.065641e-12	3.747038e+01	2.041627e+00
2.910000e-06	5.146093e-06	-1.104995e-11	3.772049e+01	2.067932e+00
2.920000e-06	5.179594e-06	-1.044077e-11	3.796605e+01	2.091514e+00
2.930000e-06	5.212449e-06	-1.121028e-11	3.820687e+01	2.112511e+00
2.940000e-06	5.244847e-06	-1.424944e-11	3.844435e+01	2.131085e+00
2.950000e-06	5.276937e-06	-1.550900e-11	3.867957e+01	2.147420e+00
2.960000e-06	5.308774e-06	-1.489646e-11	3.891293e+01	2.161716e+00
2.970000e-06	5.340335e-06	-1.388299e-11	3.914427e+01	2.174196e+00
2.980000e-06	5.371634e-06	-1.360148e-11	3.937369e+01	2.185095e+00
2.990000e-06	5.402655e-06	-1.302782e-11	3.960107e+01	2.194664e+00
3.000000e-06	5.433275e-06	-1.185997e-11	3.982552e+01	2.203165e+00
3.010000e-06	5.463478e-06	-1.092301e-11	4.004690e+01	2.210868e+00
3.020000e-06	5.493362e-06	-1.046832e-11	4.026595e+01	2.218051e+00
3.030000e-06	5.522883e-06	-9.550191e-12	4.048233e+01	2.224993e+00
3.040000e-06	5.551936e-06	-7.251117e-12	4.069529e+01	2.231979e+00
3.050000e-06	5.580543e-06	-6.467710e-12	4.090498e+01	2.239286e+00
3.060000e-06	5.608755e-06	-5.421749e-12	4.111177e+01	2.247192e+00
3.070000e-06	5.636734e-06	-5.595168e-12	4.131685e+01	2.255965e+00
3.080000e-06	5.664528e-06	-6.028476e-12	4.152058e+01	2.265862e+00
3.090000e-06	5.692077e-06	-5.621528e-12	4.172252e+01	2.277131e+00
3.100000e-06	5.719200e-06	-6.918338e-12	4.192133e+01	2.290001e+00
3.110000e-06	5.745749e-06	-8.613374e-12	4.211593e+01	2.304686e+00
3.120000e-06	5.771682e-06	-8.535001e-12	4.230601e+01	2.321378e+00
3.130000e-06	5.796948e-06	-6.251844e-12	4.249121e+01	2.340249e+00
3.140000e-06	5.821607e-06	-3.402993e-12	4.267196e+01	2.361445e+00
3.150000e-06	5.845812e-06	-8.495951e-14	4.284938e+01	2.385087e+00
3.160000e-06	5.869710e-06	1.660934e-12	4.302455e+01	2.411270e+00
3.170000e-06	5.893261e-06	2.544196e-12	4.319718e+01	2.440058e+00
3.180000e-06	5.916446e-06	6.008548e-12	4.336712e+01	2.471489e+00
3.190000e-06	5.939183e-06	8.772836e-12	4.353378e+01	2.505567e+00
3.200000e-06	5.961427e-06	8.738886e-12	4.369683e+01	2.542269e+00
3.210000e-06	5.983252e-06	7.536516e-12	4.385681e+01	2.581539e+00
3.220000e-06	6.004753e-06	7.191734e-12	4.401441e+01	2.623291e+00
3.230000e-06	6.025905e-06	8.707429e-12	4.416945e+01	2.667411e+00
3.240000e-06	6.046623e-06	9.124130e-12	4.432131e+01	2.713752e+00
3.250000e-06	6.066972e-06	9.848227e-12	4.447047e+01	2.762144e+00
3.260000e-06	6.087031e-06	1.072124e-11	4.461750e+01	2.812386e+00
3.270000e-06	6.106797e-06	1.216728e-11	4.476238e+01	2.864254e+00
3.280000e-06	6.126227e-06	1.531242e-11	4.490480e+01	2.917501e+00
3.290000e-06	6.145295e-06	1.666865e-11	4.504457e+01	2.971860e+00
3.300000e-06	6.163961e-06	1.583763e-11	4.518139e+01	3.027043e+00
3.310000e-06	6.182096e-06	1.611936e-11	4.531432e+01	3.082749e+00
3.320000e-06	6.199701e-06	1.685968e-11	4.544336e+01	3.138662e+00
3.330000e-06	6.216915e-06	1.807820e-11	4.556954e+01	3.194460e+00
3.340000e-06	6.233751e-06	1.984470e-11	4.569295e+01	3.249809e+00
3.350000e-06	6.250186e-06	1.907424e-11	4.581341e+01	3.304376e+00
3.360000e-06	6.266179e-06	1.695291e-11	4.593064e+01	3.357826e+00
3.370000e-06	6.281610e-06	1.897573e-11	4.604375e+01	3.409827e+00
3.380000e-06	6.296459e-06	2.307278e-11	4.615259e+01	3.460057e+00
3.390000e-06	6.310851e-06	2.208348e-11	4.625808e+01	3.508200e+00
3.400000e-06	6.324712e-06	1.826599e-11	4.635968e+01	3.553956e+00
3.410000e-06	6.338002e-06	1.680100e-11	4.645710e+01	3.597043e+00
3.420000e-06	6.350843e-06	1.737243e-11	4.655122e+01	3.637198e+00
3.430000e-06	6.363271e-06	1.750734e-11	4.664232e+01	3.674181e+00
3.440000e-06	6.375217e-06	1.663289e-11	4.672988e+01	3.707778e+00
3.450000e-06	6.386697e-06	1.718601e-11	4.681403e+01	3.737807e+00
3.460000e-06	6.397715e-06	1.921288e-11	4.689479e+01	3.764113e+00
3.470000e-06	6.408217e-06	1.955692e-11	4.697177e+01	3.786577e+00
3.480000e-06	6.418007e-06	1.763261e-11	4.704353e+01	3.805118e+00
3.490000e-06	6.426899e-06	1.557078e-11	4.710871e+01	3.819687e+00
3.500000e-06	6.435195e-06	1.271122e-11	4.716951e+01	3.830279e+00
3.510000e-06	6.443183e-06	8.095526e-12	4.722806e+01	3.836925e+00
3.520000e-06	6.450862e-06	7.525290e-12	4.728435e+01	3.839699e+00
3.530000e-06	6.458112e-06	8.281157e-12	4.733749e+01	3.838713e+00
3.540000e-06	6.464896e-06	5.338809e-12	4.738722e+01	3.834124e+00
3.550000e-06	6.471288e-06	4.298289e-12	4.743408e+01	3.826125e+00
3.560000e-06	6.477292e-06	7.100488e-12	4.747808e+01	3.814950e+00
3.570000e-06	6.482853e-06	9.104588e-12	4.751884e+01	3.800874e+00
3.580000e-06	6.487952e-06	5.626031e-12	4.755622e+01	3.784205e+00
3.590000e-06	6.492577e-06	2.393601e-12	4.759012e+01	3.765289e+00
3.600000e-06	6.496760e-06	4.579568e-12	4.762078e+01	3.744504e+00
3.610000e-06	6.500628e-06	7.317301e-12	4.764913e+01	3.722259e+00
3.620000e-06	6.504265e-06	6.820794e-12	4.767579e+01	3.698991e+00
3.630000e-06	6.507617e-06	4.810228e-12	4.770036e+01	3.675161e+00
3.640000e-06	6.510419e-06	6.456932e-12	4.772090e+01	3.651252e+00
3.650000e-06	6.512463e-06	9.752093e-12	4.773589e+01	3.627765e+00
3.660000e-06	6.513713e-06	9.222537e-12	4.774505e+01	3.605215e+00
3.670000e-06	6.514313e-06	9.742220e-12	4.774944e+01	3.584127e+00
3.680000e-06	6.514491e-06	9.544899e-12	4.775075e+01	3.565034e+00
3.690000e-06	6.514359e-06	8.773133e-12	4.774978e+01	3.548468e+00
3.700000e-06	6.513950e-06	9.435636e-12	4.774678e+01	3.534963e+00
3.710000e-06	6.513135e-06	9.107841e-12	4.774081e+01	3.525044e+00
3.720000e-06	6.511802e-06	6.715458e-12	4.773104e+01	3.519226e+00
3.730000e-06	6.510051e-06	7.498968e-12	4.771820e+01	3.518009e+00
3.740000e-06	6.507952e-06	1.077620e-11	4.770282e+01	3.521875e+00
3.750000e-06	6.505462e-06	1.399393e-11	4.768457e+01	3.531284e+00
3.760000e-06	6.502515e-06	3.430993e-11	4.766296e+01	3.546667e+00
3.770000e-06	6.499154e-06	3.750305e-11	4.763833e+01	3.568427e+00
3.780000e-06	6.495357e-06	-3.766280e-11	4.761050e+01	3.596931e+00
3.790000e-06	6.490914e-06	-9.460707e-11	4.757793e+01	3.632512e+00
3.800000e-06	6.485566e-06	5.736551e-12	4.753873e+01	3.675459e+00
3.810000e-06	6.479549e-06	1.421213e-10	4.749463e+01	3.726021e+00
3.820000e-06	6.473665e-06	7.406174e-11	4.745150e+01	3.784402e+00
3.830000e-06	6.467780e-06	-1.025562e-10	4.740836e+01	3.850758e+00
3.840000e-06	6.461046e-06	-7.658004e-11	4.735900e+01	3.925196e+00
3.850000e-06	6.453459e-06	1.473643e-10	4.730339e+01	4.007774e+00
3.860000e-06	6.445551e-06	1.647331e-10	4.724543e+01	4.098499e+00
3.870000e-06	6.437359e-06	-2.626055e-12	4.718537e+01	4.197326e+00
3.880000e-06	6.428589e-06	-9.307713e-11	4.712109e+01	4.304157e+00
3.890000e-06	6.419283e-06	6.132151e-12	4.705288e+01	4.418845e+00
3.900000e-06	6.409883e-06	1.451838e-10	4.698398e+01	4.541191e+00
3.910000e-06	6.400238e-06	1.411786e-10	4.691328e+01	4.670946e+00
3.920000e-06	6.389844e-06	-7.537763e-12	4.683710e+01	4.807813e+00
3.930000e-06	6.378847e-06	-1.098824e-10	4.675649e+01	4.951449e+00
3.940000e-06	6.367708e-06	1.201511e-10	4.667484e+01	5.101464e+00
3.950000e-06	6.356063e-06	2.848404e-10	4.658948e+01	5.257430e+00
3.960000e-06	6.343543e-06	9.742983e-11	4.649771e+01	5.418875e+00
3.970000e-06	6.330569e-06	-2.642529e-11	4.640262e+01	5.585295e+00
3.980000e-06	6.317387e-06	2.120159e-10	4.630599e+01	5.756150e+00
3.990000e-06	6.303451e-06	3.057044e-10	4.620384e+01	5.930872e+00
4.000000e-06	6.288439e-06	3.427964e-11	4.609381e+01	6.108867e+00
4.010000e-06	6.272891e-06	5.406281e-13	4.597984e+01	6.289518e+00
4.020000e-06	6.256985e-06	2.484971e-10	4.586325e+01	6.472192e+00
4.030000e-06	6.240768e-06	1.507425e-10	4.574438e+01	6.656242e+00
4.040000e-06	6.224269e-06	-1.819729e-12	4.562344e+01	6.841010e+00
4.050000e-06	6.207363e-06	1.901057e-10	4.549952e+01	7.025835e+00
4.060000e-06	6.189991e-06	2.314350e-10	4.537218e+01	7.210055e+00
4.070000e-06	6.172127e-06	1.919998e-11	4.524125e+01	7.393010e+00
4.080000e-06	6.153889e-06	1.209339e-10	4.510756e+01	7.574049e+00
4.090000e-06	6.135294e-06	2.297697e-10	4.497126e+01	7.752531e+00
4.100000e-06	6.116102e-06	-4.371814e-11	4.483059e+01	7.927834e+00
4.110000e-06	6.096375e-06	-6.803511e-11	4.468599e+01	8.099352e+00
4.120000e-06	6.076444e-06	2.608399e-10	4.453990e+01	8.266505e+00
4.130000e-06	6.056309e-06	2.315887e-10	4.439231e+01	8.428737e+00
4.140000e-06	6.035792e-06	-2.434895e-11	4.424192e+01	8.585525e+00
4.150000e-06	6.014833e-06	1.178057e-10	4.408829e+01	8.736377e+00
4.160000e-06	5.993520e-06	3.200626e-10	4.393207e+01	8.880835e+00
4.170000e-06	5.971585e-06	1.800409e-10	4.377128e+01	9.018482e+00
4.180000e-06	5.948770e-06	2.796098e-11	4.360406e+01	9.148938e+00
4.190000e-06	5.925357e-06	1.423823e-10	4.343244e+01	9.271866e+00
4.200000e-06	5.901527e-06	2.402325e-10	4.325777e+01	9.386972e+00
4.210000e-06	5.877417e-06	1.480042e-10	4.308104e+01	9.494007e+00
4.220000e-06	5.853077e-06	8.250874e-11	4.290263e+01	9.592764e+00
4.230000e-06	5.828384e-06	1.754925e-10	4.272163e+01	9.683084e+00
4.240000e-06	5.803220e-06	1.764676e-10	4.253718e+01	9.764852e+00
4.250000e-06	5.777573e-06	1.163731e-10	4.234919e+01	9.837997e+00
4.260000e-06	5.751544e-06	1.769443e-10	4.215840e+01	9.902495e+00
4.270000e-06	5.725110e-06	1.911970e-10	4.196464e+01	9.958363e+00
4.280000e-06	5.698285e-06	8.852190e-11	4.176802e+01	1.000566e+01
4.290000e-06	5.671102e-06	1.386270e-10	4.156877e+01	1.004449e+01
4.300000e-06	5.643523e-06	2.278904e-10	4.136662e+01	1.007499e+01
4.310000e-06	5.615615e-06	1.409250e-10	4.116205e+01	1.009734e+01
4.320000e-06	5.587454e-06	8.062995e-11	4.095563e+01	1.011175e+01
4.330000e-06	5.559065e-06	1.677734e-10	4.074754e+01	1.011846e+01
4.340000e-06	5.530410e-06	1.968963e-10	4.053751e+01	1.011774e+01
4.350000e-06	5.501184e-06	1.241742e-10	4.032328e+01	1.010990e+01
4.360000e-06	5.471172e-06	1.100974e-10	4.010329e+01	1.009527e+01
4.370000e-06	5.440526e-06	1.655271e-10	3.987866e+01	1.007417e+01
4.380000e-06	5.409313e-06	1.747793e-10	3.964987e+01	1.004699e+01
4.390000e-06	5.377629e-06	1.319350e-10	3.941763e+01	1.001410e+01
4.400000e-06	5.345709e-06	1.412792e-10	3.918366e+01	9.975875e+00
4.410000e-06	5.313555e-06	1.681974e-10	3.894797e+01	9.932728e+00
4.420000e-06	5.281105e-06	1.481083e-10	3.871012e+01	9.885059e+00
4.430000e-06	5.248407e-06	1.411752e-10	3.847044e+01	9.833273e+00
4.440000e-06	5.215466e-06	1.671578e-10	3.822899e+01	9.777775e+00
4.450000e-06	5.182095e-06	1.506000e-10	3.798438e+01	9.718966e+00
4.460000e-06	5.148266e-06	1.331110e-10	3.773642e+01	9.657243e+00
4.470000e-06	5.114176e-06	1.618823e-10	3.748654e+01	9.592990e+00
4.480000e-06	5.079772e-06	1.723202e-10	3.723436e+01	9.526585e+00
4.490000e-06	5.044881e-06	1.336252e-10	3.697861e+01	9.458387e+00
4.500000e-06	5.009521e-06	1.391258e-10	3.671943e+01	9.388744e+00
4.510000e-06	4.973843e-06	1.781369e-10	3.645791e+01	9.317984e+00
4.520000e-06	4.937925e-06	1.680482e-10	3.619463e+01	9.246416e+00
4.530000e-06	4.901759e-06	1.331277e-10	3.592954e+01	9.174330e+00
4.540000e-06	4.865397e-06	1.484604e-10	3.566301e+01	9.101993e+00
4.550000e-06	4.828813e-06	1.735236e-10	3.539485e+01	9.029649e+00
4.560000e-06	4.791945e-06	1.565900e-10	3.512461e+01	8.957520e+00
4.570000e-06	4.754592e-06	1.315101e-10	3.485082e+01	8.885801e+00
4.580000e-06	4.716609e-06	1.428310e-10	3.457241e+01	8.814667e+00
4.590000e-06	4.678084e-06	1.586997e-10	3.429002e+01	8.744265e+00
4.600000e-06	4.639109e-06	1.549973e-10	3.400433e+01	8.674720e+00
4.610000e-06	4.599721e-06	1.473099e-10	3.371562e+01	8.606131e+00
4.620000e-06	4.559924e-06	1.474082e-10	3.342391e+01	8.538575e+00
4.630000e-06	4.519836e-06	1.449519e-10	3.313007e+01	8.472108e+00
4.640000e-06	4.479585e-06	1.424679e-10	3.283504e+01	8.406762e+00
4.650000e-06	4.439093e-06	1.423361e-10	3.253823e+01	8.342548e+00
4.660000e-06	4.398343e-06	1.327536e-10	3.223954e+01	8.279460e+00
4.670000e-06	4.357315e-06	1.248058e-10	3.193881e+01	8.217472e+00
4.680000e-06	4.315988e-06	1.331181e-10	3.163588e+01	8.156542e+00
4.690000e-06	4.274423e-06	1.458704e-10	3.133121e+01	8.096613e+00
4.700000e-06	4.232620e-06	1.369481e-10	3.102480e+01	8.037614e+00
4.710000e-06	4.190504e-06	1.262544e-10	3.071609e+01	7.979464e+00
4.720000e-06	4.148049e-06	1.319581e-10	3.040490e+01	7.922070e+00
4.730000e-06	4.105334e-06	1.343687e-10	3.009180e+01	7.865330e+00
4.740000e-06	4.062356e-06	1.195916e-10	2.977678e+01	7.809139e+00
4.750000e-06	4.019054e-06	1.108930e-10	2.945938e+01	7.753384e+00
4.760000e-06	3.975411e-06	1.162035e-10	2.913947e+01	7.697949e+00
4.770000e-06	3.931530e-06	1.239546e-10	2.881783e+01	7.642719e+00
4.780000e-06	3.887450e-06	1.229298e-10	2.849473e+01	7.587577e+00
4.790000e-06	3.843244e-06	1.232914e-10	2.817070e+01	7.532408e+00
4.800000e-06	3.798983e-06	1.243416e-10	2.784627e+01	7.477101e+00
4.810000e-06	3.754498e-06	1.234322e-10	2.752020e+01	7.421549e+00
4.820000e-06	3.709646e-06	1.204880e-10	2.719143e+01	7.365650e+00
4.830000e-06	3.664540e-06	1.173360e-10	2.686082e+01	7.309312e+00
4.840000e-06	3.619180e-06	1.110882e-10	2.652833e+01	7.252448e+00
4.850000e-06	3.573517e-06	1.081859e-10	2.619362e+01	7.194980e+00
4.860000e-06	3.527668e-06	1.114058e-10	2.585755e+01	7.136843e+00
4.870000e-06	3.481577e-06	1.129807e-10	2.551971e+01	7.077978e+00
4.880000e-06	3.435215e-06	1.101454e-10	2.517988e+01	7.018340e+00
4.890000e-06	3.388672e-06	1.106965e-10	2.483872e+01	6.957894e+00
4.900000e-06	3.341967e-06	1.158577e-10	2.449638e+01	6.896618e+00
4.910000e-06	3.295105e-06	1.147372e-10	2.415288e+01	6.834499e+00
4.920000e-06	3.247961e-06	1.081407e-10	2.380732e+01	6.771538e+00
4.930000e-06	3.200527e-06	1.060491e-10	2.345963e+01	6.707746e+00
4.940000e-06	3.152887e-06	1.078772e-10	2.311043e+01	6.643146e+00
4.950000e-06	3.104957e-06	1.058631e-10	2.275911e+01	6.577771e+00
4.960000e-06	3.056816e-06	1.049611e-10	2.240624e+01	6.511665e+00
4.970000e-06	3.008489e-06	1.090873e-10	2.205200e+01	6.444883e+00
4.980000e-06	2.959844e-06	1.136873e-10	2.169544e+01	6.377485e+00
4.990000e-06	2.910910e-06	1.139728e-10	2.133676e+01	6.309544e+00
5.000000e-06	2.861725e-06	1.158403e-10	2.097624e+01	6.241136e+00
5.010000e-06	2.812297e-06	1.180485e-10	2.061393e+01	6.172347e+00
5.020000e-06	2.762616e-06	1.159204e-10	2.024977e+01	6.103266e+00
5.030000e-06	2.712645e-06	1.106099e-10	1.988349e+01	6.033989e+00
5.040000e-06	2.662504e-06	1.069856e-10	1.951597e+01	5.964612e+00
5.050000e-06	2.612132e-06	1.051353e-10	1.914674e+01	5.895237e+00
5.060000e-06	2.561488e-06	1.036170e-10	1.877552e+01	5.825965e+00
5.070000e-06	2.510660e-06	1.040779e-10	1.840296e+01	5.756898e+00
5.080000e-06	2.459645e-06	1.055849e-10	1.802902e+01	5.688137e+00
5.090000e-06	2.408459e-06	1.067428e-10	1.765383e+01	5.619781e+00
5.100000e-06	2.357118e-06	1.092362e-10	1.727751e+01	5.551927e+00
5.110000e-06	2.305717e-06	1.114438e-10	1.690074e+01	5.484667e+00
5.120000e-06	2.254172e-06	1.104144e-10	1.652292e+01	5.418088e+00
5.130000e-06	2.202413e-06	1.058832e-10	1.614353e+01	5.352274e+00
5.140000e-06	2.150425e-06	1.064063e-10	1.576246e+01	5.287299e+00
5.150000e-06	2.098278e-06	1.070006e-10	1.538022e+01	5.223232e+00
5.160000e-06	2.045971e-06	1.031379e-10	1.499682e+01	5.160135e+00
5.170000e-06	1.993473e-06	1.014133e-10	1.461201e+01	5.098058e+00
5.180000e-06	1.940879e-06	1.060559e-10	1.422650e+01	5.037046e+00
5.190000e-06	1.888151e-06	1.089508e-10	1.384001e+01	4.977131e+00
5.200000e-06	1.835152e-06	1.080997e-10	1.345153e+01	4.918340e+00
5.210000e-06	1.781895e-06	1.095583e-10	1.306116e+01	4.860686e+00
5.220000e-06	1.728478e-06	1.110517e-10	1.266962e+01	4.804172e+00
5.230000e-06	1.674936e-06	1.092577e-10	1.227716e+01	4.748795e+00
5.240000e-06	1.621233e-06	1.045923e-10	1.188352e+01	4.694538e+00
5.250000e-06	1.567304e-06	1.024128e-10	1.148823e+01	4.641375e+00
5.260000e-06	1.513215e-06	1.020144e-10	1.109175e+01	4.589271e+00
5.270000e-06	1.458974e-06	1.027717e-10	1.069418e+01	4.538181e+00
5.280000e-06	1.404517e-06	1.016629e-10	1.029501e+01	4.488052e+00
5.290000e-06	1.349916e-06	1.012974e-10	9.894787e+00	4.438823e+00
5.300000e-06	1.295168e-06	1.006099e-10	9.493484e+00	4.390422e+00
5.310000e-06	1.240132e-06	1.007462e-10	9.090079e+00	4.342773e+00
5.320000e-06	1.184984e-06	9.969841e-11	8.685849e+00	4.295792e+00
5.330000e-06	1.129827e-06	9.869611e-11	8.281552e+00	4.249390e+00
5.340000e-06	1.074523e-06	9.903284e-11	7.876179e+00	4.203471e+00
5.350000e-06	1.019067e-06	9.808641e-11	7.469687e+00	4.157937e+00
5.360000e-06	9.635679e-07	9.436728e-11	7.062883e+00	4.112686e+00
5.370000e-06	9.080412e-07	9.082841e-11	6.655876e+00	4.067614e+00
5.380000e-06	8.524473e-07	9.017184e-11	6.248377e+00	4.022614e+00
5.390000e-06	7.968345e-07	9.173306e-11	5.840739e+00	3.977580e+00
5.400000e-06	7.411548e-07	9.173261e-11	5.432611e+00	3.932407e+00
5.410000e-06	6.853796e-07	8.826455e-11	5.023783e+00	3.886990e+00
5.420000e-06	6.295728e-07	8.535838e-11	4.614723e+00	3.841228e+00
5.430000e-06	5.737259e-07	8.376499e-11	4.205370e+00	3.795021e+00
5.440000e-06	5.178230e-07	8.450085e-11	3.795605e+00	3.748275e+00
5.450000e-06	4.619080e-07	8.510314e-11	3.385752e+00	3.700903e+00
5.460000e-06	4.059967e-07	8.826143e-11	2.975927e+00	3.652820e+00
5.470000e-06	3.500796e-07	9.030924e-11	2.566059e+00	3.603952e+00
5.480000e-06	2.941386e-07	8.818597e-11	2.156015e+00	3.554229e+00
5.490000e-06	2.381792e-07	8.451551e-11	1.745837e+00	3.503592e+00
5.500000e-06	1.822409e-07	8.351174e-11	1.335813e+00	3.451989e+00
5.510000e-06	1.262625e-07	8.242756e-11	9.254951e-01	3.399380e+00
5.520000e-06	7.023362e-08	7.959846e-11	5.148073e-01	3.345734e+00
5.530000e-06	1.424889e-08	7.700759e-11	1.044434e-01	3.291029e+00
5.540000e-06	-4.170632e-08	8.078173e-11	-3.057043e-01	3.235256e+00
5.550000e-06	-9.769208e-08	8.777868e-11	-7.160759e-01	3.178416e+00
5.560000e-06	-1.536350e-07	9.117471e-11	-1.126134e+00	3.120521e+00
5.570000e-06	-2.095232e-07	9.017268e-11	-1.535790e+00	3.061595e+00
5.580000e-06	-2.654833e-07	8.701346e-11	-1.945973e+00	3.001673e+00
5.590000e-06	-3.214631e-07	8.413117e-11	-2.356301e+00	2.940801e+00
5.600000e-06	-3.773788e-07	8.081409e-11	-2.766159e+00	2.879036e+00
5.610000e-06	-4.332870e-07	7.531328e-11	-3.175963e+00	2.816446e+00
5.620000e-06	-4.892069e-07	6.899280e-11	-3.585851e+00	2.753109e+00
5.630000e-06	-5.451565e-07	6.944893e-11	-3.995958e+00	2.689112e+00
5.640000e-06	-6.010273e-07	7.443055e-11	-4.405487e+00	2.624551e+00
5.650000e-06	-6.567149e-07	7.803283e-11	-4.813673e+00	2.559532e+00
5.660000e-06	-7.123495e-07	7.747589e-11	-5.221470e+00	2.494167e+00
5.670000e-06	-7.680088e-07	7.642010e-11	-5.629449e+00	2.428576e+00
5.680000e-06	-8.236328e-07	7.276747e-11	-6.037169e+00	2.362884e+00
5.690000e-06	-8.792086e-07	6.804441e-11	-6.444536e+00	2.297221e+00
5.700000e-06	-9.347848e-07	5.960224e-11	-6.851905e+00	2.231721e+00
5.710000e-06	-9.903386e-07	5.362856e-11	-7.259110e+00	2.166522e+00
5.720000e-06	-1.045672e-06	5.268187e-11	-7.664703e+00	2.101762e+00
5.730000e-06	-1.100850e-06	5.305940e-11	-8.069150e+00	2.037579e+00
5.740000e-06	-1.156038e-06	5.249693e-11	-8.473672e+00	1.974112e+00
5.750000e-06	-1.211043e-06	5.202072e-11	-8.876855e+00	1.911498e+00
5.760000e-06	-1.265838e-06	5.210205e-11	-9.278501e+00	1.849869e+00
5.770000e-06	-1.320508e-06	4.939417e-11	-9.679229e+00	1.789354e+00
5.780000e-06	-1.375082e-06	4.616639e-11	-1.007925e+01	1.730077e+00
5.790000e-06	-1.429500e-06	4.413440e-11	-1.047813e+01	1.672154e+00
5.800000e-06	-1.483703e-06	4.541418e-11	-1.087543e+01	1.615693e+00
5.810000e-06	-1.537714e-06	4.542196e-11	-1.127133e+01	1.560795e+00
5.820000e-06	-1.591477e-06	4.517985e-11	-1.166541e+01	1.507548e+00
5.830000e-06	-1.644993e-06	4.677307e-11	-1.205768e+01	1.456031e+00
5.840000e-06	-1.698388e-06	4.914431e-11	-1.244906e+01	1.406311e+00
5.850000e-06	-1.751726e-06	4.989585e-11	-1.284003e+01	1.358442e+00
5.860000e-06	-1.805075e-06	4.710568e-11	-1.323107e+01	1.312463e+00
5.870000e-06	-1.858270e-06	4.266875e-11	-1.362098e+01	1.268400e+00
5.880000e-06	-1.911141e-06	4.107139e-11	-1.400853e+01	1.226267e+00
5.890000e-06	-1.963856e-06	4.348689e-11	-1.439492e+01	1.186057e+00
5.900000e-06	-2.016400e-06	4.609001e-11	-1.478007e+01	1.147754e+00
5.910000e-06	-2.068668e-06	4.426438e-11	-1.516318e+01	1.111321e+00
5.920000e-06	-2.120781e-06	4.158736e-11	-1.554517e+01	1.076710e+00
5.930000e-06	-2.172759e-06	4.063981e-11	-1.592616e+01	1.043854e+00
5.940000e-06	-2.224498e-06	3.987440e-11	-1.630541e+01	1.012674e+00
5.950000e-06	-2.276005e-06	3.459350e-11	-1.668295e+01	9.830725e-01
5.960000e-06	-2.327421e-06	3.268465e-11	-1.705983e+01	9.549409e-01
5.970000e-06	-2.378745e-06	3.545474e-11	-1.743603e+01	9.281553e-01
5.980000e-06	-2.429829e-06	3.568013e-11	-1.781047e+01	9.025792e-01
5.990000e-06	-2.480766e-06	3.238009e-11	-1.818383e+01	8.780642e-01
6.000000e-06	-2.531533e-06	3.084543e-11	-1.855595e+01	8.544510e-01
6.010000e-06	-2.582072e-06	3.250271e-11	-1.892640e+01	8.315701e-01
6.020000e-06	-2.632359e-06	3.381615e-11	-1.929500e+01	8.092439e-01
6.030000e-06	-2.682338e-06	3.425818e-11	-1.966135e+01	7.872871e-01
6.040000e-06	-2.732111e-06	3.303736e-11	-2.002618e+01	7.655090e-01
6.050000e-06	-2.781669e-06	3.227447e-11	-2.038943e+01	7.437145e-01
6.060000e-06	-2.831002e-06	3.319638e-11	-2.075104e+01	7.217057e-01
6.070000e-06	-2.880070e-06	3.398400e-11	-2.111070e+01	6.992838e-01
6.080000e-06	-2.928836e-06	3.049971e-11	-2.146815e+01	6.762507e-01
6.090000e-06	-2.977245e-06	2.477236e-11	-2.182299e+01	6.524106e-01
6.100000e-06	-3.025262e-06	2.007967e-11	-2.217495e+01	6.275718e-01
6.110000e-06	-3.073105e-06	1.837881e-11	-2.252564e+01	6.015483e-01
6.120000e-06	-3.120733e-06	1.755356e-11	-2.287475e+01	5.741618e-01
6.130000e-06	-3.168078e-06	1.393158e-11	-2.322178e+01	5.452431e-01
6.140000e-06	-3.215166e-06	1.338121e-11	-2.356693e+01	5.146337e-01
6.150000e-06	-3.262022e-06	1.756916e-11	-2.391038e+01	4.821877e-01
6.160000e-06	-3.308697e-06	1.754405e-11	-2.425251e+01	4.477728e-01
6.170000e-06	-3.355322e-06	1.317161e-11	-2.459427e+01	4.112720e-01
6.180000e-06	-3.401796e-06	9.875114e-12	-2.493492e+01	3.725846e-01
6.190000e-06	-3.447974e-06	8.204482e-12	-2.527340e+01	3.316279e-01
6.200000e-06	-3.494004e-06	6.737536e-12	-2.561080e+01	2.883375e-01
6.210000e-06	-3.539856e-06	4.453625e-12	-2.594689e+01	2.426685e-01
6.220000e-06	-3.585510e-06	1.386168e-12	-2.628153e+01	1.945962e-01
6.230000e-06	-3.630868e-06	-4.355642e-14	-2.661400e+01	1.441168e-01
6.240000e-06	-3.675858e-06	1.596148e-12	-2.694377e+01	9.124741e-02
6.250000e-06	-3.720580e-06	3.369495e-12	-2.727158e+01	3.602633e-02
6.260000e-06	-3.765130e-06	2.217107e-12	-2.759813e+01	-2.148678e-02
6.270000e-06	-3.809506e-06	1.744923e-12	-2.792341e+01	-8.121128e-02
6.280000e-06	-3.853697e-06	2.331610e-12	-2.824732e+01	-1.430459e-01
6.290000e-06	-3.897693e-06	8.718469e-13	-2.856981e+01	-2.068692e-01
6.300000e-06	-3.941537e-06	-3.662601e-13	-2.889118e+01	-2.725406e-01
6.310000e-06	-3.985177e-06	1.860241e-13	-2.921106e+01	-3.399012e-01
6.320000e-06	-4.028553e-06	6.594793e-13	-2.952901e+01	-4.087747e-01
6.330000e-06	-4.071656e-06	4.744783e-13	-2.984494e+01	-4.789692e-01
6.340000e-06	-4.114447e-06	-6.190249e-13	-3.015860e+01	-5.502782e-01
6.350000e-06	-4.156961e-06	-1.280968e-12	-3.047022e+01	-6.224826e-01
6.360000e-06	-4.199202e-06	-1.032977e-12	-3.077984e+01	-6.953520e-01
6.370000e-06	-4.241149e-06	-1.815915e-12	-3.108732e+01	-7.686473e-01
6.380000e-06	-4.282709e-06	-3.232519e-12	-3.139195e+01	-8.421218e-01
6.390000e-06	-4.323927e-06	-3.070072e-12	-3.169407e+01	-9.155242e-01
6.400000e-06	-4.364963e-06	-7.878715e-13	-3.199487e+01	-9.886001e-01
6.410000e-06	-4.405801e-06	-2.035980e-12	-3.229420e+01	-1.061094e+00
6.420000e-06	-4.446395e-06	-4.711220e-12	-3.259176e+01	-1.132754e+00
6.430000e-06	-4.486734e-06	-4.735340e-12	-3.288743e+01	-1.203329e+00
6.440000e-06	-4.526770e-06	-4.107707e-12	-3.318090e+01	-1.272576e+00
6.450000e-06	-4.566578e-06	-4.763706e-12	-3.347269e+01	-1.340261e+00
6.460000e-06	-4.606176e-06	-5.421490e-12	-3.376294e+01	-1.406158e+00
6.470000e-06	-4.645432e-06	-4.611730e-12	-3.405068e+01	-1.470057e+00
6.480000e-06	-4.684219e-06	-2.472007e-12	-3.433499e+01	-1.531760e+00
6.490000e-06	-4.722457e-06	-1.008188e-12	-3.461527e+01	-1.591087e+00
6.500000e-06	-4.760120e-06	-1.235328e-12	-3.489134e+01	-1.647876e+00
6.510000e-06	-4.797316e-06	-7.164728e-13	-3.516398e+01	-1.701985e+00
6.520000e-06	-4.834083e-06	-1.764736e-13	-3.543348e+01	-1.753293e+00
6.530000e-06	-4.870489e-06	8.060327e-13	-3.570034e+01	-1.801705e+00
6.540000e-06	-4.906668e-06	8.067446e-13	-3.596552e+01	-1.847144e+00
6.550000e-06	-4.942613e-06	-1.402461e-12	-3.622899e+01	-1.889564e+00
6.560000e-06	-4.978293e-06	-3.581334e-12	-3.649052e+01	-1.928939e+00
6.570000e-06	-5.013637e-06	-5.843877e-12	-3.674959e+01	-1.965273e+00
6.580000e-06	-5.048636e-06	-7.544508e-12	-3.700614e+01	-1.998594e+00
6.590000e-06	-5.083304e-06	-8.867084e-12	-3.726025e+01	-2.028955e+00
6.600000e-06	-5.117627e-06	-9.413887e-12	-3.751183e+01	-2.056438e+00
6.610000e-06	-5.151649e-06	-8.564007e-12	-3.776122e+01	-2.081146e+00
6.620000e-06	-5.185295e-06	-7.979658e-12	-3.800783e+01	-2.103208e+00
6.630000e-06	-5.218506e-06	-7.078132e-12	-3.825127e+01	-2.122778e+00
6.640000e-06	-5.251355e-06	-6.605347e-12	-3.849205e+01	-2.140029e+00
6.650000e-06	-5.283861e-06	-6.894683e-12	-3.873032e+01	-2.155155e+00
6.660000e-06	-5.316080e-06	-8.132358e-12	-3.896648e+01	-2.168371e+00
6.670000e-06	-5.348000e-06	-1.007067e-11	-3.920045e+01	-2.179906e+00
6.680000e-06	-5.379644e-06	-1.128473e-11	-3.943240e+01	-2.190005e+00
6.690000e-06	-5.410872e-06	-9.877099e-12	-3.966130e+01	-2.198925e+00
6.700000e-06	-5.441609e-06	-8.499776e-12	-3.988660e+01	-2.206934e+00
6.710000e-06	-5.471860e-06	-9.505958e-12	-4.010834e+01	-2.214306e+00
6.720000e-06	-5.501468e-06	-8.079189e-12	-4.032536e+01	-2.221322e+00
6.730000e-06	-5.530488e-06	-4.984249e-12	-4.053807e+01	-2.228262e+00
6.740000e-06	-5.559141e-06	-5.617572e-12	-4.074810e+01	-2.235408e+00
6.750000e-06	-5.587507e-06	-6.868753e-12	-4.095603e+01	-2.243038e+00
6.760000e-06	-5.615563e-06	-6.227312e-12	-4.116167e+01	-2.251425e+00
6.770000e-06	-5.643297e-06	-6.654758e-12	-4.136496e+01	-2.260830e+00
6.780000e-06	-5.670642e-06	-8.458167e-12	-4.156540e+01	-2.271505e+00
6.790000e-06	-5.697586e-06	-8.815543e-12	-4.176289e+01	-2.283688e+00
6.800000e-06	-5.724128e-06	-9.027646e-12	-4.195744e+01	-2.297599e+00
6.810000e-06	-5.750281e-06	-1.080656e-11	-4.214914e+01	-2.313439e+00
6.820000e-06	-5.776044e-06	-9.962633e-12	-4.233798e+01	-2.331390e+00
6.830000e-06	-5.801427e-06	-1.006742e-11	-4.252404e+01	-2.351607e+00
6.840000e-06	-5.826382e-06	-1.378092e-11	-4.270696e+01	-2.374224e+00
6.850000e-06	-5.850935e-06	-1.448340e-11	-4.288693e+01	-2.399346e+00
6.860000e-06	-5.875181e-06	-1.284643e-11	-4.306465e+01	-2.427049e+00
6.870000e-06	-5.899201e-06	-1.385266e-11	-4.324072e+01	-2.457383e+00
6.880000e-06	-5.922904e-06	-1.521756e-11	-4.341446e+01	-2.490366e+00
6.890000e-06	-5.946090e-06	-1.525800e-11	-4.358441e+01	-2.525987e+00
6.900000e-06	-5.968651e-06	-1.538730e-11	-4.374978e+01	-2.564202e+00
6.910000e-06	-5.990537e-06	-1.443851e-11	-4.391020e+01	-2.604940e+00
6.920000e-06	-6.011780e-06	-1.375503e-11	-4.406591e+01	-2.648095e+00
6.930000e-06	-6.032463e-06	-1.286331e-11	-4.421752e+01	-2.693538e+00
6.940000e-06	-6.052826e-06	-1.366543e-11	-4.436677e+01	-2.741105e+00
6.950000e-06	-6.072937e-06	-1.788545e-11	-4.451419e+01	-2.790608e+00
6.960000e-06	-6.092728e-06	-2.180218e-11	-4.465925e+01	-2.841834e+00
6.970000e-06	-6.112074e-06	-2.364741e-11	-4.480106e+01	-2.894545e+00
6.980000e-06	-6.130933e-06	-2.232703e-11	-4.493930e+01	-2.948481e+00
6.990000e-06	-6.149405e-06	-2.160479e-11	-4.507470e+01	-3.003364e+00
7.000000e-06	-6.167557e-06	-1.811071e-11	-4.520774e+01	-3.058896e+00
7.010000e-06	-6.185367e-06	-1.499593e-11	-4.533829e+01	-3.114769e+00
7.020000e-06	-6.202750e-06	-1.525457e-11	-4.546571e+01	-3.170662e+00
7.030000e-06	-6.219664e-06	-1.614858e-11	-4.558969e+01	-3.226245e+00
7.040000e-06	-6.236149e-06	-1.921083e-11	-4.571052e+01	-3.281186e+00
7.050000e-06	-6.252355e-06	-2.431169e-11	-4.582931e+01	-3.335148e+00
7.060000e-06	-6.268268e-06	-2.807493e-11	-4.594595e+01	-3.387800e+00
7.070000e-06	-6.283607e-06	-2.638586e-11	-4.605839e+01	-3.438813e+00
7.080000e-06	-6.298265e-06	-2.261187e-11	-4.616583e+01	-3.487870e+00
7.090000e-06	-6.312245e-06	-2.023203e-11	-4.626830e+01	-3.534663e+00
7.100000e-06	-6.325509e-06	-1.537219e-11	-4.636552e+01	-3.578903e+00
7.110000e-06	-6.338213e-06	-1.250303e-11	-4.645865e+01	-3.620316e+00
7.120000e-06	-6.350493e-06	-1.391306e-11	-4.654866e+01	-3.658655e+00
7.130000e-06	-6.362355e-06	-1.698852e-11	-4.663560e+01	-3.693694e+00
7.140000e-06	-6.373789e-06	-2.036826e-11	-4.671941e+01	-3.725237e+00
7.150000e-06	-6.384705e-06	-2.278924e-11	-4.679943e+01	-3.753117e+00
7.160000e-06	-6.395165e-06	-2.255793e-11	-4.687610e+01	-3.777201e+00
7.170000e-06	-6.405278e-06	-1.881731e-11	-4.695022e+01	-3.797392e+00
7.180000e-06	-6.414973e-06	-1.537086e-11	-4.702129e+01	-3.813626e+00
7.190000e-06	-6.424158e-06	-1.226961e-11	-4.708862e+01	-3.825880e+00
7.200000e-06	-6.432912e-06	-1.088244e-11	-4.715278e+01	-3.834170e+00
7.210000e-06	-6.441284e-06	-1.185250e-11	-4.721415e+01	-3.838553e+00
7.220000e-06	-6.449339e-06	-1.430921e-11	-4.727319e+01	-3.839124e+00
7.230000e-06	-6.457164e-06	-1.745777e-11	-4.733055e+01	-3.836022e+00
7.240000e-06	-6.464567e-06	-1.906564e-11	-4.738481e+01	-3.829424e+00
7.250000e-06	-6.471281e-06	-1.976581e-11	-4.743402e+01	-3.819549e+00
7.260000e-06	-6.477127e-06	-1.982317e-11	-4.747688e+01	-3.806653e+00
7.270000e-06	-6.482273e-06	-1.841508e-11	-4.751460e+01	-3.791031e+00
7.280000e-06	-6.486970e-06	-1.631388e-11	-4.754902e+01	-3.773014e+00
7.290000e-06	-6.491357e-06	-1.318989e-11	-4.758118e+01	-3.752967e+00
7.300000e-06	-6.495518e-06	-1.152235e-11	-4.761168e+01	-3.731285e+00
7.310000e-06	-6.499320e-06	-1.132549e-11	-4.763955e+01	-3.708396e+00
7.320000e-06	-6.502604e-06	-1.235526e-11	-4.766362e+01	-3.684749e+00
7.330000e-06	-6.505450e-06	-1.370514e-11	-4.768448e+01	-3.660820e+00
7.340000e-06	-6.507924e-06	-1.691765e-11	-4.770261e+01	-3.637102e+00
7.350000e-06	-6.509901e-06	-1.689468e-11	-4.771711e+01	-3.614105e+00
7.360000e-06	-6.511335e-06	-1.549754e-11	-4.772762e+01	-3.592350e+00
7.370000e-06	-6.512331e-06	-1.621970e-11	-4.773491e+01	-3.572368e+00
7.380000e-06	-6.513015e-06	-1.788375e-11	-4.773993e+01	-3.554691e+00
