# Temperatura_=_20.0
# Concentracion g/m^3_=_9000.0
# C_Vs_to_Am_M_A/Vsm_=_65563218390.804596
# pendiente_HvsI_1/m_=_3716.3
# ordenada_HvsI_A/m_=_1297.0
# frecuencia_Hz_=_212865.8683075022

Tiempo_(s)	Campo_(V.s)	Magnetizacion_(V.s)	Campo_(kA/m)	Magnetizacion_(A/m)
0.000000e+00	-5.335458e-06	-4.043447e-09	-5.699614e+01	-2.642501e+02
1.000000e-08	-5.335104e-06	-4.044820e-09	-5.699236e+01	-2.642180e+02
2.000000e-08	-5.333698e-06	-4.048113e-09	-5.697734e+01	-2.641673e+02
3.000000e-08	-5.331026e-06	-4.047423e-09	-5.694880e+01	-2.640992e+02
4.000000e-08	-5.327401e-06	-4.045824e-09	-5.691007e+01	-2.640152e+02
5.000000e-08	-5.323044e-06	-4.045173e-09	-5.686353e+01	-2.639175e+02
6.000000e-08	-5.317887e-06	-4.043928e-09	-5.680844e+01	-2.638083e+02
7.000000e-08	-5.311809e-06	-4.036988e-09	-5.674351e+01	-2.636903e+02
8.000000e-08	-5.304819e-06	-4.031975e-09	-5.666884e+01	-2.635662e+02
9.000000e-08	-5.297014e-06	-4.076923e-09	-5.658546e+01	-2.634387e+02
1.000000e-07	-5.288143e-06	-4.117422e-09	-5.649070e+01	-2.633104e+02
1.100000e-07	-5.277915e-06	-4.117741e-09	-5.638144e+01	-2.631835e+02
1.200000e-07	-5.266510e-06	-3.997512e-09	-5.625960e+01	-2.630599e+02
1.300000e-07	-5.254212e-06	-3.947254e-09	-5.612823e+01	-2.629408e+02
1.400000e-07	-5.241063e-06	-4.096292e-09	-5.598776e+01	-2.628266e+02
1.500000e-07	-5.227052e-06	-4.106725e-09	-5.583809e+01	-2.627172e+02
1.600000e-07	-5.212349e-06	-4.014758e-09	-5.568103e+01	-2.626113e+02
1.700000e-07	-5.196522e-06	-4.023496e-09	-5.551196e+01	-2.625067e+02
1.800000e-07	-5.179222e-06	-3.970507e-09	-5.532714e+01	-2.624007e+02
1.900000e-07	-5.161164e-06	-3.989743e-09	-5.513424e+01	-2.622895e+02
2.000000e-07	-5.142628e-06	-4.176119e-09	-5.493623e+01	-2.621687e+02
2.100000e-07	-5.123181e-06	-4.017474e-09	-5.472849e+01	-2.620336e+02
2.200000e-07	-5.102803e-06	-3.858596e-09	-5.451080e+01	-2.618788e+02
2.300000e-07	-5.081692e-06	-4.072303e-09	-5.428528e+01	-2.616995e+02
2.400000e-07	-5.059694e-06	-4.125871e-09	-5.405028e+01	-2.614904e+02
2.500000e-07	-5.036674e-06	-3.956402e-09	-5.380437e+01	-2.612472e+02
2.600000e-07	-5.012904e-06	-3.904848e-09	-5.355045e+01	-2.609660e+02
2.700000e-07	-4.988440e-06	-3.917429e-09	-5.328911e+01	-2.606438e+02
2.800000e-07	-4.962995e-06	-3.958948e-09	-5.301730e+01	-2.602787e+02
2.900000e-07	-4.936382e-06	-4.011237e-09	-5.273300e+01	-2.598697e+02
3.000000e-07	-4.908711e-06	-3.892981e-09	-5.243741e+01	-2.594172e+02
3.100000e-07	-4.880235e-06	-3.861859e-09	-5.213321e+01	-2.589226e+02
3.200000e-07	-4.850958e-06	-3.922470e-09	-5.182045e+01	-2.583885e+02
3.300000e-07	-4.820768e-06	-3.918557e-09	-5.149795e+01	-2.578183e+02
3.400000e-07	-4.789816e-06	-3.941239e-09	-5.116731e+01	-2.572162e+02
3.500000e-07	-4.758177e-06	-3.866946e-09	-5.082933e+01	-2.565868e+02
3.600000e-07	-4.725632e-06	-3.783294e-09	-5.048166e+01	-2.559350e+02
3.700000e-07	-4.692246e-06	-3.904017e-09	-5.012501e+01	-2.552657e+02
3.800000e-07	-4.658019e-06	-3.962862e-09	-4.975938e+01	-2.545834e+02
3.900000e-07	-4.622692e-06	-3.805748e-09	-4.938200e+01	-2.538921e+02
4.000000e-07	-4.586412e-06	-3.767937e-09	-4.899444e+01	-2.531949e+02
4.100000e-07	-4.549478e-06	-3.883727e-09	-4.859989e+01	-2.524940e+02
4.200000e-07	-4.511762e-06	-3.877019e-09	-4.819699e+01	-2.517908e+02
4.300000e-07	-4.473076e-06	-3.779199e-09	-4.778373e+01	-2.510852e+02
4.400000e-07	-4.433692e-06	-3.777927e-09	-4.736300e+01	-2.503765e+02
4.500000e-07	-4.393840e-06	-3.791690e-09	-4.693729e+01	-2.496626e+02
4.600000e-07	-4.353372e-06	-3.775820e-09	-4.650499e+01	-2.489409e+02
4.700000e-07	-4.311950e-06	-3.782255e-09	-4.606249e+01	-2.482081e+02
4.800000e-07	-4.269445e-06	-3.752437e-09	-4.560844e+01	-2.474604e+02
4.900000e-07	-4.226013e-06	-3.714947e-09	-4.514447e+01	-2.466938e+02
5.000000e-07	-4.181829e-06	-3.721519e-09	-4.467248e+01	-2.459046e+02
5.100000e-07	-4.137058e-06	-3.738412e-09	-4.419420e+01	-2.450892e+02
5.200000e-07	-4.091662e-06	-3.713557e-09	-4.370927e+01	-2.442446e+02
5.300000e-07	-4.045489e-06	-3.661898e-09	-4.321602e+01	-2.433683e+02
5.400000e-07	-3.998542e-06	-3.658072e-09	-4.271450e+01	-2.424586e+02
5.500000e-07	-3.951076e-06	-3.679776e-09	-4.220745e+01	-2.415147e+02
5.600000e-07	-3.903113e-06	-3.660216e-09	-4.169508e+01	-2.405362e+02
5.700000e-07	-3.854332e-06	-3.608868e-09	-4.117398e+01	-2.395237e+02
5.800000e-07	-3.804514e-06	-3.594041e-09	-4.064180e+01	-2.384781e+02
5.900000e-07	-3.753737e-06	-3.617371e-09	-4.009937e+01	-2.374008e+02
6.000000e-07	-3.702142e-06	-3.592723e-09	-3.954821e+01	-2.362935e+02
6.100000e-07	-3.649732e-06	-3.549327e-09	-3.898834e+01	-2.351575e+02
6.200000e-07	-3.596620e-06	-3.544485e-09	-3.842097e+01	-2.339943e+02
6.300000e-07	-3.542949e-06	-3.535283e-09	-3.784762e+01	-2.328047e+02
6.400000e-07	-3.488626e-06	-3.506636e-09	-3.726732e+01	-2.315893e+02
6.500000e-07	-3.433622e-06	-3.485287e-09	-3.667973e+01	-2.303477e+02
6.600000e-07	-3.378079e-06	-3.469792e-09	-3.608639e+01	-2.290792e+02
6.700000e-07	-3.322076e-06	-3.444627e-09	-3.548815e+01	-2.277823e+02
6.800000e-07	-3.265649e-06	-3.427403e-09	-3.488536e+01	-2.264549e+02
6.900000e-07	-3.208518e-06	-3.417833e-09	-3.427506e+01	-2.250944e+02
7.000000e-07	-3.150323e-06	-3.386553e-09	-3.365339e+01	-2.236978e+02
7.100000e-07	-3.091224e-06	-3.356722e-09	-3.302207e+01	-2.222621e+02
7.200000e-07	-3.031603e-06	-3.349373e-09	-3.238516e+01	-2.207842e+02
7.300000e-07	-2.971665e-06	-3.331795e-09	-3.174487e+01	-2.192610e+02
7.400000e-07	-2.911351e-06	-3.291458e-09	-3.110057e+01	-2.176900e+02
7.500000e-07	-2.850534e-06	-3.258521e-09	-3.045089e+01	-2.160690e+02
7.600000e-07	-2.789222e-06	-3.248509e-09	-2.979592e+01	-2.143962e+02
7.700000e-07	-2.727458e-06	-3.231016e-09	-2.913613e+01	-2.126705e+02
7.800000e-07	-2.665264e-06	-3.192132e-09	-2.847174e+01	-2.108914e+02
7.900000e-07	-2.602608e-06	-3.159762e-09	-2.780241e+01	-2.090588e+02
8.000000e-07	-2.539454e-06	-3.141405e-09	-2.712777e+01	-2.071727e+02
8.100000e-07	-2.475929e-06	-3.120346e-09	-2.644916e+01	-2.052338e+02
8.200000e-07	-2.412145e-06	-3.086241e-09	-2.576779e+01	-2.032424e+02
8.300000e-07	-2.348026e-06	-3.048717e-09	-2.508284e+01	-2.011989e+02
8.400000e-07	-2.283496e-06	-3.016647e-09	-2.439349e+01	-1.991031e+02
8.500000e-07	-2.218634e-06	-2.984458e-09	-2.370060e+01	-1.969546e+02
8.600000e-07	-2.153375e-06	-2.953944e-09	-2.300347e+01	-1.947522e+02
8.700000e-07	-2.087560e-06	-2.918762e-09	-2.230040e+01	-1.924939e+02
8.800000e-07	-2.021127e-06	-2.875705e-09	-2.159073e+01	-1.901769e+02
8.900000e-07	-1.954154e-06	-2.840318e-09	-2.087530e+01	-1.877978e+02
9.000000e-07	-1.886873e-06	-2.811941e-09	-2.015656e+01	-1.853522e+02
9.100000e-07	-1.819389e-06	-2.776349e-09	-1.943566e+01	-1.828351e+02
9.200000e-07	-1.751724e-06	-2.728795e-09	-1.871283e+01	-1.802410e+02
9.300000e-07	-1.683820e-06	-2.683472e-09	-1.798744e+01	-1.775640e+02
9.400000e-07	-1.615678e-06	-2.645544e-09	-1.725952e+01	-1.747979e+02
9.500000e-07	-1.547317e-06	-2.599320e-09	-1.652924e+01	-1.719365e+02
9.600000e-07	-1.478745e-06	-2.546942e-09	-1.579672e+01	-1.689734e+02
9.700000e-07	-1.409922e-06	-2.496528e-09	-1.506153e+01	-1.659025e+02
9.800000e-07	-1.340789e-06	-2.449598e-09	-1.432301e+01	-1.627176e+02
9.900000e-07	-1.271434e-06	-2.402941e-09	-1.358212e+01	-1.594129e+02
1.000000e-06	-1.201900e-06	-2.350943e-09	-1.283932e+01	-1.559823e+02
1.010000e-06	-1.132107e-06	-2.294179e-09	-1.209376e+01	-1.524197e+02
1.020000e-06	-1.062047e-06	-2.232618e-09	-1.134534e+01	-1.487190e+02
1.030000e-06	-9.917887e-07	-2.172981e-09	-1.059480e+01	-1.448733e+02
1.040000e-06	-9.213118e-07	-2.113661e-09	-9.841932e+00	-1.408753e+02
1.050000e-06	-8.506072e-07	-2.047969e-09	-9.086629e+00	-1.367168e+02
1.060000e-06	-7.797175e-07	-1.980123e-09	-8.329349e+00	-1.323886e+02
1.070000e-06	-7.086380e-07	-1.911216e-09	-7.570040e+00	-1.278807e+02
1.080000e-06	-6.374436e-07	-1.840352e-09	-6.809505e+00	-1.231817e+02
1.090000e-06	-5.661904e-07	-1.764635e-09	-6.048340e+00	-1.182796e+02
1.100000e-06	-4.948517e-07	-1.684352e-09	-5.286263e+00	-1.131614e+02
1.110000e-06	-4.234668e-07	-1.603988e-09	-4.523693e+00	-1.078137e+02
1.120000e-06	-3.520383e-07	-1.520612e-09	-3.760656e+00	-1.022230e+02
1.130000e-06	-2.805482e-07	-1.432159e-09	-2.996961e+00	-9.637661e+01
1.140000e-06	-2.090314e-07	-1.338116e-09	-2.232982e+00	-9.026251e+01
1.150000e-06	-1.374861e-07	-1.240451e-09	-1.468699e+00	-8.387063e+01
1.160000e-06	-6.596330e-08	-1.140664e-09	-7.046543e-01	-7.719331e+01
1.170000e-06	5.542399e-09	-1.033614e-09	5.920679e-02	-7.022596e+01
1.180000e-06	7.701888e-08	-9.213658e-10	8.227557e-01	-6.296779e+01
1.190000e-06	1.484693e-07	-8.082877e-10	1.586026e+00	-5.542230e+01
1.200000e-06	2.199112e-07	-6.914032e-10	2.349206e+00	-4.759779e+01
1.210000e-06	2.912854e-07	-5.689849e-10	3.111662e+00	-3.950762e+01
1.220000e-06	3.626177e-07	-4.404976e-10	3.873671e+00	-3.117044e+01
1.230000e-06	4.339128e-07	-3.086010e-10	4.635282e+00	-2.261005e+01
1.240000e-06	5.051539e-07	-1.763491e-10	5.396317e+00	-1.385526e+01
1.250000e-06	5.763211e-07	-4.310315e-11	6.156562e+00	-4.939446e+00
1.260000e-06	6.473887e-07	9.183515e-11	6.915743e+00	4.100076e+00
1.270000e-06	7.182562e-07	2.309570e-10	7.672787e+00	1.322276e+01
1.280000e-06	7.889604e-07	3.691997e-10	8.428086e+00	2.238575e+01
1.290000e-06	8.595754e-07	5.061234e-10	9.182432e+00	3.154485e+01
1.300000e-06	9.300236e-07	6.442664e-10	9.934996e+00	4.065555e+01
1.310000e-06	1.000275e-06	7.839419e-10	1.068546e+01	4.967410e+01
1.320000e-06	1.070345e-06	9.225355e-10	1.143398e+01	5.855853e+01
1.330000e-06	1.140175e-06	1.055445e-09	1.217995e+01	6.726960e+01
1.340000e-06	1.209827e-06	1.184245e-09	1.292400e+01	7.577164e+01
1.350000e-06	1.279293e-06	1.309337e-09	1.366607e+01	8.403324e+01
1.360000e-06	1.348486e-06	1.429108e-09	1.440522e+01	9.202780e+01
1.370000e-06	1.417455e-06	1.541849e-09	1.514199e+01	9.973391e+01
1.380000e-06	1.486115e-06	1.649575e-09	1.587545e+01	1.071355e+02
1.390000e-06	1.554500e-06	1.754432e-09	1.660598e+01	1.142217e+02
1.400000e-06	1.622722e-06	1.855497e-09	1.733476e+01	1.209869e+02
1.410000e-06	1.690700e-06	1.953110e-09	1.806094e+01	1.274303e+02
1.420000e-06	1.758476e-06	2.046414e-09	1.878496e+01	1.335551e+02
1.430000e-06	1.826121e-06	2.133900e-09	1.950757e+01	1.393687e+02
1.440000e-06	1.893577e-06	2.216976e-09	2.022817e+01	1.448811e+02
1.450000e-06	1.960677e-06	2.295166e-09	2.094497e+01	1.501051e+02
1.460000e-06	2.027371e-06	2.368983e-09	2.165743e+01	1.550549e+02
1.470000e-06	2.093575e-06	2.438032e-09	2.236465e+01	1.597461e+02
1.480000e-06	2.159207e-06	2.502378e-09	2.306577e+01	1.641945e+02
1.490000e-06	2.224317e-06	2.564396e-09	2.376131e+01	1.684160e+02
1.500000e-06	2.288866e-06	2.624172e-09	2.445086e+01	1.724261e+02
1.510000e-06	2.352960e-06	2.682738e-09	2.513554e+01	1.762396e+02
1.520000e-06	2.416759e-06	2.737695e-09	2.581708e+01	1.798701e+02
1.530000e-06	2.480282e-06	2.786621e-09	2.649567e+01	1.833303e+02
1.540000e-06	2.543443e-06	2.834083e-09	2.717038e+01	1.866316e+02
1.550000e-06	2.606174e-06	2.880089e-09	2.784050e+01	1.897844e+02
1.560000e-06	2.668427e-06	2.924273e-09	2.850553e+01	1.927979e+02
1.570000e-06	2.730183e-06	2.966317e-09	2.916524e+01	1.956805e+02
1.580000e-06	2.791529e-06	3.004829e-09	2.982056e+01	1.984399e+02
1.590000e-06	2.852403e-06	3.042791e-09	3.047086e+01	2.010830e+02
1.600000e-06	2.912742e-06	3.081211e-09	3.111543e+01	2.036164e+02
1.610000e-06	2.972697e-06	3.118254e-09	3.175589e+01	2.060463e+02
1.620000e-06	3.032287e-06	3.151471e-09	3.239247e+01	2.083785e+02
1.630000e-06	3.091330e-06	3.182675e-09	3.302320e+01	2.106187e+02
1.640000e-06	3.149558e-06	3.213306e-09	3.364522e+01	2.127725e+02
1.650000e-06	3.206894e-06	3.242899e-09	3.425771e+01	2.148450e+02
1.660000e-06	3.263425e-06	3.271175e-09	3.486160e+01	2.168414e+02
1.670000e-06	3.319400e-06	3.297866e-09	3.545955e+01	2.187662e+02
1.680000e-06	3.375057e-06	3.325147e-09	3.605412e+01	2.206241e+02
1.690000e-06	3.430282e-06	3.353050e-09	3.664406e+01	2.224188e+02
1.700000e-06	3.484871e-06	3.379269e-09	3.722720e+01	2.241538e+02
1.710000e-06	3.538823e-06	3.403065e-09	3.780355e+01	2.258321e+02
1.720000e-06	3.592222e-06	3.426670e-09	3.837398e+01	2.274562e+02
1.730000e-06	3.645037e-06	3.451275e-09	3.893819e+01	2.290278e+02
1.740000e-06	3.697190e-06	3.473829e-09	3.949531e+01	2.305485e+02
1.750000e-06	3.748636e-06	3.494275e-09	4.004488e+01	2.320191e+02
1.760000e-06	3.799166e-06	3.515674e-09	4.058467e+01	2.334403e+02
1.770000e-06	3.848550e-06	3.535042e-09	4.111221e+01	2.348124e+02
1.780000e-06	3.897028e-06	3.552238e-09	4.163009e+01	2.361357e+02
1.790000e-06	3.944942e-06	3.571224e-09	4.214192e+01	2.374103e+02
1.800000e-06	3.992262e-06	3.591164e-09	4.264742e+01	2.386365e+02
1.810000e-06	4.038904e-06	3.609878e-09	4.314568e+01	2.398146e+02
1.820000e-06	4.084906e-06	3.626468e-09	4.363709e+01	2.409452e+02
1.830000e-06	4.130187e-06	3.642560e-09	4.412081e+01	2.420294e+02
1.840000e-06	4.174744e-06	3.659813e-09	4.459679e+01	2.430681e+02
1.850000e-06	4.218777e-06	3.677045e-09	4.506717e+01	2.440631e+02
1.860000e-06	4.262274e-06	3.691626e-09	4.553182e+01	2.450161e+02
1.870000e-06	4.304925e-06	3.704497e-09	4.598745e+01	2.459291e+02
1.880000e-06	4.346500e-06	3.718491e-09	4.643157e+01	2.468045e+02
1.890000e-06	4.387141e-06	3.730727e-09	4.686572e+01	2.476445e+02
1.900000e-06	4.427016e-06	3.738724e-09	4.729169e+01	2.484516e+02
1.910000e-06	4.466167e-06	3.746493e-09	4.770992e+01	2.492281e+02
1.920000e-06	4.504595e-06	3.757254e-09	4.812043e+01	2.499764e+02
1.930000e-06	4.542228e-06	3.770616e-09	4.852245e+01	2.506984e+02
1.940000e-06	4.579041e-06	3.782752e-09	4.891570e+01	2.513960e+02
1.950000e-06	4.615191e-06	3.793717e-09	4.930187e+01	2.520708e+02
1.960000e-06	4.650766e-06	3.805326e-09	4.968190e+01	2.527240e+02
1.970000e-06	4.685522e-06	3.815726e-09	5.005318e+01	2.533567e+02
1.980000e-06	4.719211e-06	3.823403e-09	5.041307e+01	2.539696e+02
1.990000e-06	4.751826e-06	3.828959e-09	5.076147e+01	2.545631e+02
2.000000e-06	4.783582e-06	3.837218e-09	5.110071e+01	2.551375e+02
2.010000e-06	4.814609e-06	3.847322e-09	5.143216e+01	2.556930e+02
2.020000e-06	4.844857e-06	3.855031e-09	5.175529e+01	2.562295e+02
2.030000e-06	4.874265e-06	3.863078e-09	5.206944e+01	2.567470e+02
2.040000e-06	4.902816e-06	3.872667e-09	5.237443e+01	2.572453e+02
2.050000e-06	4.930688e-06	3.882997e-09	5.267218e+01	2.577245e+02
2.060000e-06	4.957879e-06	3.892011e-09	5.296265e+01	2.581846e+02
2.070000e-06	4.983998e-06	3.897024e-09	5.324166e+01	2.586256e+02
2.080000e-06	5.008874e-06	3.901345e-09	5.350739e+01	2.590476e+02
2.090000e-06	5.032802e-06	3.907176e-09	5.376301e+01	2.594511e+02
2.100000e-06	5.056002e-06	3.912753e-09	5.401085e+01	2.598363e+02
2.110000e-06	5.078367e-06	3.916742e-09	5.424976e+01	2.602037e+02
2.120000e-06	5.099826e-06	3.921130e-09	5.447899e+01	2.605538e+02
2.130000e-06	5.120464e-06	3.927654e-09	5.469946e+01	2.608872e+02
2.140000e-06	5.140480e-06	3.934133e-09	5.491328e+01	2.612046e+02
2.150000e-06	5.159816e-06	3.940440e-09	5.511984e+01	2.615064e+02
2.160000e-06	5.178170e-06	3.947001e-09	5.531590e+01	2.617934e+02
2.170000e-06	5.195566e-06	3.951773e-09	5.550174e+01	2.620660e+02
2.180000e-06	5.212093e-06	3.956343e-09	5.567829e+01	2.623247e+02
2.190000e-06	5.227573e-06	3.961004e-09	5.584366e+01	2.625698e+02
2.200000e-06	5.242009e-06	3.964635e-09	5.599787e+01	2.628017e+02
2.210000e-06	5.255490e-06	3.966963e-09	5.614188e+01	2.630205e+02
2.220000e-06	5.268067e-06	3.970889e-09	5.627624e+01	2.632261e+02
2.230000e-06	5.279724e-06	3.977816e-09	5.640076e+01	2.634183e+02
2.240000e-06	5.290112e-06	3.983142e-09	5.651173e+01	2.635970e+02
2.250000e-06	5.299158e-06	3.985733e-09	5.660836e+01	2.637615e+02
2.260000e-06	5.307213e-06	3.987905e-09	5.669441e+01	2.639113e+02
2.270000e-06	5.314455e-06	3.991593e-09	5.677178e+01	2.640457e+02
2.280000e-06	5.320826e-06	3.994759e-09	5.683983e+01	2.641639e+02
2.290000e-06	5.326227e-06	3.999155e-09	5.689753e+01	2.642650e+02
2.300000e-06	5.330751e-06	4.002421e-09	5.694586e+01	2.643482e+02
2.310000e-06	5.334595e-06	4.002316e-09	5.698692e+01	2.644127e+02
2.320000e-06	5.337511e-06	4.002576e-09	5.701807e+01	2.644579e+02
2.330000e-06	5.339154e-06	4.005420e-09	5.703562e+01	2.644833e+02
2.340000e-06	5.339704e-06	4.008885e-09	5.704150e+01	2.644887e+02
2.350000e-06	5.339415e-06	4.009510e-09	5.703841e+01	2.644742e+02
2.360000e-06	5.338291e-06	4.007607e-09	5.702640e+01	2.644402e+02
2.370000e-06	5.336300e-06	4.005596e-09	5.700514e+01	2.643877e+02
2.380000e-06	5.333406e-06	4.004729e-09	5.697422e+01	2.643179e+02
2.390000e-06	5.329766e-06	4.003146e-09	5.693534e+01	2.642324e+02
2.400000e-06	5.325482e-06	4.000800e-09	5.688957e+01	2.641334e+02
2.410000e-06	5.320333e-06	4.003001e-09	5.683456e+01	2.640233e+02
2.420000e-06	5.314039e-06	4.019132e-09	5.676733e+01	2.639045e+02
2.430000e-06	5.306673e-06	3.990039e-09	5.668865e+01	2.637799e+02
2.440000e-06	5.298427e-06	3.924039e-09	5.660056e+01	2.636522e+02
2.450000e-06	5.289019e-06	3.901628e-09	5.650005e+01	2.635239e+02
2.460000e-06	5.278237e-06	3.985941e-09	5.638487e+01	2.633973e+02
2.470000e-06	5.266542e-06	4.094026e-09	5.625994e+01	2.632741e+02
2.480000e-06	5.254630e-06	4.000209e-09	5.613269e+01	2.631554e+02
2.490000e-06	5.242097e-06	3.900126e-09	5.599881e+01	2.630418e+02
2.500000e-06	5.227881e-06	4.026303e-09	5.584694e+01	2.629327e+02
2.510000e-06	5.212377e-06	3.964207e-09	5.568132e+01	2.628270e+02
2.520000e-06	5.196408e-06	3.996273e-09	5.551073e+01	2.627225e+02
2.530000e-06	5.179486e-06	4.085000e-09	5.532997e+01	2.626161e+02
2.540000e-06	5.161369e-06	3.840235e-09	5.513643e+01	2.625042e+02
2.550000e-06	5.142699e-06	3.862317e-09	5.493699e+01	2.623822e+02
2.560000e-06	5.123511e-06	4.086973e-09	5.473201e+01	2.622452e+02
2.570000e-06	5.103445e-06	3.961520e-09	5.451765e+01	2.620883e+02
2.580000e-06	5.082336e-06	3.850526e-09	5.429215e+01	2.619061e+02
2.590000e-06	5.059941e-06	4.112951e-09	5.405292e+01	2.616939e+02
2.600000e-06	5.036438e-06	4.100215e-09	5.380185e+01	2.614470e+02
2.610000e-06	5.012092e-06	3.999720e-09	5.354178e+01	2.611618e+02
2.620000e-06	4.986840e-06	4.079444e-09	5.327203e+01	2.608354e+02
2.630000e-06	4.960862e-06	3.960023e-09	5.299451e+01	2.604659e+02
2.640000e-06	4.934180e-06	3.995737e-09	5.270948e+01	2.600525e+02
2.650000e-06	4.906557e-06	4.083045e-09	5.241440e+01	2.595956e+02
2.660000e-06	4.878291e-06	3.990802e-09	5.211244e+01	2.590970e+02
2.670000e-06	4.849182e-06	4.000272e-09	5.180149e+01	2.585591e+02
2.680000e-06	4.818588e-06	3.925779e-09	5.147466e+01	2.579855e+02
2.690000e-06	4.786927e-06	3.948479e-09	5.113644e+01	2.573804e+02
2.700000e-06	4.754686e-06	4.100668e-09	5.079203e+01	2.567485e+02
2.710000e-06	4.721592e-06	3.921111e-09	5.043850e+01	2.560948e+02
2.720000e-06	4.687464e-06	3.822455e-09	5.007393e+01	2.554240e+02
2.730000e-06	4.652557e-06	3.969060e-09	4.970103e+01	2.547406e+02
2.740000e-06	4.617125e-06	3.976532e-09	4.932254e+01	2.540486e+02
2.750000e-06	4.580999e-06	3.893488e-09	4.893661e+01	2.533509e+02
2.760000e-06	4.543910e-06	3.835937e-09	4.854041e+01	2.526497e+02
2.770000e-06	4.505839e-06	3.885214e-09	4.813372e+01	2.519463e+02
2.780000e-06	4.466828e-06	3.894857e-09	4.771698e+01	2.512405e+02
2.790000e-06	4.427001e-06	3.832534e-09	4.729153e+01	2.505313e+02
2.800000e-06	4.386484e-06	3.860765e-09	4.685870e+01	2.498168e+02
2.810000e-06	4.345301e-06	3.826924e-09	4.641877e+01	2.490941e+02
2.820000e-06	4.303378e-06	3.791463e-09	4.597093e+01	2.483599e+02
2.830000e-06	4.260684e-06	3.812809e-09	4.551484e+01	2.476105e+02
2.840000e-06	4.217369e-06	3.807215e-09	4.505213e+01	2.468418e+02
2.850000e-06	4.173478e-06	3.791032e-09	4.458326e+01	2.460502e+02
2.860000e-06	4.128984e-06	3.736277e-09	4.410795e+01	2.452320e+02
2.870000e-06	4.083861e-06	3.753101e-09	4.362592e+01	2.443842e+02
2.880000e-06	4.037984e-06	3.772487e-09	4.313584e+01	2.435047e+02
2.890000e-06	3.991323e-06	3.707604e-09	4.263739e+01	2.425916e+02
2.900000e-06	3.943979e-06	3.698055e-09	4.213164e+01	2.416441e+02
2.910000e-06	3.895989e-06	3.709975e-09	4.161898e+01	2.406622e+02
2.920000e-06	3.847233e-06	3.695189e-09	4.109814e+01	2.396463e+02
2.930000e-06	3.797650e-06	3.650812e-09	4.056848e+01	2.385975e+02
2.940000e-06	3.747319e-06	3.643322e-09	4.003081e+01	2.375171e+02
2.950000e-06	3.696407e-06	3.661250e-09	3.948694e+01	2.364068e+02
2.960000e-06	3.644918e-06	3.610332e-09	3.893691e+01	2.352681e+02
2.970000e-06	3.592644e-06	3.584340e-09	3.837849e+01	2.341022e+02
2.980000e-06	3.539450e-06	3.589727e-09	3.781025e+01	2.329100e+02
2.990000e-06	3.485268e-06	3.572717e-09	3.723144e+01	2.316919e+02
3.000000e-06	3.430184e-06	3.543416e-09	3.664302e+01	2.304477e+02
3.010000e-06	3.374453e-06	3.524396e-09	3.604766e+01	2.291765e+02
3.020000e-06	3.318251e-06	3.512356e-09	3.544728e+01	2.278766e+02
3.030000e-06	3.261523e-06	3.477874e-09	3.484129e+01	2.265460e+02
3.040000e-06	3.204208e-06	3.468020e-09	3.422902e+01	2.251820e+02
3.050000e-06	3.146366e-06	3.462993e-09	3.361112e+01	2.237817e+02
3.060000e-06	3.087963e-06	3.426328e-09	3.298722e+01	2.223419e+02
3.070000e-06	3.028959e-06	3.389186e-09	3.235692e+01	2.208595e+02
3.080000e-06	2.969491e-06	3.375879e-09	3.172165e+01	2.193317e+02
3.090000e-06	2.909644e-06	3.369591e-09	3.108233e+01	2.177557e+02
3.100000e-06	2.849366e-06	3.329054e-09	3.043841e+01	2.161296e+02
3.110000e-06	2.788611e-06	3.293616e-09	2.978940e+01	2.144515e+02
3.120000e-06	2.727223e-06	3.279841e-09	2.913361e+01	2.127205e+02
3.130000e-06	2.665177e-06	3.261036e-09	2.847081e+01	2.109361e+02
3.140000e-06	2.602457e-06	3.226590e-09	2.780080e+01	2.090980e+02
3.150000e-06	2.539138e-06	3.186872e-09	2.712440e+01	2.072067e+02
3.160000e-06	2.475437e-06	3.163648e-09	2.644390e+01	2.052624e+02
3.170000e-06	2.411435e-06	3.133613e-09	2.576020e+01	2.032658e+02
3.180000e-06	2.347065e-06	3.101880e-09	2.507257e+01	2.012170e+02
3.190000e-06	2.282308e-06	3.077058e-09	2.438081e+01	1.991161e+02
3.200000e-06	2.217234e-06	3.043020e-09	2.368564e+01	1.969622e+02
3.210000e-06	2.151841e-06	3.004909e-09	2.298709e+01	1.947543e+02
3.220000e-06	2.086124e-06	2.973698e-09	2.228506e+01	1.924903e+02
3.230000e-06	2.020015e-06	2.946336e-09	2.157885e+01	1.901672e+02
3.240000e-06	1.953487e-06	2.901594e-09	2.086817e+01	1.877816e+02
3.250000e-06	1.886634e-06	2.856451e-09	2.015401e+01	1.853291e+02
3.260000e-06	1.819486e-06	2.826916e-09	1.943670e+01	1.828045e+02
3.270000e-06	1.752092e-06	2.791377e-09	1.871675e+01	1.802024e+02
3.280000e-06	1.684517e-06	2.746764e-09	1.799489e+01	1.775168e+02
3.290000e-06	1.616777e-06	2.702459e-09	1.727125e+01	1.747415e+02
3.300000e-06	1.548828e-06	2.662082e-09	1.654539e+01	1.718701e+02
3.310000e-06	1.480639e-06	2.619081e-09	1.581696e+01	1.688965e+02
3.320000e-06	1.412257e-06	2.571133e-09	1.508646e+01	1.658145e+02
3.330000e-06	1.343608e-06	2.525263e-09	1.435312e+01	1.626179e+02
3.340000e-06	1.274518e-06	2.476217e-09	1.361507e+01	1.593008e+02
3.350000e-06	1.204932e-06	2.422887e-09	1.287171e+01	1.558573e+02
3.360000e-06	1.135002e-06	2.369529e-09	1.212468e+01	1.522812e+02
3.370000e-06	1.064822e-06	2.315497e-09	1.137498e+01	1.485662e+02
3.380000e-06	9.942865e-07	2.257370e-09	1.062149e+01	1.447056e+02
3.390000e-06	9.233996e-07	2.190898e-09	9.864235e+00	1.406919e+02
3.400000e-06	8.523158e-07	2.125710e-09	9.104881e+00	1.365169e+02
3.410000e-06	7.811611e-07	2.061133e-09	8.344769e+00	1.321712e+02
3.420000e-06	7.099073e-07	1.991295e-09	7.583599e+00	1.276447e+02
3.430000e-06	6.384605e-07	1.920187e-09	6.820368e+00	1.229260e+02
3.440000e-06	5.669161e-07	1.846604e-09	6.056093e+00	1.180028e+02
3.450000e-06	4.953096e-07	1.767607e-09	5.291155e+00	1.128622e+02
3.460000e-06	4.236189e-07	1.680687e-09	4.525317e+00	1.074908e+02
3.470000e-06	3.518893e-07	1.592179e-09	3.759064e+00	1.018752e+02
3.480000e-06	2.801712e-07	1.504488e-09	2.992934e+00	9.600247e+01
3.490000e-06	2.084169e-07	1.408996e-09	2.226418e+00	8.986100e+01
3.500000e-06	1.366056e-07	1.307872e-09	1.459292e+00	8.344087e+01
3.510000e-06	6.481994e-08	1.205451e-09	6.924403e-01	7.673468e+01
3.520000e-06	-6.944838e-09	1.100362e-09	-7.418838e-02	6.973821e+01
3.530000e-06	-7.869532e-08	9.899614e-10	-8.406644e-01	6.245106e+01
3.540000e-06	-1.503986e-07	8.726495e-10	-1.606636e+00	5.487720e+01
3.550000e-06	-2.220750e-07	7.514143e-10	-2.372321e+00	4.702542e+01
3.560000e-06	-2.937196e-07	6.272183e-10	-3.137665e+00	3.890962e+01
3.570000e-06	-3.653445e-07	5.004030e-10	-3.902800e+00	3.054894e+01
3.580000e-06	-4.369493e-07	3.688729e-10	-4.667720e+00	2.196772e+01
3.590000e-06	-5.084521e-07	2.314964e-10	-5.431550e+00	1.319525e+01
3.600000e-06	-5.798707e-07	9.252177e-11	-6.194481e+00	4.265312e+00
3.610000e-06	-6.511543e-07	-4.542175e-11	-6.955969e+00	-4.784409e+00
3.620000e-06	-7.223148e-07	-1.816196e-10	-7.716143e+00	-1.391310e+01
3.630000e-06	-7.933782e-07	-3.212818e-10	-8.475279e+00	-2.307771e+01
3.640000e-06	-8.642403e-07	-4.630853e-10	-9.232264e+00	-3.223398e+01
3.650000e-06	-9.348841e-07	-5.994480e-10	-9.986919e+00	-4.133742e+01
3.660000e-06	-1.005277e-06	-7.337121e-10	-1.073889e+01	-5.034442e+01
3.670000e-06	-1.075386e-06	-8.691815e-10	-1.148784e+01	-5.921325e+01
3.680000e-06	-1.145191e-06	-1.005615e-09	-1.223352e+01	-6.790497e+01
3.690000e-06	-1.214685e-06	-1.140093e-09	-1.297589e+01	-7.638431e+01
3.700000e-06	-1.283917e-06	-1.269216e-09	-1.371547e+01	-8.462033e+01
3.710000e-06	-1.352846e-06	-1.392462e-09	-1.445181e+01	-9.258694e+01
3.720000e-06	-1.421370e-06	-1.510758e-09	-1.518381e+01	-1.002632e+02
3.730000e-06	-1.489592e-06	-1.625993e-09	-1.591260e+01	-1.076337e+02
3.740000e-06	-1.557647e-06	-1.735080e-09	-1.663960e+01	-1.146880e+02
3.750000e-06	-1.625504e-06	-1.836298e-09	-1.736448e+01	-1.214210e+02
3.760000e-06	-1.693194e-06	-1.933133e-09	-1.808758e+01	-1.278323e+02
3.770000e-06	-1.760757e-06	-2.028175e-09	-1.880932e+01	-1.339257e+02
3.780000e-06	-1.828113e-06	-2.119733e-09	-1.952886e+01	-1.397086e+02
3.790000e-06	-1.895156e-06	-2.200976e-09	-2.024504e+01	-1.451916e+02
3.800000e-06	-1.961819e-06	-2.276905e-09	-2.095717e+01	-1.503875e+02
3.810000e-06	-2.028110e-06	-2.354954e-09	-2.166533e+01	-1.553108e+02
3.820000e-06	-2.094089e-06	-2.429371e-09	-2.237015e+01	-1.599770e+02
3.830000e-06	-2.159791e-06	-2.498730e-09	-2.307201e+01	-1.644020e+02
3.840000e-06	-2.225144e-06	-2.564189e-09	-2.377015e+01	-1.686017e+02
3.850000e-06	-2.290063e-06	-2.627873e-09	-2.446365e+01	-1.725915e+02
3.860000e-06	-2.354569e-06	-2.689237e-09	-2.515273e+01	-1.763861e+02
3.870000e-06	-2.418719e-06	-2.746601e-09	-2.583801e+01	-1.799990e+02
3.880000e-06	-2.482537e-06	-2.802318e-09	-2.651975e+01	-1.834429e+02
3.890000e-06	-2.546011e-06	-2.854073e-09	-2.719781e+01	-1.867289e+02
3.900000e-06	-2.609016e-06	-2.902394e-09	-2.787086e+01	-1.898673e+02
3.910000e-06	-2.671353e-06	-2.950713e-09	-2.853679e+01	-1.928674e+02
3.920000e-06	-2.732878e-06	-2.995927e-09	-2.919403e+01	-1.957374e+02
3.930000e-06	-2.793667e-06	-3.038397e-09	-2.984341e+01	-1.984848e+02
3.940000e-06	-2.853895e-06	-3.080756e-09	-3.048679e+01	-2.011167e+02
3.950000e-06	-2.913705e-06	-3.121784e-09	-3.112571e+01	-2.036395e+02
3.960000e-06	-2.973172e-06	-3.159422e-09	-3.176097e+01	-2.060594e+02
3.970000e-06	-3.032158e-06	-3.194376e-09	-3.239109e+01	-2.083821e+02
3.980000e-06	-3.090552e-06	-3.230222e-09	-3.301488e+01	-2.106135e+02
3.990000e-06	-3.148442e-06	-3.267312e-09	-3.363330e+01	-2.127589e+02
4.000000e-06	-3.205856e-06	-3.302659e-09	-3.424662e+01	-2.148236e+02
4.010000e-06	-3.262711e-06	-3.335630e-09	-3.485398e+01	-2.168126e+02
4.020000e-06	-3.318993e-06	-3.368351e-09	-3.545521e+01	-2.187306e+02
4.030000e-06	-3.374852e-06	-3.401273e-09	-3.605192e+01	-2.205820e+02
4.040000e-06	-3.430214e-06	-3.430654e-09	-3.664333e+01	-2.223705e+02
4.050000e-06	-3.484875e-06	-3.455920e-09	-3.722725e+01	-2.240998e+02
4.060000e-06	-3.538735e-06	-3.480819e-09	-3.780261e+01	-2.257726e+02
4.070000e-06	-3.591641e-06	-3.506050e-09	-3.836777e+01	-2.273914e+02
4.080000e-06	-3.643730e-06	-3.531706e-09	-3.892422e+01	-2.289579e+02
4.090000e-06	-3.695218e-06	-3.554146e-09	-3.947424e+01	-2.304735e+02
4.100000e-06	-3.746024e-06	-3.576094e-09	-4.001698e+01	-2.319392e+02
4.110000e-06	-3.796086e-06	-3.599950e-09	-4.055176e+01	-2.333554e+02
4.120000e-06	-3.845415e-06	-3.622371e-09	-4.107872e+01	-2.347227e+02
4.130000e-06	-3.893798e-06	-3.644358e-09	-4.159558e+01	-2.360411e+02
4.140000e-06	-3.941255e-06	-3.664252e-09	-4.210254e+01	-2.373109e+02
4.150000e-06	-3.988022e-06	-3.683082e-09	-4.260213e+01	-2.385322e+02
4.160000e-06	-4.034184e-06	-3.702513e-09	-4.309525e+01	-2.397056e+02
4.170000e-06	-4.079718e-06	-3.719575e-09	-4.358168e+01	-2.408315e+02
4.180000e-06	-4.124589e-06	-3.734882e-09	-4.406101e+01	-2.419111e+02
4.190000e-06	-4.168903e-06	-3.749871e-09	-4.453439e+01	-2.429454e+02
4.200000e-06	-4.212693e-06	-3.764339e-09	-4.500218e+01	-2.439361e+02
4.210000e-06	-4.255845e-06	-3.778171e-09	-4.546315e+01	-2.448850e+02
4.220000e-06	-4.298249e-06	-3.793606e-09	-4.591613e+01	-2.457942e+02
4.230000e-06	-4.339971e-06	-3.808972e-09	-4.636183e+01	-2.466659e+02
4.240000e-06	-4.381012e-06	-3.820972e-09	-4.680025e+01	-2.475025e+02
4.250000e-06	-4.421352e-06	-3.832107e-09	-4.723118e+01	-2.483065e+02
4.260000e-06	-4.461060e-06	-3.844982e-09	-4.765537e+01	-2.490801e+02
4.270000e-06	-4.499881e-06	-3.857398e-09	-4.807007e+01	-2.498257e+02
4.280000e-06	-4.537509e-06	-3.867216e-09	-4.847204e+01	-2.505452e+02
4.290000e-06	-4.574146e-06	-3.875815e-09	-4.886341e+01	-2.512405e+02
4.300000e-06	-4.610107e-06	-3.885677e-09	-4.924757e+01	-2.519131e+02
4.310000e-06	-4.645383e-06	-3.896468e-09	-4.962440e+01	-2.525642e+02
4.320000e-06	-4.679862e-06	-3.905238e-09	-4.999272e+01	-2.531949e+02
4.330000e-06	-4.713588e-06	-3.913036e-09	-5.035300e+01	-2.538058e+02
4.340000e-06	-4.746489e-06	-3.920317e-09	-5.070447e+01	-2.543974e+02
4.350000e-06	-4.778598e-06	-3.929557e-09	-5.104747e+01	-2.549700e+02
4.360000e-06	-4.809999e-06	-3.938759e-09	-5.138291e+01	-2.555235e+02
4.370000e-06	-4.840390e-06	-3.945254e-09	-5.170756e+01	-2.560581e+02
4.380000e-06	-4.869615e-06	-3.952106e-09	-5.201977e+01	-2.565737e+02
4.390000e-06	-4.897947e-06	-3.959380e-09	-5.232242e+01	-2.570702e+02
4.400000e-06	-4.925587e-06	-3.966706e-09	-5.261769e+01	-2.575475e+02
4.410000e-06	-4.952415e-06	-3.972571e-09	-5.290427e+01	-2.580056e+02
4.420000e-06	-4.978314e-06	-3.974145e-09	-5.318094e+01	-2.584447e+02
4.430000e-06	-5.003328e-06	-3.976503e-09	-5.344816e+01	-2.588649e+02
4.440000e-06	-5.027623e-06	-3.981383e-09	-5.370768e+01	-2.592666e+02
4.450000e-06	-5.051309e-06	-3.985972e-09	-5.396071e+01	-2.596500e+02
4.460000e-06	-5.074072e-06	-3.989443e-09	-5.420387e+01	-2.600156e+02
4.470000e-06	-5.095548e-06	-3.994493e-09	-5.443330e+01	-2.603641e+02
4.480000e-06	-5.115967e-06	-4.002788e-09	-5.465142e+01	-2.606959e+02
4.490000e-06	-5.135672e-06	-4.010354e-09	-5.486192e+01	-2.610116e+02
4.500000e-06	-5.154616e-06	-4.014872e-09	-5.506429e+01	-2.613120e+02
4.510000e-06	-5.172730e-06	-4.016708e-09	-5.525780e+01	-2.615975e+02
4.520000e-06	-5.189976e-06	-4.018384e-09	-5.544202e+01	-2.618687e+02
4.530000e-06	-5.206421e-06	-4.020871e-09	-5.561770e+01	-2.621260e+02
4.540000e-06	-5.222161e-06	-4.024752e-09	-5.578584e+01	-2.623699e+02
4.550000e-06	-5.236865e-06	-4.026782e-09	-5.594291e+01	-2.626005e+02
4.560000e-06	-5.250219e-06	-4.028778e-09	-5.608557e+01	-2.628179e+02
4.570000e-06	-5.262372e-06	-4.033126e-09	-5.621539e+01	-2.630222e+02
4.580000e-06	-5.273536e-06	-4.038109e-09	-5.633466e+01	-2.632131e+02
4.590000e-06	-5.283785e-06	-4.040822e-09	-5.644414e+01	-2.633904e+02
4.600000e-06	-5.293148e-06	-4.040640e-09	-5.654416e+01	-2.635535e+02
4.610000e-06	-5.301673e-06	-4.041253e-09	-5.663523e+01	-2.637018e+02
4.620000e-06	-5.309424e-06	-4.042626e-09	-5.671803e+01	-2.638346e+02
4.630000e-06	-5.316151e-06	-4.043124e-09	-5.678989e+01	-2.639512e+02
4.640000e-06	-5.321609e-06	-4.042677e-09	-5.684820e+01	-2.640505e+02
4.650000e-06	-5.326015e-06	-4.043641e-09	-5.689526e+01	-2.641319e+02
4.660000e-06	-5.329633e-06	-4.045852e-09	-5.693391e+01	-2.641946e+02
4.670000e-06	-5.332425e-06	-4.046553e-09	-5.696374e+01	-2.642378e+02
4.680000e-06	-5.334304e-06	-4.045759e-09	-5.698381e+01	-2.642612e+02
4.690000e-06	-5.335235e-06	-4.045205e-09	-5.699376e+01	-2.642646e+02
