# Temperatura_=_20.0
# Concentracion g/m^3_=_9000.0
# C_Vs_to_Am_M_A/Vsm_=_65563218390.804596
# pendiente_HvsI_1/m_=_3716.3
# ordenada_HvsI_A/m_=_1297.0
# frecuencia_Hz_=_212871.5768732533

Tiempo_(s)	Campo_(V.s)	Magnetizacion_(V.s)	Campo_(kA/m)	Magnetizacion_(A/m)
0.000000e+00	-5.299948e-06	-4.036302e-09	-5.698394e+01	-2.651723e+02
1.000000e-08	-5.299858e-06	-4.035556e-09	-5.698298e+01	-2.651872e+02
2.000000e-08	-5.298730e-06	-4.036753e-09	-5.697085e+01	-2.652041e+02
3.000000e-08	-5.296374e-06	-4.036823e-09	-5.694551e+01	-2.652221e+02
4.000000e-08	-5.293098e-06	-4.036011e-09	-5.691030e+01	-2.652391e+02
5.000000e-08	-5.289128e-06	-4.035113e-09	-5.686762e+01	-2.652519e+02
6.000000e-08	-5.284376e-06	-4.034203e-09	-5.681652e+01	-2.652565e+02
7.000000e-08	-5.278710e-06	-4.030824e-09	-5.675560e+01	-2.652478e+02
8.000000e-08	-5.272075e-06	-4.023899e-09	-5.668426e+01	-2.652204e+02
9.000000e-08	-5.264598e-06	-4.038405e-09	-5.660387e+01	-2.651688e+02
1.000000e-07	-5.256238e-06	-4.066858e-09	-5.651398e+01	-2.650874e+02
1.100000e-07	-5.246454e-06	-4.087501e-09	-5.640879e+01	-2.649714e+02
1.200000e-07	-5.235332e-06	-4.040527e-09	-5.628921e+01	-2.648165e+02
1.300000e-07	-5.223383e-06	-3.966106e-09	-5.616073e+01	-2.646195e+02
1.400000e-07	-5.210589e-06	-3.983405e-09	-5.602318e+01	-2.643786e+02
1.500000e-07	-5.196896e-06	-4.055647e-09	-5.587595e+01	-2.640932e+02
1.600000e-07	-5.182408e-06	-4.053326e-09	-5.572018e+01	-2.637642e+02
1.700000e-07	-5.166876e-06	-4.013704e-09	-5.555319e+01	-2.633936e+02
1.800000e-07	-5.150013e-06	-3.969519e-09	-5.537188e+01	-2.629851e+02
1.900000e-07	-5.132221e-06	-3.957410e-09	-5.518058e+01	-2.625431e+02
2.000000e-07	-5.114000e-06	-4.058025e-09	-5.498467e+01	-2.620727e+02
2.100000e-07	-5.094994e-06	-4.054587e-09	-5.478033e+01	-2.615798e+02
2.200000e-07	-5.074942e-06	-3.936884e-09	-5.456473e+01	-2.610702e+02
2.300000e-07	-5.054145e-06	-3.933244e-09	-5.434113e+01	-2.605497e+02
2.400000e-07	-5.032569e-06	-4.015734e-09	-5.410915e+01	-2.600234e+02
2.500000e-07	-5.010078e-06	-4.005993e-09	-5.386733e+01	-2.594959e+02
2.600000e-07	-4.986762e-06	-3.941600e-09	-5.361663e+01	-2.589706e+02
2.700000e-07	-4.962685e-06	-3.909348e-09	-5.335776e+01	-2.584499e+02
2.800000e-07	-4.937683e-06	-3.917314e-09	-5.308895e+01	-2.579350e+02
2.900000e-07	-4.911550e-06	-3.970116e-09	-5.280798e+01	-2.574259e+02
3.000000e-07	-4.884311e-06	-3.949226e-09	-5.251510e+01	-2.569214e+02
3.100000e-07	-4.856211e-06	-3.888226e-09	-5.221298e+01	-2.564192e+02
3.200000e-07	-4.827350e-06	-3.873719e-09	-5.190267e+01	-2.559165e+02
3.300000e-07	-4.797587e-06	-3.895570e-09	-5.158266e+01	-2.554095e+02
3.400000e-07	-4.766979e-06	-3.928486e-09	-5.125357e+01	-2.548944e+02
3.500000e-07	-4.735722e-06	-3.896583e-09	-5.091751e+01	-2.543669e+02
3.600000e-07	-4.703769e-06	-3.824049e-09	-5.057395e+01	-2.538231e+02
3.700000e-07	-4.671003e-06	-3.839894e-09	-5.022166e+01	-2.532596e+02
3.800000e-07	-4.637220e-06	-3.901119e-09	-4.985844e+01	-2.526731e+02
3.900000e-07	-4.602316e-06	-3.867775e-09	-4.948316e+01	-2.520613e+02
4.000000e-07	-4.566513e-06	-3.801611e-09	-4.909820e+01	-2.514225e+02
4.100000e-07	-4.530057e-06	-3.809074e-09	-4.870624e+01	-2.507557e+02
4.200000e-07	-4.492870e-06	-3.841631e-09	-4.830641e+01	-2.500608e+02
4.300000e-07	-4.454699e-06	-3.819213e-09	-4.789600e+01	-2.493381e+02
4.400000e-07	-4.415658e-06	-3.785341e-09	-4.747625e+01	-2.485887e+02
4.500000e-07	-4.376131e-06	-3.776493e-09	-4.705126e+01	-2.478138e+02
4.600000e-07	-4.336203e-06	-3.770590e-09	-4.662196e+01	-2.470150e+02
4.700000e-07	-4.295469e-06	-3.773164e-09	-4.618399e+01	-2.461941e+02
4.800000e-07	-4.253532e-06	-3.763706e-09	-4.573310e+01	-2.453525e+02
4.900000e-07	-4.210540e-06	-3.725055e-09	-4.527085e+01	-2.444916e+02
5.000000e-07	-4.166883e-06	-3.699589e-09	-4.480146e+01	-2.436126e+02
5.100000e-07	-4.122617e-06	-3.715731e-09	-4.432553e+01	-2.427160e+02
5.200000e-07	-4.077717e-06	-3.716007e-09	-4.384277e+01	-2.418023e+02
5.300000e-07	-4.032151e-06	-3.668745e-09	-4.335286e+01	-2.408712e+02
5.400000e-07	-3.985761e-06	-3.646391e-09	-4.285408e+01	-2.399222e+02
5.500000e-07	-3.938658e-06	-3.660703e-09	-4.234764e+01	-2.389545e+02
5.600000e-07	-3.891113e-06	-3.654213e-09	-4.183644e+01	-2.379668e+02
5.700000e-07	-3.842936e-06	-3.620960e-09	-4.131846e+01	-2.369578e+02
5.800000e-07	-3.793702e-06	-3.591355e-09	-4.078910e+01	-2.359259e+02
5.900000e-07	-3.743408e-06	-3.585274e-09	-4.024835e+01	-2.348696e+02
6.000000e-07	-3.692284e-06	-3.580751e-09	-3.969868e+01	-2.337872e+02
6.100000e-07	-3.640447e-06	-3.558803e-09	-3.914134e+01	-2.326772e+02
6.200000e-07	-3.587861e-06	-3.526825e-09	-3.857594e+01	-2.315382e+02
6.300000e-07	-3.534579e-06	-3.502165e-09	-3.800307e+01	-2.303687e+02
6.400000e-07	-3.480726e-06	-3.496464e-09	-3.742405e+01	-2.291674e+02
6.500000e-07	-3.426199e-06	-3.486445e-09	-3.683778e+01	-2.279330e+02
6.600000e-07	-3.371091e-06	-3.459348e-09	-3.624527e+01	-2.266644e+02
6.700000e-07	-3.315591e-06	-3.429352e-09	-3.564855e+01	-2.253603e+02
6.800000e-07	-3.259673e-06	-3.412195e-09	-3.504733e+01	-2.240197e+02
6.900000e-07	-3.203183e-06	-3.405459e-09	-3.443996e+01	-2.226412e+02
7.000000e-07	-3.145725e-06	-3.381446e-09	-3.382218e+01	-2.212236e+02
7.100000e-07	-3.087267e-06	-3.343315e-09	-3.319366e+01	-2.197657e+02
7.200000e-07	-3.028176e-06	-3.317587e-09	-3.255832e+01	-2.182661e+02
7.300000e-07	-2.968691e-06	-3.307925e-09	-3.191875e+01	-2.167236e+02
7.400000e-07	-2.908878e-06	-3.289561e-09	-3.127566e+01	-2.151369e+02
7.500000e-07	-2.848591e-06	-3.250874e-09	-3.062746e+01	-2.135048e+02
7.600000e-07	-2.787737e-06	-3.218875e-09	-2.997317e+01	-2.118260e+02
7.700000e-07	-2.726383e-06	-3.199575e-09	-2.931351e+01	-2.100997e+02
7.800000e-07	-2.664621e-06	-3.177416e-09	-2.864945e+01	-2.083248e+02
7.900000e-07	-2.602442e-06	-3.145944e-09	-2.798092e+01	-2.065007e+02
8.000000e-07	-2.539732e-06	-3.108193e-09	-2.730667e+01	-2.046266e+02
8.100000e-07	-2.476595e-06	-3.077401e-09	-2.662784e+01	-2.027019e+02
8.200000e-07	-2.413202e-06	-3.054496e-09	-2.594625e+01	-2.007259e+02
8.300000e-07	-2.349509e-06	-3.027632e-09	-2.526143e+01	-1.986980e+02
8.400000e-07	-2.285470e-06	-2.988498e-09	-2.457290e+01	-1.966173e+02
8.500000e-07	-2.221092e-06	-2.947667e-09	-2.388072e+01	-1.944828e+02
8.600000e-07	-2.156447e-06	-2.920260e-09	-2.318567e+01	-1.922931e+02
8.700000e-07	-2.091446e-06	-2.894451e-09	-2.248680e+01	-1.900463e+02
8.800000e-07	-2.025763e-06	-2.856654e-09	-2.178058e+01	-1.877403e+02
8.900000e-07	-1.959301e-06	-2.813120e-09	-2.106600e+01	-1.853722e+02
9.000000e-07	-1.892370e-06	-2.775607e-09	-2.034637e+01	-1.829389e+02
9.100000e-07	-1.825267e-06	-2.743017e-09	-1.962490e+01	-1.804364e+02
9.200000e-07	-1.758014e-06	-2.702276e-09	-1.890181e+01	-1.778603e+02
9.300000e-07	-1.690569e-06	-2.654334e-09	-1.817665e+01	-1.752060e+02
9.400000e-07	-1.622876e-06	-2.608688e-09	-1.744883e+01	-1.724679e+02
9.500000e-07	-1.554963e-06	-2.566034e-09	-1.671864e+01	-1.696406e+02
9.600000e-07	-1.486894e-06	-2.521703e-09	-1.598677e+01	-1.667181e+02
9.700000e-07	-1.418580e-06	-2.472433e-09	-1.525228e+01	-1.636941e+02
9.800000e-07	-1.350002e-06	-2.423987e-09	-1.451494e+01	-1.605621e+02
9.900000e-07	-1.281203e-06	-2.377600e-09	-1.377523e+01	-1.573156e+02
1.000000e-06	-1.212173e-06	-2.327373e-09	-1.303303e+01	-1.539477e+02
1.010000e-06	-1.142889e-06	-2.271211e-09	-1.228810e+01	-1.504512e+02
1.020000e-06	-1.073319e-06	-2.209387e-09	-1.154011e+01	-1.468188e+02
1.030000e-06	-1.003520e-06	-2.148413e-09	-1.078964e+01	-1.430426e+02
1.040000e-06	-9.335648e-07	-2.089713e-09	-1.003750e+01	-1.391144e+02
1.050000e-06	-8.634930e-07	-2.028362e-09	-9.284098e+00	-1.350254e+02
1.060000e-06	-7.932309e-07	-1.962861e-09	-8.528655e+00	-1.307662e+02
1.070000e-06	-7.227711e-07	-1.895815e-09	-7.771085e+00	-1.263267e+02
1.080000e-06	-6.521523e-07	-1.827758e-09	-7.011807e+00	-1.216961e+02
1.090000e-06	-5.813687e-07	-1.753542e-09	-6.250756e+00	-1.168633e+02
1.100000e-06	-5.105124e-07	-1.672278e-09	-5.488924e+00	-1.118166e+02
1.110000e-06	-4.395692e-07	-1.588900e-09	-4.726157e+00	-1.065440e+02
1.120000e-06	-3.685135e-07	-1.505484e-09	-3.962181e+00	-1.010339e+02
1.130000e-06	-2.974390e-07	-1.419380e-09	-3.198003e+00	-9.527490e+01
1.140000e-06	-2.263910e-07	-1.327877e-09	-2.434109e+00	-8.925688e+01
1.150000e-06	-1.553071e-07	-1.232730e-09	-1.669830e+00	-8.297104e+01
1.160000e-06	-8.416690e-08	-1.135062e-09	-9.049451e-01	-7.641071e+01
1.170000e-06	-1.301919e-08	-1.032447e-09	-1.399796e-01	-6.957187e+01
1.180000e-06	5.811080e-08	-9.252676e-10	6.247953e-01	-6.245374e+01
1.190000e-06	1.292159e-07	-8.129628e-10	1.389303e+00	-5.505924e+01
1.200000e-06	2.002757e-07	-6.956524e-10	2.153323e+00	-4.739552e+01
1.210000e-06	2.712237e-07	-5.747178e-10	2.916141e+00	-3.947424e+01
1.220000e-06	3.420923e-07	-4.495890e-10	3.678106e+00	-3.131180e+01
1.230000e-06	4.128945e-07	-3.207601e-10	4.439357e+00	-2.292937e+01
1.240000e-06	4.836003e-07	-1.895106e-10	5.199570e+00	-1.435283e+01
1.250000e-06	5.542076e-07	-5.901390e-11	5.958726e+00	-5.612418e+00
1.260000e-06	6.246775e-07	7.195291e-11	6.716404e+00	3.257693e+00
1.270000e-06	6.949895e-07	2.074248e-10	7.472383e+00	1.222002e+01
1.280000e-06	7.651736e-07	3.453447e-10	8.226989e+00	2.123453e+01
1.290000e-06	8.352840e-07	4.839454e-10	8.980801e+00	3.025954e+01
1.300000e-06	9.052616e-07	6.207373e-10	9.733186e+00	3.925262e+01
1.310000e-06	9.750824e-07	7.576647e-10	1.048388e+01	4.817164e+01
1.320000e-06	1.044703e-06	8.938018e-10	1.123243e+01	5.697571e+01
1.330000e-06	1.114106e-06	1.027879e-09	1.197864e+01	6.562617e+01
1.340000e-06	1.183323e-06	1.158198e-09	1.272284e+01	7.408743e+01
1.350000e-06	1.252323e-06	1.282170e-09	1.346471e+01	8.232772e+01
1.360000e-06	1.321100e-06	1.401003e-09	1.420419e+01	9.031968e+01
1.370000e-06	1.389626e-06	1.515165e-09	1.494097e+01	9.804080e+01
1.380000e-06	1.457922e-06	1.625613e-09	1.567528e+01	1.054737e+02
1.390000e-06	1.526004e-06	1.730544e-09	1.640728e+01	1.126060e+02
1.400000e-06	1.593886e-06	1.832204e-09	1.713713e+01	1.194305e+02
1.410000e-06	1.661622e-06	1.933034e-09	1.786541e+01	1.259446e+02
1.420000e-06	1.729193e-06	2.028334e-09	1.859192e+01	1.321501e+02
1.430000e-06	1.796545e-06	2.115847e-09	1.931608e+01	1.380525e+02
1.440000e-06	1.863631e-06	2.199722e-09	2.003738e+01	1.436605e+02
1.450000e-06	1.930372e-06	2.281106e-09	2.075496e+01	1.489850e+02
1.460000e-06	1.996617e-06	2.358398e-09	2.146721e+01	1.540391e+02
1.470000e-06	2.062279e-06	2.429653e-09	2.217320e+01	1.588366e+02
1.480000e-06	2.127403e-06	2.496713e-09	2.287340e+01	1.633922e+02
1.490000e-06	2.192071e-06	2.562416e-09	2.356869e+01	1.677203e+02
1.500000e-06	2.256327e-06	2.626491e-09	2.425956e+01	1.718352e+02
1.510000e-06	2.320224e-06	2.687737e-09	2.494657e+01	1.757502e+02
1.520000e-06	2.383808e-06	2.744218e-09	2.563021e+01	1.794779e+02
1.530000e-06	2.446989e-06	2.795688e-09	2.630952e+01	1.830298e+02
1.540000e-06	2.509778e-06	2.845384e-09	2.698462e+01	1.864162e+02
1.550000e-06	2.572193e-06	2.894291e-09	2.765569e+01	1.896468e+02
1.560000e-06	2.634175e-06	2.939761e-09	2.832211e+01	1.927302e+02
1.570000e-06	2.695724e-06	2.980344e-09	2.898387e+01	1.956743e+02
1.580000e-06	2.756776e-06	3.020173e-09	2.964028e+01	1.984866e+02
1.590000e-06	2.817339e-06	3.061579e-09	3.029145e+01	2.011742e+02
1.600000e-06	2.877496e-06	3.101297e-09	3.093824e+01	2.037440e+02
1.610000e-06	2.937298e-06	3.137070e-09	3.158123e+01	2.062030e+02
1.620000e-06	2.996672e-06	3.169918e-09	3.221960e+01	2.085577e+02
1.630000e-06	3.055476e-06	3.202982e-09	3.285185e+01	2.108151e+02
1.640000e-06	3.113499e-06	3.235771e-09	3.347570e+01	2.129816e+02
1.650000e-06	3.170682e-06	3.265679e-09	3.409052e+01	2.150639e+02
1.660000e-06	3.227156e-06	3.293384e-09	3.469771e+01	2.170681e+02
1.670000e-06	3.283058e-06	3.319998e-09	3.529876e+01	2.190002e+02
1.680000e-06	3.338512e-06	3.347743e-09	3.589499e+01	2.208652e+02
1.690000e-06	3.393434e-06	3.377411e-09	3.648551e+01	2.226680e+02
1.700000e-06	3.447769e-06	3.404121e-09	3.706970e+01	2.244124e+02
1.710000e-06	3.501563e-06	3.427500e-09	3.764808e+01	2.261016e+02
1.720000e-06	3.554803e-06	3.451102e-09	3.822051e+01	2.277378e+02
1.730000e-06	3.607416e-06	3.474899e-09	3.878620e+01	2.293227e+02
1.740000e-06	3.659347e-06	3.497267e-09	3.934454e+01	2.308571e+02
1.750000e-06	3.710541e-06	3.517515e-09	3.989497e+01	2.323415e+02
1.760000e-06	3.760938e-06	3.537200e-09	4.043683e+01	2.337757e+02
1.770000e-06	3.810350e-06	3.557893e-09	4.096809e+01	2.351597e+02
1.780000e-06	3.858794e-06	3.576748e-09	4.148895e+01	2.364930e+02
1.790000e-06	3.906579e-06	3.595661e-09	4.200273e+01	2.377758e+02
1.800000e-06	3.953792e-06	3.613278e-09	4.251036e+01	2.390082e+02
1.810000e-06	4.000374e-06	3.629093e-09	4.301119e+01	2.401909e+02
1.820000e-06	4.046294e-06	3.645337e-09	4.350492e+01	2.413253e+02
1.830000e-06	4.091504e-06	3.660006e-09	4.399100e+01	2.424130e+02
1.840000e-06	4.135961e-06	3.675526e-09	4.446900e+01	2.434565e+02
1.850000e-06	4.179860e-06	3.691817e-09	4.494099e+01	2.444585e+02
1.860000e-06	4.223266e-06	3.708550e-09	4.540768e+01	2.454221e+02
1.870000e-06	4.265887e-06	3.723794e-09	4.586594e+01	2.463507e+02
1.880000e-06	4.307484e-06	3.739452e-09	4.631318e+01	2.472475e+02
1.890000e-06	4.348088e-06	3.755957e-09	4.674974e+01	2.481158e+02
1.900000e-06	4.387881e-06	3.768338e-09	4.717760e+01	2.489584e+02
1.910000e-06	4.426993e-06	3.779033e-09	4.759812e+01	2.497776e+02
1.920000e-06	4.465416e-06	3.790009e-09	4.801123e+01	2.505752e+02
1.930000e-06	4.503080e-06	3.801532e-09	4.841619e+01	2.513522e+02
1.940000e-06	4.539879e-06	3.813738e-09	4.881184e+01	2.521090e+02
1.950000e-06	4.575947e-06	3.825724e-09	4.919964e+01	2.528453e+02
1.960000e-06	4.611479e-06	3.837130e-09	4.958167e+01	2.535603e+02
1.970000e-06	4.646259e-06	3.847689e-09	4.995562e+01	2.542528e+02
1.980000e-06	4.679914e-06	3.857990e-09	5.031746e+01	2.549212e+02
1.990000e-06	4.712462e-06	3.867637e-09	5.066742e+01	2.555639e+02
2.000000e-06	4.744211e-06	3.876917e-09	5.100877e+01	2.561795e+02
2.010000e-06	4.775199e-06	3.886460e-09	5.134195e+01	2.567667e+02
2.020000e-06	4.805430e-06	3.895290e-09	5.166700e+01	2.573247e+02
2.030000e-06	4.834883e-06	3.903815e-09	5.198367e+01	2.578535e+02
2.040000e-06	4.863468e-06	3.913882e-09	5.229100e+01	2.583534e+02
2.050000e-06	4.891349e-06	3.923372e-09	5.259078e+01	2.588255e+02
2.060000e-06	4.918597e-06	3.932491e-09	5.288374e+01	2.592715e+02
2.070000e-06	4.944848e-06	3.940805e-09	5.316598e+01	2.596937e+02
2.080000e-06	4.969894e-06	3.948537e-09	5.343527e+01	2.600947e+02
2.090000e-06	4.993960e-06	3.955377e-09	5.369403e+01	2.604773e+02
2.100000e-06	5.017201e-06	3.960505e-09	5.394391e+01	2.608443e+02
2.110000e-06	5.039564e-06	3.965206e-09	5.418435e+01	2.611983e+02
2.120000e-06	5.061133e-06	3.970467e-09	5.441626e+01	2.615415e+02
2.130000e-06	5.081918e-06	3.976407e-09	5.463973e+01	2.618756e+02
2.140000e-06	5.101951e-06	3.982638e-09	5.485513e+01	2.622017e+02
2.150000e-06	5.121331e-06	3.989726e-09	5.506350e+01	2.625198e+02
2.160000e-06	5.139888e-06	3.996836e-09	5.526301e+01	2.628296e+02
2.170000e-06	5.157402e-06	4.004168e-09	5.545132e+01	2.631298e+02
2.180000e-06	5.174006e-06	4.009000e-09	5.562984e+01	2.634184e+02
2.190000e-06	5.189726e-06	4.013197e-09	5.579886e+01	2.636933e+02
2.200000e-06	5.204381e-06	4.018506e-09	5.595643e+01	2.639519e+02
2.210000e-06	5.218006e-06	4.022341e-09	5.610292e+01	2.641916e+02
2.220000e-06	5.230632e-06	4.026018e-09	5.623867e+01	2.644099e+02
2.230000e-06	5.242357e-06	4.029669e-09	5.636474e+01	2.646050e+02
2.240000e-06	5.253073e-06	4.033740e-09	5.647995e+01	2.647755e+02
2.250000e-06	5.262510e-06	4.037790e-09	5.658142e+01	2.649208e+02
2.260000e-06	5.270814e-06	4.040960e-09	5.667070e+01	2.650411e+02
2.270000e-06	5.278275e-06	4.043137e-09	5.675092e+01	2.651378e+02
2.280000e-06	5.284881e-06	4.045053e-09	5.682195e+01	2.652127e+02
2.290000e-06	5.290505e-06	4.048360e-09	5.688241e+01	2.652686e+02
2.300000e-06	5.295214e-06	4.051424e-09	5.693304e+01	2.653088e+02
2.310000e-06	5.299142e-06	4.053760e-09	5.697528e+01	2.653370e+02
2.320000e-06	5.302289e-06	4.055273e-09	5.700912e+01	2.653568e+02
2.330000e-06	5.304388e-06	4.057113e-09	5.703169e+01	2.653717e+02
2.340000e-06	5.305301e-06	4.060290e-09	5.704150e+01	2.653847e+02
2.350000e-06	5.305233e-06	4.063393e-09	5.704077e+01	2.653982e+02
2.360000e-06	5.304315e-06	4.063892e-09	5.703090e+01	2.654133e+02
2.370000e-06	5.302582e-06	4.061144e-09	5.701227e+01	2.654304e+02
2.380000e-06	5.300007e-06	4.059280e-09	5.698458e+01	2.654484e+02
2.390000e-06	5.296585e-06	4.059350e-09	5.694779e+01	2.654651e+02
2.400000e-06	5.292466e-06	4.058905e-09	5.690350e+01	2.654774e+02
2.410000e-06	5.287692e-06	4.058500e-09	5.685217e+01	2.654808e+02
2.420000e-06	5.281945e-06	4.063998e-09	5.679038e+01	2.654705e+02
2.430000e-06	5.274947e-06	4.059701e-09	5.671514e+01	2.654410e+02
2.440000e-06	5.266918e-06	4.021573e-09	5.662881e+01	2.653866e+02
2.450000e-06	5.257902e-06	3.982825e-09	5.653187e+01	2.653020e+02
2.460000e-06	5.247596e-06	3.995818e-09	5.642107e+01	2.651823e+02
2.470000e-06	5.236152e-06	4.082625e-09	5.629802e+01	2.650233e+02
2.480000e-06	5.224317e-06	4.122227e-09	5.617078e+01	2.648220e+02
2.490000e-06	5.212144e-06	4.042640e-09	5.603989e+01	2.645767e+02
2.500000e-06	5.198494e-06	4.025872e-09	5.589313e+01	2.642869e+02
2.510000e-06	5.183197e-06	4.029833e-09	5.572866e+01	2.639536e+02
2.520000e-06	5.167293e-06	4.062372e-09	5.555766e+01	2.635791e+02
2.530000e-06	5.150753e-06	4.101174e-09	5.537984e+01	2.631670e+02
2.540000e-06	5.132981e-06	4.010867e-09	5.518875e+01	2.627219e+02
2.550000e-06	5.114478e-06	3.933062e-09	5.498982e+01	2.622490e+02
2.560000e-06	5.095575e-06	3.973506e-09	5.478657e+01	2.617542e+02
2.570000e-06	5.075868e-06	3.988373e-09	5.457469e+01	2.612433e+02
2.580000e-06	5.055246e-06	3.899387e-09	5.435296e+01	2.607220e+02
2.590000e-06	5.033492e-06	3.923797e-09	5.411907e+01	2.601954e+02
2.600000e-06	5.010434e-06	3.983759e-09	5.387115e+01	2.596679e+02
2.610000e-06	4.986406e-06	3.973449e-09	5.361281e+01	2.591430e+02
2.620000e-06	4.961484e-06	3.962729e-09	5.334486e+01	2.586229e+02
2.630000e-06	4.935759e-06	3.917427e-09	5.306826e+01	2.581086e+02
2.640000e-06	4.909411e-06	3.905259e-09	5.278497e+01	2.576000e+02
2.650000e-06	4.882184e-06	3.932931e-09	5.249224e+01	2.570959e+02
2.660000e-06	4.854122e-06	3.932958e-09	5.219052e+01	2.565939e+02
2.670000e-06	4.825399e-06	3.928851e-09	5.188169e+01	2.560909e+02
2.680000e-06	4.795458e-06	3.876556e-09	5.155977e+01	2.555833e+02
2.690000e-06	4.764131e-06	3.849392e-09	5.122295e+01	2.550671e+02
2.700000e-06	4.732045e-06	3.932116e-09	5.087797e+01	2.545381e+02
2.710000e-06	4.699354e-06	3.912914e-09	5.052648e+01	2.539926e+02
2.720000e-06	4.665728e-06	3.809778e-09	5.016494e+01	2.534269e+02
2.730000e-06	4.631231e-06	3.830051e-09	4.979404e+01	2.528380e+02
2.740000e-06	4.596106e-06	3.874428e-09	4.941639e+01	2.522236e+02
2.750000e-06	4.560334e-06	3.850285e-09	4.903176e+01	2.515820e+02
2.760000e-06	4.523853e-06	3.806579e-09	4.863954e+01	2.509124e+02
2.770000e-06	4.486565e-06	3.793787e-09	4.823863e+01	2.502147e+02
2.780000e-06	4.448221e-06	3.804848e-09	4.782635e+01	2.494893e+02
2.790000e-06	4.408784e-06	3.788999e-09	4.740233e+01	2.487373e+02
2.800000e-06	4.368558e-06	3.783480e-09	4.696983e+01	2.479599e+02
2.810000e-06	4.327721e-06	3.769350e-09	4.653076e+01	2.471589e+02
2.820000e-06	4.286217e-06	3.730755e-09	4.608452e+01	2.463358e+02
2.830000e-06	4.243967e-06	3.735503e-09	4.563025e+01	2.454922e+02
2.840000e-06	4.200941e-06	3.745990e-09	4.516765e+01	2.446295e+02
2.850000e-06	4.157287e-06	3.718195e-09	4.469829e+01	2.437487e+02
2.860000e-06	4.113191e-06	3.682084e-09	4.422418e+01	2.428504e+02
2.870000e-06	4.068670e-06	3.679908e-09	4.374550e+01	2.419350e+02
2.880000e-06	4.023469e-06	3.690015e-09	4.325950e+01	2.410021e+02
2.890000e-06	3.977405e-06	3.654291e-09	4.276424e+01	2.400514e+02
2.900000e-06	3.930532e-06	3.624886e-09	4.226026e+01	2.390817e+02
2.910000e-06	3.883025e-06	3.626111e-09	4.174948e+01	2.380919e+02
2.920000e-06	3.834916e-06	3.618878e-09	4.123223e+01	2.370807e+02
2.930000e-06	3.785931e-06	3.596198e-09	4.070555e+01	2.360465e+02
2.940000e-06	3.736109e-06	3.569254e-09	4.016988e+01	2.349876e+02
2.950000e-06	3.685673e-06	3.561185e-09	3.962760e+01	2.339026e+02
2.960000e-06	3.634579e-06	3.551606e-09	3.907824e+01	2.327898e+02
2.970000e-06	3.582775e-06	3.530372e-09	3.852126e+01	2.316478e+02
2.980000e-06	3.530319e-06	3.513577e-09	3.795726e+01	2.304752e+02
2.990000e-06	3.477077e-06	3.492480e-09	3.738482e+01	2.292706e+02
3.000000e-06	3.422853e-06	3.474279e-09	3.680181e+01	2.280329e+02
3.010000e-06	3.367662e-06	3.463444e-09	3.620840e+01	2.267608e+02
3.020000e-06	3.311784e-06	3.445056e-09	3.560761e+01	2.254531e+02
3.030000e-06	3.255470e-06	3.410386e-09	3.500215e+01	2.241087e+02
3.040000e-06	3.198692e-06	3.384530e-09	3.439167e+01	2.227264e+02
3.050000e-06	3.141337e-06	3.382480e-09	3.377501e+01	2.213049e+02
3.060000e-06	3.083446e-06	3.367369e-09	3.315257e+01	2.198429e+02
3.070000e-06	3.025021e-06	3.329622e-09	3.252441e+01	2.183391e+02
3.080000e-06	2.966018e-06	3.300457e-09	3.189001e+01	2.167922e+02
3.090000e-06	2.906504e-06	3.288565e-09	3.125013e+01	2.152010e+02
3.100000e-06	2.846547e-06	3.268733e-09	3.060548e+01	2.135643e+02
3.110000e-06	2.786242e-06	3.236577e-09	2.995710e+01	2.118809e+02
3.120000e-06	2.725568e-06	3.207987e-09	2.930475e+01	2.101497e+02
3.130000e-06	2.664329e-06	3.183417e-09	2.864632e+01	2.083700e+02
3.140000e-06	2.602358e-06	3.158566e-09	2.798002e+01	2.065409e+02
3.150000e-06	2.539707e-06	3.130281e-09	2.730640e+01	2.046618e+02
3.160000e-06	2.476506e-06	3.099357e-09	2.662688e+01	2.027320e+02
3.170000e-06	2.412842e-06	3.064892e-09	2.594238e+01	2.007508e+02
3.180000e-06	2.348838e-06	3.035533e-09	2.525422e+01	1.987177e+02
3.190000e-06	2.284527e-06	3.012603e-09	2.456276e+01	1.966317e+02
3.200000e-06	2.219957e-06	2.981189e-09	2.386852e+01	1.944917e+02
3.210000e-06	2.155064e-06	2.940886e-09	2.317080e+01	1.922964e+02
3.220000e-06	2.089706e-06	2.905053e-09	2.246809e+01	1.900438e+02
3.230000e-06	2.023962e-06	2.877243e-09	2.176122e+01	1.877318e+02
3.240000e-06	1.957948e-06	2.841813e-09	2.105145e+01	1.853574e+02
3.250000e-06	1.891626e-06	2.799072e-09	2.033838e+01	1.829173e+02
3.260000e-06	1.824948e-06	2.763452e-09	1.962146e+01	1.804076e+02
3.270000e-06	1.757958e-06	2.729718e-09	1.890121e+01	1.778240e+02
3.280000e-06	1.690657e-06	2.690411e-09	1.817759e+01	1.751615e+02
3.290000e-06	1.623106e-06	2.647237e-09	1.745130e+01	1.724148e+02
3.300000e-06	1.555369e-06	2.605371e-09	1.672301e+01	1.695783e+02
3.310000e-06	1.487416e-06	2.563134e-09	1.599239e+01	1.666459e+02
3.320000e-06	1.419251e-06	2.517523e-09	1.525949e+01	1.636114e+02
3.330000e-06	1.350930e-06	2.471431e-09	1.452492e+01	1.604683e+02
3.340000e-06	1.282467e-06	2.422227e-09	1.378882e+01	1.572100e+02
3.350000e-06	1.213769e-06	2.370938e-09	1.305019e+01	1.538295e+02
3.360000e-06	1.144825e-06	2.318672e-09	1.230893e+01	1.503198e+02
3.370000e-06	1.075687e-06	2.264730e-09	1.156557e+01	1.466734e+02
3.380000e-06	1.006186e-06	2.209145e-09	1.081830e+01	1.428824e+02
3.390000e-06	9.362726e-07	2.148683e-09	1.006661e+01	1.389385e+02
3.400000e-06	8.661451e-07	2.087426e-09	9.312613e+00	1.348329e+02
3.410000e-06	7.958358e-07	2.024088e-09	8.556662e+00	1.305562e+02
3.420000e-06	7.251985e-07	1.954378e-09	7.797184e+00	1.260980e+02
3.430000e-06	6.543021e-07	1.882592e-09	7.034920e+00	1.214478e+02
3.440000e-06	5.831700e-07	1.810785e-09	6.270123e+00	1.165942e+02
3.450000e-06	5.118224e-07	1.736367e-09	5.503009e+00	1.115254e+02
3.460000e-06	4.404175e-07	1.654290e-09	4.735278e+00	1.062296e+02
3.470000e-06	3.689704e-07	1.567680e-09	3.967093e+00	1.006951e+02
3.480000e-06	2.974198e-07	1.480061e-09	3.197796e+00	9.491064e+01
3.490000e-06	2.257691e-07	1.388169e-09	2.427423e+00	8.886621e+01
3.500000e-06	1.541316e-07	1.290793e-09	1.657191e+00	8.255319e+01
3.510000e-06	8.255279e-08	1.187825e-09	8.875906e-01	7.596516e+01
3.520000e-06	1.099937e-08	1.081784e-09	1.182629e-01	6.909838e+01
3.530000e-06	-6.054455e-08	9.738842e-10	-6.509625e-01	6.195242e+01
3.540000e-06	-1.320589e-07	8.606633e-10	-1.419870e+00	5.453062e+01
3.550000e-06	-2.035127e-07	7.420798e-10	-2.188127e+00	4.684056e+01
3.560000e-06	-2.748669e-07	6.204645e-10	-2.955312e+00	3.889435e+01
3.570000e-06	-3.461132e-07	4.968707e-10	-3.721338e+00	3.070889e+01
3.580000e-06	-4.172783e-07	3.697598e-10	-4.486490e+00	2.230583e+01
3.590000e-06	-4.882931e-07	2.371566e-10	-5.250027e+00	1.371148e+01
3.600000e-06	-5.590480e-07	1.006894e-10	-6.010769e+00	4.956508e+00
3.610000e-06	-6.296271e-07	-3.747859e-11	-6.769621e+00	-3.924548e+00
3.620000e-06	-7.001364e-07	-1.754886e-10	-7.527722e+00	-1.289392e+01
3.630000e-06	-7.705253e-07	-3.134046e-10	-8.284529e+00	-2.191137e+01
3.640000e-06	-8.405876e-07	-4.510244e-10	-9.037824e+00	-3.093508e+01
3.650000e-06	-9.103312e-07	-5.862059e-10	-9.787693e+00	-3.992263e+01
3.660000e-06	-9.799130e-07	-7.200442e-10	-1.053582e+01	-4.883195e+01
3.670000e-06	-1.049284e-06	-8.514293e-10	-1.128169e+01	-5.762235e+01
3.680000e-06	-1.118427e-06	-9.826912e-10	-1.202509e+01	-6.625542e+01
3.690000e-06	-1.187326e-06	-1.114853e-09	-1.276589e+01	-7.469593e+01
3.700000e-06	-1.255957e-06	-1.242937e-09	-1.350379e+01	-8.291253e+01
3.710000e-06	-1.324388e-06	-1.366072e-09	-1.423954e+01	-9.087832e+01
3.720000e-06	-1.392684e-06	-1.484543e-09	-1.497385e+01	-9.857131e+01
3.730000e-06	-1.460886e-06	-1.599854e-09	-1.570714e+01	-1.059746e+02
3.740000e-06	-1.528912e-06	-1.712169e-09	-1.643855e+01	-1.130763e+02
3.750000e-06	-1.596703e-06	-1.816432e-09	-1.716742e+01	-1.198698e+02
3.760000e-06	-1.664264e-06	-1.914144e-09	-1.789382e+01	-1.263529e+02
3.770000e-06	-1.731537e-06	-2.008641e-09	-1.861713e+01	-1.325278e+02
3.780000e-06	-1.798492e-06	-2.099950e-09	-1.933702e+01	-1.384003e+02
3.790000e-06	-1.865133e-06	-2.184835e-09	-2.005352e+01	-1.439794e+02
3.800000e-06	-1.931519e-06	-2.264278e-09	-2.076729e+01	-1.492763e+02
3.810000e-06	-1.997673e-06	-2.343227e-09	-2.147856e+01	-1.543040e+02
3.820000e-06	-2.063450e-06	-2.419093e-09	-2.218579e+01	-1.590767e+02
3.830000e-06	-2.128790e-06	-2.490471e-09	-2.288831e+01	-1.636089e+02
3.840000e-06	-2.193776e-06	-2.557058e-09	-2.358703e+01	-1.679150e+02
3.850000e-06	-2.258412e-06	-2.619878e-09	-2.428198e+01	-1.720093e+02
3.860000e-06	-2.322716e-06	-2.681084e-09	-2.497336e+01	-1.759050e+02
3.870000e-06	-2.386771e-06	-2.739468e-09	-2.566206e+01	-1.796147e+02
3.880000e-06	-2.450462e-06	-2.794093e-09	-2.634686e+01	-1.831495e+02
3.890000e-06	-2.513606e-06	-2.844502e-09	-2.702577e+01	-1.865200e+02
3.900000e-06	-2.576067e-06	-2.892230e-09	-2.769734e+01	-1.897355e+02
3.910000e-06	-2.637796e-06	-2.940235e-09	-2.836103e+01	-1.928045e+02
3.920000e-06	-2.698890e-06	-2.985648e-09	-2.901790e+01	-1.957351e+02
3.930000e-06	-2.759475e-06	-3.030469e-09	-2.966931e+01	-1.985346e+02
3.940000e-06	-2.819625e-06	-3.075465e-09	-3.031603e+01	-2.012101e+02
3.950000e-06	-2.879350e-06	-3.117149e-09	-3.095818e+01	-2.037686e+02
3.960000e-06	-2.938636e-06	-3.153907e-09	-3.159561e+01	-2.062167e+02
3.970000e-06	-2.997475e-06	-3.188959e-09	-3.222823e+01	-2.085615e+02
3.980000e-06	-3.055858e-06	-3.224830e-09	-3.285596e+01	-2.108094e+02
3.990000e-06	-3.113595e-06	-3.261230e-09	-3.347673e+01	-2.129672e+02
4.000000e-06	-3.170700e-06	-3.295044e-09	-3.409071e+01	-2.150414e+02
4.010000e-06	-3.227332e-06	-3.326897e-09	-3.469960e+01	-2.170382e+02
4.020000e-06	-3.283526e-06	-3.358643e-09	-3.530380e+01	-2.189633e+02
4.030000e-06	-3.339226e-06	-3.390521e-09	-3.590267e+01	-2.208219e+02
4.040000e-06	-3.394232e-06	-3.419451e-09	-3.649408e+01	-2.226187e+02
4.050000e-06	-3.448382e-06	-3.443886e-09	-3.707629e+01	-2.243574e+02
4.060000e-06	-3.501632e-06	-3.469201e-09	-3.764883e+01	-2.260411e+02
4.070000e-06	-3.554162e-06	-3.496006e-09	-3.821362e+01	-2.276722e+02
4.080000e-06	-3.606072e-06	-3.522540e-09	-3.877174e+01	-2.292520e+02
4.090000e-06	-3.657305e-06	-3.544492e-09	-3.932259e+01	-2.307814e+02
4.100000e-06	-3.707901e-06	-3.566355e-09	-3.986658e+01	-2.322607e+02
4.110000e-06	-3.757804e-06	-3.591922e-09	-4.040313e+01	-2.336900e+02
4.120000e-06	-3.806788e-06	-3.618103e-09	-4.092979e+01	-2.350688e+02
4.130000e-06	-3.854851e-06	-3.638944e-09	-4.144656e+01	-2.363971e+02
4.140000e-06	-3.902188e-06	-3.655829e-09	-4.195552e+01	-2.376748e+02
4.150000e-06	-3.948863e-06	-3.675554e-09	-4.245736e+01	-2.389022e+02
4.160000e-06	-3.994907e-06	-3.696322e-09	-4.295241e+01	-2.400800e+02
4.170000e-06	-4.040314e-06	-3.713423e-09	-4.344062e+01	-2.412096e+02
4.180000e-06	-4.085125e-06	-3.727701e-09	-4.392242e+01	-2.422928e+02
4.190000e-06	-4.129441e-06	-3.742245e-09	-4.439890e+01	-2.433320e+02
4.200000e-06	-4.173212e-06	-3.758001e-09	-4.486951e+01	-2.443300e+02
4.210000e-06	-4.216312e-06	-3.774663e-09	-4.533292e+01	-2.452899e+02
4.220000e-06	-4.258668e-06	-3.789891e-09	-4.578832e+01	-2.462152e+02
4.230000e-06	-4.300302e-06	-3.804253e-09	-4.623596e+01	-2.471090e+02
4.240000e-06	-4.341244e-06	-3.817815e-09	-4.667616e+01	-2.479746e+02
4.250000e-06	-4.381565e-06	-3.830523e-09	-4.710968e+01	-2.488148e+02
4.260000e-06	-4.421187e-06	-3.843108e-09	-4.753569e+01	-2.496317e+02
4.270000e-06	-4.459803e-06	-3.853704e-09	-4.795088e+01	-2.504272e+02
4.280000e-06	-4.497332e-06	-3.863161e-09	-4.835439e+01	-2.512021e+02
4.290000e-06	-4.533994e-06	-3.874042e-09	-4.874857e+01	-2.519569e+02
4.300000e-06	-4.570017e-06	-3.885449e-09	-4.913587e+01	-2.526911e+02
4.310000e-06	-4.605328e-06	-3.896006e-09	-4.951553e+01	-2.534039e+02
4.320000e-06	-4.639787e-06	-3.905000e-09	-4.988603e+01	-2.540941e+02
4.330000e-06	-4.673407e-06	-3.913959e-09	-5.024751e+01	-2.547600e+02
4.340000e-06	-4.706282e-06	-3.923320e-09	-5.060097e+01	-2.554000e+02
4.350000e-06	-4.738526e-06	-3.932392e-09	-5.094765e+01	-2.560128e+02
4.360000e-06	-4.769990e-06	-3.941459e-09	-5.128595e+01	-2.565971e+02
4.370000e-06	-4.800336e-06	-3.948734e-09	-5.161222e+01	-2.571522e+02
4.380000e-06	-4.829533e-06	-3.955408e-09	-5.192615e+01	-2.576780e+02
4.390000e-06	-4.857921e-06	-3.963426e-09	-5.223136e+01	-2.581750e+02
4.400000e-06	-4.885639e-06	-3.971088e-09	-5.252938e+01	-2.586445e+02
4.410000e-06	-4.912567e-06	-3.978026e-09	-5.281891e+01	-2.590880e+02
4.420000e-06	-4.938630e-06	-3.981645e-09	-5.309913e+01	-2.595080e+02
4.430000e-06	-4.963805e-06	-3.984385e-09	-5.336980e+01	-2.599070e+02
4.440000e-06	-4.988196e-06	-3.990078e-09	-5.363205e+01	-2.602879e+02
4.450000e-06	-5.011921e-06	-3.995091e-09	-5.388714e+01	-2.606534e+02
4.460000e-06	-5.034722e-06	-3.998728e-09	-5.413230e+01	-2.610062e+02
4.470000e-06	-5.056313e-06	-4.001647e-09	-5.436443e+01	-2.613485e+02
4.480000e-06	-5.076873e-06	-4.006599e-09	-5.458549e+01	-2.616817e+02
4.490000e-06	-5.096649e-06	-4.012185e-09	-5.479812e+01	-2.620070e+02
4.500000e-06	-5.115695e-06	-4.015801e-09	-5.500290e+01	-2.623243e+02
4.510000e-06	-5.133960e-06	-4.019146e-09	-5.519928e+01	-2.626332e+02
4.520000e-06	-5.151385e-06	-4.022046e-09	-5.538662e+01	-2.629323e+02
4.530000e-06	-5.168030e-06	-4.024926e-09	-5.556559e+01	-2.632197e+02
4.540000e-06	-5.183868e-06	-4.029290e-09	-5.573588e+01	-2.634931e+02
4.550000e-06	-5.198607e-06	-4.032435e-09	-5.589435e+01	-2.637498e+02
4.560000e-06	-5.212040e-06	-4.033660e-09	-5.603877e+01	-2.639875e+02
4.570000e-06	-5.224336e-06	-4.034880e-09	-5.617098e+01	-2.642036e+02
4.580000e-06	-5.235684e-06	-4.036514e-09	-5.629299e+01	-2.643962e+02
4.590000e-06	-5.246110e-06	-4.037342e-09	-5.640509e+01	-2.645642e+02
4.600000e-06	-5.255630e-06	-4.036500e-09	-5.650745e+01	-2.647069e+02
4.610000e-06	-5.264289e-06	-4.036524e-09	-5.660055e+01	-2.648249e+02
4.620000e-06	-5.272207e-06	-4.038313e-09	-5.668568e+01	-2.649192e+02
4.630000e-06	-5.279147e-06	-4.039183e-09	-5.676029e+01	-2.649921e+02
4.640000e-06	-5.284783e-06	-4.037647e-09	-5.682089e+01	-2.650462e+02
4.650000e-06	-5.289391e-06	-4.037374e-09	-5.687044e+01	-2.650851e+02
4.660000e-06	-5.293244e-06	-4.039312e-09	-5.691187e+01	-2.651122e+02
4.670000e-06	-5.296254e-06	-4.040167e-09	-5.694422e+01	-2.651314e+02
4.680000e-06	-5.298351e-06	-4.039087e-09	-5.696678e+01	-2.651460e+02
4.690000e-06	-5.299491e-06	-4.037894e-09	-5.697903e+01	-2.651589e+02
