# Temperatura_=_20.0
# Concentracion g/m^3_=_9000.0
# C_Vs_to_Am_M_A/Vsm_=_65563218390.804596
# pendiente_HvsI_1/m_=_3716.3
# ordenada_HvsI_A/m_=_1297.0
# frecuencia_Hz_=_134957.64277372573

Tiempo_(s)	Campo_(V.s)	Magnetizacion_(V.s)	Campo_(kA/m)	Magnetizacion_(A/m)
0.000000e+00	-2.538782e-06	-2.932832e-09	-1.988206e+01	-1.907826e+02
1.000000e-08	-2.538973e-06	-2.938655e-09	-1.988355e+01	-1.907501e+02
2.000000e-08	-2.539082e-06	-2.944182e-09	-1.988441e+01	-1.907024e+02
3.000000e-08	-2.539183e-06	-2.927992e-09	-1.988520e+01	-1.906396e+02
4.000000e-08	-2.539193e-06	-2.901202e-09	-1.988528e+01	-1.905624e+02
5.000000e-08	-2.538961e-06	-2.938897e-09	-1.988346e+01	-1.904710e+02
6.000000e-08	-2.538546e-06	-3.011288e-09	-1.988022e+01	-1.903661e+02
7.000000e-08	-2.538050e-06	-3.039194e-09	-1.987633e+01	-1.902482e+02
8.000000e-08	-2.537397e-06	-2.979712e-09	-1.987122e+01	-1.901179e+02
9.000000e-08	-2.536430e-06	-2.920715e-09	-1.986364e+01	-1.899759e+02
1.000000e-07	-2.535134e-06	-2.884955e-09	-1.985350e+01	-1.898230e+02
1.100000e-07	-2.533503e-06	-2.865573e-09	-1.984072e+01	-1.896598e+02
1.200000e-07	-2.531692e-06	-2.958433e-09	-1.982654e+01	-1.894871e+02
1.300000e-07	-2.529540e-06	-2.901910e-09	-1.980968e+01	-1.893058e+02
1.400000e-07	-2.526921e-06	-2.891196e-09	-1.978918e+01	-1.891165e+02
1.500000e-07	-2.524021e-06	-2.938534e-09	-1.976646e+01	-1.889202e+02
1.600000e-07	-2.520942e-06	-2.951986e-09	-1.974235e+01	-1.887176e+02
1.700000e-07	-2.517711e-06	-2.850266e-09	-1.971704e+01	-1.885095e+02
1.800000e-07	-2.514344e-06	-2.830760e-09	-1.969068e+01	-1.882967e+02
1.900000e-07	-2.510853e-06	-2.877938e-09	-1.966334e+01	-1.880801e+02
2.000000e-07	-2.507150e-06	-2.924842e-09	-1.963434e+01	-1.878603e+02
2.100000e-07	-2.503362e-06	-2.868023e-09	-1.960468e+01	-1.876381e+02
2.200000e-07	-2.499509e-06	-2.766688e-09	-1.957450e+01	-1.874142e+02
2.300000e-07	-2.495556e-06	-2.763256e-09	-1.954355e+01	-1.871893e+02
2.400000e-07	-2.491528e-06	-2.817827e-09	-1.951200e+01	-1.869638e+02
2.500000e-07	-2.487413e-06	-2.868894e-09	-1.947977e+01	-1.867385e+02
2.600000e-07	-2.483120e-06	-2.788154e-09	-1.944615e+01	-1.865137e+02
2.700000e-07	-2.478688e-06	-2.764179e-09	-1.941144e+01	-1.862899e+02
2.800000e-07	-2.474016e-06	-2.776558e-09	-1.937486e+01	-1.860676e+02
2.900000e-07	-2.469063e-06	-2.893001e-09	-1.933607e+01	-1.858469e+02
3.000000e-07	-2.463990e-06	-2.864556e-09	-1.929634e+01	-1.856282e+02
3.100000e-07	-2.458761e-06	-2.776029e-09	-1.925539e+01	-1.854117e+02
3.200000e-07	-2.453325e-06	-2.738807e-09	-1.921282e+01	-1.851974e+02
3.300000e-07	-2.447660e-06	-2.844579e-09	-1.916845e+01	-1.849855e+02
3.400000e-07	-2.441845e-06	-2.864791e-09	-1.912291e+01	-1.847758e+02
3.500000e-07	-2.435909e-06	-2.782404e-09	-1.907643e+01	-1.845683e+02
3.600000e-07	-2.429836e-06	-2.730879e-09	-1.902887e+01	-1.843629e+02
3.700000e-07	-2.423584e-06	-2.791239e-09	-1.897991e+01	-1.841594e+02
3.800000e-07	-2.417139e-06	-2.847163e-09	-1.892943e+01	-1.839574e+02
3.900000e-07	-2.410538e-06	-2.806661e-09	-1.887774e+01	-1.837567e+02
4.000000e-07	-2.403723e-06	-2.749098e-09	-1.882437e+01	-1.835568e+02
4.100000e-07	-2.396729e-06	-2.749978e-09	-1.876960e+01	-1.833575e+02
4.200000e-07	-2.389573e-06	-2.798942e-09	-1.871356e+01	-1.831581e+02
4.300000e-07	-2.382271e-06	-2.796391e-09	-1.865637e+01	-1.829583e+02
4.400000e-07	-2.374843e-06	-2.753342e-09	-1.859820e+01	-1.827574e+02
4.500000e-07	-2.367253e-06	-2.718422e-09	-1.853876e+01	-1.825550e+02
4.600000e-07	-2.359517e-06	-2.750166e-09	-1.847818e+01	-1.823505e+02
4.700000e-07	-2.351693e-06	-2.775534e-09	-1.841690e+01	-1.821432e+02
4.800000e-07	-2.343770e-06	-2.760577e-09	-1.835485e+01	-1.819326e+02
4.900000e-07	-2.335779e-06	-2.720320e-09	-1.829228e+01	-1.817180e+02
5.000000e-07	-2.327715e-06	-2.736639e-09	-1.822913e+01	-1.814990e+02
5.100000e-07	-2.319541e-06	-2.766767e-09	-1.816511e+01	-1.812748e+02
5.200000e-07	-2.311261e-06	-2.763626e-09	-1.810027e+01	-1.810450e+02
5.300000e-07	-2.302797e-06	-2.722916e-09	-1.803399e+01	-1.808089e+02
5.400000e-07	-2.294060e-06	-2.715019e-09	-1.796556e+01	-1.805660e+02
5.500000e-07	-2.285132e-06	-2.732380e-09	-1.789564e+01	-1.803159e+02
5.600000e-07	-2.276048e-06	-2.738192e-09	-1.782450e+01	-1.800579e+02
5.700000e-07	-2.266566e-06	-2.707172e-09	-1.775024e+01	-1.797918e+02
5.800000e-07	-2.256701e-06	-2.686369e-09	-1.767299e+01	-1.795171e+02
5.900000e-07	-2.246571e-06	-2.698931e-09	-1.759366e+01	-1.792333e+02
6.000000e-07	-2.236150e-06	-2.718013e-09	-1.751205e+01	-1.789403e+02
6.100000e-07	-2.225449e-06	-2.702855e-09	-1.742825e+01	-1.786376e+02
6.200000e-07	-2.214502e-06	-2.677593e-09	-1.734252e+01	-1.783251e+02
6.300000e-07	-2.203384e-06	-2.681561e-09	-1.725545e+01	-1.780026e+02
6.400000e-07	-2.192117e-06	-2.699258e-09	-1.716721e+01	-1.776699e+02
6.500000e-07	-2.180652e-06	-2.684716e-09	-1.707743e+01	-1.773268e+02
6.600000e-07	-2.169065e-06	-2.656037e-09	-1.698669e+01	-1.769734e+02
6.700000e-07	-2.157411e-06	-2.653173e-09	-1.689541e+01	-1.766095e+02
6.800000e-07	-2.145581e-06	-2.663540e-09	-1.680278e+01	-1.762353e+02
6.900000e-07	-2.133594e-06	-2.657757e-09	-1.670890e+01	-1.758506e+02
7.000000e-07	-2.121561e-06	-2.639231e-09	-1.661466e+01	-1.754557e+02
7.100000e-07	-2.109325e-06	-2.631033e-09	-1.651884e+01	-1.750505e+02
7.200000e-07	-2.096802e-06	-2.630502e-09	-1.642077e+01	-1.746353e+02
7.300000e-07	-2.084188e-06	-2.630347e-09	-1.632198e+01	-1.742101e+02
7.400000e-07	-2.071510e-06	-2.619415e-09	-1.622270e+01	-1.737750e+02
7.500000e-07	-2.058615e-06	-2.603000e-09	-1.612172e+01	-1.733304e+02
7.600000e-07	-2.045516e-06	-2.590169e-09	-1.601913e+01	-1.728763e+02
7.700000e-07	-2.032246e-06	-2.595383e-09	-1.591521e+01	-1.724129e+02
7.800000e-07	-2.018767e-06	-2.595972e-09	-1.580965e+01	-1.719405e+02
7.900000e-07	-2.005105e-06	-2.577259e-09	-1.570266e+01	-1.714591e+02
8.000000e-07	-1.991331e-06	-2.558640e-09	-1.559479e+01	-1.709689e+02
8.100000e-07	-1.977523e-06	-2.565300e-09	-1.548665e+01	-1.704702e+02
8.200000e-07	-1.963555e-06	-2.567011e-09	-1.537726e+01	-1.699630e+02
8.300000e-07	-1.949459e-06	-2.544504e-09	-1.526687e+01	-1.694475e+02
8.400000e-07	-1.935139e-06	-2.521987e-09	-1.515473e+01	-1.689237e+02
8.500000e-07	-1.920603e-06	-2.522849e-09	-1.504089e+01	-1.683917e+02
8.600000e-07	-1.905994e-06	-2.522301e-09	-1.492648e+01	-1.678516e+02
8.700000e-07	-1.891069e-06	-2.507024e-09	-1.480960e+01	-1.673034e+02
8.800000e-07	-1.875959e-06	-2.489833e-09	-1.469127e+01	-1.667470e+02
8.900000e-07	-1.860727e-06	-2.484610e-09	-1.457199e+01	-1.661825e+02
9.000000e-07	-1.845218e-06	-2.482831e-09	-1.445053e+01	-1.656096e+02
9.100000e-07	-1.829529e-06	-2.477247e-09	-1.432766e+01	-1.650284e+02
9.200000e-07	-1.813632e-06	-2.465890e-09	-1.420317e+01	-1.644387e+02
9.300000e-07	-1.797542e-06	-2.451181e-09	-1.407716e+01	-1.638402e+02
9.400000e-07	-1.781273e-06	-2.443285e-09	-1.394975e+01	-1.632329e+02
9.500000e-07	-1.764829e-06	-2.440180e-09	-1.382097e+01	-1.626164e+02
9.600000e-07	-1.748196e-06	-2.428335e-09	-1.369072e+01	-1.619904e+02
9.700000e-07	-1.731440e-06	-2.408925e-09	-1.355949e+01	-1.613548e+02
9.800000e-07	-1.714604e-06	-2.397290e-09	-1.342764e+01	-1.607092e+02
9.900000e-07	-1.697670e-06	-2.395844e-09	-1.329503e+01	-1.600533e+02
1.000000e-06	-1.680679e-06	-2.389666e-09	-1.316197e+01	-1.593866e+02
1.010000e-06	-1.663495e-06	-2.373507e-09	-1.302739e+01	-1.587090e+02
1.020000e-06	-1.646229e-06	-2.360747e-09	-1.289218e+01	-1.580200e+02
1.030000e-06	-1.628980e-06	-2.353044e-09	-1.275709e+01	-1.573192e+02
1.040000e-06	-1.611633e-06	-2.345311e-09	-1.262125e+01	-1.566063e+02
1.050000e-06	-1.594131e-06	-2.332849e-09	-1.248418e+01	-1.558810e+02
1.060000e-06	-1.576578e-06	-2.318992e-09	-1.234672e+01	-1.551428e+02
1.070000e-06	-1.559041e-06	-2.305066e-09	-1.220938e+01	-1.543914e+02
1.080000e-06	-1.541443e-06	-2.295777e-09	-1.207156e+01	-1.536266e+02
1.090000e-06	-1.523783e-06	-2.285390e-09	-1.193326e+01	-1.528479e+02
1.100000e-06	-1.506066e-06	-2.271473e-09	-1.179451e+01	-1.520550e+02
1.110000e-06	-1.488222e-06	-2.255090e-09	-1.165477e+01	-1.512478e+02
1.120000e-06	-1.470150e-06	-2.241131e-09	-1.151324e+01	-1.504259e+02
1.130000e-06	-1.451932e-06	-2.227571e-09	-1.137057e+01	-1.495892e+02
1.140000e-06	-1.433695e-06	-2.215180e-09	-1.122775e+01	-1.487374e+02
1.150000e-06	-1.415367e-06	-2.200029e-09	-1.108422e+01	-1.478703e+02
1.160000e-06	-1.397003e-06	-2.184348e-09	-1.094040e+01	-1.469879e+02
1.170000e-06	-1.378566e-06	-2.173239e-09	-1.079602e+01	-1.460901e+02
1.180000e-06	-1.359960e-06	-2.163031e-09	-1.065030e+01	-1.451767e+02
1.190000e-06	-1.341190e-06	-2.149531e-09	-1.050331e+01	-1.442476e+02
1.200000e-06	-1.322239e-06	-2.134870e-09	-1.035490e+01	-1.433030e+02
1.210000e-06	-1.303235e-06	-2.121008e-09	-1.020607e+01	-1.423428e+02
1.220000e-06	-1.284111e-06	-2.107320e-09	-1.005631e+01	-1.413671e+02
1.230000e-06	-1.264836e-06	-2.092641e-09	-9.905358e+00	-1.403759e+02
1.240000e-06	-1.245489e-06	-2.076795e-09	-9.753844e+00	-1.393692e+02
1.250000e-06	-1.226031e-06	-2.061549e-09	-9.601466e+00	-1.383473e+02
1.260000e-06	-1.206572e-06	-2.046407e-09	-9.449075e+00	-1.373102e+02
1.270000e-06	-1.187089e-06	-2.032270e-09	-9.296498e+00	-1.362580e+02
1.280000e-06	-1.167494e-06	-2.015492e-09	-9.143038e+00	-1.351909e+02
1.290000e-06	-1.147854e-06	-1.997744e-09	-8.989236e+00	-1.341090e+02
1.300000e-06	-1.128174e-06	-1.980407e-09	-8.835111e+00	-1.330124e+02
1.310000e-06	-1.108437e-06	-1.964134e-09	-8.680548e+00	-1.319013e+02
1.320000e-06	-1.088672e-06	-1.946210e-09	-8.525763e+00	-1.307759e+02
1.330000e-06	-1.068875e-06	-1.928076e-09	-8.370726e+00	-1.296361e+02
1.340000e-06	-1.049045e-06	-1.912781e-09	-8.215426e+00	-1.284822e+02
1.350000e-06	-1.029203e-06	-1.899055e-09	-8.060034e+00	-1.273141e+02
1.360000e-06	-1.009368e-06	-1.881303e-09	-7.904701e+00	-1.261319e+02
1.370000e-06	-9.895428e-07	-1.864929e-09	-7.749445e+00	-1.249357e+02
1.380000e-06	-9.696529e-07	-1.849154e-09	-7.593680e+00	-1.237253e+02
1.390000e-06	-9.497408e-07	-1.830462e-09	-7.437742e+00	-1.225008e+02
1.400000e-06	-9.297976e-07	-1.811693e-09	-7.281560e+00	-1.212621e+02
1.410000e-06	-9.098353e-07	-1.794532e-09	-7.125229e+00	-1.200089e+02
1.420000e-06	-8.898834e-07	-1.775721e-09	-6.968978e+00	-1.187413e+02
1.430000e-06	-8.699113e-07	-1.754224e-09	-6.812571e+00	-1.174588e+02
1.440000e-06	-8.499318e-07	-1.729643e-09	-6.656104e+00	-1.161613e+02
1.450000e-06	-8.298666e-07	-1.704610e-09	-6.498967e+00	-1.148484e+02
1.460000e-06	-8.096680e-07	-1.682891e-09	-6.340784e+00	-1.135198e+02
1.470000e-06	-7.894764e-07	-1.663007e-09	-6.182658e+00	-1.121750e+02
1.480000e-06	-7.692381e-07	-1.644825e-09	-6.024164e+00	-1.108137e+02
1.490000e-06	-7.488885e-07	-1.624373e-09	-5.864800e+00	-1.094353e+02
1.500000e-06	-7.284811e-07	-1.602532e-09	-5.704982e+00	-1.080392e+02
1.510000e-06	-7.079579e-07	-1.581847e-09	-5.544258e+00	-1.066250e+02
1.520000e-06	-6.874181e-07	-1.561281e-09	-5.383404e+00	-1.051921e+02
1.530000e-06	-6.669249e-07	-1.538702e-09	-5.222915e+00	-1.037397e+02
1.540000e-06	-6.463866e-07	-1.514630e-09	-5.062073e+00	-1.022672e+02
1.550000e-06	-6.257351e-07	-1.492694e-09	-4.900343e+00	-1.007740e+02
1.560000e-06	-6.048968e-07	-1.470775e-09	-4.737152e+00	-9.925936e+01
1.570000e-06	-5.840698e-07	-1.447005e-09	-4.574048e+00	-9.772254e+01
1.580000e-06	-5.632991e-07	-1.423303e-09	-4.411386e+00	-9.616285e+01
1.590000e-06	-5.423851e-07	-1.400321e-09	-4.247602e+00	-9.457956e+01
1.600000e-06	-5.214163e-07	-1.376870e-09	-4.083388e+00	-9.297199e+01
1.610000e-06	-5.004888e-07	-1.352098e-09	-3.919497e+00	-9.133941e+01
1.620000e-06	-4.795781e-07	-1.324869e-09	-3.755739e+00	-8.968117e+01
1.630000e-06	-4.585318e-07	-1.296719e-09	-3.590918e+00	-8.799660e+01
1.640000e-06	-4.373236e-07	-1.270432e-09	-3.424829e+00	-8.628507e+01
1.650000e-06	-4.160265e-07	-1.244977e-09	-3.258044e+00	-8.454601e+01
1.660000e-06	-3.947191e-07	-1.218789e-09	-3.091179e+00	-8.277886e+01
1.670000e-06	-3.734356e-07	-1.191150e-09	-2.924500e+00	-8.098312e+01
1.680000e-06	-3.521110e-07	-1.166067e-09	-2.757500e+00	-7.915836e+01
1.690000e-06	-3.307985e-07	-1.140405e-09	-2.590595e+00	-7.730417e+01
1.700000e-06	-3.094946e-07	-1.110986e-09	-2.423757e+00	-7.542024e+01
1.710000e-06	-2.881959e-07	-1.082419e-09	-2.256959e+00	-7.350631e+01
1.720000e-06	-2.668899e-07	-1.054220e-09	-2.090105e+00	-7.156220e+01
1.730000e-06	-2.455231e-07	-1.022393e-09	-1.922775e+00	-6.958778e+01
1.740000e-06	-2.241242e-07	-9.899429e-10	-1.755193e+00	-6.758302e+01
1.750000e-06	-2.027315e-07	-9.588282e-10	-1.587659e+00	-6.554797e+01
1.760000e-06	-1.813705e-07	-9.283714e-10	-1.420374e+00	-6.348275e+01
1.770000e-06	-1.599696e-07	-8.989550e-10	-1.252776e+00	-6.138756e+01
1.780000e-06	-1.385303e-07	-8.712051e-10	-1.084878e+00	-5.926271e+01
1.790000e-06	-1.171057e-07	-8.419197e-10	-9.170945e-01	-5.710856e+01
1.800000e-06	-9.566802e-08	-8.111667e-10	-7.492086e-01	-5.492557e+01
1.810000e-06	-7.426632e-08	-7.803399e-10	-5.816048e-01	-5.271428e+01
1.820000e-06	-5.282466e-08	-7.471216e-10	-4.136878e-01	-5.047531e+01
1.830000e-06	-3.130506e-08	-7.131221e-10	-2.451605e-01	-4.820935e+01
1.840000e-06	-9.907154e-09	-6.785106e-10	-7.758628e-02	-4.591720e+01
1.850000e-06	1.152473e-08	-6.442212e-10	9.025404e-02	-4.359969e+01
1.860000e-06	3.305953e-08	-6.125529e-10	2.589004e-01	-4.125774e+01
1.870000e-06	5.454751e-08	-5.820662e-10	4.271800e-01	-3.889233e+01
1.880000e-06	7.602769e-08	-5.488773e-10	5.953986e-01	-3.650453e+01
1.890000e-06	9.741684e-08	-5.145092e-10	7.629043e-01	-3.409543e+01
1.900000e-06	1.187986e-07	-4.793871e-10	9.303524e-01	-3.166619e+01
1.910000e-06	1.402710e-07	-4.417672e-10	1.098510e+00	-2.921803e+01
1.920000e-06	1.616290e-07	-4.028167e-10	1.265772e+00	-2.675218e+01
1.930000e-06	1.829910e-07	-3.650694e-10	1.433065e+00	-2.426995e+01
1.940000e-06	2.044278e-07	-3.286081e-10	1.600943e+00	-2.177265e+01
1.950000e-06	2.257837e-07	-2.922368e-10	1.768189e+00	-1.926164e+01
1.960000e-06	2.471681e-07	-2.569282e-10	1.935657e+00	-1.673829e+01
1.970000e-06	2.685781e-07	-2.203434e-10	2.103326e+00	-1.420399e+01
1.980000e-06	2.899292e-07	-1.817662e-10	2.270534e+00	-1.166014e+01
1.990000e-06	3.112535e-07	-1.424831e-10	2.437532e+00	-9.108156e+00
2.000000e-06	3.325051e-07	-1.046145e-10	2.603960e+00	-6.549442e+00
2.010000e-06	3.537749e-07	-6.873894e-11	2.770531e+00	-3.985411e+00
2.020000e-06	3.750199e-07	-3.191004e-11	2.936908e+00	-1.417463e+00
2.030000e-06	3.961926e-07	6.882513e-12	3.102719e+00	1.153010e+00
2.040000e-06	4.173722e-07	4.456257e-11	3.268583e+00	3.724632e+00
2.050000e-06	4.385053e-07	8.171403e-11	3.434083e+00	6.296048e+00
2.060000e-06	4.596173e-07	1.185456e-10	3.599418e+00	8.865922e+00
2.070000e-06	4.806531e-07	1.536013e-10	3.764158e+00	1.143294e+01
2.080000e-06	5.015846e-07	1.879522e-10	3.928079e+00	1.399583e+01
2.090000e-06	5.224917e-07	2.229370e-10	4.091809e+00	1.655334e+01
2.100000e-06	5.433223e-07	2.595760e-10	4.254941e+00	1.910424e+01
2.110000e-06	5.641312e-07	2.958974e-10	4.417902e+00	2.164735e+01
2.120000e-06	5.849011e-07	3.308254e-10	4.580559e+00	2.418152e+01
2.130000e-06	6.056310e-07	3.680461e-10	4.742901e+00	2.670564e+01
2.140000e-06	6.263188e-07	4.064692e-10	4.904914e+00	2.921863e+01
2.150000e-06	6.469348e-07	4.410084e-10	5.066366e+00	3.171945e+01
2.160000e-06	6.675018e-07	4.743323e-10	5.227433e+00	3.420709e+01
2.170000e-06	6.879616e-07	5.112964e-10	5.387660e+00	3.668061e+01
2.180000e-06	7.083515e-07	5.500692e-10	5.547341e+00	3.913907e+01
2.190000e-06	7.286926e-07	5.872888e-10	5.706639e+00	4.158158e+01
2.200000e-06	7.490099e-07	6.245607e-10	5.865750e+00	4.400730e+01
2.210000e-06	7.693169e-07	6.610339e-10	6.024782e+00	4.641542e+01
2.220000e-06	7.895774e-07	6.970042e-10	6.183448e+00	4.880515e+01
2.230000e-06	8.097326e-07	7.346450e-10	6.341290e+00	5.117575e+01
2.240000e-06	8.298194e-07	7.713859e-10	6.498597e+00	5.352653e+01
2.250000e-06	8.498847e-07	8.056080e-10	6.655735e+00	5.585681e+01
2.260000e-06	8.699031e-07	8.376728e-10	6.812506e+00	5.816594e+01
2.270000e-06	8.898945e-07	8.709483e-10	6.969065e+00	6.045333e+01
2.280000e-06	9.098926e-07	9.073766e-10	7.125678e+00	6.271839e+01
2.290000e-06	9.298366e-07	9.423337e-10	7.281866e+00	6.496060e+01
2.300000e-06	9.497259e-07	9.744550e-10	7.437625e+00	6.717942e+01
2.310000e-06	9.695813e-07	1.006474e-09	7.593120e+00	6.937439e+01
2.320000e-06	9.894477e-07	1.038431e-09	7.748701e+00	7.154504e+01
2.330000e-06	1.009315e-06	1.068573e-09	7.904286e+00	7.369096e+01
2.340000e-06	1.029127e-06	1.099416e-09	8.059440e+00	7.581176e+01
2.350000e-06	1.048894e-06	1.133264e-09	8.214245e+00	7.790707e+01
2.360000e-06	1.068643e-06	1.166325e-09	8.368902e+00	7.997656e+01
2.370000e-06	1.088405e-06	1.196420e-09	8.523671e+00	8.201993e+01
2.380000e-06	1.108105e-06	1.226944e-09	8.677944e+00	8.403690e+01
2.390000e-06	1.127741e-06	1.258815e-09	8.831721e+00	8.602724e+01
2.400000e-06	1.147420e-06	1.289431e-09	8.985837e+00	8.799072e+01
2.410000e-06	1.167034e-06	1.318980e-09	9.139436e+00	8.992718e+01
2.420000e-06	1.186497e-06	1.348254e-09	9.291859e+00	9.183646e+01
2.430000e-06	1.205964e-06	1.378787e-09	9.444314e+00	9.371845e+01
2.440000e-06	1.225400e-06	1.408960e-09	9.596521e+00	9.557307e+01
2.450000e-06	1.244678e-06	1.434781e-09	9.747492e+00	9.740027e+01
2.460000e-06	1.263847e-06	1.458937e-09	9.897611e+00	9.920003e+01
2.470000e-06	1.282925e-06	1.485370e-09	1.004702e+01	1.009724e+02
2.480000e-06	1.301876e-06	1.511502e-09	1.019543e+01	1.027173e+02
2.490000e-06	1.320793e-06	1.535938e-09	1.034358e+01	1.044350e+02
2.500000e-06	1.339707e-06	1.560021e-09	1.049170e+01	1.061256e+02
2.510000e-06	1.358422e-06	1.585433e-09	1.063826e+01	1.077891e+02
2.520000e-06	1.376831e-06	1.611487e-09	1.078243e+01	1.094259e+02
2.530000e-06	1.395119e-06	1.637115e-09	1.092565e+01	1.110360e+02
2.540000e-06	1.413360e-06	1.662280e-09	1.106850e+01	1.126198e+02
2.550000e-06	1.431504e-06	1.686287e-09	1.121060e+01	1.141776e+02
2.560000e-06	1.449550e-06	1.709694e-09	1.135192e+01	1.157096e+02
2.570000e-06	1.467407e-06	1.732142e-09	1.149176e+01	1.172163e+02
2.580000e-06	1.485066e-06	1.754732e-09	1.163005e+01	1.186979e+02
2.590000e-06	1.502690e-06	1.778606e-09	1.176807e+01	1.201550e+02
2.600000e-06	1.520287e-06	1.800898e-09	1.190588e+01	1.215878e+02
2.610000e-06	1.537841e-06	1.821687e-09	1.204336e+01	1.229969e+02
2.620000e-06	1.555295e-06	1.842624e-09	1.218004e+01	1.243827e+02
2.630000e-06	1.572663e-06	1.864399e-09	1.231606e+01	1.257458e+02
2.640000e-06	1.590016e-06	1.885438e-09	1.245195e+01	1.270865e+02
2.650000e-06	1.607291e-06	1.904376e-09	1.258724e+01	1.284054e+02
2.660000e-06	1.624540e-06	1.925922e-09	1.272232e+01	1.297030e+02
2.670000e-06	1.641628e-06	1.947322e-09	1.285614e+01	1.309798e+02
2.680000e-06	1.658684e-06	1.965473e-09	1.298971e+01	1.322364e+02
2.690000e-06	1.675775e-06	1.984304e-09	1.312356e+01	1.334732e+02
2.700000e-06	1.692707e-06	2.004665e-09	1.325616e+01	1.346908e+02
2.710000e-06	1.709546e-06	2.024805e-09	1.338803e+01	1.358896e+02
2.720000e-06	1.726291e-06	2.044915e-09	1.351917e+01	1.370702e+02
2.730000e-06	1.742844e-06	2.060423e-09	1.364880e+01	1.382331e+02
2.740000e-06	1.759225e-06	2.075755e-09	1.377709e+01	1.393786e+02
2.750000e-06	1.775485e-06	2.094574e-09	1.390443e+01	1.405073e+02
2.760000e-06	1.791646e-06	2.113592e-09	1.403099e+01	1.416195e+02
2.770000e-06	1.807586e-06	2.129981e-09	1.415582e+01	1.427158e+02
2.780000e-06	1.823170e-06	2.146111e-09	1.427786e+01	1.437963e+02
2.790000e-06	1.838539e-06	2.166851e-09	1.439822e+01	1.448615e+02
2.800000e-06	1.853768e-06	2.187727e-09	1.451749e+01	1.459117e+02
2.810000e-06	1.868666e-06	2.203400e-09	1.463416e+01	1.469472e+02
2.820000e-06	1.883412e-06	2.216588e-09	1.474964e+01	1.479682e+02
2.830000e-06	1.898172e-06	2.232406e-09	1.486523e+01	1.489750e+02
2.840000e-06	1.912698e-06	2.249559e-09	1.497898e+01	1.499678e+02
2.850000e-06	1.927104e-06	2.264297e-09	1.509180e+01	1.509466e+02
2.860000e-06	1.941371e-06	2.275401e-09	1.520353e+01	1.519117e+02
2.870000e-06	1.955406e-06	2.289228e-09	1.531345e+01	1.528632e+02
2.880000e-06	1.969325e-06	2.306485e-09	1.542245e+01	1.538011e+02
2.890000e-06	1.983095e-06	2.321110e-09	1.553029e+01	1.547255e+02
2.900000e-06	1.996771e-06	2.331699e-09	1.563739e+01	1.556364e+02
2.910000e-06	2.010369e-06	2.342334e-09	1.574388e+01	1.565338e+02
2.920000e-06	2.023790e-06	2.356124e-09	1.584899e+01	1.574177e+02
2.930000e-06	2.036935e-06	2.373735e-09	1.595193e+01	1.582880e+02
2.940000e-06	2.049844e-06	2.389864e-09	1.605302e+01	1.591448e+02
2.950000e-06	2.062678e-06	2.402488e-09	1.615353e+01	1.599879e+02
2.960000e-06	2.075450e-06	2.416484e-09	1.625356e+01	1.608173e+02
2.970000e-06	2.088044e-06	2.431963e-09	1.635218e+01	1.616329e+02
2.980000e-06	2.100452e-06	2.443587e-09	1.644935e+01	1.624346e+02
2.990000e-06	2.112683e-06	2.454484e-09	1.654514e+01	1.632225e+02
3.000000e-06	2.124778e-06	2.468505e-09	1.663986e+01	1.639963e+02
3.010000e-06	2.136744e-06	2.481614e-09	1.673357e+01	1.647561e+02
3.020000e-06	2.148565e-06	2.493263e-09	1.682614e+01	1.655018e+02
3.030000e-06	2.160295e-06	2.504568e-09	1.691801e+01	1.662333e+02
3.040000e-06	2.171944e-06	2.516842e-09	1.700923e+01	1.669507e+02
3.050000e-06	2.183444e-06	2.528612e-09	1.709929e+01	1.676540e+02
3.060000e-06	2.194788e-06	2.537169e-09	1.718813e+01	1.683432e+02
3.070000e-06	2.205881e-06	2.546092e-09	1.727500e+01	1.690183e+02
3.080000e-06	2.216781e-06	2.556899e-09	1.736037e+01	1.696794e+02
3.090000e-06	2.227538e-06	2.567817e-09	1.744460e+01	1.703266e+02
3.100000e-06	2.237883e-06	2.577757e-09	1.752562e+01	1.709601e+02
3.110000e-06	2.247877e-06	2.588239e-09	1.760389e+01	1.715799e+02
3.120000e-06	2.257598e-06	2.600293e-09	1.768002e+01	1.721864e+02
3.130000e-06	2.267019e-06	2.613515e-09	1.775380e+01	1.727796e+02
3.140000e-06	2.276196e-06	2.625271e-09	1.782566e+01	1.733599e+02
3.150000e-06	2.285138e-06	2.632997e-09	1.789569e+01	1.739274e+02
3.160000e-06	2.293898e-06	2.641821e-09	1.796429e+01	1.744826e+02
3.170000e-06	2.302473e-06	2.652185e-09	1.803145e+01	1.750256e+02
3.180000e-06	2.310860e-06	2.660288e-09	1.809713e+01	1.755569e+02
3.190000e-06	2.319090e-06	2.664741e-09	1.816158e+01	1.760767e+02
3.200000e-06	2.327167e-06	2.670574e-09	1.822483e+01	1.765855e+02
3.210000e-06	2.335143e-06	2.681268e-09	1.828730e+01	1.770836e+02
3.220000e-06	2.343076e-06	2.693435e-09	1.834942e+01	1.775713e+02
3.230000e-06	2.350898e-06	2.701343e-09	1.841068e+01	1.780492e+02
3.240000e-06	2.358568e-06	2.706075e-09	1.847075e+01	1.785174e+02
3.250000e-06	2.366202e-06	2.714949e-09	1.853053e+01	1.789766e+02
3.260000e-06	2.373774e-06	2.725847e-09	1.858983e+01	1.794269e+02
3.270000e-06	2.381200e-06	2.733160e-09	1.864798e+01	1.798688e+02
3.280000e-06	2.388409e-06	2.737271e-09	1.870444e+01	1.803025e+02
3.290000e-06	2.395395e-06	2.741746e-09	1.875915e+01	1.807286e+02
3.300000e-06	2.402228e-06	2.749864e-09	1.881266e+01	1.811471e+02
3.310000e-06	2.408851e-06	2.758512e-09	1.886452e+01	1.815584e+02
3.320000e-06	2.415313e-06	2.765670e-09	1.891514e+01	1.819628e+02
3.330000e-06	2.421643e-06	2.773078e-09	1.896471e+01	1.823604e+02
3.340000e-06	2.427795e-06	2.779666e-09	1.901289e+01	1.827515e+02
3.350000e-06	2.433819e-06	2.784382e-09	1.906006e+01	1.831360e+02
3.360000e-06	2.439713e-06	2.788607e-09	1.910622e+01	1.835142e+02
3.370000e-06	2.445520e-06	2.792671e-09	1.915169e+01	1.838861e+02
3.380000e-06	2.451250e-06	2.797277e-09	1.919657e+01	1.842516e+02
3.390000e-06	2.456772e-06	2.800833e-09	1.923981e+01	1.846107e+02
3.400000e-06	2.462073e-06	2.806286e-09	1.928133e+01	1.849633e+02
3.410000e-06	2.467139e-06	2.814654e-09	1.932100e+01	1.853093e+02
3.420000e-06	2.472014e-06	2.819648e-09	1.935918e+01	1.856485e+02
3.430000e-06	2.476692e-06	2.822831e-09	1.939582e+01	1.859806e+02
3.440000e-06	2.481067e-06	2.825930e-09	1.943007e+01	1.863054e+02
3.450000e-06	2.485283e-06	2.831069e-09	1.946309e+01	1.866225e+02
3.460000e-06	2.489461e-06	2.838331e-09	1.949582e+01	1.869316e+02
3.470000e-06	2.493517e-06	2.844558e-09	1.952758e+01	1.872324e+02
3.480000e-06	2.497475e-06	2.847830e-09	1.955858e+01	1.875243e+02
3.490000e-06	2.501339e-06	2.850998e-09	1.958883e+01	1.878069e+02
3.500000e-06	2.505127e-06	2.856359e-09	1.961850e+01	1.880799e+02
3.510000e-06	2.508860e-06	2.859821e-09	1.964774e+01	1.883426e+02
3.520000e-06	2.512487e-06	2.858847e-09	1.967614e+01	1.885946e+02
3.530000e-06	2.515972e-06	2.859580e-09	1.970343e+01	1.888353e+02
3.540000e-06	2.519255e-06	2.864816e-09	1.972914e+01	1.890644e+02
3.550000e-06	2.522325e-06	2.872386e-09	1.975318e+01	1.892811e+02
3.560000e-06	2.525141e-06	2.876636e-09	1.977523e+01	1.894852e+02
3.570000e-06	2.527645e-06	2.877512e-09	1.979484e+01	1.896760e+02
3.580000e-06	2.529904e-06	2.880150e-09	1.981253e+01	1.898531e+02
3.590000e-06	2.531834e-06	2.885145e-09	1.982765e+01	1.900161e+02
3.600000e-06	2.533428e-06	2.888116e-09	1.984013e+01	1.901646e+02
3.610000e-06	2.534816e-06	2.885816e-09	1.985101e+01	1.902982e+02
3.620000e-06	2.535962e-06	2.884727e-09	1.985998e+01	1.904166e+02
3.630000e-06	2.536843e-06	2.888328e-09	1.986688e+01	1.905195e+02
3.640000e-06	2.537530e-06	2.891466e-09	1.987225e+01	1.906066e+02
3.650000e-06	2.537979e-06	2.893246e-09	1.987577e+01	1.906778e+02
3.660000e-06	2.538219e-06	2.897061e-09	1.987765e+01	1.907330e+02
3.670000e-06	2.538327e-06	2.898671e-09	1.987850e+01	1.907720e+02
3.680000e-06	2.538305e-06	2.896965e-09	1.987833e+01	1.907950e+02
3.690000e-06	2.538228e-06	2.896449e-09	1.987772e+01	1.908020e+02
3.700000e-06	2.538058e-06	2.893139e-09	1.987639e+01	1.907930e+02
3.710000e-06	2.537811e-06	2.888839e-09	1.987446e+01	1.907683e+02
3.720000e-06	2.537452e-06	2.889387e-09	1.987165e+01	1.907281e+02
3.730000e-06	2.536882e-06	2.909998e-09	1.986718e+01	1.906729e+02
3.740000e-06	2.536105e-06	2.924507e-09	1.986110e+01	1.906028e+02
3.750000e-06	2.535137e-06	2.925798e-09	1.985351e+01	1.905184e+02
3.760000e-06	2.533966e-06	2.831268e-09	1.984435e+01	1.904202e+02
3.770000e-06	2.532593e-06	2.734252e-09	1.983359e+01	1.903087e+02
3.780000e-06	2.530907e-06	2.859762e-09	1.982039e+01	1.901845e+02
3.790000e-06	2.529004e-06	2.923963e-09	1.980549e+01	1.900483e+02
3.800000e-06	2.527101e-06	2.944827e-09	1.979058e+01	1.899008e+02
3.810000e-06	2.525108e-06	2.889351e-09	1.977497e+01	1.897426e+02
3.820000e-06	2.522921e-06	2.793677e-09	1.975785e+01	1.895746e+02
3.830000e-06	2.520664e-06	2.817498e-09	1.974017e+01	1.893975e+02
3.840000e-06	2.518342e-06	2.886364e-09	1.972199e+01	1.892121e+02
3.850000e-06	2.515752e-06	2.916786e-09	1.970171e+01	1.890192e+02
3.860000e-06	2.512868e-06	2.857912e-09	1.967912e+01	1.888196e+02
3.870000e-06	2.509845e-06	2.844930e-09	1.965544e+01	1.886142e+02
3.880000e-06	2.506672e-06	2.883856e-09	1.963060e+01	1.884036e+02
3.890000e-06	2.503306e-06	2.880551e-09	1.960424e+01	1.881889e+02
3.900000e-06	2.499697e-06	2.820581e-09	1.957597e+01	1.879706e+02
3.910000e-06	2.495903e-06	2.853622e-09	1.954626e+01	1.877495e+02
3.920000e-06	2.492068e-06	2.894039e-09	1.951623e+01	1.875264e+02
3.930000e-06	2.488149e-06	2.849517e-09	1.948553e+01	1.873018e+02
3.940000e-06	2.484174e-06	2.816713e-09	1.945441e+01	1.870766e+02
3.950000e-06	2.480138e-06	2.869744e-09	1.942280e+01	1.868511e+02
3.960000e-06	2.475963e-06	2.893223e-09	1.939011e+01	1.866260e+02
3.970000e-06	2.471679e-06	2.850194e-09	1.935656e+01	1.864017e+02
3.980000e-06	2.467299e-06	2.835511e-09	1.932225e+01	1.861786e+02
3.990000e-06	2.462775e-06	2.853709e-09	1.928683e+01	1.859570e+02
4.000000e-06	2.458078e-06	2.864816e-09	1.925004e+01	1.857373e+02
4.010000e-06	2.453194e-06	2.863395e-09	1.921179e+01	1.855197e+02
4.020000e-06	2.448055e-06	2.844953e-09	1.917155e+01	1.853043e+02
4.030000e-06	2.442522e-06	2.829885e-09	1.912821e+01	1.850912e+02
4.040000e-06	2.436699e-06	2.843684e-09	1.908262e+01	1.848804e+02
4.050000e-06	2.430631e-06	2.867956e-09	1.903510e+01	1.846718e+02
4.060000e-06	2.424142e-06	2.849218e-09	1.898428e+01	1.844654e+02
4.070000e-06	2.417293e-06	2.805883e-09	1.893064e+01	1.842609e+02
4.080000e-06	2.410205e-06	2.813899e-09	1.887513e+01	1.840582e+02
4.090000e-06	2.402921e-06	2.846630e-09	1.881808e+01	1.838569e+02
4.100000e-06	2.395461e-06	2.838039e-09	1.875966e+01	1.836567e+02
4.110000e-06	2.387838e-06	2.792757e-09	1.869997e+01	1.834571e+02
4.120000e-06	2.380029e-06	2.799473e-09	1.863881e+01	1.832578e+02
4.130000e-06	2.372057e-06	2.838748e-09	1.857638e+01	1.830583e+02
4.140000e-06	2.363993e-06	2.838044e-09	1.851323e+01	1.828580e+02
4.150000e-06	2.355903e-06	2.800482e-09	1.844987e+01	1.826565e+02
4.160000e-06	2.347788e-06	2.799701e-09	1.838632e+01	1.824530e+02
4.170000e-06	2.339547e-06	2.823539e-09	1.832179e+01	1.822472e+02
4.180000e-06	2.331148e-06	2.819506e-09	1.825601e+01	1.820383e+02
4.190000e-06	2.322560e-06	2.797591e-09	1.818876e+01	1.818258e+02
4.200000e-06	2.313856e-06	2.789777e-09	1.812059e+01	1.816091e+02
4.210000e-06	2.304952e-06	2.792489e-09	1.805086e+01	1.813876e+02
4.220000e-06	2.295796e-06	2.790055e-09	1.797916e+01	1.811606e+02
4.230000e-06	2.286539e-06	2.790795e-09	1.790666e+01	1.809277e+02
4.240000e-06	2.277120e-06	2.786220e-09	1.783289e+01	1.806883e+02
4.250000e-06	2.267529e-06	2.776412e-09	1.775779e+01	1.804419e+02
4.260000e-06	2.257799e-06	2.770813e-09	1.768159e+01	1.801879e+02
4.270000e-06	2.247937e-06	2.779474e-09	1.760435e+01	1.799259e+02
4.280000e-06	2.237972e-06	2.775996e-09	1.752632e+01	1.796555e+02
4.290000e-06	2.227831e-06	2.755346e-09	1.744690e+01	1.793763e+02
4.300000e-06	2.217588e-06	2.744256e-09	1.736668e+01	1.790880e+02
4.310000e-06	2.207280e-06	2.760926e-09	1.728596e+01	1.787902e+02
4.320000e-06	2.196789e-06	2.760933e-09	1.720380e+01	1.784826e+02
4.330000e-06	2.186096e-06	2.735137e-09	1.712006e+01	1.781651e+02
4.340000e-06	2.175289e-06	2.725496e-09	1.703543e+01	1.778375e+02
4.350000e-06	2.164336e-06	2.745927e-09	1.694965e+01	1.774996e+02
4.360000e-06	2.153175e-06	2.741849e-09	1.686224e+01	1.771514e+02
4.370000e-06	2.141838e-06	2.712608e-09	1.677346e+01	1.767928e+02
4.380000e-06	2.130348e-06	2.709243e-09	1.668347e+01	1.764237e+02
4.390000e-06	2.118621e-06	2.723989e-09	1.659164e+01	1.760443e+02
4.400000e-06	2.106712e-06	2.710414e-09	1.649838e+01	1.756545e+02
4.410000e-06	2.094683e-06	2.691072e-09	1.640417e+01	1.752544e+02
4.420000e-06	2.082527e-06	2.696490e-09	1.630898e+01	1.748442e+02
4.430000e-06	2.070320e-06	2.695943e-09	1.621338e+01	1.744239e+02
4.440000e-06	2.057933e-06	2.676664e-09	1.611637e+01	1.739938e+02
4.450000e-06	2.045427e-06	2.673690e-09	1.601843e+01	1.735539e+02
4.460000e-06	2.032788e-06	2.683992e-09	1.591945e+01	1.731045e+02
4.470000e-06	2.019857e-06	2.668335e-09	1.581819e+01	1.726458e+02
4.480000e-06	2.006667e-06	2.649309e-09	1.571489e+01	1.721778e+02
4.490000e-06	1.993410e-06	2.656484e-09	1.561107e+01	1.717009e+02
4.500000e-06	1.979946e-06	2.659949e-09	1.550563e+01	1.712151e+02
4.510000e-06	1.966088e-06	2.635708e-09	1.539710e+01	1.707206e+02
4.520000e-06	1.951952e-06	2.625951e-09	1.528640e+01	1.702177e+02
4.530000e-06	1.937580e-06	2.637387e-09	1.517384e+01	1.697063e+02
4.540000e-06	1.923002e-06	2.626876e-09	1.505968e+01	1.691866e+02
4.550000e-06	1.908271e-06	2.601933e-09	1.494432e+01	1.686587e+02
4.560000e-06	1.893388e-06	2.606174e-09	1.482776e+01	1.681227e+02
4.570000e-06	1.878159e-06	2.609484e-09	1.470850e+01	1.675785e+02
4.580000e-06	1.862664e-06	2.586006e-09	1.458715e+01	1.670262e+02
4.590000e-06	1.847006e-06	2.570556e-09	1.446453e+01	1.664658e+02
4.600000e-06	1.831182e-06	2.575572e-09	1.434060e+01	1.658971e+02
4.610000e-06	1.815327e-06	2.568652e-09	1.421644e+01	1.653201e+02
4.620000e-06	1.799415e-06	2.552261e-09	1.409183e+01	1.647346e+02
4.630000e-06	1.783428e-06	2.551274e-09	1.396663e+01	1.641406e+02
4.640000e-06	1.767421e-06	2.551691e-09	1.384127e+01	1.635377e+02
4.650000e-06	1.751365e-06	2.538255e-09	1.371553e+01	1.629258e+02
4.660000e-06	1.735228e-06	2.529060e-09	1.358916e+01	1.623046e+02
4.670000e-06	1.718998e-06	2.525727e-09	1.346205e+01	1.616739e+02
4.680000e-06	1.702727e-06	2.510341e-09	1.333463e+01	1.610333e+02
4.690000e-06	1.686480e-06	2.493351e-09	1.320740e+01	1.603825e+02
4.700000e-06	1.670079e-06	2.488026e-09	1.307896e+01	1.597213e+02
4.710000e-06	1.653470e-06	2.479418e-09	1.294889e+01	1.590492e+02
4.720000e-06	1.636843e-06	2.463803e-09	1.281867e+01	1.583659e+02
4.730000e-06	1.620141e-06	2.455318e-09	1.268787e+01	1.576711e+02
4.740000e-06	1.603192e-06	2.450212e-09	1.255514e+01	1.569643e+02
4.750000e-06	1.586027e-06	2.436197e-09	1.242072e+01	1.562452e+02
4.760000e-06	1.568853e-06	2.419627e-09	1.228622e+01	1.555135e+02
4.770000e-06	1.551569e-06	2.410714e-09	1.215086e+01	1.547688e+02
4.780000e-06	1.534043e-06	2.401293e-09	1.201361e+01	1.540107e+02
4.790000e-06	1.516482e-06	2.385344e-09	1.187608e+01	1.532389e+02
4.800000e-06	1.498944e-06	2.370210e-09	1.173874e+01	1.524532e+02
4.810000e-06	1.481232e-06	2.362052e-09	1.160003e+01	1.516532e+02
4.820000e-06	1.463340e-06	2.352447e-09	1.145991e+01	1.508387e+02
4.830000e-06	1.445371e-06	2.340009e-09	1.131919e+01	1.500094e+02
4.840000e-06	1.427318e-06	2.327713e-09	1.117781e+01	1.491652e+02
4.850000e-06	1.409213e-06	2.315609e-09	1.103602e+01	1.483058e+02
4.860000e-06	1.391104e-06	2.301342e-09	1.089421e+01	1.474311e+02
4.870000e-06	1.372875e-06	2.284694e-09	1.075145e+01	1.465409e+02
4.880000e-06	1.354546e-06	2.267014e-09	1.060791e+01	1.456353e+02
4.890000e-06	1.336167e-06	2.250670e-09	1.046397e+01	1.447141e+02
4.900000e-06	1.317741e-06	2.235638e-09	1.031968e+01	1.437773e+02
4.910000e-06	1.299216e-06	2.220971e-09	1.017460e+01	1.428249e+02
4.920000e-06	1.280542e-06	2.207490e-09	1.002836e+01	1.418569e+02
4.930000e-06	1.261807e-06	2.192738e-09	9.881642e+00	1.408734e+02
4.940000e-06	1.243030e-06	2.176473e-09	9.734592e+00	1.398745e+02
4.950000e-06	1.224129e-06	2.162355e-09	9.586567e+00	1.388602e+02
4.960000e-06	1.205045e-06	2.146884e-09	9.437112e+00	1.378306e+02
4.970000e-06	1.185847e-06	2.128684e-09	9.286770e+00	1.367859e+02
4.980000e-06	1.166586e-06	2.112224e-09	9.135929e+00	1.357263e+02
4.990000e-06	1.147243e-06	2.097364e-09	8.984449e+00	1.346518e+02
5.000000e-06	1.127796e-06	2.079654e-09	8.832152e+00	1.335625e+02
5.010000e-06	1.108273e-06	2.061664e-09	8.679260e+00	1.324587e+02
5.020000e-06	1.088660e-06	2.046871e-09	8.525667e+00	1.313404e+02
5.030000e-06	1.068981e-06	2.031586e-09	8.371553e+00	1.302078e+02
5.040000e-06	1.049231e-06	2.014758e-09	8.216886e+00	1.290609e+02
5.050000e-06	1.029384e-06	1.998596e-09	8.061452e+00	1.278999e+02
5.060000e-06	1.009486e-06	1.982686e-09	7.905627e+00	1.267247e+02
5.070000e-06	9.896108e-07	1.963120e-09	7.749978e+00	1.255355e+02
5.080000e-06	9.696825e-07	1.942668e-09	7.593912e+00	1.243322e+02
5.090000e-06	9.496958e-07	1.926532e-09	7.437389e+00	1.231148e+02
5.100000e-06	9.296656e-07	1.909764e-09	7.280526e+00	1.218832e+02
5.110000e-06	9.095990e-07	1.889389e-09	7.123378e+00	1.206373e+02
5.120000e-06	8.895598e-07	1.867932e-09	6.966445e+00	1.193769e+02
5.130000e-06	8.695213e-07	1.845518e-09	6.809516e+00	1.181019e+02
5.140000e-06	8.494206e-07	1.826639e-09	6.652100e+00	1.168119e+02
5.150000e-06	8.292622e-07	1.808084e-09	6.494233e+00	1.155068e+02
5.160000e-06	8.091079e-07	1.786946e-09	6.336398e+00	1.141861e+02
5.170000e-06	7.889454e-07	1.766139e-09	6.178499e+00	1.128494e+02
5.180000e-06	7.687712e-07	1.745710e-09	6.020507e+00	1.114964e+02
5.190000e-06	7.485638e-07	1.724884e-09	5.862257e+00	1.101266e+02
5.200000e-06	7.283555e-07	1.703886e-09	5.703999e+00	1.087395e+02
5.210000e-06	7.081767e-07	1.679098e-09	5.545972e+00	1.073345e+02
5.220000e-06	6.879724e-07	1.655546e-09	5.387745e+00	1.059109e+02
5.230000e-06	6.677037e-07	1.636312e-09	5.229014e+00	1.044683e+02
5.240000e-06	6.474020e-07	1.616519e-09	5.070024e+00	1.030060e+02
5.250000e-06	6.270550e-07	1.593765e-09	4.910680e+00	1.015233e+02
5.260000e-06	6.066274e-07	1.567402e-09	4.750705e+00	1.000194e+02
5.270000e-06	5.862088e-07	1.544748e-09	4.590800e+00	9.849376e+01
5.280000e-06	5.658158e-07	1.523436e-09	4.431095e+00	9.694560e+01
5.290000e-06	5.453483e-07	1.497630e-09	4.270807e+00	9.537420e+01
5.300000e-06	5.248314e-07	1.470602e-09	4.110132e+00	9.377886e+01
5.310000e-06	5.042265e-07	1.446073e-09	3.948768e+00	9.215887e+01
5.320000e-06	4.836123e-07	1.421693e-09	3.787332e+00	9.051354e+01
5.330000e-06	4.629950e-07	1.397475e-09	3.625870e+00	8.884221e+01
5.340000e-06	4.422521e-07	1.371477e-09	3.463426e+00	8.714424e+01
5.350000e-06	4.214854e-07	1.343783e-09	3.300795e+00	8.541902e+01
5.360000e-06	4.006852e-07	1.317414e-09	3.137902e+00	8.366598e+01
5.370000e-06	3.799014e-07	1.291844e-09	2.975137e+00	8.188459e+01
5.380000e-06	3.590839e-07	1.264635e-09	2.812108e+00	8.007439e+01
5.390000e-06	3.382218e-07	1.234694e-09	2.648729e+00	7.823496e+01
5.400000e-06	3.173528e-07	1.208580e-09	2.485297e+00	7.636594e+01
5.410000e-06	2.963323e-07	1.181675e-09	2.320678e+00	7.446704e+01
5.420000e-06	2.752689e-07	1.150251e-09	2.155724e+00	7.253804e+01
5.430000e-06	2.542831e-07	1.113832e-09	1.991377e+00	7.057878e+01
5.440000e-06	2.331940e-07	1.078040e-09	1.826221e+00	6.858919e+01
5.450000e-06	2.120719e-07	1.045499e-09	1.660807e+00	6.656927e+01
5.460000e-06	1.910633e-07	1.014858e-09	1.496281e+00	6.451912e+01
5.470000e-06	1.699829e-07	9.849823e-10	1.331194e+00	6.243888e+01
5.480000e-06	1.488391e-07	9.512641e-10	1.165609e+00	6.032882e+01
5.490000e-06	1.277118e-07	9.168472e-10	1.000154e+00	5.818927e+01
5.500000e-06	1.065875e-07	8.837227e-10	8.347230e-01	5.602064e+01
5.510000e-06	8.543039e-08	8.478165e-10	6.690344e-01	5.382342e+01
5.520000e-06	6.415612e-08	8.082745e-10	5.024283e-01	5.159821e+01
5.530000e-06	4.296307e-08	7.711554e-10	3.364583e-01	4.934566e+01
5.540000e-06	2.189986e-08	7.352037e-10	1.715052e-01	4.706650e+01
5.550000e-06	8.001726e-10	6.998095e-10	6.266423e-03	4.476156e+01
5.560000e-06	-2.042129e-08	6.649916e-10	-1.599260e-01	4.243170e+01
5.570000e-06	-4.168756e-08	6.291207e-10	-3.264694e-01	4.007790e+01
5.580000e-06	-6.283766e-08	5.904468e-10	-4.921030e-01	3.770117e+01
5.590000e-06	-8.402419e-08	5.516173e-10	-6.580219e-01	3.530257e+01
5.600000e-06	-1.052724e-07	5.166052e-10	-8.244241e-01	3.288325e+01
5.610000e-06	-1.264838e-07	4.792196e-10	-9.905375e-01	3.044440e+01
5.620000e-06	-1.477350e-07	4.350619e-10	-1.156963e+00	2.798723e+01
5.630000e-06	-1.689764e-07	3.941737e-10	-1.323311e+00	2.551303e+01
5.640000e-06	-1.902004e-07	3.589548e-10	-1.489523e+00	2.302310e+01
5.650000e-06	-2.113422e-07	3.212375e-10	-1.655093e+00	2.051878e+01
5.660000e-06	-2.323084e-07	2.767507e-10	-1.819286e+00	1.800142e+01
5.670000e-06	-2.531559e-07	2.318654e-10	-1.982549e+00	1.547242e+01
5.680000e-06	-2.740071e-07	1.923168e-10	-2.145842e+00	1.293317e+01
5.690000e-06	-2.949407e-07	1.544904e-10	-2.309781e+00	1.038508e+01
5.700000e-06	-3.157934e-07	1.150490e-10	-2.473085e+00	7.829552e+00
5.710000e-06	-3.365813e-07	7.286009e-11	-2.635882e+00	5.268003e+00
5.720000e-06	-3.574852e-07	2.995546e-11	-2.799588e+00	2.701839e+00
5.730000e-06	-3.784000e-07	-1.221294e-11	-2.963378e+00	1.324559e-01
5.740000e-06	-3.992392e-07	-5.291270e-11	-3.126577e+00	-2.438763e+00
5.750000e-06	-4.199502e-07	-9.299098e-11	-3.288772e+00	-5.010450e+00
5.760000e-06	-4.406550e-07	-1.345289e-10	-3.450919e+00	-7.581260e+00
5.770000e-06	-4.613920e-07	-1.776320e-10	-3.613317e+00	-1.014987e+01
5.780000e-06	-4.819676e-07	-2.186849e-10	-3.774452e+00	-1.271498e+01
5.790000e-06	-5.024940e-07	-2.583084e-10	-3.935200e+00	-1.527534e+01
5.800000e-06	-5.230804e-07	-3.002892e-10	-4.096420e+00	-1.782969e+01
5.810000e-06	-5.435728e-07	-3.449548e-10	-4.256902e+00	-2.037684e+01
5.820000e-06	-5.640571e-07	-3.860740e-10	-4.417322e+00	-2.291562e+01
5.830000e-06	-5.845501e-07	-4.250511e-10	-4.577810e+00	-2.544491e+01
5.840000e-06	-6.049123e-07	-4.660571e-10	-4.737273e+00	-2.796359e+01
5.850000e-06	-6.252534e-07	-5.058309e-10	-4.896571e+00	-3.047062e+01
5.860000e-06	-6.455998e-07	-5.429922e-10	-5.055911e+00	-3.296498e+01
5.870000e-06	-6.659028e-07	-5.801609e-10	-5.214911e+00	-3.544568e+01
5.880000e-06	-6.861734e-07	-6.172829e-10	-5.373656e+00	-3.791178e+01
5.890000e-06	-7.064183e-07	-6.574609e-10	-5.532201e+00	-4.036237e+01
5.900000e-06	-7.266530e-07	-6.986503e-10	-5.690666e+00	-4.279659e+01
5.910000e-06	-7.469292e-07	-7.364641e-10	-5.849455e+00	-4.521361e+01
5.920000e-06	-7.671519e-07	-7.732754e-10	-6.007826e+00	-4.761263e+01
5.930000e-06	-7.872902e-07	-8.108944e-10	-6.165537e+00	-4.999289e+01
5.940000e-06	-8.074151e-07	-8.511015e-10	-6.323141e+00	-5.235366e+01
5.950000e-06	-8.275130e-07	-8.874423e-10	-6.480535e+00	-5.469427e+01
5.960000e-06	-8.476001e-07	-9.204037e-10	-6.637844e+00	-5.701406e+01
5.970000e-06	-8.676961e-07	-9.549676e-10	-6.795223e+00	-5.931239e+01
5.980000e-06	-8.877755e-07	-9.906846e-10	-6.952471e+00	-6.158869e+01
5.990000e-06	-9.078310e-07	-1.026514e-09	-7.109532e+00	-6.384239e+01
6.000000e-06	-9.278844e-07	-1.059898e-09	-7.266577e+00	-6.607296e+01
6.010000e-06	-9.479322e-07	-1.091277e-09	-7.423578e+00	-6.827991e+01
6.020000e-06	-9.679084e-07	-1.126856e-09	-7.580019e+00	-7.046278e+01
6.030000e-06	-9.878304e-07	-1.164978e-09	-7.736034e+00	-7.262112e+01
6.040000e-06	-1.007672e-06	-1.197401e-09	-7.891418e+00	-7.475453e+01
6.050000e-06	-1.027429e-06	-1.228218e-09	-8.046148e+00	-7.686263e+01
6.060000e-06	-1.047189e-06	-1.262334e-09	-8.200892e+00	-7.894507e+01
6.070000e-06	-1.066831e-06	-1.295105e-09	-8.354711e+00	-8.100153e+01
6.080000e-06	-1.086390e-06	-1.323796e-09	-8.507892e+00	-8.303173e+01
6.090000e-06	-1.105892e-06	-1.352379e-09	-8.660613e+00	-8.503541e+01
6.100000e-06	-1.125320e-06	-1.382521e-09	-8.812766e+00	-8.701235e+01
6.110000e-06	-1.144692e-06	-1.411179e-09	-8.964474e+00	-8.896234e+01
6.120000e-06	-1.164033e-06	-1.440796e-09	-9.115935e+00	-9.088523e+01
6.130000e-06	-1.183245e-06	-1.469819e-09	-9.266389e+00	-9.278088e+01
6.140000e-06	-1.202182e-06	-1.495088e-09	-9.414693e+00	-9.464919e+01
6.150000e-06	-1.221077e-06	-1.520389e-09	-9.562665e+00	-9.649010e+01
6.160000e-06	-1.239954e-06	-1.548243e-09	-9.710502e+00	-9.830358e+01
6.170000e-06	-1.258685e-06	-1.577885e-09	-9.857190e+00	-1.000896e+02
6.180000e-06	-1.277266e-06	-1.604647e-09	-1.000270e+01	-1.018483e+02
6.190000e-06	-1.295811e-06	-1.630826e-09	-1.014793e+01	-1.035796e+02
6.200000e-06	-1.314348e-06	-1.657405e-09	-1.029310e+01	-1.052837e+02
6.210000e-06	-1.332780e-06	-1.684225e-09	-1.043745e+01	-1.069607e+02
6.220000e-06	-1.351111e-06	-1.711163e-09	-1.058101e+01	-1.086108e+02
6.230000e-06	-1.369388e-06	-1.736893e-09	-1.072414e+01	-1.102342e+02
6.240000e-06	-1.387562e-06	-1.762531e-09	-1.086647e+01	-1.118312e+02
6.250000e-06	-1.405677e-06	-1.786324e-09	-1.100833e+01	-1.134019e+02
6.260000e-06	-1.423773e-06	-1.808989e-09	-1.115005e+01	-1.149468e+02
6.270000e-06	-1.441707e-06	-1.830064e-09	-1.129049e+01	-1.164661e+02
6.280000e-06	-1.459509e-06	-1.851004e-09	-1.142991e+01	-1.179602e+02
6.290000e-06	-1.477327e-06	-1.873993e-09	-1.156945e+01	-1.194295e+02
6.300000e-06	-1.495096e-06	-1.895583e-09	-1.170860e+01	-1.208744e+02
6.310000e-06	-1.512787e-06	-1.916087e-09	-1.184715e+01	-1.222953e+02
6.320000e-06	-1.530387e-06	-1.938049e-09	-1.198498e+01	-1.236927e+02
6.330000e-06	-1.547717e-06	-1.960917e-09	-1.212070e+01	-1.250671e+02
6.340000e-06	-1.564900e-06	-1.982914e-09	-1.225526e+01	-1.264189e+02
6.350000e-06	-1.582066e-06	-2.002697e-09	-1.238969e+01	-1.277486e+02
6.360000e-06	-1.599031e-06	-2.021264e-09	-1.252255e+01	-1.290568e+02
6.370000e-06	-1.615831e-06	-2.039811e-09	-1.265412e+01	-1.303440e+02
6.380000e-06	-1.632583e-06	-2.058587e-09	-1.278531e+01	-1.316106e+02
6.390000e-06	-1.649226e-06	-2.075457e-09	-1.291564e+01	-1.328572e+02
6.400000e-06	-1.665745e-06	-2.092209e-09	-1.304501e+01	-1.340844e+02
6.410000e-06	-1.682126e-06	-2.110967e-09	-1.317330e+01	-1.352925e+02
6.420000e-06	-1.698443e-06	-2.130207e-09	-1.330108e+01	-1.364822e+02
6.430000e-06	-1.714708e-06	-2.148605e-09	-1.342846e+01	-1.376538e+02
6.440000e-06	-1.730891e-06	-2.164826e-09	-1.355519e+01	-1.388080e+02
6.450000e-06	-1.747069e-06	-2.181829e-09	-1.368189e+01	-1.399450e+02
6.460000e-06	-1.763193e-06	-2.199491e-09	-1.380816e+01	-1.410655e+02
6.470000e-06	-1.779228e-06	-2.217681e-09	-1.393373e+01	-1.421696e+02
6.480000e-06	-1.795200e-06	-2.235418e-09	-1.405882e+01	-1.432580e+02
6.490000e-06	-1.811074e-06	-2.251402e-09	-1.418313e+01	-1.443308e+02
6.500000e-06	-1.826831e-06	-2.266472e-09	-1.430653e+01	-1.453885e+02
6.510000e-06	-1.842511e-06	-2.280536e-09	-1.442933e+01	-1.464313e+02
6.520000e-06	-1.858004e-06	-2.294972e-09	-1.455066e+01	-1.474595e+02
6.530000e-06	-1.873313e-06	-2.309457e-09	-1.467055e+01	-1.484734e+02
6.540000e-06	-1.888466e-06	-2.323327e-09	-1.478922e+01	-1.494731e+02
6.550000e-06	-1.903329e-06	-2.337622e-09	-1.490562e+01	-1.504589e+02
6.560000e-06	-1.917915e-06	-2.353831e-09	-1.501984e+01	-1.514309e+02
6.570000e-06	-1.932378e-06	-2.369552e-09	-1.513311e+01	-1.523892e+02
6.580000e-06	-1.946588e-06	-2.383162e-09	-1.524439e+01	-1.533339e+02
6.590000e-06	-1.960408e-06	-2.395472e-09	-1.535262e+01	-1.542650e+02
6.600000e-06	-1.973930e-06	-2.409158e-09	-1.545852e+01	-1.551826e+02
6.610000e-06	-1.987121e-06	-2.421664e-09	-1.556181e+01	-1.560868e+02
6.620000e-06	-2.000227e-06	-2.432608e-09	-1.566446e+01	-1.569774e+02
6.630000e-06	-2.013302e-06	-2.443367e-09	-1.576685e+01	-1.578545e+02
6.640000e-06	-2.026109e-06	-2.455140e-09	-1.586714e+01	-1.587181e+02
6.650000e-06	-2.038704e-06	-2.468870e-09	-1.596579e+01	-1.595680e+02
6.660000e-06	-2.051123e-06	-2.481352e-09	-1.606304e+01	-1.604043e+02
6.670000e-06	-2.063393e-06	-2.491830e-09	-1.615913e+01	-1.612268e+02
6.680000e-06	-2.075554e-06	-2.502588e-09	-1.625436e+01	-1.620355e+02
6.690000e-06	-2.087599e-06	-2.514345e-09	-1.634869e+01	-1.628303e+02
6.700000e-06	-2.099565e-06	-2.526423e-09	-1.644241e+01	-1.636111e+02
6.710000e-06	-2.111416e-06	-2.539795e-09	-1.653521e+01	-1.643780e+02
6.720000e-06	-2.123061e-06	-2.551322e-09	-1.662641e+01	-1.651307e+02
6.730000e-06	-2.134469e-06	-2.560377e-09	-1.671575e+01	-1.658693e+02
6.740000e-06	-2.145714e-06	-2.571124e-09	-1.680381e+01	-1.665938e+02
6.750000e-06	-2.156895e-06	-2.581632e-09	-1.689138e+01	-1.673042e+02
6.760000e-06	-2.167878e-06	-2.589859e-09	-1.697739e+01	-1.680004e+02
6.770000e-06	-2.178571e-06	-2.599207e-09	-1.706113e+01	-1.686825e+02
6.780000e-06	-2.189166e-06	-2.609357e-09	-1.714410e+01	-1.693506e+02
6.790000e-06	-2.199726e-06	-2.618372e-09	-1.722680e+01	-1.700047e+02
6.800000e-06	-2.210141e-06	-2.626360e-09	-1.730836e+01	-1.706450e+02
6.810000e-06	-2.220385e-06	-2.634929e-09	-1.738859e+01	-1.712717e+02
6.820000e-06	-2.230484e-06	-2.643962e-09	-1.746768e+01	-1.718848e+02
6.830000e-06	-2.240397e-06	-2.652393e-09	-1.754531e+01	-1.724846e+02
6.840000e-06	-2.250236e-06	-2.659778e-09	-1.762236e+01	-1.730713e+02
6.850000e-06	-2.260017e-06	-2.666011e-09	-1.769896e+01	-1.736452e+02
6.860000e-06	-2.269608e-06	-2.673784e-09	-1.777407e+01	-1.742065e+02
6.870000e-06	-2.279055e-06	-2.683965e-09	-1.784805e+01	-1.747556e+02
6.880000e-06	-2.288241e-06	-2.692377e-09	-1.791999e+01	-1.752927e+02
6.890000e-06	-2.297132e-06	-2.699772e-09	-1.798962e+01	-1.758182e+02
6.900000e-06	-2.305924e-06	-2.708230e-09	-1.805847e+01	-1.763325e+02
6.910000e-06	-2.314638e-06	-2.716204e-09	-1.812671e+01	-1.768358e+02
6.920000e-06	-2.323207e-06	-2.723745e-09	-1.819382e+01	-1.773287e+02
6.930000e-06	-2.331617e-06	-2.731517e-09	-1.825968e+01	-1.778115e+02
6.940000e-06	-2.339953e-06	-2.737092e-09	-1.832497e+01	-1.782845e+02
6.950000e-06	-2.348225e-06	-2.743079e-09	-1.838974e+01	-1.787481e+02
6.960000e-06	-2.356409e-06	-2.751182e-09	-1.845383e+01	-1.792028e+02
6.970000e-06	-2.364468e-06	-2.758186e-09	-1.851695e+01	-1.796488e+02
6.980000e-06	-2.372424e-06	-2.765061e-09	-1.857925e+01	-1.800866e+02
6.990000e-06	-2.380314e-06	-2.772617e-09	-1.864105e+01	-1.805165e+02
7.000000e-06	-2.388100e-06	-2.779780e-09	-1.870202e+01	-1.809387e+02
7.010000e-06	-2.395714e-06	-2.785790e-09	-1.876165e+01	-1.813537e+02
7.020000e-06	-2.403103e-06	-2.791399e-09	-1.881951e+01	-1.817615e+02
7.030000e-06	-2.410271e-06	-2.795659e-09	-1.887565e+01	-1.821625e+02
7.040000e-06	-2.417135e-06	-2.800677e-09	-1.892940e+01	-1.825568e+02
7.050000e-06	-2.423745e-06	-2.807383e-09	-1.898117e+01	-1.829446e+02
7.060000e-06	-2.430179e-06	-2.812831e-09	-1.903156e+01	-1.833259e+02
7.070000e-06	-2.436403e-06	-2.817025e-09	-1.908030e+01	-1.837009e+02
7.080000e-06	-2.442390e-06	-2.821570e-09	-1.912718e+01	-1.840696e+02
7.090000e-06	-2.448026e-06	-2.825955e-09	-1.917132e+01	-1.844319e+02
7.100000e-06	-2.453285e-06	-2.829509e-09	-1.921250e+01	-1.847878e+02
7.110000e-06	-2.458310e-06	-2.834444e-09	-1.925186e+01	-1.851372e+02
7.120000e-06	-2.463130e-06	-2.839590e-09	-1.928960e+01	-1.854798e+02
7.130000e-06	-2.467720e-06	-2.844459e-09	-1.932555e+01	-1.858154e+02
7.140000e-06	-2.472120e-06	-2.850743e-09	-1.936001e+01	-1.861439e+02
7.150000e-06	-2.476378e-06	-2.857291e-09	-1.939336e+01	-1.864649e+02
7.160000e-06	-2.480600e-06	-2.862027e-09	-1.942642e+01	-1.867781e+02
7.170000e-06	-2.484748e-06	-2.866535e-09	-1.945891e+01	-1.870831e+02
7.180000e-06	-2.488786e-06	-2.872319e-09	-1.949053e+01	-1.873794e+02
7.190000e-06	-2.492713e-06	-2.876584e-09	-1.952128e+01	-1.876668e+02
7.200000e-06	-2.496562e-06	-2.878505e-09	-1.955142e+01	-1.879446e+02
7.210000e-06	-2.500349e-06	-2.879607e-09	-1.958108e+01	-1.882125e+02
7.220000e-06	-2.503969e-06	-2.882986e-09	-1.960943e+01	-1.884699e+02
7.230000e-06	-2.507309e-06	-2.886835e-09	-1.963559e+01	-1.887164e+02
7.240000e-06	-2.510359e-06	-2.890537e-09	-1.965947e+01	-1.889513e+02
7.250000e-06	-2.513275e-06	-2.893076e-09	-1.968231e+01	-1.891743e+02
7.260000e-06	-2.516040e-06	-2.894856e-09	-1.970396e+01	-1.893848e+02
7.270000e-06	-2.518602e-06	-2.897844e-09	-1.972402e+01	-1.895823e+02
7.280000e-06	-2.521040e-06	-2.900880e-09	-1.974312e+01	-1.897663e+02
7.290000e-06	-2.523347e-06	-2.903016e-09	-1.976119e+01	-1.899364e+02
7.300000e-06	-2.525517e-06	-2.904844e-09	-1.977818e+01	-1.900922e+02
7.310000e-06	-2.527622e-06	-2.907514e-09	-1.979466e+01	-1.902333e+02
7.320000e-06	-2.529667e-06	-2.909375e-09	-1.981068e+01	-1.903593e+02
7.330000e-06	-2.531328e-06	-2.912480e-09	-1.982368e+01	-1.904700e+02
7.340000e-06	-2.532651e-06	-2.915822e-09	-1.983405e+01	-1.905650e+02
7.350000e-06	-2.533983e-06	-2.918702e-09	-1.984448e+01	-1.906442e+02
7.360000e-06	-2.535217e-06	-2.918985e-09	-1.985414e+01	-1.907074e+02
7.370000e-06	-2.536267e-06	-2.918742e-09	-1.986236e+01	-1.907545e+02
7.380000e-06	-2.537174e-06	-2.922140e-09	-1.986947e+01	-1.907855e+02
7.390000e-06	-2.537889e-06	-2.924787e-09	-1.987507e+01	-1.908005e+02
7.400000e-06	-2.538423e-06	-2.927173e-09	-1.987925e+01	-1.907995e+02
