# Temperatura_=_20.0
# Concentracion g/m^3_=_12600.0
# C_Vs_to_Am_M_A/Vsm_=_65563218390.804596
# pendiente_HvsI_1/m_=_3716.3
# ordenada_HvsI_A/m_=_1297.0
# frecuencia_Hz_=_213153.34436819347

Tiempo_(s)	Campo_(V.s)	Magnetizacion_(V.s)	Campo_(kA/m)	Magnetizacion_(A/m)
0.000000e+00	-6.732731e-06	-3.884622e-09	-5.684469e+01	-2.528021e+02
1.000000e-08	-6.732051e-06	-3.882467e-09	-5.683895e+01	-2.527503e+02
2.000000e-08	-6.729966e-06	-3.880991e-09	-5.682134e+01	-2.526765e+02
3.000000e-08	-6.726517e-06	-3.878668e-09	-5.679222e+01	-2.525840e+02
4.000000e-08	-6.722128e-06	-3.878270e-09	-5.675516e+01	-2.524761e+02
5.000000e-08	-6.716779e-06	-3.878748e-09	-5.671000e+01	-2.523564e+02
6.000000e-08	-6.710211e-06	-3.875078e-09	-5.665455e+01	-2.522282e+02
7.000000e-08	-6.702620e-06	-3.871159e-09	-5.659046e+01	-2.520945e+02
8.000000e-08	-6.694101e-06	-3.871709e-09	-5.651854e+01	-2.519578e+02
9.000000e-08	-6.684108e-06	-3.857693e-09	-5.643416e+01	-2.518201e+02
1.000000e-07	-6.672287e-06	-3.873947e-09	-5.633436e+01	-2.516825e+02
1.100000e-07	-6.658834e-06	-3.884729e-09	-5.622078e+01	-2.515454e+02
1.200000e-07	-6.643959e-06	-3.863185e-09	-5.609518e+01	-2.514084e+02
1.300000e-07	-6.627650e-06	-3.867991e-09	-5.595749e+01	-2.512701e+02
1.400000e-07	-6.610293e-06	-3.791359e-09	-5.581094e+01	-2.511285e+02
1.500000e-07	-6.592096e-06	-3.808272e-09	-5.565731e+01	-2.509806e+02
1.600000e-07	-6.572919e-06	-3.922560e-09	-5.549539e+01	-2.508232e+02
1.700000e-07	-6.552893e-06	-3.801251e-09	-5.532631e+01	-2.506522e+02
1.800000e-07	-6.531782e-06	-3.797941e-09	-5.514807e+01	-2.504633e+02
1.900000e-07	-6.509487e-06	-3.861517e-09	-5.495983e+01	-2.502524e+02
2.000000e-07	-6.486355e-06	-3.752101e-09	-5.476453e+01	-2.500149e+02
2.100000e-07	-6.462226e-06	-3.813548e-09	-5.456080e+01	-2.497469e+02
2.200000e-07	-6.436604e-06	-3.859641e-09	-5.434447e+01	-2.494445e+02
2.300000e-07	-6.409518e-06	-3.731845e-09	-5.411579e+01	-2.491046e+02
2.400000e-07	-6.381404e-06	-3.760712e-09	-5.387843e+01	-2.487243e+02
2.500000e-07	-6.352367e-06	-3.827908e-09	-5.363326e+01	-2.483019e+02
2.600000e-07	-6.322236e-06	-3.761100e-09	-5.337886e+01	-2.478361e+02
2.700000e-07	-6.290956e-06	-3.729967e-09	-5.311477e+01	-2.473264e+02
2.800000e-07	-6.258711e-06	-3.706744e-09	-5.284252e+01	-2.467729e+02
2.900000e-07	-6.225410e-06	-3.727621e-09	-5.256136e+01	-2.461765e+02
3.000000e-07	-6.190766e-06	-3.776213e-09	-5.226886e+01	-2.455387e+02
3.100000e-07	-6.154842e-06	-3.702626e-09	-5.196555e+01	-2.448612e+02
3.200000e-07	-6.117802e-06	-3.631091e-09	-5.165282e+01	-2.441463e+02
3.300000e-07	-6.079749e-06	-3.678769e-09	-5.133154e+01	-2.433964e+02
3.400000e-07	-6.040721e-06	-3.722172e-09	-5.100202e+01	-2.426140e+02
3.500000e-07	-6.000754e-06	-3.689560e-09	-5.066458e+01	-2.418016e+02
3.600000e-07	-5.959633e-06	-3.627202e-09	-5.031740e+01	-2.409617e+02
3.700000e-07	-5.917072e-06	-3.614028e-09	-4.995805e+01	-2.400963e+02
3.800000e-07	-5.873344e-06	-3.634630e-09	-4.958885e+01	-2.392074e+02
3.900000e-07	-5.828698e-06	-3.653059e-09	-4.921190e+01	-2.382964e+02
4.000000e-07	-5.783024e-06	-3.619067e-09	-4.882628e+01	-2.373646e+02
4.100000e-07	-5.736346e-06	-3.538325e-09	-4.843218e+01	-2.364126e+02
4.200000e-07	-5.688715e-06	-3.546497e-09	-4.803003e+01	-2.354410e+02
4.300000e-07	-5.640106e-06	-3.601033e-09	-4.761961e+01	-2.344497e+02
4.400000e-07	-5.590209e-06	-3.579240e-09	-4.719833e+01	-2.334384e+02
4.500000e-07	-5.538791e-06	-3.502136e-09	-4.676421e+01	-2.324066e+02
4.600000e-07	-5.486164e-06	-3.454838e-09	-4.631988e+01	-2.313533e+02
4.700000e-07	-5.432618e-06	-3.499097e-09	-4.586779e+01	-2.302777e+02
4.800000e-07	-5.378173e-06	-3.532776e-09	-4.540811e+01	-2.291786e+02
4.900000e-07	-5.322840e-06	-3.465388e-09	-4.494093e+01	-2.280548e+02
5.000000e-07	-5.266618e-06	-3.385943e-09	-4.446624e+01	-2.269050e+02
5.100000e-07	-5.209326e-06	-3.388167e-09	-4.398253e+01	-2.257281e+02
5.200000e-07	-5.150904e-06	-3.441175e-09	-4.348927e+01	-2.245230e+02
5.300000e-07	-5.091529e-06	-3.429702e-09	-4.298796e+01	-2.232886e+02
5.400000e-07	-5.031324e-06	-3.350036e-09	-4.247965e+01	-2.220240e+02
5.500000e-07	-4.970308e-06	-3.305646e-09	-4.196449e+01	-2.207285e+02
5.600000e-07	-4.908388e-06	-3.327768e-09	-4.144170e+01	-2.194015e+02
5.700000e-07	-4.845651e-06	-3.351105e-09	-4.091201e+01	-2.180428e+02
5.800000e-07	-4.782241e-06	-3.303606e-09	-4.037663e+01	-2.166520e+02
5.900000e-07	-4.718017e-06	-3.226211e-09	-3.983438e+01	-2.152292e+02
6.000000e-07	-4.652774e-06	-3.215718e-09	-3.928354e+01	-2.137747e+02
6.100000e-07	-4.586440e-06	-3.240908e-09	-3.872348e+01	-2.122886e+02
6.200000e-07	-4.519193e-06	-3.222414e-09	-3.815570e+01	-2.107715e+02
6.300000e-07	-4.451261e-06	-3.159625e-09	-3.758216e+01	-2.092238e+02
6.400000e-07	-4.382669e-06	-3.120069e-09	-3.700303e+01	-2.076463e+02
6.500000e-07	-4.313316e-06	-3.127379e-09	-3.641749e+01	-2.060393e+02
6.600000e-07	-4.243192e-06	-3.120628e-09	-3.582542e+01	-2.044035e+02
6.700000e-07	-4.172376e-06	-3.076674e-09	-3.522752e+01	-2.027391e+02
6.800000e-07	-4.100953e-06	-3.028410e-09	-3.462449e+01	-2.010464e+02
6.900000e-07	-4.028904e-06	-3.008139e-09	-3.401618e+01	-1.993253e+02
7.000000e-07	-3.956048e-06	-2.998351e-09	-3.340105e+01	-1.975756e+02
7.100000e-07	-3.882205e-06	-2.965102e-09	-3.277760e+01	-1.957966e+02
7.200000e-07	-3.807432e-06	-2.927281e-09	-3.214629e+01	-1.939873e+02
7.300000e-07	-3.731911e-06	-2.902635e-09	-3.150866e+01	-1.921466e+02
7.400000e-07	-3.655734e-06	-2.883301e-09	-3.086550e+01	-1.902726e+02
7.500000e-07	-3.578848e-06	-2.851752e-09	-3.021634e+01	-1.883636e+02
7.600000e-07	-3.501246e-06	-2.812372e-09	-2.956115e+01	-1.864174e+02
7.700000e-07	-3.422965e-06	-2.790697e-09	-2.890021e+01	-1.844316e+02
7.800000e-07	-3.343999e-06	-2.768286e-09	-2.823351e+01	-1.824038e+02
7.900000e-07	-3.264295e-06	-2.728268e-09	-2.756056e+01	-1.803316e+02
8.000000e-07	-3.183904e-06	-2.685057e-09	-2.688182e+01	-1.782125e+02
8.100000e-07	-3.102951e-06	-2.653806e-09	-2.619832e+01	-1.760445e+02
8.200000e-07	-3.021464e-06	-2.632901e-09	-2.551033e+01	-1.738255e+02
8.300000e-07	-2.939439e-06	-2.596254e-09	-2.481779e+01	-1.715541e+02
8.400000e-07	-2.856910e-06	-2.546996e-09	-2.412099e+01	-1.692291e+02
8.500000e-07	-2.773942e-06	-2.508686e-09	-2.342049e+01	-1.668499e+02
8.600000e-07	-2.690556e-06	-2.483275e-09	-2.271646e+01	-1.644162e+02
8.700000e-07	-2.606800e-06	-2.453719e-09	-2.200931e+01	-1.619284e+02
8.800000e-07	-2.522679e-06	-2.406228e-09	-2.129907e+01	-1.593872e+02
8.900000e-07	-2.438214e-06	-2.356681e-09	-2.058593e+01	-1.567937e+02
9.000000e-07	-2.353370e-06	-2.319282e-09	-1.986959e+01	-1.541493e+02
9.100000e-07	-2.268128e-06	-2.288135e-09	-1.914989e+01	-1.514556e+02
9.200000e-07	-2.182520e-06	-2.253401e-09	-1.842710e+01	-1.487141e+02
9.300000e-07	-2.096556e-06	-2.206626e-09	-1.770129e+01	-1.459266e+02
9.400000e-07	-2.010187e-06	-2.157625e-09	-1.697208e+01	-1.430943e+02
9.500000e-07	-1.923416e-06	-2.114317e-09	-1.623947e+01	-1.402184e+02
9.600000e-07	-1.836388e-06	-2.075024e-09	-1.550469e+01	-1.372996e+02
9.700000e-07	-1.749210e-06	-2.036416e-09	-1.476865e+01	-1.343382e+02
9.800000e-07	-1.661858e-06	-1.987294e-09	-1.403113e+01	-1.313340e+02
9.900000e-07	-1.574206e-06	-1.932558e-09	-1.329107e+01	-1.282861e+02
1.000000e-06	-1.486155e-06	-1.885271e-09	-1.254766e+01	-1.251934e+02
1.010000e-06	-1.397781e-06	-1.846189e-09	-1.180152e+01	-1.220541e+02
1.020000e-06	-1.309246e-06	-1.802827e-09	-1.105401e+01	-1.188663e+02
1.030000e-06	-1.220520e-06	-1.743750e-09	-1.030489e+01	-1.156276e+02
1.040000e-06	-1.131502e-06	-1.685115e-09	-9.553315e+00	-1.123355e+02
1.050000e-06	-1.042204e-06	-1.642012e-09	-8.799365e+00	-1.089878e+02
1.060000e-06	-9.527152e-07	-1.605227e-09	-8.043809e+00	-1.055820e+02
1.070000e-06	-8.631345e-07	-1.553414e-09	-7.287475e+00	-1.021162e+02
1.080000e-06	-7.733474e-07	-1.484563e-09	-6.529400e+00	-9.858855e+01
1.090000e-06	-6.833369e-07	-1.424198e-09	-5.769438e+00	-9.499783e+01
1.100000e-06	-5.932162e-07	-1.377253e-09	-5.008546e+00	-9.134321e+01
1.110000e-06	-5.030089e-07	-1.328919e-09	-4.246923e+00	-8.762432e+01
1.120000e-06	-4.127474e-07	-1.265545e-09	-3.484841e+00	-8.384126e+01
1.130000e-06	-3.224266e-07	-1.195140e-09	-2.722259e+00	-7.999451e+01
1.140000e-06	-2.319493e-07	-1.139416e-09	-1.958357e+00	-7.608484e+01
1.150000e-06	-1.413741e-07	-1.091301e-09	-1.193626e+00	-7.211321e+01
1.160000e-06	-5.085500e-08	-1.032859e-09	-4.293706e-01	-6.808061e+01
1.170000e-06	3.959974e-08	-9.623442e-10	3.343420e-01	-6.398796e+01
1.180000e-06	1.300348e-07	-8.914554e-10	1.097889e+00	-5.983595e+01
1.190000e-06	2.204617e-07	-8.298421e-10	1.861366e+00	-5.562492e+01
1.200000e-06	3.108227e-07	-7.699247e-10	2.624288e+00	-5.135480e+01
1.210000e-06	4.011490e-07	-7.035434e-10	3.386916e+00	-4.702501e+01
1.220000e-06	4.914792e-07	-6.308063e-10	4.149576e+00	-4.263447e+01
1.230000e-06	5.817137e-07	-5.578414e-10	4.911429e+00	-3.818159e+01
1.240000e-06	6.718088e-07	-4.906397e-10	5.672105e+00	-3.366440e+01
1.250000e-06	7.617130e-07	-4.251521e-10	6.431170e+00	-2.908060e+01
1.260000e-06	8.514201e-07	-3.530351e-10	7.188570e+00	-2.442776e+01
1.270000e-06	9.409631e-07	-2.733947e-10	7.944585e+00	-1.970349e+01
1.280000e-06	1.030322e-06	-1.945823e-10	8.699049e+00	-1.490568e+01
1.290000e-06	1.119498e-06	-1.223526e-10	9.451958e+00	-1.003268e+01
1.300000e-06	1.208493e-06	-4.974275e-11	1.020335e+01	-5.083577e+00
1.310000e-06	1.297288e-06	2.754050e-11	1.095305e+01	-5.837535e-02
1.320000e-06	1.385780e-06	1.106322e-10	1.170019e+01	5.041789e+00
1.330000e-06	1.473931e-06	1.934532e-10	1.244445e+01	1.021450e+01
1.340000e-06	1.561733e-06	2.691971e-10	1.318577e+01	1.545597e+01
1.350000e-06	1.649219e-06	3.455498e-10	1.392442e+01	2.076094e+01
1.360000e-06	1.736428e-06	4.301089e-10	1.466073e+01	2.612270e+01
1.370000e-06	1.823389e-06	5.189727e-10	1.539494e+01	3.153317e+01
1.380000e-06	1.910154e-06	6.030573e-10	1.612750e+01	3.698296e+01
1.390000e-06	1.996650e-06	6.822633e-10	1.685779e+01	4.246158e+01
1.400000e-06	2.082837e-06	7.645838e-10	1.758547e+01	4.795759e+01
1.410000e-06	2.168674e-06	8.522787e-10	1.831019e+01	5.345892e+01
1.420000e-06	2.254085e-06	9.395310e-10	1.903132e+01	5.895304e+01
1.430000e-06	2.339075e-06	1.022109e-09	1.974890e+01	6.442734e+01
1.440000e-06	2.423715e-06	1.102403e-09	2.046351e+01	6.986931e+01
1.450000e-06	2.508084e-06	1.185030e-09	2.117585e+01	7.526685e+01
1.460000e-06	2.592176e-06	1.267389e-09	2.188584e+01	8.060853e+01
1.470000e-06	2.675865e-06	1.348383e-09	2.259242e+01	8.588373e+01
1.480000e-06	2.759049e-06	1.426570e-09	2.329475e+01	9.108289e+01
1.490000e-06	2.841782e-06	1.501752e-09	2.399327e+01	9.619755e+01
1.500000e-06	2.924022e-06	1.575632e-09	2.468763e+01	1.012205e+02
1.510000e-06	3.005715e-06	1.651086e-09	2.537736e+01	1.061458e+02
1.520000e-06	3.086872e-06	1.727960e-09	2.606257e+01	1.109687e+02
1.530000e-06	3.167420e-06	1.800242e-09	2.674264e+01	1.156857e+02
1.540000e-06	3.247348e-06	1.865307e-09	2.741747e+01	1.202943e+02
1.550000e-06	3.326661e-06	1.930103e-09	2.808712e+01	1.247932e+02
1.560000e-06	3.405341e-06	1.999335e-09	2.875141e+01	1.291818e+02
1.570000e-06	3.483462e-06	2.066677e-09	2.941099e+01	1.334604e+02
1.580000e-06	3.560951e-06	2.127438e-09	3.006524e+01	1.376297e+02
1.590000e-06	3.637790e-06	2.186127e-09	3.071400e+01	1.416911e+02
1.600000e-06	3.714017e-06	2.248563e-09	3.135757e+01	1.456463e+02
1.610000e-06	3.789471e-06	2.313911e-09	3.199464e+01	1.494971e+02
1.620000e-06	3.864088e-06	2.372271e-09	3.262464e+01	1.532457e+02
1.630000e-06	3.937824e-06	2.423006e-09	3.324719e+01	1.568941e+02
1.640000e-06	4.010706e-06	2.472947e-09	3.386254e+01	1.604446e+02
1.650000e-06	4.082885e-06	2.524743e-09	3.447194e+01	1.638994e+02
1.660000e-06	4.154299e-06	2.576161e-09	3.507489e+01	1.672605e+02
1.670000e-06	4.224982e-06	2.621822e-09	3.567167e+01	1.705300e+02
1.680000e-06	4.294981e-06	2.665089e-09	3.626268e+01	1.737100e+02
1.690000e-06	4.364227e-06	2.711716e-09	3.684732e+01	1.768024e+02
1.700000e-06	4.432764e-06	2.759613e-09	3.742598e+01	1.798091e+02
1.710000e-06	4.500675e-06	2.803817e-09	3.799936e+01	1.827318e+02
1.720000e-06	4.567863e-06	2.844510e-09	3.856663e+01	1.855725e+02
1.730000e-06	4.634077e-06	2.885016e-09	3.912568e+01	1.883327e+02
1.740000e-06	4.699299e-06	2.923658e-09	3.967635e+01	1.910143e+02
1.750000e-06	4.763616e-06	2.959961e-09	4.021938e+01	1.936188e+02
1.760000e-06	4.827121e-06	2.995752e-09	4.075556e+01	1.961478e+02
1.770000e-06	4.889895e-06	3.030206e-09	4.128556e+01	1.986028e+02
1.780000e-06	4.951885e-06	3.063769e-09	4.180894e+01	2.009853e+02
1.790000e-06	5.013064e-06	3.096084e-09	4.232548e+01	2.032966e+02
1.800000e-06	5.073517e-06	3.128424e-09	4.283588e+01	2.055381e+02
1.810000e-06	5.133217e-06	3.160739e-09	4.333993e+01	2.077111e+02
1.820000e-06	5.191964e-06	3.189251e-09	4.383594e+01	2.098167e+02
1.830000e-06	5.249555e-06	3.214831e-09	4.432218e+01	2.118563e+02
1.840000e-06	5.306051e-06	3.243012e-09	4.479918e+01	2.138309e+02
1.850000e-06	5.361621e-06	3.272735e-09	4.526835e+01	2.157418e+02
1.860000e-06	5.416342e-06	3.299613e-09	4.573037e+01	2.175902e+02
1.870000e-06	5.470138e-06	3.324494e-09	4.618457e+01	2.193772e+02
1.880000e-06	5.522913e-06	3.349035e-09	4.663015e+01	2.211040e+02
1.890000e-06	5.574549e-06	3.374404e-09	4.706612e+01	2.227719e+02
1.900000e-06	5.624893e-06	3.399783e-09	4.749117e+01	2.243821e+02
1.910000e-06	5.674007e-06	3.422376e-09	4.790584e+01	2.259359e+02
1.920000e-06	5.722004e-06	3.442665e-09	4.831108e+01	2.274345e+02
1.930000e-06	5.768986e-06	3.462834e-09	4.870776e+01	2.288792e+02
1.940000e-06	5.815078e-06	3.483976e-09	4.909691e+01	2.302711e+02
1.950000e-06	5.860264e-06	3.504954e-09	4.947842e+01	2.316115e+02
1.960000e-06	5.904492e-06	3.523291e-09	4.985184e+01	2.329013e+02
1.970000e-06	5.947789e-06	3.540730e-09	5.021740e+01	2.341417e+02
1.980000e-06	5.989924e-06	3.559745e-09	5.057314e+01	2.353334e+02
1.990000e-06	6.030683e-06	3.580505e-09	5.091727e+01	2.364774e+02
2.000000e-06	6.070377e-06	3.601139e-09	5.125241e+01	2.375744e+02
2.010000e-06	6.109126e-06	3.617510e-09	5.157957e+01	2.386251e+02
2.020000e-06	6.146810e-06	3.631124e-09	5.189773e+01	2.396303e+02
2.030000e-06	6.183484e-06	3.645794e-09	5.220738e+01	2.405906e+02
2.040000e-06	6.219252e-06	3.662147e-09	5.250937e+01	2.415069e+02
2.050000e-06	6.254053e-06	3.676121e-09	5.280319e+01	2.423800e+02
2.060000e-06	6.287530e-06	3.687143e-09	5.308584e+01	2.432108e+02
2.070000e-06	6.319677e-06	3.697553e-09	5.335726e+01	2.440004e+02
2.080000e-06	6.350818e-06	3.710246e-09	5.362018e+01	2.447502e+02
2.090000e-06	6.380968e-06	3.724075e-09	5.387474e+01	2.454615e+02
2.100000e-06	6.410057e-06	3.734246e-09	5.412034e+01	2.461359e+02
2.110000e-06	6.438140e-06	3.742177e-09	5.435745e+01	2.467750e+02
2.120000e-06	6.465146e-06	3.751355e-09	5.458546e+01	2.473807e+02
2.130000e-06	6.490795e-06	3.762321e-09	5.480202e+01	2.479547e+02
2.140000e-06	6.515063e-06	3.772098e-09	5.500691e+01	2.484988e+02
2.150000e-06	6.538219e-06	3.780541e-09	5.520241e+01	2.490147e+02
2.160000e-06	6.560347e-06	3.788189e-09	5.538924e+01	2.495039e+02
2.170000e-06	6.581349e-06	3.796563e-09	5.556656e+01	2.499677e+02
2.180000e-06	6.601342e-06	3.806284e-09	5.573537e+01	2.504069e+02
2.190000e-06	6.620355e-06	3.814720e-09	5.589589e+01	2.508224e+02
2.200000e-06	6.638167e-06	3.820381e-09	5.604628e+01	2.512142e+02
2.210000e-06	6.654741e-06	3.824276e-09	5.618622e+01	2.515823e+02
2.220000e-06	6.670046e-06	3.830128e-09	5.631543e+01	2.519261e+02
2.230000e-06	6.684115e-06	3.838232e-09	5.643422e+01	2.522449e+02
2.240000e-06	6.697044e-06	3.843646e-09	5.654338e+01	2.525375e+02
2.250000e-06	6.708657e-06	3.846262e-09	5.664143e+01	2.528028e+02
2.260000e-06	6.718714e-06	3.849553e-09	5.672634e+01	2.530394e+02
2.270000e-06	6.727326e-06	3.853635e-09	5.679906e+01	2.532460e+02
2.280000e-06	6.734784e-06	3.857398e-09	5.686202e+01	2.534215e+02
2.290000e-06	6.741153e-06	3.859701e-09	5.691579e+01	2.535651e+02
2.300000e-06	6.746360e-06	3.861443e-09	5.695976e+01	2.536765e+02
2.310000e-06	6.750521e-06	3.863360e-09	5.699489e+01	2.537555e+02
2.320000e-06	6.753723e-06	3.865022e-09	5.702192e+01	2.538028e+02
2.330000e-06	6.755598e-06	3.866533e-09	5.703776e+01	2.538197e+02
2.340000e-06	6.756041e-06	3.867719e-09	5.704150e+01	2.538077e+02
2.350000e-06	6.755427e-06	3.867459e-09	5.703631e+01	2.537692e+02
2.360000e-06	6.753780e-06	3.865961e-09	5.702241e+01	2.537070e+02
2.370000e-06	6.751039e-06	3.863602e-09	5.699927e+01	2.536241e+02
2.380000e-06	6.747309e-06	3.863059e-09	5.696777e+01	2.535241e+02
2.390000e-06	6.742618e-06	3.860402e-09	5.692817e+01	2.534103e+02
2.400000e-06	6.736637e-06	3.856478e-09	5.687766e+01	2.532863e+02
2.410000e-06	6.729284e-06	3.854520e-09	5.681559e+01	2.531551e+02
2.420000e-06	6.720947e-06	3.848792e-09	5.674520e+01	2.530196e+02
2.430000e-06	6.711604e-06	3.867027e-09	5.666632e+01	2.528822e+02
2.440000e-06	6.700888e-06	3.835049e-09	5.657584e+01	2.527442e+02
2.450000e-06	6.688237e-06	3.810738e-09	5.646903e+01	2.526067e+02
2.460000e-06	6.673550e-06	3.823192e-09	5.634502e+01	2.524696e+02
2.470000e-06	6.657670e-06	3.830321e-09	5.621094e+01	2.523321e+02
2.480000e-06	6.641395e-06	3.907602e-09	5.607353e+01	2.521925e+02
2.490000e-06	6.624411e-06	3.857439e-09	5.593014e+01	2.520483e+02
2.500000e-06	6.605960e-06	3.769070e-09	5.577436e+01	2.518964e+02
2.510000e-06	6.586339e-06	3.883921e-09	5.560870e+01	2.517332e+02
2.520000e-06	6.566031e-06	3.841446e-09	5.543723e+01	2.515546e+02
2.530000e-06	6.544369e-06	3.807097e-09	5.525435e+01	2.513562e+02
2.540000e-06	6.521063e-06	3.914392e-09	5.505757e+01	2.511337e+02
2.550000e-06	6.496716e-06	3.806469e-09	5.485200e+01	2.508828e+02
2.560000e-06	6.471488e-06	3.778929e-09	5.463901e+01	2.505996e+02
2.570000e-06	6.445282e-06	3.887833e-09	5.441775e+01	2.502805e+02
2.580000e-06	6.417937e-06	3.766937e-09	5.418687e+01	2.499226e+02
2.590000e-06	6.389344e-06	3.714372e-09	5.394546e+01	2.495235e+02
2.600000e-06	6.359780e-06	3.836693e-09	5.369585e+01	2.490815e+02
2.610000e-06	6.329002e-06	3.834863e-09	5.343599e+01	2.485958e+02
2.620000e-06	6.296780e-06	3.837579e-09	5.316394e+01	2.480661e+02
2.630000e-06	6.263467e-06	3.751506e-09	5.288268e+01	2.474931e+02
2.640000e-06	6.229074e-06	3.682439e-09	5.259229e+01	2.468777e+02
2.650000e-06	6.193627e-06	3.821814e-09	5.229302e+01	2.462216e+02
2.660000e-06	6.157307e-06	3.825088e-09	5.198636e+01	2.455268e+02
2.670000e-06	6.119802e-06	3.727941e-09	5.166971e+01	2.447957e+02
2.680000e-06	6.080899e-06	3.661795e-09	5.134124e+01	2.440307e+02
2.690000e-06	6.040810e-06	3.652009e-09	5.100278e+01	2.432344e+02
2.700000e-06	5.999787e-06	3.769947e-09	5.065642e+01	2.424092e+02
2.710000e-06	5.957855e-06	3.735780e-09	5.030239e+01	2.415574e+02
2.720000e-06	5.914854e-06	3.641428e-09	4.993933e+01	2.406811e+02
2.730000e-06	5.870886e-06	3.604987e-09	4.956811e+01	2.397819e+02
2.740000e-06	5.826055e-06	3.622055e-09	4.918959e+01	2.388613e+02
2.750000e-06	5.780255e-06	3.726855e-09	4.880290e+01	2.379202e+02
2.760000e-06	5.733377e-06	3.645968e-09	4.840711e+01	2.369592e+02
2.770000e-06	5.685352e-06	3.522722e-09	4.800163e+01	2.359786e+02
2.780000e-06	5.636293e-06	3.530675e-09	4.758742e+01	2.349782e+02
2.790000e-06	5.586228e-06	3.597610e-09	4.716472e+01	2.339576e+02
2.800000e-06	5.535164e-06	3.644809e-09	4.673359e+01	2.329161e+02
2.810000e-06	5.483109e-06	3.512931e-09	4.629409e+01	2.318528e+02
2.820000e-06	5.429735e-06	3.435135e-09	4.584345e+01	2.307666e+02
2.830000e-06	5.375017e-06	3.507569e-09	4.538146e+01	2.296564e+02
2.840000e-06	5.319271e-06	3.561080e-09	4.491079e+01	2.285209e+02
2.850000e-06	5.262683e-06	3.518261e-09	4.443302e+01	2.273589e+02
2.860000e-06	5.205243e-06	3.399668e-09	4.394805e+01	2.261693e+02
2.870000e-06	5.146809e-06	3.389263e-09	4.345469e+01	2.249509e+02
2.880000e-06	5.087536e-06	3.439906e-09	4.295425e+01	2.237029e+02
2.890000e-06	5.027601e-06	3.432432e-09	4.244821e+01	2.224243e+02
2.900000e-06	4.966781e-06	3.358874e-09	4.193471e+01	2.211146e+02
2.910000e-06	4.904779e-06	3.298219e-09	4.141122e+01	2.197732e+02
2.920000e-06	4.841677e-06	3.324594e-09	4.087845e+01	2.183999e+02
2.930000e-06	4.777690e-06	3.345228e-09	4.033821e+01	2.169945e+02
2.940000e-06	4.712936e-06	3.299438e-09	3.979149e+01	2.155573e+02
2.950000e-06	4.647465e-06	3.235334e-09	3.923871e+01	2.140883e+02
2.960000e-06	4.581181e-06	3.226840e-09	3.867907e+01	2.125881e+02
2.970000e-06	4.514091e-06	3.240042e-09	3.811263e+01	2.110570e+02
2.980000e-06	4.446262e-06	3.204824e-09	3.753995e+01	2.094957e+02
2.990000e-06	4.377725e-06	3.142522e-09	3.696129e+01	2.079047e+02
3.000000e-06	4.308301e-06	3.114534e-09	3.637514e+01	2.062845e+02
3.010000e-06	4.237836e-06	3.121082e-09	3.578020e+01	2.046357e+02
3.020000e-06	4.166540e-06	3.101095e-09	3.517825e+01	2.029584e+02
3.030000e-06	4.094517e-06	3.056788e-09	3.457015e+01	2.012528e+02
3.040000e-06	4.021812e-06	3.024978e-09	3.395631e+01	1.995188e+02
3.050000e-06	3.948487e-06	3.020314e-09	3.333722e+01	1.977558e+02
3.060000e-06	3.874514e-06	3.000313e-09	3.271266e+01	1.959632e+02
3.070000e-06	3.799890e-06	2.951766e-09	3.208261e+01	1.941397e+02
3.080000e-06	3.724631e-06	2.913236e-09	3.144719e+01	1.922841e+02
3.090000e-06	3.648606e-06	2.895020e-09	3.080531e+01	1.903945e+02
3.100000e-06	3.571804e-06	2.877173e-09	3.015687e+01	1.884689e+02
3.110000e-06	3.494255e-06	2.833093e-09	2.950212e+01	1.865050e+02
3.120000e-06	3.415910e-06	2.793862e-09	2.884065e+01	1.845005e+02
3.130000e-06	3.336860e-06	2.774966e-09	2.817323e+01	1.824528e+02
3.140000e-06	3.257139e-06	2.751168e-09	2.750014e+01	1.803596e+02
3.150000e-06	3.176801e-06	2.711678e-09	2.682185e+01	1.782186e+02
3.160000e-06	3.095936e-06	2.668222e-09	2.613910e+01	1.760278e+02
3.170000e-06	3.014631e-06	2.639328e-09	2.545264e+01	1.737852e+02
3.180000e-06	2.932829e-06	2.608750e-09	2.476198e+01	1.714897e+02
3.190000e-06	2.850478e-06	2.565661e-09	2.406668e+01	1.691402e+02
3.200000e-06	2.767689e-06	2.524764e-09	2.336770e+01	1.667363e+02
3.210000e-06	2.684527e-06	2.489192e-09	2.266556e+01	1.642781e+02
3.220000e-06	2.601019e-06	2.455943e-09	2.196050e+01	1.617660e+02
3.230000e-06	2.517121e-06	2.418035e-09	2.125214e+01	1.592009e+02
3.240000e-06	2.432766e-06	2.378067e-09	2.053993e+01	1.565842e+02
3.250000e-06	2.347963e-06	2.340561e-09	1.982393e+01	1.539172e+02
3.260000e-06	2.262663e-06	2.295869e-09	1.910374e+01	1.512017e+02
3.270000e-06	2.176907e-06	2.250874e-09	1.837971e+01	1.484391e+02
3.280000e-06	2.090731e-06	2.212713e-09	1.765212e+01	1.456311e+02
3.290000e-06	2.004099e-06	2.174541e-09	1.692068e+01	1.427790e+02
3.300000e-06	1.917049e-06	2.127316e-09	1.618572e+01	1.398836e+02
3.310000e-06	1.829614e-06	2.072526e-09	1.544750e+01	1.369455e+02
3.320000e-06	1.741809e-06	2.031672e-09	1.470616e+01	1.339647e+02
3.330000e-06	1.653678e-06	1.998698e-09	1.396206e+01	1.309408e+02
3.340000e-06	1.565310e-06	1.953636e-09	1.321597e+01	1.278728e+02
3.350000e-06	1.476766e-06	1.893232e-09	1.246839e+01	1.247592e+02
3.360000e-06	1.388045e-06	1.834005e-09	1.171932e+01	1.215982e+02
3.370000e-06	1.299121e-06	1.794408e-09	1.096852e+01	1.183876e+02
3.380000e-06	1.210012e-06	1.755007e-09	1.021617e+01	1.151250e+02
3.390000e-06	1.120707e-06	1.696890e-09	9.462173e+00	1.118081e+02
3.400000e-06	1.031199e-06	1.630730e-09	8.706454e+00	1.084344e+02
3.410000e-06	9.415130e-07	1.580980e-09	7.949228e+00	1.050017e+02
3.420000e-06	8.516349e-07	1.546620e-09	7.190384e+00	1.015080e+02
3.430000e-06	7.616157e-07	1.498523e-09	6.430348e+00	9.795201e+01
3.440000e-06	6.715289e-07	1.433288e-09	5.669743e+00	9.433246e+01
3.450000e-06	5.813517e-07	1.371281e-09	4.908373e+00	9.064878e+01
3.460000e-06	4.910372e-07	1.320653e-09	4.145845e+00	8.690083e+01
3.470000e-06	4.006357e-07	1.272321e-09	3.382582e+00	8.308888e+01
3.480000e-06	3.102443e-07	1.209372e-09	2.619404e+00	7.921356e+01
3.490000e-06	2.198141e-07	1.140474e-09	1.855898e+00	7.527574e+01
3.500000e-06	1.292877e-07	1.078877e-09	1.091581e+00	7.127640e+01
3.510000e-06	3.875939e-08	1.021770e-09	3.272470e-01	6.721653e+01
3.520000e-06	-5.177108e-08	9.641835e-10	-4.371051e-01	6.309695e+01
3.530000e-06	-1.422950e-07	8.986743e-10	-1.201402e+00	5.891821e+01
3.540000e-06	-2.327597e-07	8.289684e-10	-1.965198e+00	5.468048e+01
3.550000e-06	-3.231892e-07	7.596804e-10	-2.728698e+00	5.038347e+01
3.560000e-06	-4.135790e-07	6.958470e-10	-3.491863e+00	4.602635e+01
3.570000e-06	-5.038030e-07	6.368518e-10	-4.253627e+00	4.160783e+01
3.580000e-06	-5.939051e-07	5.687509e-10	-5.014362e+00	3.712613e+01
3.590000e-06	-6.839908e-07	4.918111e-10	-5.774959e+00	3.257911e+01
3.600000e-06	-7.740233e-07	4.193434e-10	-6.535106e+00	2.796440e+01
3.610000e-06	-8.638998e-07	3.570049e-10	-7.293937e+00	2.327956e+01
3.620000e-06	-9.535320e-07	2.950889e-10	-8.050705e+00	1.852228e+01
3.630000e-06	-1.042962e-06	2.184527e-10	-8.805765e+00	1.369065e+01
3.640000e-06	-1.132225e-06	1.366441e-10	-9.559418e+00	8.783321e+00
3.650000e-06	-1.221334e-06	6.102188e-11	-1.031176e+01	3.799760e+00
3.660000e-06	-1.310294e-06	-8.950169e-12	-1.106286e+01	-1.259537e+00
3.670000e-06	-1.399026e-06	-8.414617e-11	-1.181203e+01	-6.392877e+00
3.680000e-06	-1.487504e-06	-1.724393e-10	-1.255905e+01	-1.159723e+01
3.690000e-06	-1.575723e-06	-2.581683e-10	-1.330388e+01	-1.686816e+01
3.700000e-06	-1.663624e-06	-3.344568e-10	-1.404604e+01	-2.219975e+01
3.710000e-06	-1.751233e-06	-4.091693e-10	-1.478573e+01	-2.758466e+01
3.720000e-06	-1.838481e-06	-4.898145e-10	-1.552236e+01	-3.301421e+01
3.730000e-06	-1.925299e-06	-5.773894e-10	-1.625537e+01	-3.847848e+01
3.740000e-06	-2.011754e-06	-6.619016e-10	-1.698531e+01	-4.396653e+01
3.750000e-06	-2.097879e-06	-7.439309e-10	-1.771247e+01	-4.946661e+01
3.760000e-06	-2.183563e-06	-8.300551e-10	-1.843590e+01	-5.496641e+01
3.770000e-06	-2.268810e-06	-9.159729e-10	-1.915565e+01	-6.045332e+01
3.780000e-06	-2.353645e-06	-9.996471e-10	-1.987191e+01	-6.591475e+01
3.790000e-06	-2.438055e-06	-1.083241e-09	-2.058459e+01	-7.133833e+01
3.800000e-06	-2.522035e-06	-1.166828e-09	-2.129363e+01	-7.671226e+01
3.810000e-06	-2.605536e-06	-1.245861e-09	-2.199863e+01	-8.202542e+01
3.820000e-06	-2.688614e-06	-1.322249e-09	-2.270006e+01	-8.726767e+01
3.830000e-06	-2.771277e-06	-1.403946e-09	-2.339799e+01	-9.242993e+01
3.840000e-06	-2.853523e-06	-1.486953e-09	-2.409240e+01	-9.750429e+01
3.850000e-06	-2.935288e-06	-1.561415e-09	-2.478275e+01	-1.024841e+02
3.860000e-06	-3.016524e-06	-1.628569e-09	-2.546862e+01	-1.073640e+02
3.870000e-06	-3.097317e-06	-1.696200e-09	-2.615076e+01	-1.121397e+02
3.880000e-06	-3.177710e-06	-1.771878e-09	-2.682952e+01	-1.168083e+02
3.890000e-06	-3.257550e-06	-1.845287e-09	-2.750361e+01	-1.213679e+02
3.900000e-06	-3.336646e-06	-1.911766e-09	-2.817142e+01	-1.258173e+02
3.910000e-06	-3.415018e-06	-1.970966e-09	-2.883312e+01	-1.301565e+02
3.920000e-06	-3.492756e-06	-2.036519e-09	-2.948947e+01	-1.343859e+02
3.930000e-06	-3.569786e-06	-2.108650e-09	-3.013983e+01	-1.385066e+02
3.940000e-06	-3.645981e-06	-2.171888e-09	-3.078315e+01	-1.425202e+02
3.950000e-06	-3.721358e-06	-2.227407e-09	-3.141956e+01	-1.464283e+02
3.960000e-06	-3.796021e-06	-2.282860e-09	-3.204994e+01	-1.502330e+02
3.970000e-06	-3.870012e-06	-2.344003e-09	-3.267465e+01	-1.539363e+02
3.980000e-06	-3.943351e-06	-2.400673e-09	-3.329385e+01	-1.575406e+02
3.990000e-06	-4.016159e-06	-2.451274e-09	-3.390857e+01	-1.610479e+02
4.000000e-06	-4.088349e-06	-2.502438e-09	-3.451807e+01	-1.644604e+02
4.010000e-06	-4.159712e-06	-2.555087e-09	-3.512060e+01	-1.677802e+02
4.020000e-06	-4.230205e-06	-2.607486e-09	-3.571578e+01	-1.710093e+02
4.030000e-06	-4.299848e-06	-2.656031e-09	-3.630377e+01	-1.741498e+02
4.040000e-06	-4.368651e-06	-2.699898e-09	-3.688467e+01	-1.772035e+02
4.050000e-06	-4.436632e-06	-2.744197e-09	-3.745864e+01	-1.801724e+02
4.060000e-06	-4.503882e-06	-2.788489e-09	-3.802644e+01	-1.830581e+02
4.070000e-06	-4.570384e-06	-2.832039e-09	-3.858792e+01	-1.858625e+02
4.080000e-06	-4.636079e-06	-2.875952e-09	-3.914258e+01	-1.885873e+02
4.090000e-06	-4.701060e-06	-2.919972e-09	-3.969121e+01	-1.912342e+02
4.100000e-06	-4.765367e-06	-2.960311e-09	-4.023417e+01	-1.938047e+02
4.110000e-06	-4.828864e-06	-2.997637e-09	-4.077027e+01	-1.963003e+02
4.120000e-06	-4.891419e-06	-3.037644e-09	-4.129842e+01	-1.987227e+02
4.130000e-06	-4.952927e-06	-3.079637e-09	-4.181774e+01	-2.010731e+02
4.140000e-06	-5.013453e-06	-3.116681e-09	-4.232876e+01	-2.033530e+02
4.150000e-06	-5.073153e-06	-3.150018e-09	-4.283281e+01	-2.055636e+02
4.160000e-06	-5.132047e-06	-3.183312e-09	-4.333006e+01	-2.077063e+02
4.170000e-06	-5.190044e-06	-3.220569e-09	-4.381973e+01	-2.097822e+02
4.180000e-06	-5.247165e-06	-3.255704e-09	-4.430201e+01	-2.117926e+02
4.190000e-06	-5.303524e-06	-3.283866e-09	-4.477784e+01	-2.137385e+02
4.200000e-06	-5.358911e-06	-3.310461e-09	-4.524548e+01	-2.156213e+02
4.210000e-06	-5.413167e-06	-3.340424e-09	-4.570356e+01	-2.174420e+02
4.220000e-06	-5.466207e-06	-3.371846e-09	-4.615138e+01	-2.192019e+02
4.230000e-06	-5.518073e-06	-3.399855e-09	-4.658928e+01	-2.209022e+02
4.240000e-06	-5.568891e-06	-3.424494e-09	-4.701834e+01	-2.225441e+02
4.250000e-06	-5.618557e-06	-3.449193e-09	-4.743767e+01	-2.241289e+02
4.260000e-06	-5.667000e-06	-3.476705e-09	-4.784668e+01	-2.256579e+02
4.270000e-06	-5.714324e-06	-3.503927e-09	-4.824625e+01	-2.271323e+02
4.280000e-06	-5.760604e-06	-3.524990e-09	-4.863699e+01	-2.285532e+02
4.290000e-06	-5.805920e-06	-3.543037e-09	-4.901959e+01	-2.299220e+02
4.300000e-06	-5.850339e-06	-3.564605e-09	-4.939462e+01	-2.312396e+02
4.310000e-06	-5.893911e-06	-3.587461e-09	-4.976250e+01	-2.325072e+02
4.320000e-06	-5.936637e-06	-3.605962e-09	-5.012324e+01	-2.337257e+02
4.330000e-06	-5.978336e-06	-3.619631e-09	-5.047530e+01	-2.348960e+02
4.340000e-06	-6.019069e-06	-3.635416e-09	-5.081922e+01	-2.360189e+02
4.350000e-06	-6.058915e-06	-3.654090e-09	-5.115564e+01	-2.370951e+02
4.360000e-06	-6.097669e-06	-3.674330e-09	-5.148284e+01	-2.381254e+02
4.370000e-06	-6.135125e-06	-3.691369e-09	-5.179908e+01	-2.391105e+02
4.380000e-06	-6.171399e-06	-3.704745e-09	-5.210534e+01	-2.400510e+02
4.390000e-06	-6.206660e-06	-3.718234e-09	-5.240305e+01	-2.409479e+02
4.400000e-06	-6.240862e-06	-3.731956e-09	-5.269182e+01	-2.418020e+02
4.410000e-06	-6.274019e-06	-3.745199e-09	-5.297177e+01	-2.426143e+02
4.420000e-06	-6.306218e-06	-3.755679e-09	-5.324363e+01	-2.433860e+02
4.430000e-06	-6.337371e-06	-3.764524e-09	-5.350665e+01	-2.441184e+02
4.440000e-06	-6.367203e-06	-3.774630e-09	-5.375852e+01	-2.448130e+02
4.450000e-06	-6.395705e-06	-3.785907e-09	-5.399916e+01	-2.454715e+02
4.460000e-06	-6.423147e-06	-3.796621e-09	-5.423086e+01	-2.460955e+02
4.470000e-06	-6.449561e-06	-3.805678e-09	-5.445388e+01	-2.466868e+02
4.480000e-06	-6.474858e-06	-3.814591e-09	-5.466746e+01	-2.472473e+02
4.490000e-06	-6.499053e-06	-3.822845e-09	-5.487174e+01	-2.477787e+02
4.500000e-06	-6.522174e-06	-3.829216e-09	-5.506695e+01	-2.482826e+02
4.510000e-06	-6.543993e-06	-3.835711e-09	-5.525117e+01	-2.487603e+02
4.520000e-06	-6.564410e-06	-3.841469e-09	-5.542355e+01	-2.492131e+02
4.530000e-06	-6.583787e-06	-3.844266e-09	-5.558715e+01	-2.496417e+02
4.540000e-06	-6.602193e-06	-3.848046e-09	-5.574256e+01	-2.500467e+02
4.550000e-06	-6.619508e-06	-3.854987e-09	-5.588875e+01	-2.504280e+02
4.560000e-06	-6.635755e-06	-3.861913e-09	-5.602592e+01	-2.507854e+02
4.570000e-06	-6.650795e-06	-3.867762e-09	-5.615290e+01	-2.511182e+02
4.580000e-06	-6.664371e-06	-3.872920e-09	-5.626752e+01	-2.514255e+02
4.590000e-06	-6.676496e-06	-3.877498e-09	-5.636989e+01	-2.517062e+02
4.600000e-06	-6.687308e-06	-3.881950e-09	-5.646118e+01	-2.519588e+02
4.610000e-06	-6.696935e-06	-3.883699e-09	-5.654246e+01	-2.521822e+02
4.620000e-06	-6.705513e-06	-3.882375e-09	-5.661489e+01	-2.523751e+02
4.630000e-06	-6.713050e-06	-3.882156e-09	-5.667853e+01	-2.525365e+02
4.640000e-06	-6.719307e-06	-3.882644e-09	-5.673135e+01	-2.526658e+02
4.650000e-06	-6.724148e-06	-3.883776e-09	-5.677222e+01	-2.527627e+02
4.660000e-06	-6.727879e-06	-3.885510e-09	-5.680372e+01	-2.528275e+02
4.670000e-06	-6.730606e-06	-3.886635e-09	-5.682675e+01	-2.528611e+02
4.680000e-06	-6.732227e-06	-3.887135e-09	-5.684043e+01	-2.528649e+02
4.690000e-06	-6.732766e-06	-3.886464e-09	-5.684499e+01	-2.528408e+02
