# Temperatura_=_20.0
# Concentracion g/m^3_=_9000.0
# C_Vs_to_Am_M_A/Vsm_=_65563218390.804596
# pendiente_HvsI_1/m_=_3716.3
# ordenada_HvsI_A/m_=_1297.0
# frecuencia_Hz_=_301071.209179392

Tiempo_(s)	Campo_(V.s)	Magnetizacion_(V.s)	Campo_(kA/m)	Magnetizacion_(A/m)
0.000000e+00	-6.719615e-06	-5.051654e-09	-5.670659e+01	-3.320001e+02
1.000000e-08	-6.716540e-06	-5.053584e-09	-5.668064e+01	-3.318934e+02
2.000000e-08	-6.711289e-06	-5.052647e-09	-5.663633e+01	-3.317434e+02
3.000000e-08	-6.703978e-06	-5.049646e-09	-5.657463e+01	-3.315551e+02
4.000000e-08	-6.694365e-06	-5.047570e-09	-5.649351e+01	-3.313348e+02
5.000000e-08	-6.682258e-06	-5.045685e-09	-5.639133e+01	-3.310895e+02
6.000000e-08	-6.667729e-06	-5.044879e-09	-5.626873e+01	-3.308261e+02
7.000000e-08	-6.650882e-06	-5.050959e-09	-5.612655e+01	-3.305506e+02
8.000000e-08	-6.631836e-06	-5.053846e-09	-5.596583e+01	-3.302676e+02
9.000000e-08	-6.610466e-06	-5.052486e-09	-5.578549e+01	-3.299796e+02
1.000000e-07	-6.586492e-06	-5.054440e-09	-5.558317e+01	-3.296864e+02
1.100000e-07	-6.559852e-06	-5.045626e-09	-5.535835e+01	-3.293851e+02
1.200000e-07	-6.530838e-06	-5.009377e-09	-5.511351e+01	-3.290701e+02
1.300000e-07	-6.499920e-06	-4.966153e-09	-5.485259e+01	-3.287334e+02
1.400000e-07	-6.467217e-06	-4.953523e-09	-5.457661e+01	-3.283655e+02
1.500000e-07	-6.432500e-06	-4.971129e-09	-5.428364e+01	-3.279559e+02
1.600000e-07	-6.395704e-06	-5.048924e-09	-5.397311e+01	-3.274943e+02
1.700000e-07	-6.356872e-06	-5.010764e-09	-5.364541e+01	-3.269715e+02
1.800000e-07	-6.315748e-06	-4.901602e-09	-5.329837e+01	-3.263803e+02
1.900000e-07	-6.272141e-06	-4.926030e-09	-5.293037e+01	-3.257162e+02
2.000000e-07	-6.226282e-06	-4.949024e-09	-5.254337e+01	-3.249778e+02
2.100000e-07	-6.178070e-06	-4.937445e-09	-5.213651e+01	-3.241671e+02
2.200000e-07	-6.127161e-06	-4.896991e-09	-5.170689e+01	-3.232885e+02
2.300000e-07	-6.073722e-06	-4.837628e-09	-5.125592e+01	-3.223493e+02
2.400000e-07	-6.018051e-06	-4.852781e-09	-5.078612e+01	-3.213577e+02
2.500000e-07	-5.960141e-06	-4.897725e-09	-5.029742e+01	-3.203223e+02
2.600000e-07	-5.900044e-06	-4.897156e-09	-4.979026e+01	-3.192510e+02
2.700000e-07	-5.837896e-06	-4.849246e-09	-4.926580e+01	-3.181501e+02
2.800000e-07	-5.773722e-06	-4.795553e-09	-4.872423e+01	-3.170232e+02
2.900000e-07	-5.707418e-06	-4.800914e-09	-4.816469e+01	-3.158710e+02
3.000000e-07	-5.638959e-06	-4.837323e-09	-4.758698e+01	-3.146914e+02
3.100000e-07	-5.568485e-06	-4.804587e-09	-4.699224e+01	-3.134799e+02
3.200000e-07	-5.496106e-06	-4.697278e-09	-4.638144e+01	-3.122298e+02
3.300000e-07	-5.421586e-06	-4.681330e-09	-4.575257e+01	-3.109338e+02
3.400000e-07	-5.344778e-06	-4.727086e-09	-4.510439e+01	-3.095847e+02
3.500000e-07	-5.265857e-06	-4.698937e-09	-4.443837e+01	-3.081762e+02
3.600000e-07	-5.184830e-06	-4.647342e-09	-4.375460e+01	-3.067041e+02
3.700000e-07	-5.101979e-06	-4.615195e-09	-4.305542e+01	-3.051663e+02
3.800000e-07	-5.017523e-06	-4.592382e-09	-4.234270e+01	-3.035634e+02
3.900000e-07	-4.931464e-06	-4.590104e-09	-4.161644e+01	-3.018978e+02
4.000000e-07	-4.843850e-06	-4.588463e-09	-4.087708e+01	-3.001735e+02
4.100000e-07	-4.754399e-06	-4.528856e-09	-4.012221e+01	-2.983947e+02
4.200000e-07	-4.663083e-06	-4.476572e-09	-3.935159e+01	-2.965652e+02
4.300000e-07	-4.570142e-06	-4.492795e-09	-3.856726e+01	-2.946871e+02
4.400000e-07	-4.475651e-06	-4.493375e-09	-3.776986e+01	-2.927600e+02
4.500000e-07	-4.379572e-06	-4.433182e-09	-3.695905e+01	-2.907806e+02
4.600000e-07	-4.281741e-06	-4.386335e-09	-3.613346e+01	-2.887426e+02
4.700000e-07	-4.182340e-06	-4.373340e-09	-3.529462e+01	-2.866370e+02
4.800000e-07	-4.081487e-06	-4.339057e-09	-3.444352e+01	-2.844531e+02
4.900000e-07	-3.979185e-06	-4.291302e-09	-3.358020e+01	-2.821791e+02
5.000000e-07	-3.875586e-06	-4.247735e-09	-3.270593e+01	-2.798039e+02
5.100000e-07	-3.770460e-06	-4.199033e-09	-3.181878e+01	-2.773174e+02
5.200000e-07	-3.663799e-06	-4.159489e-09	-3.091867e+01	-2.747121e+02
5.300000e-07	-3.555882e-06	-4.136810e-09	-3.000796e+01	-2.719832e+02
5.400000e-07	-3.446747e-06	-4.095836e-09	-2.908698e+01	-2.691284e+02
5.500000e-07	-3.336458e-06	-4.041773e-09	-2.815625e+01	-2.661481e+02
5.600000e-07	-3.225117e-06	-4.009307e-09	-2.721664e+01	-2.630436e+02
5.700000e-07	-3.112487e-06	-3.978271e-09	-2.626616e+01	-2.598167e+02
5.800000e-07	-2.998375e-06	-3.921266e-09	-2.530318e+01	-2.564679e+02
5.900000e-07	-2.883012e-06	-3.857190e-09	-2.432964e+01	-2.529950e+02
6.000000e-07	-2.766594e-06	-3.805989e-09	-2.334719e+01	-2.493925e+02
6.100000e-07	-2.649180e-06	-3.751585e-09	-2.235633e+01	-2.456506e+02
6.200000e-07	-2.530815e-06	-3.685551e-09	-2.135745e+01	-2.417556e+02
6.300000e-07	-2.411632e-06	-3.613410e-09	-2.035167e+01	-2.376896e+02
6.400000e-07	-2.291640e-06	-3.547598e-09	-1.933907e+01	-2.334321e+02
6.500000e-07	-2.170686e-06	-3.485841e-09	-1.831834e+01	-2.289606e+02
6.600000e-07	-2.048768e-06	-3.414304e-09	-1.728948e+01	-2.242518e+02
6.700000e-07	-1.926109e-06	-3.331906e-09	-1.625436e+01	-2.192827e+02
6.800000e-07	-1.802823e-06	-3.250007e-09	-1.521396e+01	-2.140309e+02
6.900000e-07	-1.678895e-06	-3.173115e-09	-1.416814e+01	-2.084745e+02
7.000000e-07	-1.554370e-06	-3.088226e-09	-1.311727e+01	-2.025910e+02
7.100000e-07	-1.429326e-06	-2.993694e-09	-1.206203e+01	-1.963564e+02
7.200000e-07	-1.303886e-06	-2.893302e-09	-1.100345e+01	-1.897429e+02
7.300000e-07	-1.178034e-06	-2.787794e-09	-9.941387e+00	-1.827168e+02
7.400000e-07	-1.051753e-06	-2.677250e-09	-8.875708e+00	-1.752368e+02
7.500000e-07	-9.250920e-07	-2.556504e-09	-7.806819e+00	-1.672528e+02
7.600000e-07	-7.981222e-07	-2.418416e-09	-6.735325e+00	-1.587056e+02
7.700000e-07	-6.709525e-07	-2.269331e-09	-5.662144e+00	-1.495283e+02
7.800000e-07	-5.435506e-07	-2.116971e-09	-4.587004e+00	-1.396487e+02
7.900000e-07	-4.159788e-07	-1.954148e-09	-3.510430e+00	-1.289939e+02
8.000000e-07	-2.882990e-07	-1.772839e-09	-2.432945e+00	-1.174956e+02
8.100000e-07	-1.604643e-07	-1.579236e-09	-1.354153e+00	-1.050973e+02
8.200000e-07	-3.255347e-08	-1.380673e-09	-2.747175e-01	-9.176057e+01
8.300000e-07	9.536091e-08	-1.167044e-09	8.047473e-01	-7.747272e+01
8.400000e-07	2.232487e-07	-9.338754e-10	1.883988e+00	-6.225217e+01
8.500000e-07	3.510212e-07	-6.877173e-10	2.962255e+00	-4.615292e+01
8.600000e-07	4.786437e-07	-4.337065e-10	4.039257e+00	-2.926657e+01
8.700000e-07	6.061264e-07	-1.700517e-10	5.115079e+00	-1.172174e+01
8.800000e-07	7.334264e-07	1.057787e-10	6.189359e+00	6.319305e+00
8.900000e-07	8.605000e-07	3.900866e-10	7.261729e+00	2.466665e+01
9.000000e-07	9.872921e-07	6.756027e-10	8.331722e+00	4.311112e+01
9.100000e-07	1.113753e-06	9.542833e-10	9.398921e+00	6.143432e+01
9.200000e-07	1.239897e-06	1.224609e-09	1.046345e+01	7.941961e+01
9.300000e-07	1.365670e-06	1.489713e-09	1.152484e+01	9.686308e+01
9.400000e-07	1.491006e-06	1.745886e-09	1.258255e+01	1.135837e+02
9.500000e-07	1.615841e-06	1.985963e-09	1.363602e+01	1.294318e+02
9.600000e-07	1.740118e-06	2.207336e-09	1.468479e+01	1.442949e+02
9.700000e-07	1.863846e-06	2.414414e-09	1.572893e+01	1.581014e+02
9.800000e-07	1.986980e-06	2.608307e-09	1.676806e+01	1.708205e+02
9.900000e-07	2.109358e-06	2.784452e-09	1.780080e+01	1.824599e+02
1.000000e-06	2.230923e-06	2.941172e-09	1.882668e+01	1.930611e+02
1.010000e-06	2.351615e-06	3.085060e-09	1.984519e+01	2.026920e+02
1.020000e-06	2.471303e-06	3.220761e-09	2.085524e+01	2.114395e+02
1.030000e-06	2.590064e-06	3.343978e-09	2.185746e+01	2.194008e+02
1.040000e-06	2.707975e-06	3.453703e-09	2.285251e+01	2.266758e+02
1.050000e-06	2.824961e-06	3.553355e-09	2.383974e+01	2.333599e+02
1.060000e-06	2.940890e-06	3.649414e-09	2.481807e+01	2.395389e+02
1.070000e-06	3.055636e-06	3.742898e-09	2.578641e+01	2.452852e+02
1.080000e-06	3.169148e-06	3.828160e-09	2.674432e+01	2.506567e+02
1.090000e-06	3.281391e-06	3.902211e-09	2.769154e+01	2.556963e+02
1.100000e-06	3.392383e-06	3.972111e-09	2.862820e+01	2.604342e+02
1.110000e-06	3.502228e-06	4.040842e-09	2.955517e+01	2.648900e+02
1.120000e-06	3.611005e-06	4.103826e-09	3.047314e+01	2.690761e+02
1.130000e-06	3.718644e-06	4.160394e-09	3.138150e+01	2.730012e+02
1.140000e-06	3.824924e-06	4.212591e-09	3.227840e+01	2.766729e+02
1.150000e-06	3.929670e-06	4.262640e-09	3.316234e+01	2.801001e+02
1.160000e-06	4.032934e-06	4.310416e-09	3.403378e+01	2.832945e+02
1.170000e-06	4.134805e-06	4.355045e-09	3.489347e+01	2.862709e+02
1.180000e-06	4.235277e-06	4.394855e-09	3.574135e+01	2.890471e+02
1.190000e-06	4.334312e-06	4.432037e-09	3.657710e+01	2.916430e+02
1.200000e-06	4.431692e-06	4.467547e-09	3.739889e+01	2.940791e+02
1.210000e-06	4.527310e-06	4.502791e-09	3.820581e+01	2.963751e+02
1.220000e-06	4.621310e-06	4.537212e-09	3.899907e+01	2.985488e+02
1.230000e-06	4.713857e-06	4.567966e-09	3.978007e+01	3.006146e+02
1.240000e-06	4.804851e-06	4.594915e-09	4.054797e+01	3.025838e+02
1.250000e-06	4.894041e-06	4.620910e-09	4.130064e+01	3.044639e+02
1.260000e-06	4.981386e-06	4.648806e-09	4.203774e+01	3.062593e+02
1.270000e-06	5.067042e-06	4.675959e-09	4.276059e+01	3.079720e+02
1.280000e-06	5.151044e-06	4.699606e-09	4.346947e+01	3.096027e+02
1.290000e-06	5.233268e-06	4.721214e-09	4.416337e+01	3.111520e+02
1.300000e-06	5.313544e-06	4.745334e-09	4.484081e+01	3.126209e+02
1.310000e-06	5.391870e-06	4.769189e-09	4.550180e+01	3.140116e+02
1.320000e-06	5.468315e-06	4.788554e-09	4.614691e+01	3.153280e+02
1.330000e-06	5.542637e-06	4.805604e-09	4.677412e+01	3.165753e+02
1.340000e-06	5.614813e-06	4.823418e-09	4.738320e+01	3.177600e+02
1.350000e-06	5.684991e-06	4.840722e-09	4.797544e+01	3.188891e+02
1.360000e-06	5.753224e-06	4.857344e-09	4.855125e+01	3.199693e+02
1.370000e-06	5.819433e-06	4.874405e-09	4.910999e+01	3.210063e+02
1.380000e-06	5.883480e-06	4.890474e-09	4.965048e+01	3.220045e+02
1.390000e-06	5.945500e-06	4.906640e-09	5.017386e+01	3.229660e+02
1.400000e-06	6.005613e-06	4.922465e-09	5.068115e+01	3.238912e+02
1.410000e-06	6.063607e-06	4.937049e-09	5.117057e+01	3.247784e+02
1.420000e-06	6.119379e-06	4.950263e-09	5.164122e+01	3.256245e+02
1.430000e-06	6.172954e-06	4.962519e-09	5.209334e+01	3.264256e+02
1.440000e-06	6.224120e-06	4.975151e-09	5.252513e+01	3.271775e+02
1.450000e-06	6.272700e-06	4.987407e-09	5.293509e+01	3.278768e+02
1.460000e-06	6.318860e-06	4.998702e-09	5.332463e+01	3.285211e+02
1.470000e-06	6.362887e-06	5.007517e-09	5.369618e+01	3.291098e+02
1.480000e-06	6.404642e-06	5.017075e-09	5.404854e+01	3.296440e+02
1.490000e-06	6.443953e-06	5.027039e-09	5.438029e+01	3.301267e+02
1.500000e-06	6.481089e-06	5.036319e-09	5.469368e+01	3.305627e+02
1.510000e-06	6.516142e-06	5.045804e-09	5.498949e+01	3.309574e+02
1.520000e-06	6.548838e-06	5.053071e-09	5.526541e+01	3.313173e+02
1.530000e-06	6.579182e-06	5.059994e-09	5.552148e+01	3.316483e+02
1.540000e-06	6.607375e-06	5.067477e-09	5.575940e+01	3.319559e+02
1.550000e-06	6.633203e-06	5.074128e-09	5.597736e+01	3.322442e+02
1.560000e-06	6.656527e-06	5.078276e-09	5.617419e+01	3.325154e+02
1.570000e-06	6.677618e-06	5.081887e-09	5.635218e+01	3.327702e+02
1.580000e-06	6.696482e-06	5.087435e-09	5.651138e+01	3.330071e+02
1.590000e-06	6.712918e-06	5.093009e-09	5.665007e+01	3.332230e+02
1.600000e-06	6.726889e-06	5.098273e-09	5.676797e+01	3.334137e+02
1.610000e-06	6.738329e-06	5.103991e-09	5.686451e+01	3.335738e+02
1.620000e-06	6.747131e-06	5.108271e-09	5.693880e+01	3.336981e+02
1.630000e-06	6.753461e-06	5.110958e-09	5.699221e+01	3.337815e+02
1.640000e-06	6.757571e-06	5.111990e-09	5.702690e+01	3.338201e+02
1.650000e-06	6.759301e-06	5.110609e-09	5.704150e+01	3.338112e+02
1.660000e-06	6.758587e-06	5.110394e-09	5.703548e+01	3.337543e+02
1.670000e-06	6.755704e-06	5.107978e-09	5.701114e+01	3.336504e+02
1.680000e-06	6.750710e-06	5.104388e-09	5.696900e+01	3.335029e+02
1.690000e-06	6.743444e-06	5.103031e-09	5.690769e+01	3.333168e+02
1.700000e-06	6.733944e-06	5.102931e-09	5.682752e+01	3.330981e+02
1.710000e-06	6.722233e-06	5.103304e-09	5.672869e+01	3.328539e+02
1.720000e-06	6.708101e-06	5.095523e-09	5.660942e+01	3.325911e+02
1.730000e-06	6.691756e-06	5.076263e-09	5.647149e+01	3.323159e+02
1.740000e-06	6.673313e-06	5.062569e-09	5.631585e+01	3.320330e+02
1.750000e-06	6.652182e-06	5.037567e-09	5.613752e+01	3.317449e+02
1.760000e-06	6.627875e-06	5.028672e-09	5.593240e+01	3.314517e+02
1.770000e-06	6.600820e-06	5.044388e-09	5.570409e+01	3.311507e+02
1.780000e-06	6.571710e-06	5.054473e-09	5.545842e+01	3.308365e+02
1.790000e-06	6.540684e-06	5.083544e-09	5.519660e+01	3.305012e+02
1.800000e-06	6.508048e-06	5.118330e-09	5.492118e+01	3.301355e+02
1.810000e-06	6.473568e-06	5.014894e-09	5.463021e+01	3.297288e+02
1.820000e-06	6.436622e-06	4.983815e-09	5.431843e+01	3.292708e+02
1.830000e-06	6.397416e-06	5.067803e-09	5.398756e+01	3.287523e+02
1.840000e-06	6.356025e-06	5.055538e-09	5.363826e+01	3.281657e+02
1.850000e-06	6.312470e-06	5.046271e-09	5.327070e+01	3.275065e+02
1.860000e-06	6.266816e-06	4.959570e-09	5.288544e+01	3.267730e+02
1.870000e-06	6.218764e-06	4.910922e-09	5.247993e+01	3.259669e+02
1.880000e-06	6.168417e-06	5.021060e-09	5.205505e+01	3.250926e+02
1.890000e-06	6.115640e-06	5.055260e-09	5.160967e+01	3.241570e+02
1.900000e-06	6.060287e-06	4.946910e-09	5.114254e+01	3.231684e+02
1.910000e-06	6.002705e-06	4.809776e-09	5.065661e+01	3.221354e+02
1.920000e-06	5.943033e-06	4.851963e-09	5.015304e+01	3.210661e+02
1.930000e-06	5.881263e-06	4.982437e-09	4.963177e+01	3.199667e+02
1.940000e-06	5.817225e-06	4.915779e-09	4.909135e+01	3.188412e+02
1.950000e-06	5.751101e-06	4.777724e-09	4.853333e+01	3.176904e+02
1.960000e-06	5.682972e-06	4.753819e-09	4.795839e+01	3.165125e+02
1.970000e-06	5.612549e-06	4.853616e-09	4.736410e+01	3.153030e+02
1.980000e-06	5.540059e-06	4.871679e-09	4.675236e+01	3.140555e+02
1.990000e-06	5.465640e-06	4.780543e-09	4.612434e+01	3.127626e+02
2.000000e-06	5.389129e-06	4.703886e-09	4.547867e+01	3.114171e+02
2.010000e-06	5.310464e-06	4.694856e-09	4.481481e+01	3.100126e+02
2.020000e-06	5.229769e-06	4.772949e-09	4.413384e+01	3.085447e+02
2.030000e-06	5.147260e-06	4.759102e-09	4.343754e+01	3.070113e+02
2.040000e-06	5.063033e-06	4.635025e-09	4.272675e+01	3.054125e+02
2.050000e-06	4.976955e-06	4.573477e-09	4.200034e+01	3.037509e+02
2.060000e-06	4.888920e-06	4.629157e-09	4.125742e+01	3.020302e+02
2.070000e-06	4.799147e-06	4.647252e-09	4.049983e+01	3.002547e+02
2.080000e-06	4.707824e-06	4.551780e-09	3.972916e+01	2.984284e+02
2.090000e-06	4.614946e-06	4.468089e-09	3.894536e+01	2.965533e+02
2.100000e-06	4.520250e-06	4.467784e-09	3.814623e+01	2.946294e+02
2.110000e-06	4.423848e-06	4.495572e-09	3.733269e+01	2.926534e+02
2.120000e-06	4.326057e-06	4.456681e-09	3.650744e+01	2.906195e+02
2.130000e-06	4.226854e-06	4.375684e-09	3.567027e+01	2.885186e+02
2.140000e-06	4.126222e-06	4.330750e-09	3.482104e+01	2.863402e+02
2.150000e-06	4.023899e-06	4.341287e-09	3.395754e+01	2.840727e+02
2.160000e-06	3.919934e-06	4.335022e-09	3.308018e+01	2.817046e+02
2.170000e-06	3.814639e-06	4.267357e-09	3.219160e+01	2.792260e+02
2.180000e-06	3.708057e-06	4.197997e-09	3.129216e+01	2.766290e+02
2.190000e-06	3.600353e-06	4.177106e-09	3.038325e+01	2.739085e+02
2.200000e-06	3.491515e-06	4.162012e-09	2.946477e+01	2.710624e+02
2.210000e-06	3.381313e-06	4.098318e-09	2.853478e+01	2.680905e+02
2.220000e-06	3.269737e-06	4.020911e-09	2.759320e+01	2.649944e+02
2.230000e-06	3.156979e-06	3.973269e-09	2.664163e+01	2.617759e+02
2.240000e-06	3.043083e-06	3.943052e-09	2.568047e+01	2.584353e+02
2.250000e-06	2.928091e-06	3.889533e-09	2.471005e+01	2.549710e+02
2.260000e-06	2.812018e-06	3.818601e-09	2.373052e+01	2.513776e+02
2.270000e-06	2.694773e-06	3.761843e-09	2.274109e+01	2.476457e+02
2.280000e-06	2.576268e-06	3.719655e-09	2.174103e+01	2.437617e+02
2.290000e-06	2.456696e-06	3.663105e-09	2.073197e+01	2.397082e+02
2.300000e-06	2.336296e-06	3.586454e-09	1.971592e+01	2.354647e+02
2.310000e-06	2.215120e-06	3.515708e-09	1.869332e+01	2.310088e+02
2.320000e-06	2.093282e-06	3.456268e-09	1.766513e+01	2.263174e+02
2.330000e-06	1.970759e-06	3.386817e-09	1.663116e+01	2.213672e+02
2.340000e-06	1.847520e-06	3.297050e-09	1.559116e+01	2.161359e+02
2.350000e-06	1.723738e-06	3.200318e-09	1.454657e+01	2.106015e+02
2.360000e-06	1.599494e-06	3.111421e-09	1.349807e+01	2.047418e+02
2.370000e-06	1.474660e-06	3.029496e-09	1.244461e+01	1.985327e+02
2.380000e-06	1.349128e-06	2.931175e-09	1.138525e+01	1.919469e+02
2.390000e-06	1.222995e-06	2.811456e-09	1.032081e+01	1.849511e+02
2.400000e-06	1.096366e-06	2.695422e-09	9.252195e+00	1.775046e+02
2.410000e-06	9.693112e-07	2.590956e-09	8.179982e+00	1.695581e+02
2.420000e-06	8.419856e-07	2.470592e-09	7.105486e+00	1.610529e+02
2.430000e-06	7.143976e-07	2.318468e-09	6.028776e+00	1.519225e+02
2.440000e-06	5.865497e-07	2.159559e-09	4.949872e+00	1.420951e+02
2.450000e-06	4.585540e-07	2.007820e-09	3.869721e+00	1.314976e+02
2.460000e-06	3.304427e-07	1.845356e-09	2.788594e+00	1.200612e+02
2.470000e-06	2.021549e-07	1.655034e-09	1.705978e+00	1.077283e+02
2.480000e-06	7.374023e-08	1.442059e-09	6.222912e-01	9.445894e+01
2.490000e-06	-5.471187e-08	1.224286e-09	-4.617115e-01	8.023840e+01
2.500000e-06	-1.831692e-07	1.005407e-09	-1.545758e+00	6.508270e+01
2.510000e-06	-3.115275e-07	7.680324e-10	-2.628970e+00	4.904321e+01
2.520000e-06	-4.397600e-07	5.058284e-10	-3.711119e+00	3.220883e+01
2.530000e-06	-5.678517e-07	2.328939e-10	-4.792080e+00	1.470560e+01
2.540000e-06	-6.957209e-07	-3.744634e-11	-5.871164e+00	-3.306425e+00
2.550000e-06	-8.233118e-07	-3.112166e-10	-6.947899e+00	-2.163907e+01
2.560000e-06	-9.505843e-07	-5.987504e-10	-8.021947e+00	-4.008421e+01
2.570000e-06	-1.077481e-06	-8.892876e-10	-9.092826e+00	-5.842376e+01
2.580000e-06	-1.203969e-06	-1.167850e-09	-1.016025e+01	-7.644057e+01
2.590000e-06	-1.329998e-06	-1.432361e-09	-1.122380e+01	-9.392949e+01
2.600000e-06	-1.455507e-06	-1.687639e-09	-1.228297e+01	-1.107076e+02
2.610000e-06	-1.580402e-06	-1.934266e-09	-1.333696e+01	-1.266226e+02
2.620000e-06	-1.704596e-06	-2.164595e-09	-1.438502e+01	-1.415593e+02
2.630000e-06	-1.828084e-06	-2.373241e-09	-1.542714e+01	-1.554432e+02
2.640000e-06	-1.950938e-06	-2.566039e-09	-1.646389e+01	-1.682405e+02
2.650000e-06	-2.073159e-06	-2.747601e-09	-1.749532e+01	-1.799565e+02
2.660000e-06	-2.194673e-06	-2.915037e-09	-1.852077e+01	-1.906302e+02
2.670000e-06	-2.315483e-06	-3.065475e-09	-1.954028e+01	-2.003282e+02
2.680000e-06	-2.435491e-06	-3.200369e-09	-2.055302e+01	-2.091360e+02
2.690000e-06	-2.554562e-06	-3.323790e-09	-2.155785e+01	-2.171506e+02
2.700000e-06	-2.672652e-06	-3.439251e-09	-2.255441e+01	-2.244718e+02
2.710000e-06	-2.789591e-06	-3.543562e-09	-2.354126e+01	-2.311956e+02
2.720000e-06	-2.905260e-06	-3.635233e-09	-2.451739e+01	-2.374085e+02
2.730000e-06	-3.019770e-06	-3.719789e-09	-2.548373e+01	-2.431840e+02
2.740000e-06	-3.133109e-06	-3.801596e-09	-2.644019e+01	-2.485811e+02
2.750000e-06	-3.245162e-06	-3.880188e-09	-2.738580e+01	-2.536437e+02
2.760000e-06	-3.355857e-06	-3.953388e-09	-2.831996e+01	-2.584028e+02
2.770000e-06	-3.465342e-06	-4.020558e-09	-2.924390e+01	-2.628786e+02
2.780000e-06	-3.573732e-06	-4.083098e-09	-3.015860e+01	-2.670841e+02
2.790000e-06	-3.680977e-06	-4.143759e-09	-3.106363e+01	-2.710280e+02
2.800000e-06	-3.787062e-06	-4.200878e-09	-3.195888e+01	-2.747180e+02
2.810000e-06	-3.891814e-06	-4.254179e-09	-3.284288e+01	-2.781627e+02
2.820000e-06	-3.995071e-06	-4.306638e-09	-3.371427e+01	-2.813737e+02
2.830000e-06	-4.096809e-06	-4.357121e-09	-3.457283e+01	-2.843655e+02
2.840000e-06	-4.197054e-06	-4.402696e-09	-3.541878e+01	-2.871558e+02
2.850000e-06	-4.295832e-06	-4.445499e-09	-3.625237e+01	-2.897644e+02
2.860000e-06	-4.393125e-06	-4.484351e-09	-3.707343e+01	-2.922116e+02
2.870000e-06	-4.488939e-06	-4.519098e-09	-3.788200e+01	-2.945174e+02
2.880000e-06	-4.583192e-06	-4.551972e-09	-3.867739e+01	-2.966997e+02
2.890000e-06	-4.675818e-06	-4.583512e-09	-3.945906e+01	-2.987732e+02
2.900000e-06	-4.766800e-06	-4.614534e-09	-4.022686e+01	-3.007495e+02
2.910000e-06	-4.856126e-06	-4.643464e-09	-4.098067e+01	-3.026362e+02
2.920000e-06	-4.943706e-06	-4.671214e-09	-4.171975e+01	-3.044379e+02
2.930000e-06	-5.029417e-06	-4.697442e-09	-4.244307e+01	-3.061569e+02
2.940000e-06	-5.113344e-06	-4.722077e-09	-4.315133e+01	-3.077939e+02
2.950000e-06	-5.195604e-06	-4.746111e-09	-4.384552e+01	-3.093494e+02
2.960000e-06	-5.276112e-06	-4.769646e-09	-4.452492e+01	-3.108244e+02
2.970000e-06	-5.354590e-06	-4.791897e-09	-4.518719e+01	-3.122210e+02
2.980000e-06	-5.430875e-06	-4.812257e-09	-4.583096e+01	-3.135429e+02
2.990000e-06	-5.505117e-06	-4.831187e-09	-4.645749e+01	-3.147954e+02
3.000000e-06	-5.577394e-06	-4.850162e-09	-4.706743e+01	-3.159848e+02
3.010000e-06	-5.647564e-06	-4.868330e-09	-4.765959e+01	-3.171180e+02
3.020000e-06	-5.715629e-06	-4.884485e-09	-4.823398e+01	-3.182019e+02
3.030000e-06	-5.781708e-06	-4.898844e-09	-4.879162e+01	-3.192423e+02
3.040000e-06	-5.845790e-06	-4.913177e-09	-4.933241e+01	-3.202435e+02
3.050000e-06	-5.907712e-06	-4.926722e-09	-4.985497e+01	-3.212080e+02
3.060000e-06	-5.967429e-06	-4.938856e-09	-5.035892e+01	-3.221363e+02
3.070000e-06	-6.025063e-06	-4.951125e-09	-5.084529e+01	-3.230267e+02
3.080000e-06	-6.080642e-06	-4.964114e-09	-5.131432e+01	-3.238763e+02
3.090000e-06	-6.133882e-06	-4.976238e-09	-5.176361e+01	-3.246811e+02
3.100000e-06	-6.184535e-06	-4.985818e-09	-5.219107e+01	-3.254371e+02
3.110000e-06	-6.232692e-06	-4.994077e-09	-5.259746e+01	-3.261407e+02
3.120000e-06	-6.278617e-06	-5.001915e-09	-5.298503e+01	-3.267894e+02
3.130000e-06	-6.322511e-06	-5.009547e-09	-5.335545e+01	-3.273824e+02
3.140000e-06	-6.364361e-06	-5.016314e-09	-5.370862e+01	-3.279208e+02
3.150000e-06	-6.404064e-06	-5.021881e-09	-5.404367e+01	-3.284076e+02
3.160000e-06	-6.441488e-06	-5.028683e-09	-5.435949e+01	-3.288470e+02
3.170000e-06	-6.476644e-06	-5.035853e-09	-5.465616e+01	-3.292450e+02
3.180000e-06	-6.509588e-06	-5.041558e-09	-5.493418e+01	-3.296075e+02
3.190000e-06	-6.540164e-06	-5.045390e-09	-5.519221e+01	-3.299409e+02
3.200000e-06	-6.568338e-06	-5.047439e-09	-5.542997e+01	-3.302504e+02
3.210000e-06	-6.594257e-06	-5.047751e-09	-5.564869e+01	-3.305403e+02
3.220000e-06	-6.617826e-06	-5.049660e-09	-5.584760e+01	-3.308132e+02
3.230000e-06	-6.638964e-06	-5.052089e-09	-5.602598e+01	-3.310696e+02
3.240000e-06	-6.657802e-06	-5.051077e-09	-5.618495e+01	-3.313082e+02
3.250000e-06	-6.674381e-06	-5.051038e-09	-5.632486e+01	-3.315262e+02
3.260000e-06	-6.688410e-06	-5.053398e-09	-5.644325e+01	-3.317193e+02
3.270000e-06	-6.699823e-06	-5.056238e-09	-5.653956e+01	-3.318822e+02
3.280000e-06	-6.708909e-06	-5.057908e-09	-5.661624e+01	-3.320096e+02
3.290000e-06	-6.715612e-06	-5.058442e-09	-5.667281e+01	-3.320965e+02
3.300000e-06	-6.719821e-06	-5.056262e-09	-5.670833e+01	-3.321388e+02
3.310000e-06	-6.721732e-06	-5.053933e-09	-5.672446e+01	-3.321338e+02
3.320000e-06	-6.721363e-06	-5.052802e-09	-5.672134e+01	-3.320807e+02
