# Temperatura_=_20.0
# Concentracion g/m^3_=_12600.0
# C_Vs_to_Am_M_A/Vsm_=_65563218390.804596
# pendiente_HvsI_1/m_=_3716.3
# ordenada_HvsI_A/m_=_1297.0
# frecuencia_Hz_=_135358.81855086304

Tiempo_(s)	Campo_(V.s)	Magnetizacion_(V.s)	Campo_(kA/m)	Magnetizacion_(A/m)
0.000000e+00	-6.576936e-06	-4.789874e-09	-4.771898e+01	-3.067418e+02
1.000000e-08	-6.577186e-06	-4.788666e-09	-4.772079e+01	-3.067010e+02
2.000000e-08	-6.577111e-06	-4.784421e-09	-4.772025e+01	-3.066367e+02
3.000000e-08	-6.576539e-06	-4.780634e-09	-4.771610e+01	-3.065481e+02
4.000000e-08	-6.575318e-06	-4.781929e-09	-4.770723e+01	-3.064347e+02
5.000000e-08	-6.573397e-06	-4.779627e-09	-4.769330e+01	-3.062964e+02
6.000000e-08	-6.570797e-06	-4.776145e-09	-4.767444e+01	-3.061328e+02
7.000000e-08	-6.567613e-06	-4.780665e-09	-4.765133e+01	-3.059440e+02
8.000000e-08	-6.564007e-06	-4.780190e-09	-4.762517e+01	-3.057304e+02
9.000000e-08	-6.560009e-06	-4.739793e-09	-4.759616e+01	-3.054924e+02
1.000000e-07	-6.555494e-06	-4.698957e-09	-4.756341e+01	-3.052306e+02
1.100000e-07	-6.550320e-06	-4.764075e-09	-4.752586e+01	-3.049461e+02
1.200000e-07	-6.544566e-06	-4.880677e-09	-4.748411e+01	-3.046399e+02
1.300000e-07	-6.538500e-06	-4.829267e-09	-4.744011e+01	-3.043135e+02
1.400000e-07	-6.532243e-06	-4.612259e-09	-4.739471e+01	-3.039682e+02
1.500000e-07	-6.525622e-06	-4.596130e-09	-4.734667e+01	-3.036058e+02
1.600000e-07	-6.518522e-06	-4.819542e-09	-4.729516e+01	-3.032282e+02
1.700000e-07	-6.511021e-06	-4.894572e-09	-4.724073e+01	-3.028372e+02
1.800000e-07	-6.503141e-06	-4.751796e-09	-4.718356e+01	-3.024350e+02
1.900000e-07	-6.494882e-06	-4.646605e-09	-4.712363e+01	-3.020234e+02
2.000000e-07	-6.486194e-06	-4.669180e-09	-4.706060e+01	-3.016047e+02
2.100000e-07	-6.477151e-06	-4.761344e-09	-4.699499e+01	-3.011808e+02
2.200000e-07	-6.467572e-06	-4.851304e-09	-4.692549e+01	-3.007538e+02
2.300000e-07	-6.457107e-06	-4.753671e-09	-4.684956e+01	-3.003256e+02
2.400000e-07	-6.445972e-06	-4.546340e-09	-4.676876e+01	-2.998978e+02
2.500000e-07	-6.434348e-06	-4.551418e-09	-4.668443e+01	-2.994723e+02
2.600000e-07	-6.422105e-06	-4.779387e-09	-4.659560e+01	-2.990503e+02
2.700000e-07	-6.409252e-06	-4.729400e-09	-4.650234e+01	-2.986331e+02
2.800000e-07	-6.395938e-06	-4.431928e-09	-4.640575e+01	-2.982217e+02
2.900000e-07	-6.382173e-06	-4.413834e-09	-4.630587e+01	-2.978169e+02
3.000000e-07	-6.367852e-06	-4.675666e-09	-4.620197e+01	-2.974192e+02
3.100000e-07	-6.352964e-06	-4.633345e-09	-4.609394e+01	-2.970288e+02
3.200000e-07	-6.337350e-06	-4.371965e-09	-4.598066e+01	-2.966458e+02
3.300000e-07	-6.321120e-06	-4.349935e-09	-4.586290e+01	-2.962700e+02
3.400000e-07	-6.304541e-06	-4.423170e-09	-4.574261e+01	-2.959008e+02
3.500000e-07	-6.287619e-06	-4.433659e-09	-4.561984e+01	-2.955376e+02
3.600000e-07	-6.270267e-06	-4.481778e-09	-4.549394e+01	-2.951795e+02
3.700000e-07	-6.252424e-06	-4.445059e-09	-4.536448e+01	-2.948254e+02
3.800000e-07	-6.234157e-06	-4.240073e-09	-4.523194e+01	-2.944740e+02
3.900000e-07	-6.215481e-06	-4.289325e-09	-4.509644e+01	-2.941239e+02
4.000000e-07	-6.196395e-06	-4.537284e-09	-4.495796e+01	-2.937738e+02
4.100000e-07	-6.176897e-06	-4.466357e-09	-4.481649e+01	-2.934221e+02
4.200000e-07	-6.157061e-06	-4.198804e-09	-4.467258e+01	-2.930671e+02
4.300000e-07	-6.136974e-06	-4.238344e-09	-4.452683e+01	-2.927073e+02
4.400000e-07	-6.116541e-06	-4.460047e-09	-4.437858e+01	-2.923411e+02
4.500000e-07	-6.095641e-06	-4.485236e-09	-4.422694e+01	-2.919669e+02
4.600000e-07	-6.074286e-06	-4.305627e-09	-4.407200e+01	-2.915832e+02
4.700000e-07	-6.052576e-06	-4.219115e-09	-4.391448e+01	-2.911887e+02
4.800000e-07	-6.030500e-06	-4.332980e-09	-4.375431e+01	-2.907820e+02
4.900000e-07	-6.007970e-06	-4.437598e-09	-4.359084e+01	-2.903620e+02
5.000000e-07	-5.984995e-06	-4.348186e-09	-4.342414e+01	-2.899277e+02
5.100000e-07	-5.961628e-06	-4.238058e-09	-4.325461e+01	-2.894780e+02
5.200000e-07	-5.937986e-06	-4.258199e-09	-4.308307e+01	-2.890123e+02
5.300000e-07	-5.914109e-06	-4.319549e-09	-4.290983e+01	-2.885300e+02
5.400000e-07	-5.889844e-06	-4.326845e-09	-4.273378e+01	-2.880304e+02
5.500000e-07	-5.864899e-06	-4.278328e-09	-4.255279e+01	-2.875134e+02
5.600000e-07	-5.839081e-06	-4.206545e-09	-4.236546e+01	-2.869787e+02
5.700000e-07	-5.812531e-06	-4.213789e-09	-4.217284e+01	-2.864263e+02
5.800000e-07	-5.785496e-06	-4.291557e-09	-4.197668e+01	-2.858560e+02
5.900000e-07	-5.758126e-06	-4.288473e-09	-4.177810e+01	-2.852681e+02
6.000000e-07	-5.730508e-06	-4.198450e-09	-4.157771e+01	-2.846627e+02
6.100000e-07	-5.702660e-06	-4.178092e-09	-4.137566e+01	-2.840400e+02
6.200000e-07	-5.674490e-06	-4.233203e-09	-4.117128e+01	-2.834005e+02
6.300000e-07	-5.645910e-06	-4.239800e-09	-4.096391e+01	-2.827444e+02
6.400000e-07	-5.616937e-06	-4.182163e-09	-4.075370e+01	-2.820721e+02
6.500000e-07	-5.587570e-06	-4.150417e-09	-4.054063e+01	-2.813840e+02
6.600000e-07	-5.557809e-06	-4.169274e-09	-4.032469e+01	-2.806805e+02
6.700000e-07	-5.527696e-06	-4.171509e-09	-4.010622e+01	-2.799619e+02
6.800000e-07	-5.497214e-06	-4.141489e-09	-3.988505e+01	-2.792286e+02
6.900000e-07	-5.466316e-06	-4.123123e-09	-3.966087e+01	-2.784810e+02
7.000000e-07	-5.435084e-06	-4.125612e-09	-3.943427e+01	-2.777193e+02
7.100000e-07	-5.403582e-06	-4.111813e-09	-3.920571e+01	-2.769438e+02
7.200000e-07	-5.371822e-06	-4.091238e-09	-3.897527e+01	-2.761549e+02
7.300000e-07	-5.339817e-06	-4.080232e-09	-3.874305e+01	-2.753527e+02
7.400000e-07	-5.307463e-06	-4.075706e-09	-3.850831e+01	-2.745374e+02
7.500000e-07	-5.274610e-06	-4.063899e-09	-3.826995e+01	-2.737093e+02
7.600000e-07	-5.241239e-06	-4.046474e-09	-3.802782e+01	-2.728684e+02
7.700000e-07	-5.207308e-06	-4.026014e-09	-3.778164e+01	-2.720149e+02
7.800000e-07	-5.172790e-06	-4.022399e-09	-3.753119e+01	-2.711490e+02
7.900000e-07	-5.137802e-06	-4.024371e-09	-3.727734e+01	-2.702708e+02
8.000000e-07	-5.102433e-06	-4.007464e-09	-3.702072e+01	-2.693803e+02
8.100000e-07	-5.066777e-06	-3.976882e-09	-3.676201e+01	-2.684778e+02
8.200000e-07	-5.030919e-06	-3.960289e-09	-3.650185e+01	-2.675633e+02
8.300000e-07	-4.994796e-06	-3.955132e-09	-3.623975e+01	-2.666369e+02
8.400000e-07	-4.958288e-06	-3.946685e-09	-3.597487e+01	-2.656989e+02
8.500000e-07	-4.921338e-06	-3.927603e-09	-3.570678e+01	-2.647492e+02
8.600000e-07	-4.883995e-06	-3.903641e-09	-3.543584e+01	-2.637881e+02
8.700000e-07	-4.846384e-06	-3.885987e-09	-3.516295e+01	-2.628156e+02
8.800000e-07	-4.808458e-06	-3.884881e-09	-3.488778e+01	-2.618319e+02
8.900000e-07	-4.770158e-06	-3.882183e-09	-3.460989e+01	-2.608371e+02
9.000000e-07	-4.731613e-06	-3.855005e-09	-3.433023e+01	-2.598312e+02
9.100000e-07	-4.692724e-06	-3.816844e-09	-3.404807e+01	-2.588144e+02
9.200000e-07	-4.653464e-06	-3.802953e-09	-3.376322e+01	-2.577866e+02
9.300000e-07	-4.614026e-06	-3.809922e-09	-3.347707e+01	-2.567479e+02
9.400000e-07	-4.574361e-06	-3.798443e-09	-3.318929e+01	-2.556983e+02
9.500000e-07	-4.534440e-06	-3.760556e-09	-3.289964e+01	-2.546376e+02
9.600000e-07	-4.494259e-06	-3.728741e-09	-3.260810e+01	-2.535657e+02
9.700000e-07	-4.453735e-06	-3.726663e-09	-3.231408e+01	-2.524826e+02
9.800000e-07	-4.412771e-06	-3.730776e-09	-3.201687e+01	-2.513878e+02
9.900000e-07	-4.371205e-06	-3.707724e-09	-3.171529e+01	-2.502813e+02
1.000000e-06	-4.329125e-06	-3.666240e-09	-3.140998e+01	-2.491625e+02
1.010000e-06	-4.286699e-06	-3.645123e-09	-3.110216e+01	-2.480312e+02
1.020000e-06	-4.243907e-06	-3.648231e-09	-3.079168e+01	-2.468869e+02
1.030000e-06	-4.200745e-06	-3.641748e-09	-3.047851e+01	-2.457292e+02
1.040000e-06	-4.157291e-06	-3.608919e-09	-3.016323e+01	-2.445574e+02
1.050000e-06	-4.113607e-06	-3.576666e-09	-2.984629e+01	-2.433712e+02
1.060000e-06	-4.069720e-06	-3.567574e-09	-2.952786e+01	-2.421698e+02
1.070000e-06	-4.025631e-06	-3.569200e-09	-2.920797e+01	-2.409528e+02
1.080000e-06	-3.981296e-06	-3.549931e-09	-2.888631e+01	-2.397195e+02
1.090000e-06	-3.936675e-06	-3.512065e-09	-2.856256e+01	-2.384693e+02
1.100000e-06	-3.891715e-06	-3.486023e-09	-2.823635e+01	-2.372017e+02
1.110000e-06	-3.846421e-06	-3.479059e-09	-2.790772e+01	-2.359161e+02
1.120000e-06	-3.800850e-06	-3.466364e-09	-2.757708e+01	-2.346119e+02
1.130000e-06	-3.755086e-06	-3.436207e-09	-2.724504e+01	-2.332888e+02
1.140000e-06	-3.709142e-06	-3.401846e-09	-2.691169e+01	-2.319462e+02
1.150000e-06	-3.662964e-06	-3.383112e-09	-2.657665e+01	-2.305837e+02
1.160000e-06	-3.616550e-06	-3.372968e-09	-2.623989e+01	-2.292011e+02
1.170000e-06	-3.569868e-06	-3.354920e-09	-2.590119e+01	-2.277979e+02
1.180000e-06	-3.522918e-06	-3.327577e-09	-2.556054e+01	-2.263740e+02
1.190000e-06	-3.475751e-06	-3.298886e-09	-2.521832e+01	-2.249292e+02
1.200000e-06	-3.428371e-06	-3.276013e-09	-2.487456e+01	-2.234633e+02
1.210000e-06	-3.380762e-06	-3.256863e-09	-2.452913e+01	-2.219763e+02
1.220000e-06	-3.332887e-06	-3.233027e-09	-2.418177e+01	-2.204682e+02
1.230000e-06	-3.284791e-06	-3.201531e-09	-2.383281e+01	-2.189389e+02
1.240000e-06	-3.236445e-06	-3.170539e-09	-2.348204e+01	-2.173886e+02
1.250000e-06	-3.187829e-06	-3.147092e-09	-2.312930e+01	-2.158173e+02
1.260000e-06	-3.138948e-06	-3.128969e-09	-2.277464e+01	-2.142251e+02
1.270000e-06	-3.089732e-06	-3.107031e-09	-2.241756e+01	-2.126122e+02
1.280000e-06	-3.040139e-06	-3.082209e-09	-2.205774e+01	-2.109785e+02
1.290000e-06	-2.990176e-06	-3.056482e-09	-2.169523e+01	-2.093244e+02
1.300000e-06	-2.939946e-06	-3.032507e-09	-2.133078e+01	-2.076498e+02
1.310000e-06	-2.889461e-06	-3.008982e-09	-2.096449e+01	-2.059549e+02
1.320000e-06	-2.838615e-06	-2.981555e-09	-2.059558e+01	-2.042397e+02
1.330000e-06	-2.787466e-06	-2.946431e-09	-2.022446e+01	-2.025043e+02
1.340000e-06	-2.736056e-06	-2.910783e-09	-1.985146e+01	-2.007488e+02
1.350000e-06	-2.684414e-06	-2.885637e-09	-1.947678e+01	-1.989729e+02
1.360000e-06	-2.632542e-06	-2.866480e-09	-1.910042e+01	-1.971768e+02
1.370000e-06	-2.580480e-06	-2.837001e-09	-1.872268e+01	-1.953604e+02
1.380000e-06	-2.528300e-06	-2.802912e-09	-1.834409e+01	-1.935234e+02
1.390000e-06	-2.475917e-06	-2.776123e-09	-1.796402e+01	-1.916658e+02
1.400000e-06	-2.423306e-06	-2.754235e-09	-1.758230e+01	-1.897873e+02
1.410000e-06	-2.370561e-06	-2.728342e-09	-1.719961e+01	-1.878877e+02
1.420000e-06	-2.317718e-06	-2.693302e-09	-1.681621e+01	-1.859668e+02
1.430000e-06	-2.264669e-06	-2.657315e-09	-1.643131e+01	-1.840243e+02
1.440000e-06	-2.211417e-06	-2.626777e-09	-1.604494e+01	-1.820600e+02
1.450000e-06	-2.158052e-06	-2.597666e-09	-1.565775e+01	-1.800735e+02
1.460000e-06	-2.104565e-06	-2.568181e-09	-1.526968e+01	-1.780646e+02
1.470000e-06	-2.050940e-06	-2.537843e-09	-1.488060e+01	-1.760330e+02
1.480000e-06	-1.997162e-06	-2.512018e-09	-1.449042e+01	-1.739785e+02
1.490000e-06	-1.943202e-06	-2.488480e-09	-1.409891e+01	-1.719006e+02
1.500000e-06	-1.889135e-06	-2.461410e-09	-1.370662e+01	-1.697993e+02
1.510000e-06	-1.834972e-06	-2.428734e-09	-1.331365e+01	-1.676742e+02
1.520000e-06	-1.780672e-06	-2.392679e-09	-1.291967e+01	-1.655251e+02
1.530000e-06	-1.726265e-06	-2.356813e-09	-1.252492e+01	-1.633519e+02
1.540000e-06	-1.671785e-06	-2.319502e-09	-1.212964e+01	-1.611543e+02
1.550000e-06	-1.617164e-06	-2.283430e-09	-1.173334e+01	-1.589321e+02
1.560000e-06	-1.562427e-06	-2.250159e-09	-1.133620e+01	-1.566853e+02
1.570000e-06	-1.507657e-06	-2.216995e-09	-1.093881e+01	-1.544136e+02
1.580000e-06	-1.452752e-06	-2.182040e-09	-1.054044e+01	-1.521169e+02
1.590000e-06	-1.397705e-06	-2.149138e-09	-1.014105e+01	-1.497951e+02
1.600000e-06	-1.342557e-06	-2.117622e-09	-9.740928e+00	-1.474480e+02
1.610000e-06	-1.287303e-06	-2.081751e-09	-9.340032e+00	-1.450757e+02
1.620000e-06	-1.232012e-06	-2.041012e-09	-8.938870e+00	-1.426778e+02
1.630000e-06	-1.176615e-06	-2.001175e-09	-8.536935e+00	-1.402543e+02
1.640000e-06	-1.121096e-06	-1.961753e-09	-8.134112e+00	-1.378050e+02
1.650000e-06	-1.065574e-06	-1.922554e-09	-7.731278e+00	-1.353298e+02
1.660000e-06	-1.009991e-06	-1.882200e-09	-7.327989e+00	-1.328285e+02
1.670000e-06	-9.543422e-07	-1.844155e-09	-6.924232e+00	-1.303010e+02
1.680000e-06	-8.986839e-07	-1.807475e-09	-6.520403e+00	-1.277469e+02
1.690000e-06	-8.429834e-07	-1.771074e-09	-6.116268e+00	-1.251662e+02
1.700000e-06	-7.873025e-07	-1.734009e-09	-5.712275e+00	-1.225586e+02
1.710000e-06	-7.315997e-07	-1.694435e-09	-5.308123e+00	-1.199239e+02
1.720000e-06	-6.758246e-07	-1.651405e-09	-4.903447e+00	-1.172617e+02
1.730000e-06	-6.200911e-07	-1.610159e-09	-4.499073e+00	-1.145719e+02
1.740000e-06	-5.643709e-07	-1.571813e-09	-4.094794e+00	-1.118541e+02
1.750000e-06	-5.085527e-07	-1.532010e-09	-3.689806e+00	-1.091082e+02
1.760000e-06	-4.526481e-07	-1.489494e-09	-3.284189e+00	-1.063337e+02
1.770000e-06	-3.967085e-07	-1.448089e-09	-2.878319e+00	-1.035304e+02
1.780000e-06	-3.407945e-07	-1.409214e-09	-2.472635e+00	-1.006981e+02
1.790000e-06	-2.848755e-07	-1.369372e-09	-2.066915e+00	-9.783642e+01
1.800000e-06	-2.289531e-07	-1.326218e-09	-1.661170e+00	-9.494510e+01
1.810000e-06	-1.730126e-07	-1.281099e-09	-1.255294e+00	-9.202387e+01
1.820000e-06	-1.169645e-07	-1.238391e-09	-8.486359e-01	-8.907244e+01
1.830000e-06	-6.087326e-08	-1.197409e-09	-4.416661e-01	-8.609056e+01
1.840000e-06	-4.872576e-09	-1.154191e-09	-3.535299e-02	-8.307793e+01
1.850000e-06	5.099025e-08	-1.108424e-09	3.699599e-01	-8.003431e+01
1.860000e-06	1.068292e-07	-1.063852e-09	7.750994e-01	-7.695941e+01
1.870000e-06	1.627291e-07	-1.021770e-09	1.180682e+00	-7.385296e+01
1.880000e-06	2.186465e-07	-9.789014e-10	1.586390e+00	-7.071468e+01
1.890000e-06	2.745274e-07	-9.331066e-10	1.991834e+00	-6.754428e+01
1.900000e-06	3.303676e-07	-8.858147e-10	2.396983e+00	-6.434147e+01
1.910000e-06	3.862351e-07	-8.405637e-10	2.802330e+00	-6.110594e+01
1.920000e-06	4.421278e-07	-7.967400e-10	3.207860e+00	-5.783739e+01
1.930000e-06	4.979867e-07	-7.485409e-10	3.613144e+00	-5.453549e+01
1.940000e-06	5.538180e-07	-6.968868e-10	4.018228e+00	-5.119992e+01
1.950000e-06	6.095834e-07	-6.453474e-10	4.422834e+00	-4.783034e+01
1.960000e-06	6.653080e-07	-5.957064e-10	4.827144e+00	-4.442644e+01
1.970000e-06	7.209995e-07	-5.465523e-10	5.231214e+00	-4.098790e+01
1.980000e-06	7.766406e-07	-4.974059e-10	5.634918e+00	-3.751441e+01
1.990000e-06	8.323024e-07	-4.473632e-10	6.038772e+00	-3.400571e+01
2.000000e-06	8.879093e-07	-3.963814e-10	6.442228e+00	-3.046156e+01
2.010000e-06	9.434225e-07	-3.458112e-10	6.845004e+00	-2.688177e+01
2.020000e-06	9.989147e-07	-2.944738e-10	7.247628e+00	-2.326624e+01
2.030000e-06	1.054360e-06	-2.406089e-10	7.649914e+00	-1.961491e+01
2.040000e-06	1.109759e-06	-1.873035e-10	8.051859e+00	-1.592786e+01
2.050000e-06	1.165111e-06	-1.332414e-10	8.453464e+00	-1.220524e+01
2.060000e-06	1.220382e-06	-7.713665e-11	8.854484e+00	-8.447358e+00
2.070000e-06	1.275609e-06	-2.177288e-11	9.255188e+00	-4.654664e+00
2.080000e-06	1.330778e-06	3.222122e-11	9.655464e+00	-8.277611e-01
2.090000e-06	1.385788e-06	8.761689e-11	1.005459e+01	3.032568e+00
2.100000e-06	1.440674e-06	1.448835e-10	1.045281e+01	6.925350e+00
2.110000e-06	1.495498e-06	1.996218e-10	1.085059e+01	1.084942e+01
2.120000e-06	1.550216e-06	2.540936e-10	1.124760e+01	1.480338e+01
2.130000e-06	1.604794e-06	3.118826e-10	1.164359e+01	1.878565e+01
2.140000e-06	1.659223e-06	3.718548e-10	1.203849e+01	2.279442e+01
2.150000e-06	1.713541e-06	4.314603e-10	1.243260e+01	2.682764e+01
2.160000e-06	1.767741e-06	4.889931e-10	1.282585e+01	3.088307e+01
2.170000e-06	1.821853e-06	5.470725e-10	1.321846e+01	3.495827e+01
2.180000e-06	1.875909e-06	6.063015e-10	1.361067e+01	3.905056e+01
2.190000e-06	1.929841e-06	6.671915e-10	1.400196e+01	4.315713e+01
2.200000e-06	1.983590e-06	7.286917e-10	1.439194e+01	4.727497e+01
2.210000e-06	2.037213e-06	7.887122e-10	1.478100e+01	5.140094e+01
2.220000e-06	2.090779e-06	8.480091e-10	1.516965e+01	5.553177e+01
2.230000e-06	2.144220e-06	9.082047e-10	1.555740e+01	5.966409e+01
2.240000e-06	2.197450e-06	9.701718e-10	1.594360e+01	6.379449e+01
2.250000e-06	2.250439e-06	1.030567e-09	1.632807e+01	6.791948e+01
2.260000e-06	2.303180e-06	1.089330e-09	1.671073e+01	7.203560e+01
2.270000e-06	2.355778e-06	1.149472e-09	1.709235e+01	7.613939e+01
2.280000e-06	2.408266e-06	1.210778e-09	1.747318e+01	8.022745e+01
2.290000e-06	2.460550e-06	1.271392e-09	1.785253e+01	8.429647e+01
2.300000e-06	2.512682e-06	1.330819e-09	1.823077e+01	8.834323e+01
2.310000e-06	2.564695e-06	1.389638e-09	1.860815e+01	9.236468e+01
2.320000e-06	2.616535e-06	1.448448e-09	1.898427e+01	9.635790e+01
2.330000e-06	2.668084e-06	1.505015e-09	1.935829e+01	1.003202e+02
2.340000e-06	2.719374e-06	1.561951e-09	1.973043e+01	1.042490e+02
2.350000e-06	2.770442e-06	1.617291e-09	2.010095e+01	1.081420e+02
2.360000e-06	2.821304e-06	1.671425e-09	2.046998e+01	1.119971e+02
2.370000e-06	2.871974e-06	1.725197e-09	2.083762e+01	1.158126e+02
2.380000e-06	2.922203e-06	1.779356e-09	2.120205e+01	1.195867e+02
2.390000e-06	2.972015e-06	1.833632e-09	2.156346e+01	1.233180e+02
2.400000e-06	3.021524e-06	1.886441e-09	2.192267e+01	1.270054e+02
2.410000e-06	3.070729e-06	1.938665e-09	2.227968e+01	1.306480e+02
2.420000e-06	3.119634e-06	1.990129e-09	2.263451e+01	1.342450e+02
2.430000e-06	3.168209e-06	2.042873e-09	2.298695e+01	1.377959e+02
2.440000e-06	3.216490e-06	2.093343e-09	2.333725e+01	1.413001e+02
2.450000e-06	3.264550e-06	2.139818e-09	2.368595e+01	1.447577e+02
2.460000e-06	3.312406e-06	2.183751e-09	2.403317e+01	1.481683e+02
2.470000e-06	3.360079e-06	2.230482e-09	2.437907e+01	1.515320e+02
2.480000e-06	3.407617e-06	2.279770e-09	2.472398e+01	1.548490e+02
2.490000e-06	3.454931e-06	2.328204e-09	2.506726e+01	1.581193e+02
2.500000e-06	3.502048e-06	2.371860e-09	2.540912e+01	1.613433e+02
2.510000e-06	3.548980e-06	2.415792e-09	2.574964e+01	1.645210e+02
2.520000e-06	3.595644e-06	2.460942e-09	2.608820e+01	1.676529e+02
2.530000e-06	3.642023e-06	2.506139e-09	2.642471e+01	1.707390e+02
2.540000e-06	3.688063e-06	2.547849e-09	2.675875e+01	1.737798e+02
2.550000e-06	3.733869e-06	2.585676e-09	2.709110e+01	1.767753e+02
2.560000e-06	3.779478e-06	2.626120e-09	2.742201e+01	1.797257e+02
2.570000e-06	3.824779e-06	2.670823e-09	2.775069e+01	1.826313e+02
2.580000e-06	3.869797e-06	2.715196e-09	2.807732e+01	1.854922e+02
2.590000e-06	3.914536e-06	2.753700e-09	2.840193e+01	1.883083e+02
2.600000e-06	3.959044e-06	2.791582e-09	2.872486e+01	1.910799e+02
2.610000e-06	4.003343e-06	2.831710e-09	2.904627e+01	1.938069e+02
2.620000e-06	4.047380e-06	2.872890e-09	2.936577e+01	1.964894e+02
2.630000e-06	4.091139e-06	2.909046e-09	2.968327e+01	1.991274e+02
2.640000e-06	4.134738e-06	2.942378e-09	2.999960e+01	2.017210e+02
2.650000e-06	4.178134e-06	2.975310e-09	3.031446e+01	2.042702e+02
2.660000e-06	4.221258e-06	3.010787e-09	3.062735e+01	2.067751e+02
2.670000e-06	4.264127e-06	3.048162e-09	3.093839e+01	2.092360e+02
2.680000e-06	4.306595e-06	3.085380e-09	3.124651e+01	2.116529e+02
2.690000e-06	4.348625e-06	3.119951e-09	3.155146e+01	2.140261e+02
2.700000e-06	4.390134e-06	3.151666e-09	3.185263e+01	2.163560e+02
2.710000e-06	4.431113e-06	3.182162e-09	3.214995e+01	2.186430e+02
2.720000e-06	4.471695e-06	3.214494e-09	3.244439e+01	2.208874e+02
2.730000e-06	4.511903e-06	3.247093e-09	3.273613e+01	2.230899e+02
2.740000e-06	4.551761e-06	3.276621e-09	3.302531e+01	2.252511e+02
2.750000e-06	4.591361e-06	3.304957e-09	3.331263e+01	2.273716e+02
2.760000e-06	4.630828e-06	3.335549e-09	3.359898e+01	2.294522e+02
2.770000e-06	4.670082e-06	3.367323e-09	3.388379e+01	2.314935e+02
2.780000e-06	4.708995e-06	3.396711e-09	3.416612e+01	2.334965e+02
2.790000e-06	4.747563e-06	3.425445e-09	3.444595e+01	2.354620e+02
2.800000e-06	4.785788e-06	3.455027e-09	3.472329e+01	2.373908e+02
2.810000e-06	4.823658e-06	3.483386e-09	3.499806e+01	2.392837e+02
2.820000e-06	4.861206e-06	3.510633e-09	3.527050e+01	2.411415e+02
2.830000e-06	4.898451e-06	3.537135e-09	3.554072e+01	2.429651e+02
2.840000e-06	4.935336e-06	3.562234e-09	3.580834e+01	2.447550e+02
2.850000e-06	4.971912e-06	3.588940e-09	3.607372e+01	2.465121e+02
2.860000e-06	5.008213e-06	3.616623e-09	3.633710e+01	2.482369e+02
2.870000e-06	5.044218e-06	3.643353e-09	3.659834e+01	2.499299e+02
2.880000e-06	5.079955e-06	3.669287e-09	3.685763e+01	2.515915e+02
2.890000e-06	5.115483e-06	3.695478e-09	3.711540e+01	2.532221e+02
2.900000e-06	5.150785e-06	3.721086e-09	3.737153e+01	2.548219e+02
2.910000e-06	5.185714e-06	3.746406e-09	3.762496e+01	2.563910e+02
2.920000e-06	5.220080e-06	3.768395e-09	3.787430e+01	2.579296e+02
2.930000e-06	5.253822e-06	3.788569e-09	3.811912e+01	2.594377e+02
2.940000e-06	5.286972e-06	3.809811e-09	3.835964e+01	2.609151e+02
2.950000e-06	5.319593e-06	3.832309e-09	3.859632e+01	2.623617e+02
2.960000e-06	5.351738e-06	3.853275e-09	3.882955e+01	2.637775e+02
2.970000e-06	5.383552e-06	3.872875e-09	3.906037e+01	2.651621e+02
2.980000e-06	5.415191e-06	3.893024e-09	3.928993e+01	2.665154e+02
2.990000e-06	5.446560e-06	3.916327e-09	3.951753e+01	2.678372e+02
3.000000e-06	5.477556e-06	3.939422e-09	3.974242e+01	2.691274e+02
3.010000e-06	5.508069e-06	3.959464e-09	3.996381e+01	2.703858e+02
3.020000e-06	5.538191e-06	3.976428e-09	4.018236e+01	2.716124e+02
3.030000e-06	5.568007e-06	3.992497e-09	4.039869e+01	2.728071e+02
3.040000e-06	5.597448e-06	4.011215e-09	4.061230e+01	2.739702e+02
3.050000e-06	5.626523e-06	4.030384e-09	4.082325e+01	2.751018e+02
3.060000e-06	5.655236e-06	4.047376e-09	4.103158e+01	2.762022e+02
3.070000e-06	5.683597e-06	4.064678e-09	4.123735e+01	2.772718e+02
3.080000e-06	5.711607e-06	4.082675e-09	4.144058e+01	2.783112e+02
3.090000e-06	5.739333e-06	4.099048e-09	4.164175e+01	2.793210e+02
3.100000e-06	5.766800e-06	4.114691e-09	4.184103e+01	2.803019e+02
3.110000e-06	5.793963e-06	4.131612e-09	4.203811e+01	2.812548e+02
3.120000e-06	5.820796e-06	4.148154e-09	4.223280e+01	2.821806e+02
3.130000e-06	5.846985e-06	4.162169e-09	4.242281e+01	2.830802e+02
3.140000e-06	5.872446e-06	4.176856e-09	4.260755e+01	2.839548e+02
3.150000e-06	5.897265e-06	4.192736e-09	4.278762e+01	2.848053e+02
3.160000e-06	5.921497e-06	4.208016e-09	4.296343e+01	2.856330e+02
3.170000e-06	5.945359e-06	4.220160e-09	4.313656e+01	2.864389e+02
3.180000e-06	5.968843e-06	4.230965e-09	4.330695e+01	2.872242e+02
3.190000e-06	5.991976e-06	4.244138e-09	4.347480e+01	2.879898e+02
3.200000e-06	6.014703e-06	4.259693e-09	4.363969e+01	2.887368e+02
3.210000e-06	6.036936e-06	4.272619e-09	4.380101e+01	2.894662e+02
3.220000e-06	6.058739e-06	4.282350e-09	4.395919e+01	2.901787e+02
3.230000e-06	6.080193e-06	4.291910e-09	4.411486e+01	2.908752e+02
3.240000e-06	6.101258e-06	4.303186e-09	4.426770e+01	2.915563e+02
3.250000e-06	6.121863e-06	4.313387e-09	4.441719e+01	2.922226e+02
3.260000e-06	6.142098e-06	4.321983e-09	4.456401e+01	2.928744e+02
3.270000e-06	6.162038e-06	4.332077e-09	4.470868e+01	2.935122e+02
3.280000e-06	6.181716e-06	4.344493e-09	4.485145e+01	2.941361e+02
3.290000e-06	6.201095e-06	4.357162e-09	4.499206e+01	2.947462e+02
3.300000e-06	6.220087e-06	4.367733e-09	4.512986e+01	2.953426e+02
3.310000e-06	6.238640e-06	4.378426e-09	4.526447e+01	2.959251e+02
3.320000e-06	6.256637e-06	4.388978e-09	4.539505e+01	2.964936e+02
3.330000e-06	6.274069e-06	4.398235e-09	4.552152e+01	2.970479e+02
3.340000e-06	6.291092e-06	4.405166e-09	4.564504e+01	2.975877e+02
3.350000e-06	6.307691e-06	4.412282e-09	4.576547e+01	2.981128e+02
3.360000e-06	6.323872e-06	4.421346e-09	4.588287e+01	2.986229e+02
3.370000e-06	6.339662e-06	4.428991e-09	4.599743e+01	2.991177e+02
3.380000e-06	6.354872e-06	4.436251e-09	4.610779e+01	2.995969e+02
3.390000e-06	6.369465e-06	4.446097e-09	4.621367e+01	3.000604e+02
3.400000e-06	6.383533e-06	4.455520e-09	4.631574e+01	3.005079e+02
3.410000e-06	6.397190e-06	4.462681e-09	4.641483e+01	3.009394e+02
3.420000e-06	6.410419e-06	4.467978e-09	4.651082e+01	3.013548e+02
3.430000e-06	6.423107e-06	4.473452e-09	4.660287e+01	3.017540e+02
3.440000e-06	6.435319e-06	4.480520e-09	4.669147e+01	3.021372e+02
3.450000e-06	6.447080e-06	4.487660e-09	4.677680e+01	3.025045e+02
3.460000e-06	6.458360e-06	4.493472e-09	4.685864e+01	3.028561e+02
3.470000e-06	6.469177e-06	4.498070e-09	4.693713e+01	3.031923e+02
3.480000e-06	6.479382e-06	4.505200e-09	4.701117e+01	3.035133e+02
3.490000e-06	6.488881e-06	4.512883e-09	4.708009e+01	3.038194e+02
3.500000e-06	6.497707e-06	4.518650e-09	4.714413e+01	3.041109e+02
3.510000e-06	6.505973e-06	4.521609e-09	4.720410e+01	3.043882e+02
3.520000e-06	6.513878e-06	4.525088e-09	4.726146e+01	3.046515e+02
3.530000e-06	6.521416e-06	4.531843e-09	4.731615e+01	3.049011e+02
3.540000e-06	6.528556e-06	4.538116e-09	4.736795e+01	3.051372e+02
3.550000e-06	6.535252e-06	4.542765e-09	4.741654e+01	3.053598e+02
3.560000e-06	6.541480e-06	4.544687e-09	4.746173e+01	3.055690e+02
3.570000e-06	6.547266e-06	4.546779e-09	4.750371e+01	3.057647e+02
3.580000e-06	6.552586e-06	4.553340e-09	4.754230e+01	3.059468e+02
3.590000e-06	6.557491e-06	4.560527e-09	4.757790e+01	3.061149e+02
3.600000e-06	6.561918e-06	4.563997e-09	4.761001e+01	3.062687e+02
3.610000e-06	6.565864e-06	4.564588e-09	4.763864e+01	3.064076e+02
3.620000e-06	6.569552e-06	4.565509e-09	4.766540e+01	3.065309e+02
3.630000e-06	6.572944e-06	4.566739e-09	4.769001e+01	3.066381e+02
3.640000e-06	6.575886e-06	4.567388e-09	4.771136e+01	3.067283e+02
3.650000e-06	6.578277e-06	4.567856e-09	4.772871e+01	3.068005e+02
3.660000e-06	6.579948e-06	4.567242e-09	4.774083e+01	3.068540e+02
3.670000e-06	6.580910e-06	4.565665e-09	4.774781e+01	3.068877e+02
3.680000e-06	6.581315e-06	4.566433e-09	4.775075e+01	3.069007e+02
3.690000e-06	6.581268e-06	4.570741e-09	4.775041e+01	3.068920e+02
3.700000e-06	6.580895e-06	4.573822e-09	4.774770e+01	3.068608e+02
3.710000e-06	6.580224e-06	4.573425e-09	4.774283e+01	3.068064e+02
3.720000e-06	6.579094e-06	4.572653e-09	4.773463e+01	3.067280e+02
3.730000e-06	6.577476e-06	4.571128e-09	4.772290e+01	3.066250e+02
3.740000e-06	6.575506e-06	4.570759e-09	4.770860e+01	3.064971e+02
3.750000e-06	6.573185e-06	4.568174e-09	4.769176e+01	3.063440e+02
3.760000e-06	6.570454e-06	4.548751e-09	4.767194e+01	3.061657e+02
3.770000e-06	6.567315e-06	4.551119e-09	4.764917e+01	3.059624e+02
3.780000e-06	6.563677e-06	4.612527e-09	4.762277e+01	3.057344e+02
3.790000e-06	6.559457e-06	4.641301e-09	4.759216e+01	3.054825e+02
3.800000e-06	6.554501e-06	4.497210e-09	4.755620e+01	3.052073e+02
3.810000e-06	6.548821e-06	4.392337e-09	4.751499e+01	3.049100e+02
3.820000e-06	6.542907e-06	4.529040e-09	4.747208e+01	3.045918e+02
3.830000e-06	6.536820e-06	4.740876e-09	4.742791e+01	3.042542e+02
3.840000e-06	6.530295e-06	4.649284e-09	4.738057e+01	3.038987e+02
3.850000e-06	6.523149e-06	4.360768e-09	4.732873e+01	3.035272e+02
3.860000e-06	6.515308e-06	4.318508e-09	4.727183e+01	3.031415e+02
3.870000e-06	6.507066e-06	4.502562e-09	4.721203e+01	3.027437e+02
3.880000e-06	6.498506e-06	4.600603e-09	4.714993e+01	3.023357e+02
3.890000e-06	6.489468e-06	4.509534e-09	4.708435e+01	3.019198e+02
3.900000e-06	6.480059e-06	4.343946e-09	4.701608e+01	3.014978e+02
3.910000e-06	6.470345e-06	4.241526e-09	4.694560e+01	3.010718e+02
3.920000e-06	6.460240e-06	4.463545e-09	4.687229e+01	3.006439e+02
3.930000e-06	6.449477e-06	4.736719e-09	4.679420e+01	3.002157e+02
3.940000e-06	6.438048e-06	4.524580e-09	4.671128e+01	2.997890e+02
3.950000e-06	6.426288e-06	4.154009e-09	4.662595e+01	2.993654e+02
3.960000e-06	6.414135e-06	4.401228e-09	4.653777e+01	2.989460e+02
3.970000e-06	6.401302e-06	4.828280e-09	4.644467e+01	2.985321e+02
3.980000e-06	6.387807e-06	4.662799e-09	4.634675e+01	2.981245e+02
3.990000e-06	6.373811e-06	4.345391e-09	4.624520e+01	2.977238e+02
4.000000e-06	6.359180e-06	4.600112e-09	4.613904e+01	2.973303e+02
4.010000e-06	6.343810e-06	4.854987e-09	4.602753e+01	2.969443e+02
4.020000e-06	6.327898e-06	4.606514e-09	4.591208e+01	2.965655e+02
4.030000e-06	6.311573e-06	4.465604e-09	4.579363e+01	2.961936e+02
4.040000e-06	6.294907e-06	4.615608e-09	4.567271e+01	2.958280e+02
4.050000e-06	6.277937e-06	4.564562e-09	4.554959e+01	2.954679e+02
4.060000e-06	6.260646e-06	4.447319e-09	4.542414e+01	2.951122e+02
4.070000e-06	6.242947e-06	4.667729e-09	4.529572e+01	2.947598e+02
4.080000e-06	6.224667e-06	4.655675e-09	4.516309e+01	2.944094e+02
4.090000e-06	6.205867e-06	4.346340e-09	4.502668e+01	2.940595e+02
4.100000e-06	6.186689e-06	4.513532e-09	4.488753e+01	2.937086e+02
4.110000e-06	6.167222e-06	4.864568e-09	4.474630e+01	2.933552e+02
4.120000e-06	6.147425e-06	4.682426e-09	4.460266e+01	2.929976e+02
4.130000e-06	6.127263e-06	4.368040e-09	4.445638e+01	2.926342e+02
4.140000e-06	6.106742e-06	4.468896e-09	4.430748e+01	2.922635e+02
4.150000e-06	6.085838e-06	4.714734e-09	4.415581e+01	2.918839e+02
4.160000e-06	6.064450e-06	4.669264e-09	4.400063e+01	2.914941e+02
4.170000e-06	6.042299e-06	4.455680e-09	4.383992e+01	2.910926e+02
4.180000e-06	6.019452e-06	4.424392e-09	4.367415e+01	2.906783e+02
4.190000e-06	5.996163e-06	4.585522e-09	4.350518e+01	2.902501e+02
4.200000e-06	5.972407e-06	4.606085e-09	4.333281e+01	2.898069e+02
4.210000e-06	5.948201e-06	4.502751e-09	4.315719e+01	2.893479e+02
4.220000e-06	5.923658e-06	4.491436e-09	4.297911e+01	2.888726e+02
4.230000e-06	5.898721e-06	4.501846e-09	4.279819e+01	2.883802e+02
4.240000e-06	5.873354e-06	4.478562e-09	4.261413e+01	2.878705e+02
4.250000e-06	5.847643e-06	4.527484e-09	4.242759e+01	2.873432e+02
4.260000e-06	5.821510e-06	4.530151e-09	4.223798e+01	2.867981e+02
4.270000e-06	5.794941e-06	4.433218e-09	4.204521e+01	2.862353e+02
4.280000e-06	5.768053e-06	4.429665e-09	4.185012e+01	2.856547e+02
4.290000e-06	5.740753e-06	4.501783e-09	4.165205e+01	2.850565e+02
4.300000e-06	5.713019e-06	4.478951e-09	4.145083e+01	2.844410e+02
4.310000e-06	5.685029e-06	4.407625e-09	4.124774e+01	2.838085e+02
4.320000e-06	5.656795e-06	4.410119e-09	4.104289e+01	2.831592e+02
4.330000e-06	5.628178e-06	4.441572e-09	4.083526e+01	2.824936e+02
4.340000e-06	5.599182e-06	4.418999e-09	4.062488e+01	2.818121e+02
4.350000e-06	5.569788e-06	4.374100e-09	4.041161e+01	2.811149e+02
4.360000e-06	5.539719e-06	4.390321e-09	4.019345e+01	2.804025e+02
4.370000e-06	5.508998e-06	4.411224e-09	3.997055e+01	2.796753e+02
4.380000e-06	5.477791e-06	4.367224e-09	3.974412e+01	2.789336e+02
4.390000e-06	5.446109e-06	4.330709e-09	3.951426e+01	2.781778e+02
4.400000e-06	5.414078e-06	4.352165e-09	3.928186e+01	2.774080e+02
4.410000e-06	5.381801e-06	4.349736e-09	3.904767e+01	2.766247e+02
4.420000e-06	5.349224e-06	4.312780e-09	3.881131e+01	2.758279e+02
4.430000e-06	5.316323e-06	4.293775e-09	3.857260e+01	2.750181e+02
4.440000e-06	5.283114e-06	4.294829e-09	3.833165e+01	2.741953e+02
4.450000e-06	5.249544e-06	4.288077e-09	3.808808e+01	2.733597e+02
4.460000e-06	5.215589e-06	4.275079e-09	3.784172e+01	2.725114e+02
4.470000e-06	5.181258e-06	4.257471e-09	3.759263e+01	2.716506e+02
4.480000e-06	5.146534e-06	4.241472e-09	3.734069e+01	2.707775e+02
4.490000e-06	5.111419e-06	4.230466e-09	3.708591e+01	2.698921e+02
4.500000e-06	5.075929e-06	4.221871e-09	3.682842e+01	2.689946e+02
4.510000e-06	5.040106e-06	4.207047e-09	3.656850e+01	2.680851e+02
4.520000e-06	5.004043e-06	4.188764e-09	3.630685e+01	2.671636e+02
4.530000e-06	4.967770e-06	4.168915e-09	3.604367e+01	2.662304e+02
4.540000e-06	4.931264e-06	4.151615e-09	3.577880e+01	2.652856e+02
4.550000e-06	4.894384e-06	4.145453e-09	3.551121e+01	2.643292e+02
4.560000e-06	4.857096e-06	4.140351e-09	3.524067e+01	2.633614e+02
4.570000e-06	4.819391e-06	4.114200e-09	3.496711e+01	2.623824e+02
4.580000e-06	4.781101e-06	4.081723e-09	3.468929e+01	2.613922e+02
4.590000e-06	4.742265e-06	4.079544e-09	3.440752e+01	2.603909e+02
4.600000e-06	4.702958e-06	4.091108e-09	3.412232e+01	2.593786e+02
4.610000e-06	4.663226e-06	4.067153e-09	3.383405e+01	2.583554e+02
4.620000e-06	4.623237e-06	4.021565e-09	3.354391e+01	2.573212e+02
4.630000e-06	4.583007e-06	4.009849e-09	3.325202e+01	2.562761e+02
4.640000e-06	4.542551e-06	4.027421e-09	3.295849e+01	2.552201e+02
4.650000e-06	4.501837e-06	4.018316e-09	3.266309e+01	2.541529e+02
4.660000e-06	4.460726e-06	3.972340e-09	3.236481e+01	2.530744e+02
4.670000e-06	4.419258e-06	3.942430e-09	3.206394e+01	2.519846e+02
4.680000e-06	4.377583e-06	3.948640e-09	3.176157e+01	2.508830e+02
4.690000e-06	4.335708e-06	3.952444e-09	3.145774e+01	2.497693e+02
4.700000e-06	4.293544e-06	3.920561e-09	3.115182e+01	2.486433e+02
4.710000e-06	4.251088e-06	3.879455e-09	3.084378e+01	2.475045e+02
4.720000e-06	4.208324e-06	3.864811e-09	3.053351e+01	2.463524e+02
4.730000e-06	4.165198e-06	3.867751e-09	3.022061e+01	2.451865e+02
4.740000e-06	4.121822e-06	3.854422e-09	2.990589e+01	2.440064e+02
4.750000e-06	4.078166e-06	3.818518e-09	2.958914e+01	2.428114e+02
4.760000e-06	4.034277e-06	3.788043e-09	2.927071e+01	2.416009e+02
4.770000e-06	3.990257e-06	3.782247e-09	2.895132e+01	2.403744e+02
4.780000e-06	3.946012e-06	3.779328e-09	2.863030e+01	2.391313e+02
4.790000e-06	3.901583e-06	3.757550e-09	2.830794e+01	2.378711e+02
4.800000e-06	3.856881e-06	3.725051e-09	2.798361e+01	2.365930e+02
4.810000e-06	3.811858e-06	3.703710e-09	2.765695e+01	2.352967e+02
4.820000e-06	3.766568e-06	3.694786e-09	2.732835e+01	2.339815e+02
4.830000e-06	3.720992e-06	3.680778e-09	2.699767e+01	2.326470e+02
4.840000e-06	3.675114e-06	3.655327e-09	2.666480e+01	2.312929e+02
4.850000e-06	3.629015e-06	3.629484e-09	2.633033e+01	2.299187e+02
4.860000e-06	3.582659e-06	3.608670e-09	2.599399e+01	2.285241e+02
4.870000e-06	3.536018e-06	3.591515e-09	2.565559e+01	2.271088e+02
4.880000e-06	3.489219e-06	3.575558e-09	2.531604e+01	2.256727e+02
4.890000e-06	3.442312e-06	3.554846e-09	2.497571e+01	2.242156e+02
4.900000e-06	3.395176e-06	3.526955e-09	2.463371e+01	2.227374e+02
4.910000e-06	3.347771e-06	3.500879e-09	2.428976e+01	2.212381e+02
4.920000e-06	3.300067e-06	3.484025e-09	2.394365e+01	2.197176e+02
4.930000e-06	3.252159e-06	3.468967e-09	2.359605e+01	2.181761e+02
4.940000e-06	3.204006e-06	3.444700e-09	2.324667e+01	2.166135e+02
4.950000e-06	3.155448e-06	3.412279e-09	2.289436e+01	2.150300e+02
4.960000e-06	3.106605e-06	3.385656e-09	2.253998e+01	2.134256e+02
4.970000e-06	3.057460e-06	3.367907e-09	2.218341e+01	2.118006e+02
4.980000e-06	3.008028e-06	3.349916e-09	2.182475e+01	2.101550e+02
4.990000e-06	2.958399e-06	3.322949e-09	2.146467e+01	2.084889e+02
5.000000e-06	2.908569e-06	3.290594e-09	2.110313e+01	2.068024e+02
5.010000e-06	2.858533e-06	3.264557e-09	2.074009e+01	2.050957e+02
5.020000e-06	2.808354e-06	3.248748e-09	2.037602e+01	2.033687e+02
5.030000e-06	2.757939e-06	3.226255e-09	2.001023e+01	2.016216e+02
5.040000e-06	2.707212e-06	3.190019e-09	1.964218e+01	1.998542e+02
5.050000e-06	2.656269e-06	3.155982e-09	1.927256e+01	1.980665e+02
5.060000e-06	2.605154e-06	3.134962e-09	1.890170e+01	1.962585e+02
5.070000e-06	2.553887e-06	3.115136e-09	1.852973e+01	1.944301e+02
5.080000e-06	2.502394e-06	3.084331e-09	1.815613e+01	1.925811e+02
5.090000e-06	2.450668e-06	3.048089e-09	1.778083e+01	1.907113e+02
5.100000e-06	2.398822e-06	3.018009e-09	1.740466e+01	1.888205e+02
5.110000e-06	2.346830e-06	2.993887e-09	1.702743e+01	1.869085e+02
5.120000e-06	2.294673e-06	2.965715e-09	1.664900e+01	1.849751e+02
5.130000e-06	2.242366e-06	2.934357e-09	1.626949e+01	1.830199e+02
5.140000e-06	2.189925e-06	2.903087e-09	1.588900e+01	1.810427e+02
5.150000e-06	2.137338e-06	2.871691e-09	1.550746e+01	1.790432e+02
5.160000e-06	2.084586e-06	2.841937e-09	1.512472e+01	1.770210e+02
5.170000e-06	2.031551e-06	2.812767e-09	1.473993e+01	1.749761e+02
5.180000e-06	1.978241e-06	2.779562e-09	1.435313e+01	1.729080e+02
5.190000e-06	1.924786e-06	2.743584e-09	1.396529e+01	1.708164e+02
5.200000e-06	1.871034e-06	2.710269e-09	1.357529e+01	1.687013e+02
5.210000e-06	1.816983e-06	2.680557e-09	1.318312e+01	1.665622e+02
5.220000e-06	1.762778e-06	2.650389e-09	1.278984e+01	1.643991e+02
5.230000e-06	1.708359e-06	2.615724e-09	1.239500e+01	1.622116e+02
5.240000e-06	1.653750e-06	2.578840e-09	1.199879e+01	1.599997e+02
5.250000e-06	1.599072e-06	2.542071e-09	1.160207e+01	1.577631e+02
5.260000e-06	1.544210e-06	2.506787e-09	1.120402e+01	1.555018e+02
5.270000e-06	1.489176e-06	2.473307e-09	1.080472e+01	1.532155e+02
5.280000e-06	1.434016e-06	2.438583e-09	1.040451e+01	1.509042e+02
5.290000e-06	1.378661e-06	2.400360e-09	1.000288e+01	1.485677e+02
5.300000e-06	1.323173e-06	2.365064e-09	9.600283e+00	1.462058e+02
5.310000e-06	1.267579e-06	2.336456e-09	9.196924e+00	1.438186e+02
5.320000e-06	1.211903e-06	2.301970e-09	8.792963e+00	1.414058e+02
5.330000e-06	1.156148e-06	2.258739e-09	8.388437e+00	1.389672e+02
5.340000e-06	1.100353e-06	2.215441e-09	7.983611e+00	1.365028e+02
5.350000e-06	1.044446e-06	2.178454e-09	7.577980e+00	1.340124e+02
5.360000e-06	9.884527e-07	2.141231e-09	7.171721e+00	1.314959e+02
5.370000e-06	9.324448e-07	2.099540e-09	6.765356e+00	1.289529e+02
5.380000e-06	8.763787e-07	2.056621e-09	6.358568e+00	1.263833e+02
5.390000e-06	8.202641e-07	2.017830e-09	5.951429e+00	1.237869e+02
5.400000e-06	7.641590e-07	1.984320e-09	5.544358e+00	1.211635e+02
5.410000e-06	7.080399e-07	1.948120e-09	5.137185e+00	1.185128e+02
5.420000e-06	6.518847e-07	1.905425e-09	4.729751e+00	1.158345e+02
5.430000e-06	5.956697e-07	1.860001e-09	4.321883e+00	1.131285e+02
5.440000e-06	5.394324e-07	1.816312e-09	3.913853e+00	1.103943e+02
5.450000e-06	4.831908e-07	1.773860e-09	3.505792e+00	1.076317e+02
5.460000e-06	4.269114e-07	1.731159e-09	3.097457e+00	1.048404e+02
5.470000e-06	3.706401e-07	1.686692e-09	2.689180e+00	1.020203e+02
5.480000e-06	3.143675e-07	1.640064e-09	2.280894e+00	9.917083e+01
5.490000e-06	2.580652e-07	1.593495e-09	1.872392e+00	9.629188e+01
5.500000e-06	2.017163e-07	1.549787e-09	1.463553e+00	9.338313e+01
5.510000e-06	1.453483e-07	1.504094e-09	1.054575e+00	9.044431e+01
5.520000e-06	8.901342e-08	1.455047e-09	6.458371e-01	8.747514e+01
5.530000e-06	3.264213e-08	1.405096e-09	2.368350e-01	8.447535e+01
5.540000e-06	-2.376610e-08	1.358295e-09	-1.724350e-01	8.144466e+01
5.550000e-06	-8.016098e-08	1.308644e-09	-5.816082e-01	7.838282e+01
5.560000e-06	-1.365747e-07	1.255649e-09	-9.909184e-01	7.528954e+01
5.570000e-06	-1.929493e-07	1.202562e-09	-1.399944e+00	7.216455e+01
5.580000e-06	-2.492820e-07	1.150746e-09	-1.808666e+00	6.900756e+01
5.590000e-06	-3.056235e-07	1.099969e-09	-2.217452e+00	6.581828e+01
5.600000e-06	-3.619511e-07	1.048753e-09	-2.626137e+00	6.259641e+01
5.610000e-06	-4.182558e-07	9.946336e-10	-3.034656e+00	5.934165e+01
5.620000e-06	-4.745376e-07	9.384156e-10	-3.443008e+00	5.605368e+01
5.630000e-06	-5.307902e-07	8.834043e-10	-3.851150e+00	5.273217e+01
5.640000e-06	-5.870513e-07	8.317038e-10	-4.259352e+00	4.937679e+01
5.650000e-06	-6.433158e-07	7.806696e-10	-4.667579e+00	4.598722e+01
5.660000e-06	-6.994883e-07	7.254847e-10	-5.075139e+00	4.256314e+01
5.670000e-06	-7.555477e-07	6.685018e-10	-5.481878e+00	3.910424e+01
5.680000e-06	-8.116551e-07	6.130522e-10	-5.888966e+00	3.561023e+01
5.690000e-06	-8.677634e-07	5.584039e-10	-6.296059e+00	3.208087e+01
5.700000e-06	-9.237705e-07	4.998191e-10	-6.702419e+00	2.851594e+01
5.710000e-06	-9.797205e-07	4.396471e-10	-7.108365e+00	2.491530e+01
5.720000e-06	-1.035661e-06	3.797671e-10	-7.514240e+00	2.127888e+01
5.730000e-06	-1.091518e-06	3.219742e-10	-7.919508e+00	1.760669e+01
5.740000e-06	-1.147190e-06	2.653414e-10	-8.323442e+00	1.389885e+01
5.750000e-06	-1.202820e-06	2.081940e-10	-8.727064e+00	1.015561e+01
5.760000e-06	-1.258480e-06	1.486081e-10	-9.130908e+00	6.377347e+00
5.770000e-06	-1.314086e-06	8.841282e-11	-9.534358e+00	2.564605e+00
5.780000e-06	-1.369556e-06	2.800862e-11	-9.936818e+00	-1.281913e+00
5.790000e-06	-1.424787e-06	-3.405400e-11	-1.033755e+01	-5.161312e+00
5.800000e-06	-1.479774e-06	-9.826872e-11	-1.073650e+01	-9.072508e+00
5.810000e-06	-1.534656e-06	-1.635236e-10	-1.113470e+01	-1.301421e+01
5.820000e-06	-1.589403e-06	-2.285483e-10	-1.153192e+01	-1.698490e+01
5.830000e-06	-1.643979e-06	-2.928862e-10	-1.192789e+01	-2.098287e+01
5.840000e-06	-1.698353e-06	-3.580853e-10	-1.232240e+01	-2.500617e+01
5.850000e-06	-1.752555e-06	-4.230614e-10	-1.271567e+01	-2.905264e+01
5.860000e-06	-1.806575e-06	-4.867171e-10	-1.310761e+01	-3.311992e+01
5.870000e-06	-1.860405e-06	-5.504070e-10	-1.349817e+01	-3.720544e+01
5.880000e-06	-1.914063e-06	-6.154658e-10	-1.388749e+01	-4.130642e+01
5.890000e-06	-1.967457e-06	-6.829321e-10	-1.427489e+01	-4.541995e+01
5.900000e-06	-2.020551e-06	-7.517292e-10	-1.466011e+01	-4.954293e+01
5.910000e-06	-2.073392e-06	-8.195217e-10	-1.504350e+01	-5.367215e+01
5.920000e-06	-2.126102e-06	-8.876667e-10	-1.542594e+01	-5.780427e+01
5.930000e-06	-2.178706e-06	-9.535025e-10	-1.580761e+01	-6.193590e+01
5.940000e-06	-2.231135e-06	-1.016958e-09	-1.618800e+01	-6.606357e+01
5.950000e-06	-2.283411e-06	-1.081606e-09	-1.656729e+01	-7.018382e+01
5.960000e-06	-2.335513e-06	-1.146883e-09	-1.694532e+01	-7.429317e+01
5.970000e-06	-2.387454e-06	-1.209846e-09	-1.732218e+01	-7.838821e+01
5.980000e-06	-2.439289e-06	-1.270019e-09	-1.769827e+01	-8.246556e+01
5.990000e-06	-2.490902e-06	-1.332699e-09	-1.807274e+01	-8.652199e+01
6.000000e-06	-2.542283e-06	-1.398959e-09	-1.844554e+01	-9.055436e+01
6.010000e-06	-2.593503e-06	-1.465738e-09	-1.881717e+01	-9.455969e+01
6.020000e-06	-2.644533e-06	-1.530342e-09	-1.918742e+01	-9.853519e+01
6.030000e-06	-2.695369e-06	-1.592295e-09	-1.955626e+01	-1.024782e+02
6.040000e-06	-2.746051e-06	-1.654197e-09	-1.992398e+01	-1.063864e+02
6.050000e-06	-2.796514e-06	-1.717190e-09	-2.029011e+01	-1.102576e+02
6.060000e-06	-2.846773e-06	-1.779567e-09	-2.065477e+01	-1.140898e+02
6.070000e-06	-2.896764e-06	-1.839711e-09	-2.101748e+01	-1.178813e+02
6.080000e-06	-2.946439e-06	-1.897727e-09	-2.137790e+01	-1.216306e+02
6.090000e-06	-2.995825e-06	-1.957240e-09	-2.173622e+01	-1.253365e+02
6.100000e-06	-3.044910e-06	-2.017759e-09	-2.209235e+01	-1.289979e+02
6.110000e-06	-3.093597e-06	-2.075852e-09	-2.244560e+01	-1.326140e+02
6.120000e-06	-3.141949e-06	-2.131824e-09	-2.279642e+01	-1.361841e+02
6.130000e-06	-3.190105e-06	-2.189960e-09	-2.314581e+01	-1.397078e+02
6.140000e-06	-3.238006e-06	-2.250215e-09	-2.349336e+01	-1.431849e+02
6.150000e-06	-3.285600e-06	-2.309373e-09	-2.383868e+01	-1.466150e+02
6.160000e-06	-3.332887e-06	-2.363954e-09	-2.418177e+01	-1.499983e+02
6.170000e-06	-3.380006e-06	-2.416283e-09	-2.452365e+01	-1.533348e+02
6.180000e-06	-3.426947e-06	-2.470808e-09	-2.486422e+01	-1.566245e+02
6.190000e-06	-3.473672e-06	-2.525055e-09	-2.520324e+01	-1.598678e+02
6.200000e-06	-3.520204e-06	-2.577104e-09	-2.554085e+01	-1.630647e+02
6.210000e-06	-3.566536e-06	-2.628225e-09	-2.587701e+01	-1.662157e+02
6.220000e-06	-3.612692e-06	-2.678945e-09	-2.621189e+01	-1.693209e+02
6.230000e-06	-3.658579e-06	-2.730876e-09	-2.654483e+01	-1.723805e+02
6.240000e-06	-3.704176e-06	-2.784061e-09	-2.687566e+01	-1.753948e+02
6.250000e-06	-3.749500e-06	-2.836378e-09	-2.720451e+01	-1.783641e+02
6.260000e-06	-3.794528e-06	-2.885107e-09	-2.753121e+01	-1.812884e+02
6.270000e-06	-3.839258e-06	-2.930330e-09	-2.785575e+01	-1.841678e+02
6.280000e-06	-3.883770e-06	-2.975713e-09	-2.817870e+01	-1.870026e+02
6.290000e-06	-3.928118e-06	-3.021293e-09	-2.850047e+01	-1.897928e+02
6.300000e-06	-3.972307e-06	-3.063982e-09	-2.882108e+01	-1.925383e+02
6.310000e-06	-4.016325e-06	-3.105287e-09	-2.914046e+01	-1.952394e+02
6.320000e-06	-4.060114e-06	-3.148134e-09	-2.945816e+01	-1.978959e+02
6.330000e-06	-4.103711e-06	-3.191827e-09	-2.977449e+01	-2.005080e+02
6.340000e-06	-4.147057e-06	-3.234254e-09	-3.008898e+01	-2.030757e+02
6.350000e-06	-4.190025e-06	-3.274252e-09	-3.040074e+01	-2.055991e+02
6.360000e-06	-4.232653e-06	-3.310833e-09	-3.071003e+01	-2.080783e+02
6.370000e-06	-4.275003e-06	-3.350223e-09	-3.101730e+01	-2.105135e+02
6.380000e-06	-4.317092e-06	-3.392169e-09	-3.132267e+01	-2.129049e+02
6.390000e-06	-4.358979e-06	-3.432417e-09	-3.162658e+01	-2.152528e+02
6.400000e-06	-4.400563e-06	-3.469264e-09	-3.192830e+01	-2.175576e+02
6.410000e-06	-4.441739e-06	-3.501746e-09	-3.222705e+01	-2.198197e+02
6.420000e-06	-4.482632e-06	-3.534713e-09	-3.252375e+01	-2.220397e+02
6.430000e-06	-4.523270e-06	-3.570691e-09	-3.281860e+01	-2.242180e+02
6.440000e-06	-4.563619e-06	-3.608483e-09	-3.311135e+01	-2.263554e+02
6.450000e-06	-4.603779e-06	-3.643148e-09	-3.340273e+01	-2.284525e+02
6.460000e-06	-4.643743e-06	-3.674505e-09	-3.369269e+01	-2.305101e+02
6.470000e-06	-4.683410e-06	-3.708069e-09	-3.398049e+01	-2.325290e+02
6.480000e-06	-4.722667e-06	-3.743896e-09	-3.426532e+01	-2.345100e+02
6.490000e-06	-4.761411e-06	-3.779094e-09	-3.454643e+01	-2.364540e+02
6.500000e-06	-4.799650e-06	-3.809497e-09	-3.482387e+01	-2.383617e+02
6.510000e-06	-4.837407e-06	-3.836414e-09	-3.509782e+01	-2.402341e+02
6.520000e-06	-4.874622e-06	-3.862023e-09	-3.536783e+01	-2.420718e+02
6.530000e-06	-4.911353e-06	-3.889236e-09	-3.563433e+01	-2.438757e+02
6.540000e-06	-4.947806e-06	-3.916867e-09	-3.589882e+01	-2.456464e+02
6.550000e-06	-4.984034e-06	-3.943319e-09	-3.616167e+01	-2.473846e+02
6.560000e-06	-5.019982e-06	-3.970019e-09	-3.642249e+01	-2.490908e+02
6.570000e-06	-5.055663e-06	-3.994831e-09	-3.668138e+01	-2.507655e+02
6.580000e-06	-5.091140e-06	-4.019749e-09	-3.693878e+01	-2.524089e+02
6.590000e-06	-5.126279e-06	-4.047359e-09	-3.719373e+01	-2.540216e+02
6.600000e-06	-5.160967e-06	-4.071862e-09	-3.744541e+01	-2.556035e+02
6.610000e-06	-5.195309e-06	-4.091263e-09	-3.769458e+01	-2.571548e+02
6.620000e-06	-5.229247e-06	-4.109730e-09	-3.794082e+01	-2.586756e+02
6.630000e-06	-5.262825e-06	-4.131840e-09	-3.818444e+01	-2.601658e+02
6.640000e-06	-5.296122e-06	-4.155340e-09	-3.842602e+01	-2.616253e+02
6.650000e-06	-5.328995e-06	-4.177014e-09	-3.866454e+01	-2.630539e+02
6.660000e-06	-5.361495e-06	-4.197880e-09	-3.890034e+01	-2.644516e+02
6.670000e-06	-5.393781e-06	-4.219209e-09	-3.913459e+01	-2.658179e+02
6.680000e-06	-5.425808e-06	-4.244232e-09	-3.936697e+01	-2.671529e+02
6.690000e-06	-5.457422e-06	-4.266616e-09	-3.959634e+01	-2.684563e+02
6.700000e-06	-5.488624e-06	-4.284506e-09	-3.982272e+01	-2.697280e+02
6.710000e-06	-5.519325e-06	-4.300981e-09	-4.004548e+01	-2.709678e+02
6.720000e-06	-5.549361e-06	-4.318002e-09	-4.026340e+01	-2.721758e+02
6.730000e-06	-5.578782e-06	-4.334126e-09	-4.047687e+01	-2.733521e+02
6.740000e-06	-5.607643e-06	-4.350615e-09	-4.068627e+01	-2.744968e+02
6.750000e-06	-5.636086e-06	-4.368042e-09	-4.089263e+01	-2.756102e+02
6.760000e-06	-5.664266e-06	-4.385043e-09	-4.109710e+01	-2.766926e+02
6.770000e-06	-5.692253e-06	-4.400458e-09	-4.130016e+01	-2.777445e+02
6.780000e-06	-5.719976e-06	-4.414635e-09	-4.150130e+01	-2.787665e+02
6.790000e-06	-5.747242e-06	-4.426995e-09	-4.169913e+01	-2.797594e+02
6.800000e-06	-5.774063e-06	-4.438599e-09	-4.189373e+01	-2.807239e+02
6.810000e-06	-5.800491e-06	-4.449514e-09	-4.208548e+01	-2.816608e+02
6.820000e-06	-5.826507e-06	-4.461662e-09	-4.227424e+01	-2.825712e+02
6.830000e-06	-5.852160e-06	-4.476993e-09	-4.246036e+01	-2.834561e+02
6.840000e-06	-5.877364e-06	-4.492197e-09	-4.264323e+01	-2.843165e+02
6.850000e-06	-5.902155e-06	-4.504801e-09	-4.282310e+01	-2.851536e+02
6.860000e-06	-5.926667e-06	-4.516521e-09	-4.300095e+01	-2.859685e+02
6.870000e-06	-5.950862e-06	-4.528901e-09	-4.317649e+01	-2.867622e+02
6.880000e-06	-5.974737e-06	-4.539255e-09	-4.334972e+01	-2.875359e+02
6.890000e-06	-5.998203e-06	-4.546642e-09	-4.351997e+01	-2.882906e+02
6.900000e-06	-6.021098e-06	-4.553157e-09	-4.368609e+01	-2.890272e+02
6.910000e-06	-6.043419e-06	-4.562038e-09	-4.384804e+01	-2.897466e+02
6.920000e-06	-6.065080e-06	-4.572143e-09	-4.400520e+01	-2.904497e+02
6.930000e-06	-6.086110e-06	-4.581200e-09	-4.415778e+01	-2.911372e+02
6.940000e-06	-6.106776e-06	-4.591127e-09	-4.430773e+01	-2.918096e+02
6.950000e-06	-6.127107e-06	-4.603172e-09	-4.445524e+01	-2.924674e+02
6.960000e-06	-6.147104e-06	-4.615026e-09	-4.460033e+01	-2.931110e+02
6.970000e-06	-6.166813e-06	-4.624004e-09	-4.474333e+01	-2.937407e+02
6.980000e-06	-6.186036e-06	-4.630147e-09	-4.488280e+01	-2.943565e+02
6.990000e-06	-6.204744e-06	-4.636777e-09	-4.501853e+01	-2.949586e+02
7.000000e-06	-6.223109e-06	-4.642423e-09	-4.515179e+01	-2.955469e+02
7.010000e-06	-6.241150e-06	-4.648427e-09	-4.528268e+01	-2.961213e+02
7.020000e-06	-6.258793e-06	-4.657239e-09	-4.541069e+01	-2.966816e+02
7.030000e-06	-6.275959e-06	-4.666086e-09	-4.553524e+01	-2.972275e+02
7.040000e-06	-6.292681e-06	-4.674100e-09	-4.565657e+01	-2.977588e+02
7.050000e-06	-6.309093e-06	-4.681897e-09	-4.577564e+01	-2.982751e+02
7.060000e-06	-6.325204e-06	-4.689144e-09	-4.589253e+01	-2.987764e+02
7.070000e-06	-6.340950e-06	-4.695787e-09	-4.600678e+01	-2.992621e+02
7.080000e-06	-6.356119e-06	-4.701509e-09	-4.611684e+01	-2.997322e+02
7.090000e-06	-6.370498e-06	-4.707594e-09	-4.622117e+01	-3.001864e+02
7.100000e-06	-6.384184e-06	-4.713514e-09	-4.632047e+01	-3.006246e+02
7.110000e-06	-6.397250e-06	-4.719984e-09	-4.641527e+01	-3.010467e+02
7.120000e-06	-6.409727e-06	-4.726791e-09	-4.650579e+01	-3.014526e+02
7.130000e-06	-6.421787e-06	-4.731514e-09	-4.659329e+01	-3.018425e+02
7.140000e-06	-6.433432e-06	-4.736699e-09	-4.667778e+01	-3.022164e+02
7.150000e-06	-6.444632e-06	-4.743694e-09	-4.675904e+01	-3.025746e+02
7.160000e-06	-6.455352e-06	-4.750895e-09	-4.683682e+01	-3.029171e+02
7.170000e-06	-6.465601e-06	-4.754861e-09	-4.691119e+01	-3.032444e+02
7.180000e-06	-6.475508e-06	-4.756800e-09	-4.698307e+01	-3.035567e+02
7.190000e-06	-6.484936e-06	-4.758758e-09	-4.705147e+01	-3.038543e+02
7.200000e-06	-6.493864e-06	-4.761023e-09	-4.711625e+01	-3.041375e+02
7.210000e-06	-6.502394e-06	-4.761633e-09	-4.717814e+01	-3.044066e+02
7.220000e-06	-6.510576e-06	-4.762169e-09	-4.723750e+01	-3.046619e+02
7.230000e-06	-6.518484e-06	-4.765434e-09	-4.729488e+01	-3.049036e+02
7.240000e-06	-6.525951e-06	-4.769643e-09	-4.734905e+01	-3.051318e+02
7.250000e-06	-6.532855e-06	-4.773013e-09	-4.739915e+01	-3.053466e+02
7.260000e-06	-6.539042e-06	-4.775969e-09	-4.744404e+01	-3.055479e+02
7.270000e-06	-6.544478e-06	-4.777944e-09	-4.748347e+01	-3.057357e+02
7.280000e-06	-6.549369e-06	-4.778496e-09	-4.751896e+01	-3.059097e+02
7.290000e-06	-6.553865e-06	-4.778368e-09	-4.755159e+01	-3.060695e+02
7.300000e-06	-6.558037e-06	-4.777040e-09	-4.758186e+01	-3.062147e+02
7.310000e-06	-6.561853e-06	-4.777433e-09	-4.760954e+01	-3.063446e+02
7.320000e-06	-6.565260e-06	-4.779375e-09	-4.763426e+01	-3.064587e+02
7.330000e-06	-6.568233e-06	-4.782361e-09	-4.765583e+01	-3.065560e+02
7.340000e-06	-6.570786e-06	-4.785919e-09	-4.767436e+01	-3.066359e+02
7.350000e-06	-6.572960e-06	-4.787708e-09	-4.769013e+01	-3.066973e+02
7.360000e-06	-6.574601e-06	-4.788273e-09	-4.770203e+01	-3.067393e+02
7.370000e-06	-6.575694e-06	-4.788826e-09	-4.770997e+01	-3.067611e+02
7.380000e-06	-6.576450e-06	-4.789694e-09	-4.771545e+01	-3.067615e+02
