# Temperatura_=_20.0
# Concentracion g/m^3_=_12600.0
# C_Vs_to_Am_M_A/Vsm_=_65563218390.804596
# pendiente_HvsI_1/m_=_3716.3
# ordenada_HvsI_A/m_=_1297.0
# frecuencia_Hz_=_135360.21508281285

Tiempo_(s)	Campo_(V.s)	Magnetizacion_(V.s)	Campo_(kA/m)	Magnetizacion_(A/m)
0.000000e+00	-6.580530e-06	-4.914693e-09	-4.773299e+01	-3.124936e+02
1.000000e-08	-6.580577e-06	-4.914060e-09	-4.773333e+01	-3.125437e+02
2.000000e-08	-6.580341e-06	-4.911846e-09	-4.773162e+01	-3.125689e+02
3.000000e-08	-6.579647e-06	-4.912349e-09	-4.772659e+01	-3.125651e+02
4.000000e-08	-6.578308e-06	-4.911290e-09	-4.771687e+01	-3.125284e+02
5.000000e-08	-6.576167e-06	-4.907494e-09	-4.770134e+01	-3.124552e+02
6.000000e-08	-6.573297e-06	-4.905136e-09	-4.768052e+01	-3.123422e+02
7.000000e-08	-6.569953e-06	-4.909339e-09	-4.765627e+01	-3.121863e+02
8.000000e-08	-6.566249e-06	-4.906023e-09	-4.762939e+01	-3.119851e+02
9.000000e-08	-6.562129e-06	-4.863925e-09	-4.759952e+01	-3.117368e+02
1.000000e-07	-6.557389e-06	-4.847012e-09	-4.756513e+01	-3.114401e+02
1.100000e-07	-6.551988e-06	-4.915223e-09	-4.752596e+01	-3.110947e+02
1.200000e-07	-6.546143e-06	-4.994815e-09	-4.748355e+01	-3.107007e+02
1.300000e-07	-6.540034e-06	-4.892621e-09	-4.743925e+01	-3.102593e+02
1.400000e-07	-6.533593e-06	-4.728588e-09	-4.739252e+01	-3.097723e+02
1.500000e-07	-6.526652e-06	-4.772096e-09	-4.734218e+01	-3.092424e+02
1.600000e-07	-6.519250e-06	-4.979459e-09	-4.728848e+01	-3.086730e+02
1.700000e-07	-6.511517e-06	-4.947400e-09	-4.723239e+01	-3.080682e+02
1.800000e-07	-6.503494e-06	-4.803240e-09	-4.717419e+01	-3.074326e+02
1.900000e-07	-6.495114e-06	-4.778692e-09	-4.711341e+01	-3.067713e+02
2.000000e-07	-6.486389e-06	-4.832350e-09	-4.705012e+01	-3.060900e+02
2.100000e-07	-6.477108e-06	-4.926265e-09	-4.698280e+01	-3.053946e+02
2.200000e-07	-6.467051e-06	-4.954638e-09	-4.690985e+01	-3.046911e+02
2.300000e-07	-6.456308e-06	-4.778432e-09	-4.683192e+01	-3.039855e+02
2.400000e-07	-6.444970e-06	-4.563167e-09	-4.674968e+01	-3.032840e+02
2.500000e-07	-6.433038e-06	-4.698732e-09	-4.666313e+01	-3.025922e+02
2.600000e-07	-6.420556e-06	-4.900955e-09	-4.657259e+01	-3.019156e+02
2.700000e-07	-6.407612e-06	-4.665532e-09	-4.647870e+01	-3.012590e+02
2.800000e-07	-6.394144e-06	-4.338609e-09	-4.638101e+01	-3.006269e+02
2.900000e-07	-6.380049e-06	-4.463581e-09	-4.627876e+01	-3.000229e+02
3.000000e-07	-6.365364e-06	-4.669337e-09	-4.617224e+01	-2.994500e+02
3.100000e-07	-6.350007e-06	-4.469112e-09	-4.606085e+01	-2.989101e+02
3.200000e-07	-6.334086e-06	-4.280960e-09	-4.594537e+01	-2.984047e+02
3.300000e-07	-6.317708e-06	-4.445981e-09	-4.582657e+01	-2.979340e+02
3.400000e-07	-6.300864e-06	-4.443461e-09	-4.570439e+01	-2.974976e+02
3.500000e-07	-6.283668e-06	-4.330443e-09	-4.557965e+01	-2.970941e+02
3.600000e-07	-6.266117e-06	-4.444311e-09	-4.545234e+01	-2.967213e+02
3.700000e-07	-6.248185e-06	-4.486639e-09	-4.532227e+01	-2.963764e+02
3.800000e-07	-6.229844e-06	-4.278507e-09	-4.518922e+01	-2.960556e+02
3.900000e-07	-6.211122e-06	-4.289217e-09	-4.505342e+01	-2.957549e+02
4.000000e-07	-6.191874e-06	-4.465601e-09	-4.491381e+01	-2.954697e+02
4.100000e-07	-6.172118e-06	-4.427324e-09	-4.477050e+01	-2.951948e+02
4.200000e-07	-6.152137e-06	-4.280085e-09	-4.462557e+01	-2.949253e+02
4.300000e-07	-6.131873e-06	-4.285241e-09	-4.447858e+01	-2.946556e+02
4.400000e-07	-6.111238e-06	-4.369033e-09	-4.432890e+01	-2.943805e+02
4.500000e-07	-6.090213e-06	-4.402777e-09	-4.417639e+01	-2.940950e+02
4.600000e-07	-6.068709e-06	-4.357569e-09	-4.402040e+01	-2.937941e+02
4.700000e-07	-6.046753e-06	-4.283017e-09	-4.386115e+01	-2.934732e+02
4.800000e-07	-6.024454e-06	-4.294778e-09	-4.369940e+01	-2.931285e+02
4.900000e-07	-6.001770e-06	-4.334198e-09	-4.353485e+01	-2.927564e+02
5.000000e-07	-5.978621e-06	-4.323549e-09	-4.336694e+01	-2.923540e+02
5.100000e-07	-5.955085e-06	-4.305416e-09	-4.319622e+01	-2.919191e+02
5.200000e-07	-5.931199e-06	-4.274713e-09	-4.302295e+01	-2.914503e+02
5.300000e-07	-5.907006e-06	-4.214410e-09	-4.284747e+01	-2.909468e+02
5.400000e-07	-5.882383e-06	-4.250860e-09	-4.266886e+01	-2.904083e+02
5.500000e-07	-5.857175e-06	-4.308486e-09	-4.248601e+01	-2.898356e+02
5.600000e-07	-5.831342e-06	-4.238558e-09	-4.229863e+01	-2.892298e+02
5.700000e-07	-5.804954e-06	-4.159238e-09	-4.210722e+01	-2.885925e+02
5.800000e-07	-5.778038e-06	-4.208680e-09	-4.191198e+01	-2.879261e+02
5.900000e-07	-5.750635e-06	-4.243479e-09	-4.171320e+01	-2.872332e+02
6.000000e-07	-5.722860e-06	-4.200531e-09	-4.151173e+01	-2.865167e+02
6.100000e-07	-5.694775e-06	-4.171531e-09	-4.130801e+01	-2.857798e+02
6.200000e-07	-5.666455e-06	-4.179371e-09	-4.110259e+01	-2.850257e+02
6.300000e-07	-5.637806e-06	-4.164708e-09	-4.089478e+01	-2.842578e+02
6.400000e-07	-5.608774e-06	-4.148215e-09	-4.068419e+01	-2.834791e+02
6.500000e-07	-5.579365e-06	-4.155929e-09	-4.047087e+01	-2.826928e+02
6.600000e-07	-5.549559e-06	-4.151207e-09	-4.025466e+01	-2.819015e+02
6.700000e-07	-5.519416e-06	-4.103413e-09	-4.003602e+01	-2.811077e+02
6.800000e-07	-5.488905e-06	-4.073847e-09	-3.981470e+01	-2.803133e+02
6.900000e-07	-5.457896e-06	-4.100544e-09	-3.958978e+01	-2.795199e+02
7.000000e-07	-5.426466e-06	-4.118771e-09	-3.936179e+01	-2.787285e+02
7.100000e-07	-5.394742e-06	-4.075230e-09	-3.913167e+01	-2.779396e+02
7.200000e-07	-5.362742e-06	-4.026118e-09	-3.889956e+01	-2.771534e+02
7.300000e-07	-5.330463e-06	-4.032887e-09	-3.866541e+01	-2.763693e+02
7.400000e-07	-5.297813e-06	-4.063974e-09	-3.842858e+01	-2.755866e+02
7.500000e-07	-5.264849e-06	-4.055591e-09	-3.818947e+01	-2.748037e+02
7.600000e-07	-5.231413e-06	-3.999973e-09	-3.794694e+01	-2.740190e+02
7.700000e-07	-5.197418e-06	-3.963926e-09	-3.770035e+01	-2.732306e+02
7.800000e-07	-5.162857e-06	-3.985814e-09	-3.744965e+01	-2.724361e+02
7.900000e-07	-5.127668e-06	-4.011927e-09	-3.719440e+01	-2.716332e+02
8.000000e-07	-5.092089e-06	-3.980465e-09	-3.693633e+01	-2.708193e+02
8.100000e-07	-5.056211e-06	-3.927145e-09	-3.667608e+01	-2.699920e+02
8.200000e-07	-5.020079e-06	-3.912587e-09	-3.641399e+01	-2.691488e+02
8.300000e-07	-4.983676e-06	-3.932134e-09	-3.614994e+01	-2.682874e+02
8.400000e-07	-4.946951e-06	-3.931133e-09	-3.588355e+01	-2.674058e+02
8.500000e-07	-4.909907e-06	-3.892783e-09	-3.561484e+01	-2.665022e+02
8.600000e-07	-4.872548e-06	-3.849610e-09	-3.534385e+01	-2.655751e+02
8.700000e-07	-4.834837e-06	-3.844406e-09	-3.507031e+01	-2.646234e+02
8.800000e-07	-4.796744e-06	-3.860774e-09	-3.479400e+01	-2.636464e+02
8.900000e-07	-4.758339e-06	-3.848820e-09	-3.451541e+01	-2.626436e+02
9.000000e-07	-4.719598e-06	-3.801504e-09	-3.423440e+01	-2.616152e+02
9.100000e-07	-4.680530e-06	-3.770305e-09	-3.395102e+01	-2.605615e+02
9.200000e-07	-4.641163e-06	-3.775000e-09	-3.366546e+01	-2.594835e+02
9.300000e-07	-4.601542e-06	-3.784108e-09	-3.337806e+01	-2.583821e+02
9.400000e-07	-4.561620e-06	-3.762368e-09	-3.308849e+01	-2.572587e+02
9.500000e-07	-4.521392e-06	-3.720748e-09	-3.279668e+01	-2.561150e+02
9.600000e-07	-4.480921e-06	-3.696050e-09	-3.250312e+01	-2.549528e+02
9.700000e-07	-4.440122e-06	-3.697502e-09	-3.220717e+01	-2.537738e+02
9.800000e-07	-4.398988e-06	-3.697020e-09	-3.190880e+01	-2.525800e+02
9.900000e-07	-4.357491e-06	-3.668560e-09	-3.160780e+01	-2.513733e+02
1.000000e-06	-4.315513e-06	-3.627963e-09	-3.130330e+01	-2.501554e+02
1.010000e-06	-4.272973e-06	-3.611021e-09	-3.099474e+01	-2.489280e+02
1.020000e-06	-4.229971e-06	-3.615859e-09	-3.068281e+01	-2.476924e+02
1.030000e-06	-4.186689e-06	-3.606938e-09	-3.036886e+01	-2.464498e+02
1.040000e-06	-4.143208e-06	-3.572542e-09	-3.005346e+01	-2.452010e+02
1.050000e-06	-4.099436e-06	-3.537097e-09	-2.973596e+01	-2.439467e+02
1.060000e-06	-4.055351e-06	-3.525700e-09	-2.941617e+01	-2.426869e+02
1.070000e-06	-4.011098e-06	-3.525653e-09	-2.909518e+01	-2.414215e+02
1.080000e-06	-3.966647e-06	-3.505999e-09	-2.877275e+01	-2.401500e+02
1.090000e-06	-3.921863e-06	-3.465557e-09	-2.844790e+01	-2.388717e+02
1.100000e-06	-3.876780e-06	-3.436963e-09	-2.812088e+01	-2.375852e+02
1.110000e-06	-3.831448e-06	-3.431297e-09	-2.779206e+01	-2.362893e+02
1.120000e-06	-3.785868e-06	-3.424987e-09	-2.746143e+01	-2.349822e+02
1.130000e-06	-3.739976e-06	-3.396988e-09	-2.712855e+01	-2.336622e+02
1.140000e-06	-3.693802e-06	-3.360829e-09	-2.679362e+01	-2.323273e+02
1.150000e-06	-3.647440e-06	-3.339164e-09	-2.645733e+01	-2.309755e+02
1.160000e-06	-3.601001e-06	-3.329553e-09	-2.612047e+01	-2.296046e+02
1.170000e-06	-3.554356e-06	-3.310978e-09	-2.578212e+01	-2.282128e+02
1.180000e-06	-3.507264e-06	-3.278192e-09	-2.544054e+01	-2.267980e+02
1.190000e-06	-3.459825e-06	-3.245350e-09	-2.509643e+01	-2.253585e+02
1.200000e-06	-3.412286e-06	-3.225093e-09	-2.475159e+01	-2.238927e+02
1.210000e-06	-3.364558e-06	-3.209946e-09	-2.440539e+01	-2.223992e+02
1.220000e-06	-3.316548e-06	-3.185175e-09	-2.405714e+01	-2.208770e+02
1.230000e-06	-3.268296e-06	-3.153844e-09	-2.370714e+01	-2.193252e+02
1.240000e-06	-3.219694e-06	-3.126464e-09	-2.335460e+01	-2.177432e+02
1.250000e-06	-3.170848e-06	-3.106404e-09	-2.300028e+01	-2.161310e+02
1.260000e-06	-3.121892e-06	-3.085756e-09	-2.264518e+01	-2.144885e+02
1.270000e-06	-3.072730e-06	-3.057426e-09	-2.228857e+01	-2.128162e+02
1.280000e-06	-3.023280e-06	-3.025076e-09	-2.192987e+01	-2.111146e+02
1.290000e-06	-2.973349e-06	-2.994549e-09	-2.156769e+01	-2.093846e+02
1.300000e-06	-2.922877e-06	-2.967349e-09	-2.120158e+01	-2.076273e+02
1.310000e-06	-2.872188e-06	-2.944787e-09	-2.083390e+01	-2.058439e+02
1.320000e-06	-2.821307e-06	-2.920088e-09	-2.046483e+01	-2.040357e+02
1.330000e-06	-2.770046e-06	-2.885343e-09	-2.009300e+01	-2.022041e+02
1.340000e-06	-2.718474e-06	-2.848234e-09	-1.971891e+01	-2.003506e+02
1.350000e-06	-2.666711e-06	-2.822444e-09	-1.934344e+01	-1.984764e+02
1.360000e-06	-2.614721e-06	-2.802144e-09	-1.896632e+01	-1.965830e+02
1.370000e-06	-2.562467e-06	-2.771927e-09	-1.858729e+01	-1.946716e+02
1.380000e-06	-2.510073e-06	-2.736636e-09	-1.820724e+01	-1.927432e+02
1.390000e-06	-2.457621e-06	-2.706895e-09	-1.782677e+01	-1.907987e+02
1.400000e-06	-2.405108e-06	-2.684015e-09	-1.744586e+01	-1.888387e+02
1.410000e-06	-2.352511e-06	-2.656751e-09	-1.706434e+01	-1.868638e+02
1.420000e-06	-2.299643e-06	-2.623494e-09	-1.668085e+01	-1.848741e+02
1.430000e-06	-2.246522e-06	-2.590439e-09	-1.629553e+01	-1.828696e+02
1.440000e-06	-2.193313e-06	-2.561193e-09	-1.590957e+01	-1.808502e+02
1.450000e-06	-2.139891e-06	-2.533415e-09	-1.552206e+01	-1.788153e+02
1.460000e-06	-2.086204e-06	-2.503583e-09	-1.513263e+01	-1.767643e+02
1.470000e-06	-2.032396e-06	-2.472732e-09	-1.474233e+01	-1.746964e+02
1.480000e-06	-1.978522e-06	-2.444017e-09	-1.435154e+01	-1.726107e+02
1.490000e-06	-1.924493e-06	-2.415862e-09	-1.395964e+01	-1.705060e+02
1.500000e-06	-1.870275e-06	-2.386874e-09	-1.356636e+01	-1.683811e+02
1.510000e-06	-1.816015e-06	-2.354355e-09	-1.317277e+01	-1.662350e+02
1.520000e-06	-1.761703e-06	-2.319020e-09	-1.277881e+01	-1.640663e+02
1.530000e-06	-1.707245e-06	-2.284533e-09	-1.238379e+01	-1.618740e+02
1.540000e-06	-1.652646e-06	-2.251079e-09	-1.198775e+01	-1.596569e+02
1.550000e-06	-1.597945e-06	-2.220602e-09	-1.159096e+01	-1.574140e+02
1.560000e-06	-1.543121e-06	-2.189236e-09	-1.119329e+01	-1.551443e+02
1.570000e-06	-1.488198e-06	-2.151210e-09	-1.079489e+01	-1.528472e+02
1.580000e-06	-1.433151e-06	-2.110679e-09	-1.039560e+01	-1.505220e+02
1.590000e-06	-1.378017e-06	-2.074803e-09	-9.995679e+00	-1.481681e+02
1.600000e-06	-1.322857e-06	-2.041610e-09	-9.595568e+00	-1.457854e+02
1.610000e-06	-1.267641e-06	-2.007514e-09	-9.195046e+00	-1.433737e+02
1.620000e-06	-1.212294e-06	-1.967981e-09	-8.793579e+00	-1.409330e+02
1.630000e-06	-1.156827e-06	-1.927305e-09	-8.391240e+00	-1.384634e+02
1.640000e-06	-1.101374e-06	-1.888792e-09	-7.989001e+00	-1.359651e+02
1.650000e-06	-1.045794e-06	-1.852013e-09	-7.585847e+00	-1.334386e+02
1.660000e-06	-9.901035e-07	-1.814469e-09	-7.181884e+00	-1.308843e+02
1.670000e-06	-9.344021e-07	-1.775715e-09	-6.777844e+00	-1.283025e+02
1.680000e-06	-8.786543e-07	-1.736317e-09	-6.373467e+00	-1.256939e+02
1.690000e-06	-8.228716e-07	-1.701686e-09	-5.968838e+00	-1.230588e+02
1.700000e-06	-7.671552e-07	-1.665160e-09	-5.564690e+00	-1.203978e+02
1.710000e-06	-7.114573e-07	-1.623105e-09	-5.160676e+00	-1.177111e+02
1.720000e-06	-6.556449e-07	-1.579536e-09	-4.755831e+00	-1.149991e+02
1.730000e-06	-5.997884e-07	-1.540498e-09	-4.350667e+00	-1.122620e+02
1.740000e-06	-5.439378e-07	-1.503642e-09	-3.945545e+00	-1.094999e+02
1.750000e-06	-4.880429e-07	-1.460712e-09	-3.540102e+00	-1.067126e+02
1.760000e-06	-4.321229e-07	-1.414483e-09	-3.134477e+00	-1.039001e+02
1.770000e-06	-3.762043e-07	-1.371024e-09	-2.728862e+00	-1.010621e+02
1.780000e-06	-3.202460e-07	-1.329575e-09	-2.322958e+00	-9.819799e+01
1.790000e-06	-2.642835e-07	-1.286661e-09	-1.917025e+00	-9.530737e+01
1.800000e-06	-2.082729e-07	-1.241780e-09	-1.510743e+00	-9.238956e+01
1.810000e-06	-1.522465e-07	-1.196492e-09	-1.104345e+00	-8.944384e+01
1.820000e-06	-9.627446e-08	-1.151938e-09	-6.983431e-01	-8.646938e+01
1.830000e-06	-4.029623e-08	-1.107642e-09	-2.922955e-01	-8.346536e+01
1.840000e-06	1.565302e-08	-1.063683e-09	1.135419e-01	-8.043088e+01
1.850000e-06	7.153287e-08	-1.018186e-09	5.188758e-01	-7.736508e+01
1.860000e-06	1.274651e-07	-9.719579e-10	9.245897e-01	-7.426711e+01
1.870000e-06	1.834114e-07	-9.257025e-10	1.330406e+00	-7.113614e+01
1.880000e-06	2.393652e-07	-8.816479e-10	1.736276e+00	-6.797142e+01
1.890000e-06	2.953737e-07	-8.368347e-10	2.142543e+00	-6.477228e+01
1.900000e-06	3.513514e-07	-7.907169e-10	2.548587e+00	-6.153813e+01
1.910000e-06	4.073072e-07	-7.449306e-10	2.954471e+00	-5.826850e+01
1.920000e-06	4.632071e-07	-7.000602e-10	3.359951e+00	-5.496301e+01
1.930000e-06	5.190611e-07	-6.510913e-10	3.765097e+00	-5.162140e+01
1.940000e-06	5.748840e-07	-6.009302e-10	4.170018e+00	-4.824354e+01
1.950000e-06	6.306406e-07	-5.529797e-10	4.574458e+00	-4.482940e+01
1.960000e-06	6.863729e-07	-5.055933e-10	4.978722e+00	-4.137906e+01
1.970000e-06	7.420608e-07	-4.549824e-10	5.382664e+00	-3.789269e+01
1.980000e-06	7.977215e-07	-4.047391e-10	5.786408e+00	-3.437057e+01
1.990000e-06	8.533904e-07	-3.553134e-10	6.190211e+00	-3.081304e+01
2.000000e-06	9.089693e-07	-3.035797e-10	6.593363e+00	-2.722053e+01
2.010000e-06	9.644711e-07	-2.499131e-10	6.995954e+00	-2.359352e+01
2.020000e-06	1.019961e-06	-1.972308e-10	7.398458e+00	-1.993252e+01
2.030000e-06	1.075399e-06	-1.467166e-10	7.800592e+00	-1.623810e+01
2.040000e-06	1.130827e-06	-9.378107e-11	8.202643e+00	-1.251087e+01
2.050000e-06	1.186250e-06	-3.856195e-11	8.604663e+00	-8.751449e+00
2.060000e-06	1.241583e-06	1.681711e-11	9.006032e+00	-4.960511e+00
2.070000e-06	1.296723e-06	7.013010e-11	9.406003e+00	-1.138750e+00
2.080000e-06	1.351736e-06	1.260197e-10	9.805043e+00	2.713094e+00
2.090000e-06	1.406757e-06	1.853128e-10	1.020415e+01	6.594233e+00
2.100000e-06	1.461647e-06	2.433774e-10	1.060230e+01	1.050381e+01
2.110000e-06	1.516413e-06	3.003206e-10	1.099956e+01	1.444090e+01
2.120000e-06	1.571069e-06	3.590177e-10	1.139602e+01	1.840447e+01
2.130000e-06	1.625584e-06	4.199938e-10	1.179145e+01	2.239337e+01
2.140000e-06	1.680088e-06	4.814467e-10	1.218681e+01	2.640633e+01
2.150000e-06	1.734510e-06	5.407376e-10	1.258156e+01	3.044191e+01
2.160000e-06	1.788737e-06	6.000208e-10	1.297491e+01	3.449851e+01
2.170000e-06	1.842838e-06	6.602749e-10	1.336733e+01	3.857432e+01
2.180000e-06	1.896915e-06	7.198411e-10	1.375959e+01	4.266733e+01
2.190000e-06	1.950931e-06	7.786914e-10	1.415141e+01	4.677534e+01
2.200000e-06	2.004730e-06	8.396736e-10	1.454165e+01	5.089591e+01
2.210000e-06	2.058311e-06	9.022146e-10	1.493030e+01	5.502636e+01
2.220000e-06	2.111786e-06	9.624016e-10	1.531820e+01	5.916382e+01
2.230000e-06	2.165124e-06	1.023615e-09	1.570509e+01	6.330521e+01
2.240000e-06	2.218270e-06	1.086306e-09	1.609060e+01	6.744725e+01
2.250000e-06	2.271209e-06	1.146111e-09	1.647460e+01	7.158649e+01
2.260000e-06	2.323944e-06	1.203606e-09	1.685712e+01	7.571936e+01
2.270000e-06	2.376565e-06	1.262328e-09	1.723882e+01	7.984215e+01
2.280000e-06	2.429056e-06	1.320279e-09	1.761957e+01	8.395111e+01
2.290000e-06	2.481344e-06	1.376305e-09	1.799885e+01	8.804246e+01
2.300000e-06	2.533450e-06	1.435191e-09	1.837680e+01	9.211243e+01
2.310000e-06	2.585344e-06	1.497365e-09	1.875323e+01	9.615731e+01
2.320000e-06	2.637002e-06	1.557142e-09	1.912794e+01	1.001735e+02
2.330000e-06	2.688390e-06	1.613756e-09	1.950069e+01	1.041576e+02
2.340000e-06	2.739601e-06	1.669354e-09	1.987216e+01	1.081064e+02
2.350000e-06	2.790678e-06	1.724795e-09	2.024266e+01	1.120169e+02
2.360000e-06	2.841525e-06	1.779068e-09	2.061148e+01	1.158864e+02
2.370000e-06	2.892032e-06	1.834969e-09	2.097784e+01	1.197125e+02
2.380000e-06	2.942143e-06	1.889521e-09	2.134133e+01	1.234932e+02
2.390000e-06	2.991986e-06	1.943949e-09	2.170288e+01	1.272269e+02
2.400000e-06	3.041453e-06	2.000579e-09	2.206169e+01	1.309121e+02
2.410000e-06	3.090452e-06	2.054795e-09	2.241711e+01	1.345481e+02
2.420000e-06	3.139142e-06	2.104156e-09	2.277030e+01	1.381342e+02
2.430000e-06	3.187536e-06	2.153097e-09	2.312133e+01	1.416703e+02
2.440000e-06	3.235712e-06	2.205904e-09	2.347078e+01	1.451564e+02
2.450000e-06	3.283705e-06	2.257621e-09	2.381891e+01	1.485931e+02
2.460000e-06	3.331539e-06	2.303711e-09	2.416588e+01	1.519809e+02
2.470000e-06	3.379249e-06	2.347378e-09	2.451196e+01	1.553208e+02
2.480000e-06	3.426721e-06	2.396114e-09	2.485630e+01	1.586139e+02
2.490000e-06	3.473959e-06	2.445933e-09	2.519895e+01	1.618614e+02
2.500000e-06	3.521015e-06	2.492068e-09	2.554028e+01	1.650646e+02
2.510000e-06	3.567869e-06	2.536725e-09	2.588014e+01	1.682247e+02
2.520000e-06	3.614431e-06	2.584229e-09	2.621789e+01	1.713431e+02
2.530000e-06	3.660637e-06	2.632506e-09	2.655305e+01	1.744210e+02
2.540000e-06	3.706632e-06	2.678410e-09	2.688668e+01	1.774594e+02
2.550000e-06	3.752342e-06	2.720756e-09	2.721824e+01	1.804593e+02
2.560000e-06	3.797734e-06	2.760403e-09	2.754751e+01	1.834213e+02
2.570000e-06	3.843003e-06	2.802516e-09	2.787587e+01	1.863459e+02
2.580000e-06	3.888011e-06	2.846863e-09	2.820235e+01	1.892335e+02
2.590000e-06	3.932728e-06	2.889148e-09	2.852671e+01	1.920840e+02
2.600000e-06	3.977199e-06	2.930913e-09	2.884929e+01	1.948973e+02
2.610000e-06	4.021432e-06	2.971434e-09	2.917014e+01	1.976728e+02
2.620000e-06	4.065438e-06	3.011191e-09	2.948935e+01	2.004099e+02
2.630000e-06	4.109231e-06	3.049991e-09	2.980700e+01	2.031078e+02
2.640000e-06	4.152814e-06	3.085695e-09	3.012314e+01	2.057654e+02
2.650000e-06	4.196217e-06	3.120494e-09	3.043797e+01	2.083817e+02
2.660000e-06	4.239407e-06	3.155550e-09	3.075125e+01	2.109554e+02
2.670000e-06	4.282110e-06	3.190703e-09	3.106101e+01	2.134853e+02
2.680000e-06	4.324301e-06	3.226291e-09	3.136705e+01	2.159703e+02
2.690000e-06	4.366042e-06	3.262369e-09	3.166982e+01	2.184093e+02
2.700000e-06	4.407266e-06	3.295336e-09	3.196885e+01	2.208011e+02
2.710000e-06	4.448087e-06	3.327112e-09	3.226495e+01	2.231451e+02
2.720000e-06	4.488523e-06	3.361555e-09	3.255826e+01	2.254406e+02
2.730000e-06	4.528621e-06	3.394645e-09	3.284912e+01	2.276871e+02
2.740000e-06	4.568518e-06	3.425503e-09	3.313852e+01	2.298847e+02
2.750000e-06	4.608214e-06	3.454861e-09	3.342646e+01	2.320334e+02
2.760000e-06	4.647700e-06	3.485060e-09	3.371288e+01	2.341336e+02
2.770000e-06	4.686957e-06	3.516137e-09	3.399763e+01	2.361862e+02
2.780000e-06	4.725934e-06	3.546058e-09	3.428036e+01	2.381921e+02
2.790000e-06	4.764516e-06	3.575620e-09	3.456022e+01	2.401527e+02
2.800000e-06	4.802647e-06	3.605309e-09	3.483681e+01	2.420694e+02
2.810000e-06	4.840447e-06	3.633619e-09	3.511100e+01	2.439441e+02
2.820000e-06	4.877929e-06	3.659462e-09	3.538288e+01	2.457786e+02
2.830000e-06	4.915067e-06	3.685066e-09	3.565227e+01	2.475751e+02
2.840000e-06	4.951852e-06	3.711408e-09	3.591910e+01	2.493354e+02
2.850000e-06	4.988231e-06	3.741768e-09	3.618298e+01	2.510620e+02
2.860000e-06	5.024382e-06	3.764755e-09	3.644521e+01	2.527567e+02
2.870000e-06	5.060389e-06	3.785525e-09	3.670639e+01	2.544216e+02
2.880000e-06	5.096149e-06	3.808910e-09	3.696578e+01	2.560586e+02
2.890000e-06	5.131689e-06	3.833371e-09	3.722358e+01	2.576694e+02
2.900000e-06	5.166897e-06	3.857788e-09	3.747896e+01	2.592555e+02
2.910000e-06	5.201582e-06	3.880763e-09	3.773056e+01	2.608180e+02
2.920000e-06	5.235713e-06	3.904712e-09	3.797813e+01	2.623579e+02
2.930000e-06	5.269056e-06	3.929843e-09	3.821999e+01	2.638758e+02
2.940000e-06	5.301746e-06	3.954338e-09	3.845711e+01	2.653720e+02
2.950000e-06	5.334127e-06	3.972686e-09	3.869199e+01	2.668466e+02
2.960000e-06	5.366167e-06	3.987472e-09	3.892440e+01	2.682993e+02
2.970000e-06	5.397975e-06	4.005883e-09	3.915513e+01	2.697295e+02
2.980000e-06	5.429559e-06	4.030404e-09	3.938422e+01	2.711365e+02
2.990000e-06	5.460802e-06	4.054773e-09	3.961085e+01	2.725192e+02
3.000000e-06	5.491649e-06	4.074079e-09	3.983461e+01	2.738765e+02
3.010000e-06	5.522117e-06	4.092797e-09	4.005561e+01	2.752071e+02
3.020000e-06	5.552206e-06	4.117576e-09	4.027386e+01	2.765097e+02
3.030000e-06	5.581870e-06	4.142008e-09	4.048904e+01	2.777831e+02
3.040000e-06	5.611185e-06	4.160278e-09	4.070168e+01	2.790259e+02
3.050000e-06	5.640118e-06	4.173708e-09	4.091155e+01	2.802369e+02
3.060000e-06	5.668683e-06	4.192744e-09	4.111875e+01	2.814152e+02
3.070000e-06	5.696866e-06	4.214558e-09	4.132318e+01	2.825600e+02
3.080000e-06	5.724783e-06	4.233375e-09	4.152568e+01	2.836706e+02
3.090000e-06	5.752559e-06	4.249308e-09	4.172716e+01	2.847469e+02
3.100000e-06	5.779973e-06	4.267140e-09	4.192601e+01	2.857888e+02
3.110000e-06	5.806888e-06	4.286047e-09	4.212124e+01	2.867967e+02
3.120000e-06	5.833179e-06	4.307129e-09	4.231195e+01	2.877711e+02
3.130000e-06	5.858799e-06	4.326250e-09	4.249779e+01	2.887130e+02
3.140000e-06	5.883747e-06	4.340424e-09	4.267875e+01	2.896236e+02
3.150000e-06	5.908115e-06	4.353719e-09	4.285551e+01	2.905043e+02
3.160000e-06	5.932156e-06	4.369726e-09	4.302990e+01	2.913569e+02
3.170000e-06	5.955894e-06	4.386784e-09	4.320209e+01	2.921832e+02
3.180000e-06	5.979278e-06	4.400399e-09	4.337170e+01	2.929852e+02
3.190000e-06	6.002258e-06	4.412345e-09	4.353840e+01	2.937649e+02
3.200000e-06	6.024755e-06	4.425817e-09	4.370158e+01	2.945243e+02
3.210000e-06	6.046803e-06	4.442305e-09	4.386151e+01	2.952656e+02
3.220000e-06	6.068559e-06	4.459253e-09	4.401932e+01	2.959905e+02
3.230000e-06	6.089854e-06	4.471850e-09	4.417378e+01	2.967009e+02
3.240000e-06	6.110700e-06	4.481943e-09	4.432500e+01	2.973983e+02
3.250000e-06	6.131209e-06	4.491163e-09	4.447376e+01	2.980840e+02
3.260000e-06	6.151337e-06	4.501576e-09	4.461977e+01	2.987588e+02
3.270000e-06	6.171255e-06	4.514805e-09	4.476425e+01	2.994236e+02
3.280000e-06	6.190896e-06	4.525472e-09	4.490671e+01	3.000787e+02
3.290000e-06	6.210132e-06	4.536034e-09	4.504625e+01	3.007240e+02
3.300000e-06	6.228860e-06	4.547990e-09	4.518209e+01	3.013592e+02
3.310000e-06	6.247090e-06	4.562286e-09	4.531432e+01	3.019837e+02
3.320000e-06	6.264871e-06	4.572850e-09	4.544331e+01	3.025964e+02
3.330000e-06	6.282285e-06	4.580053e-09	4.556962e+01	3.031963e+02
3.340000e-06	6.299338e-06	4.585361e-09	4.569331e+01	3.037819e+02
3.350000e-06	6.315998e-06	4.594146e-09	4.581416e+01	3.043516e+02
3.360000e-06	6.332146e-06	4.602604e-09	4.593129e+01	3.049039e+02
3.370000e-06	6.347786e-06	4.606936e-09	4.604474e+01	3.054369e+02
3.380000e-06	6.362852e-06	4.613112e-09	4.615402e+01	3.059491e+02
3.390000e-06	6.377265e-06	4.622885e-09	4.625857e+01	3.064390e+02
3.400000e-06	6.391296e-06	4.632109e-09	4.636034e+01	3.069051e+02
3.410000e-06	6.404853e-06	4.639159e-09	4.645869e+01	3.073463e+02
3.420000e-06	6.417848e-06	4.646253e-09	4.655295e+01	3.077616e+02
3.430000e-06	6.430389e-06	4.654306e-09	4.664391e+01	3.081506e+02
3.440000e-06	6.442543e-06	4.661184e-09	4.673208e+01	3.085130e+02
3.450000e-06	6.454255e-06	4.666262e-09	4.681703e+01	3.088489e+02
3.460000e-06	6.465472e-06	4.667183e-09	4.689839e+01	3.091588e+02
3.470000e-06	6.475993e-06	4.670127e-09	4.697471e+01	3.094437e+02
3.480000e-06	6.485645e-06	4.676598e-09	4.704472e+01	3.097048e+02
3.490000e-06	6.494583e-06	4.684279e-09	4.710956e+01	3.099436e+02
3.500000e-06	6.502989e-06	4.692091e-09	4.717053e+01	3.101620e+02
3.510000e-06	6.511012e-06	4.694020e-09	4.722873e+01	3.103622e+02
3.520000e-06	6.518759e-06	4.696580e-09	4.728492e+01	3.105463e+02
3.530000e-06	6.526198e-06	4.702772e-09	4.733888e+01	3.107167e+02
3.540000e-06	6.533202e-06	4.709204e-09	4.738969e+01	3.108759e+02
3.550000e-06	6.539672e-06	4.708888e-09	4.743662e+01	3.110260e+02
3.560000e-06	6.545691e-06	4.705321e-09	4.748028e+01	3.111694e+02
3.570000e-06	6.551342e-06	4.708074e-09	4.752127e+01	3.113079e+02
3.580000e-06	6.556490e-06	4.717503e-09	4.755861e+01	3.114432e+02
3.590000e-06	6.561120e-06	4.725844e-09	4.759220e+01	3.115766e+02
3.600000e-06	6.565323e-06	4.728109e-09	4.762268e+01	3.117089e+02
3.610000e-06	6.569239e-06	4.726660e-09	4.765108e+01	3.118406e+02
3.620000e-06	6.572879e-06	4.730079e-09	4.767749e+01	3.119714e+02
3.630000e-06	6.576146e-06	4.734668e-09	4.770119e+01	3.121008e+02
3.640000e-06	6.578906e-06	4.736014e-09	4.772121e+01	3.122275e+02
3.650000e-06	6.580903e-06	4.733806e-09	4.773569e+01	3.123498e+02
3.660000e-06	6.582091e-06	4.732155e-09	4.774431e+01	3.124653e+02
3.670000e-06	6.582727e-06	4.730623e-09	4.774892e+01	3.125715e+02
3.680000e-06	6.582979e-06	4.732969e-09	4.775075e+01	3.126650e+02
3.690000e-06	6.582843e-06	4.738215e-09	4.774976e+01	3.127425e+02
3.700000e-06	6.582356e-06	4.740168e-09	4.774623e+01	3.128002e+02
3.710000e-06	6.581482e-06	4.739374e-09	4.773989e+01	3.128342e+02
3.720000e-06	6.580188e-06	4.737737e-09	4.773051e+01	3.128405e+02
3.730000e-06	6.578469e-06	4.737140e-09	4.771804e+01	3.128153e+02
3.740000e-06	6.576352e-06	4.736678e-09	4.770268e+01	3.127548e+02
3.750000e-06	6.573930e-06	4.733343e-09	4.768512e+01	3.126554e+02
3.760000e-06	6.571061e-06	4.717301e-09	4.766430e+01	3.125142e+02
3.770000e-06	6.567669e-06	4.721358e-09	4.763970e+01	3.123284e+02
3.780000e-06	6.563780e-06	4.769496e-09	4.761149e+01	3.120960e+02
3.790000e-06	6.559241e-06	4.760495e-09	4.757857e+01	3.118156e+02
3.800000e-06	6.553850e-06	4.636520e-09	4.753946e+01	3.114865e+02
3.810000e-06	6.547768e-06	4.600360e-09	4.749534e+01	3.111087e+02
3.820000e-06	6.541700e-06	4.759883e-09	4.745133e+01	3.106829e+02
3.830000e-06	6.535538e-06	4.888203e-09	4.740663e+01	3.102110e+02
3.840000e-06	6.528766e-06	4.713934e-09	4.735751e+01	3.096951e+02
3.850000e-06	6.521367e-06	4.460907e-09	4.730384e+01	3.091386e+02
3.860000e-06	6.513487e-06	4.514189e-09	4.724668e+01	3.085451e+02
3.870000e-06	6.505147e-06	4.662139e-09	4.718619e+01	3.079192e+02
3.880000e-06	6.496260e-06	4.675654e-09	4.712172e+01	3.072660e+02
3.890000e-06	6.486946e-06	4.589610e-09	4.705416e+01	3.065908e+02
3.900000e-06	6.477386e-06	4.478614e-09	4.698481e+01	3.058995e+02
3.910000e-06	6.467524e-06	4.453593e-09	4.691328e+01	3.051980e+02
3.920000e-06	6.457163e-06	4.673991e-09	4.683812e+01	3.044926e+02
3.930000e-06	6.446324e-06	4.852679e-09	4.675950e+01	3.037891e+02
3.940000e-06	6.435016e-06	4.548351e-09	4.667748e+01	3.030935e+02
3.950000e-06	6.423087e-06	4.293721e-09	4.659095e+01	3.024113e+02
3.960000e-06	6.410509e-06	4.657581e-09	4.649971e+01	3.017476e+02
3.970000e-06	6.397354e-06	4.926697e-09	4.640429e+01	3.011069e+02
3.980000e-06	6.383774e-06	4.568110e-09	4.630579e+01	3.004933e+02
3.990000e-06	6.369602e-06	4.404069e-09	4.620299e+01	2.999098e+02
4.000000e-06	6.354660e-06	4.774320e-09	4.609460e+01	2.993588e+02
4.010000e-06	6.339105e-06	4.773655e-09	4.598177e+01	2.988419e+02
4.020000e-06	6.323092e-06	4.366675e-09	4.586562e+01	2.983597e+02
4.030000e-06	6.306768e-06	4.416505e-09	4.574721e+01	2.979120e+02
4.040000e-06	6.290113e-06	4.607026e-09	4.562640e+01	2.974978e+02
4.050000e-06	6.273052e-06	4.372128e-09	4.550265e+01	2.971151e+02
4.060000e-06	6.255542e-06	4.304671e-09	4.537564e+01	2.967613e+02
4.070000e-06	6.237565e-06	4.665633e-09	4.524523e+01	2.964330e+02
4.080000e-06	6.219121e-06	4.682145e-09	4.511145e+01	2.961262e+02
4.090000e-06	6.200247e-06	4.428923e-09	4.497454e+01	2.958364e+02
4.100000e-06	6.180937e-06	4.556694e-09	4.483447e+01	2.955587e+02
4.110000e-06	6.161290e-06	4.798074e-09	4.469196e+01	2.952880e+02
4.120000e-06	6.141361e-06	4.661373e-09	4.454740e+01	2.950190e+02
4.130000e-06	6.121119e-06	4.462611e-09	4.440057e+01	2.947464e+02
4.140000e-06	6.100450e-06	4.487242e-09	4.425065e+01	2.944650e+02
4.150000e-06	6.079210e-06	4.566963e-09	4.409658e+01	2.941698e+02
4.160000e-06	6.057495e-06	4.569245e-09	4.393907e+01	2.938561e+02
4.170000e-06	6.035227e-06	4.478270e-09	4.377754e+01	2.935198e+02
4.180000e-06	6.012292e-06	4.457352e-09	4.361118e+01	2.931572e+02
4.190000e-06	5.988745e-06	4.509082e-09	4.344037e+01	2.927653e+02
4.200000e-06	5.964696e-06	4.474916e-09	4.326593e+01	2.923415e+02
4.210000e-06	5.940315e-06	4.457670e-09	4.308908e+01	2.918842e+02
4.220000e-06	5.915738e-06	4.531067e-09	4.291081e+01	2.913924e+02
4.230000e-06	5.890785e-06	4.458169e-09	4.272981e+01	2.908656e+02
4.240000e-06	5.865318e-06	4.361223e-09	4.254507e+01	2.903042e+02
4.250000e-06	5.839429e-06	4.458399e-09	4.235728e+01	2.897093e+02
4.260000e-06	5.813198e-06	4.511776e-09	4.216701e+01	2.890824e+02
4.270000e-06	5.786598e-06	4.395488e-09	4.197407e+01	2.884255e+02
4.280000e-06	5.759510e-06	4.365078e-09	4.177758e+01	2.877411e+02
4.290000e-06	5.732018e-06	4.419745e-09	4.157816e+01	2.870322e+02
4.300000e-06	5.704257e-06	4.399927e-09	4.137680e+01	2.863018e+02
4.310000e-06	5.676207e-06	4.359148e-09	4.117333e+01	2.855532e+02
4.320000e-06	5.647847e-06	4.380604e-09	4.096762e+01	2.847895e+02
4.330000e-06	5.619152e-06	4.380697e-09	4.075947e+01	2.840142e+02
4.340000e-06	5.590079e-06	4.318212e-09	4.054858e+01	2.832302e+02
4.350000e-06	5.560547e-06	4.302040e-09	4.033437e+01	2.824403e+02
4.360000e-06	5.530376e-06	4.368666e-09	4.011552e+01	2.816472e+02
4.370000e-06	5.499476e-06	4.371528e-09	3.989138e+01	2.808528e+02
4.380000e-06	5.467954e-06	4.273221e-09	3.966273e+01	2.800590e+02
4.390000e-06	5.436054e-06	4.244000e-09	3.943134e+01	2.792669e+02
4.400000e-06	5.403901e-06	4.314181e-09	3.919811e+01	2.784772e+02
4.410000e-06	5.371476e-06	4.331779e-09	3.896291e+01	2.776902e+02
4.420000e-06	5.338736e-06	4.255404e-09	3.872543e+01	2.769056e+02
4.430000e-06	5.305653e-06	4.202794e-09	3.848545e+01	2.761226e+02
4.440000e-06	5.272280e-06	4.229524e-09	3.824338e+01	2.753400e+02
4.450000e-06	5.238547e-06	4.269528e-09	3.799869e+01	2.745562e+02
4.460000e-06	5.204363e-06	4.249556e-09	3.775073e+01	2.737693e+02
4.470000e-06	5.169825e-06	4.191974e-09	3.750020e+01	2.729771e+02
4.480000e-06	5.134919e-06	4.168850e-09	3.724700e+01	2.721774e+02
4.490000e-06	5.099634e-06	4.196793e-09	3.699106e+01	2.713675e+02
4.500000e-06	5.064045e-06	4.207297e-09	3.673291e+01	2.705450e+02
4.510000e-06	5.028177e-06	4.167824e-09	3.647273e+01	2.697074e+02
4.520000e-06	4.992008e-06	4.123897e-09	3.621037e+01	2.688524e+02
4.530000e-06	4.955527e-06	4.115516e-09	3.594576e+01	2.679778e+02
4.540000e-06	4.918804e-06	4.125962e-09	3.567938e+01	2.670818e+02
4.550000e-06	4.881742e-06	4.126477e-09	3.541054e+01	2.661627e+02
4.560000e-06	4.844245e-06	4.097757e-09	3.513855e+01	2.652194e+02
4.570000e-06	4.806259e-06	4.057662e-09	3.486301e+01	2.642509e+02
4.580000e-06	4.767643e-06	4.043878e-09	3.458291e+01	2.632568e+02
4.590000e-06	4.728601e-06	4.059409e-09	3.429970e+01	2.622370e+02
4.600000e-06	4.689175e-06	4.055178e-09	3.401373e+01	2.611917e+02
4.610000e-06	4.649265e-06	4.012022e-09	3.372423e+01	2.601217e+02
4.620000e-06	4.609097e-06	3.972624e-09	3.343286e+01	2.590280e+02
4.630000e-06	4.568780e-06	3.974137e-09	3.314042e+01	2.579119e+02
4.640000e-06	4.528236e-06	3.988380e-09	3.284633e+01	2.567749e+02
4.650000e-06	4.487370e-06	3.972181e-09	3.254990e+01	2.556187e+02
4.660000e-06	4.446182e-06	3.930433e-09	3.225113e+01	2.544451e+02
4.670000e-06	4.404745e-06	3.905306e-09	3.195056e+01	2.532561e+02
4.680000e-06	4.362973e-06	3.907677e-09	3.164757e+01	2.520536e+02
4.690000e-06	4.320888e-06	3.905582e-09	3.134229e+01	2.508393e+02
4.700000e-06	4.278575e-06	3.876545e-09	3.103537e+01	2.496149e+02
4.710000e-06	4.236052e-06	3.835668e-09	3.072692e+01	2.483819e+02
4.720000e-06	4.193206e-06	3.815169e-09	3.041613e+01	2.471416e+02
4.730000e-06	4.150084e-06	3.816060e-09	3.010334e+01	2.458949e+02
4.740000e-06	4.106654e-06	3.810396e-09	2.978831e+01	2.446425e+02
4.750000e-06	4.062794e-06	3.777746e-09	2.947016e+01	2.433845e+02
4.760000e-06	4.018719e-06	3.741742e-09	2.915046e+01	2.421211e+02
4.770000e-06	3.974494e-06	3.733315e-09	2.882967e+01	2.408518e+02
4.780000e-06	3.930080e-06	3.736887e-09	2.850750e+01	2.395759e+02
4.790000e-06	3.885499e-06	3.717933e-09	2.818412e+01	2.382924e+02
4.800000e-06	3.840707e-06	3.678732e-09	2.785922e+01	2.369998e+02
4.810000e-06	3.795554e-06	3.650346e-09	2.753169e+01	2.356968e+02
4.820000e-06	3.750159e-06	3.640336e-09	2.720241e+01	2.343814e+02
4.830000e-06	3.704545e-06	3.625880e-09	2.687155e+01	2.330517e+02
4.840000e-06	3.658567e-06	3.596799e-09	2.653803e+01	2.317058e+02
4.850000e-06	3.612418e-06	3.565621e-09	2.620329e+01	2.303416e+02
4.860000e-06	3.566106e-06	3.543674e-09	2.586735e+01	2.289570e+02
4.870000e-06	3.519473e-06	3.530027e-09	2.552909e+01	2.275501e+02
4.880000e-06	3.472668e-06	3.516257e-09	2.518959e+01	2.261191e+02
4.890000e-06	3.425694e-06	3.491903e-09	2.484885e+01	2.246623e+02
4.900000e-06	3.378472e-06	3.459852e-09	2.450632e+01	2.231782e+02
4.910000e-06	3.331001e-06	3.432576e-09	2.416198e+01	2.216657e+02
4.920000e-06	3.283260e-06	3.413918e-09	2.381568e+01	2.201239e+02
4.930000e-06	3.235270e-06	3.394542e-09	2.346758e+01	2.185522e+02
4.940000e-06	3.187041e-06	3.367017e-09	2.311774e+01	2.169501e+02
4.950000e-06	3.138598e-06	3.337784e-09	2.276635e+01	2.153177e+02
4.960000e-06	3.089808e-06	3.316987e-09	2.241244e+01	2.136554e+02
4.970000e-06	3.040695e-06	3.300718e-09	2.205620e+01	2.119635e+02
4.980000e-06	2.991396e-06	3.281304e-09	2.169860e+01	2.102429e+02
4.990000e-06	2.941862e-06	3.252247e-09	2.133929e+01	2.084947e+02
5.000000e-06	2.891968e-06	3.219191e-09	2.097738e+01	2.067199e+02
5.010000e-06	2.841826e-06	3.192832e-09	2.061366e+01	2.049198e+02
5.020000e-06	2.791540e-06	3.172520e-09	2.024891e+01	2.030960e+02
5.030000e-06	2.741051e-06	3.146655e-09	1.988268e+01	2.012496e+02
5.040000e-06	2.690288e-06	3.111718e-09	1.951446e+01	1.993823e+02
5.050000e-06	2.639247e-06	3.079146e-09	1.914423e+01	1.974952e+02
5.060000e-06	2.588013e-06	3.056492e-09	1.877259e+01	1.955897e+02
5.070000e-06	2.536585e-06	3.033992e-09	1.839955e+01	1.936669e+02
5.080000e-06	2.484996e-06	3.004332e-09	1.802534e+01	1.917278e+02
5.090000e-06	2.433215e-06	2.972209e-09	1.764973e+01	1.897729e+02
5.100000e-06	2.381166e-06	2.943146e-09	1.727219e+01	1.878030e+02
5.110000e-06	2.328886e-06	2.917000e-09	1.689297e+01	1.858183e+02
5.120000e-06	2.276513e-06	2.888310e-09	1.651307e+01	1.838189e+02
5.130000e-06	2.224019e-06	2.858767e-09	1.613230e+01	1.818045e+02
5.140000e-06	2.171380e-06	2.824774e-09	1.575047e+01	1.797749e+02
5.150000e-06	2.118666e-06	2.791777e-09	1.536810e+01	1.777294e+02
5.160000e-06	2.065815e-06	2.762929e-09	1.498474e+01	1.756673e+02
5.170000e-06	2.012729e-06	2.733819e-09	1.459967e+01	1.735877e+02
5.180000e-06	1.959448e-06	2.699780e-09	1.421319e+01	1.714895e+02
5.190000e-06	1.905941e-06	2.665217e-09	1.382506e+01	1.693716e+02
5.200000e-06	1.852133e-06	2.633574e-09	1.343476e+01	1.672327e+02
5.210000e-06	1.798103e-06	2.604521e-09	1.304285e+01	1.650718e+02
5.220000e-06	1.743875e-06	2.572886e-09	1.264949e+01	1.628875e+02
5.230000e-06	1.689471e-06	2.536061e-09	1.225486e+01	1.606789e+02
5.240000e-06	1.634927e-06	2.495982e-09	1.185922e+01	1.584447e+02
5.250000e-06	1.580267e-06	2.456094e-09	1.146273e+01	1.561841e+02
5.260000e-06	1.525509e-06	2.420330e-09	1.106554e+01	1.538963e+02
5.270000e-06	1.470495e-06	2.386194e-09	1.066648e+01	1.515806e+02
5.280000e-06	1.415236e-06	2.349818e-09	1.026565e+01	1.492364e+02
5.290000e-06	1.359860e-06	2.309268e-09	9.863974e+00	1.468634e+02
5.300000e-06	1.304355e-06	2.274368e-09	9.461358e+00	1.444614e+02
5.310000e-06	1.248704e-06	2.242881e-09	9.057689e+00	1.420304e+02
5.320000e-06	1.193008e-06	2.206685e-09	8.653684e+00	1.395704e+02
5.330000e-06	1.137276e-06	2.164792e-09	8.249421e+00	1.370818e+02
5.340000e-06	1.081416e-06	2.124613e-09	7.844237e+00	1.345647e+02
5.350000e-06	1.025507e-06	2.087104e-09	7.438692e+00	1.320196e+02
5.360000e-06	9.695266e-07	2.049523e-09	7.032626e+00	1.294470e+02
5.370000e-06	9.134828e-07	2.008413e-09	6.626102e+00	1.268474e+02
5.380000e-06	8.573692e-07	1.965503e-09	6.219073e+00	1.242211e+02
5.390000e-06	8.012237e-07	1.924654e-09	5.811812e+00	1.215688e+02
5.400000e-06	7.451398e-07	1.887203e-09	5.404998e+00	1.188907e+02
5.410000e-06	6.890675e-07	1.848514e-09	4.998268e+00	1.161872e+02
5.420000e-06	6.329199e-07	1.804613e-09	4.590992e+00	1.134585e+02
5.430000e-06	5.767426e-07	1.758105e-09	4.183500e+00	1.107047e+02
5.440000e-06	5.205330e-07	1.711695e-09	3.775774e+00	1.079259e+02
5.450000e-06	4.642450e-07	1.666714e-09	3.367480e+00	1.051219e+02
5.460000e-06	4.079539e-07	1.622914e-09	2.959163e+00	1.022925e+02
5.470000e-06	3.516692e-07	1.576027e-09	2.550892e+00	9.943719e+01
5.480000e-06	2.953372e-07	1.524594e-09	2.142278e+00	9.655555e+01
5.490000e-06	2.389439e-07	1.474848e-09	1.733220e+00	9.364695e+01
5.500000e-06	1.825315e-07	1.429937e-09	1.324023e+00	9.071067e+01
5.510000e-06	1.261733e-07	1.384192e-09	9.152194e-01	8.774595e+01
5.520000e-06	6.983012e-08	1.333444e-09	5.065246e-01	8.475194e+01
5.530000e-06	1.347828e-08	1.281838e-09	9.776697e-02	8.172777e+01
5.540000e-06	-4.279488e-08	1.231989e-09	-3.104199e-01	7.867258e+01
5.550000e-06	-9.913150e-08	1.182219e-09	-7.190671e-01	7.558548e+01
5.560000e-06	-1.555574e-07	1.130533e-09	-1.128362e+00	7.246566e+01
5.570000e-06	-2.119527e-07	1.076492e-09	-1.537435e+00	6.931233e+01
5.580000e-06	-2.683266e-07	1.021163e-09	-1.946352e+00	6.612480e+01
5.590000e-06	-3.247125e-07	9.668338e-10	-2.355357e+00	6.290244e+01
5.600000e-06	-3.811081e-07	9.132581e-10	-2.764432e+00	5.964474e+01
5.610000e-06	-4.374532e-07	8.580899e-10	-3.173141e+00	5.635130e+01
5.620000e-06	-4.937379e-07	8.002834e-10	-3.581411e+00	5.302181e+01
5.630000e-06	-5.500054e-07	7.451666e-10	-3.989558e+00	4.965611e+01
5.640000e-06	-6.062621e-07	6.943810e-10	-4.397624e+00	4.625412e+01
5.650000e-06	-6.624725e-07	6.438382e-10	-4.805357e+00	4.281589e+01
5.660000e-06	-7.185939e-07	5.903040e-10	-5.212442e+00	3.934157e+01
5.670000e-06	-7.746691e-07	5.355813e-10	-5.619193e+00	3.583139e+01
5.680000e-06	-8.307659e-07	4.811571e-10	-6.026101e+00	3.228569e+01
5.690000e-06	-8.868170e-07	4.246488e-10	-6.432677e+00	2.870485e+01
5.700000e-06	-9.428051e-07	3.650783e-10	-6.838796e+00	2.508934e+01
5.710000e-06	-9.987381e-07	3.048432e-10	-7.244516e+00	2.143967e+01
5.720000e-06	-1.054656e-06	2.456014e-10	-7.650127e+00	1.775639e+01
5.730000e-06	-1.110526e-06	1.892411e-10	-8.055388e+00	1.404009e+01
5.740000e-06	-1.166303e-06	1.337554e-10	-8.459978e+00	1.029139e+01
5.750000e-06	-1.221991e-06	7.620469e-11	-8.863917e+00	6.510943e+00
5.760000e-06	-1.277554e-06	1.685291e-11	-9.266951e+00	2.699439e+00
5.770000e-06	-1.333005e-06	-4.291720e-11	-9.669178e+00	-1.142401e+00
5.780000e-06	-1.388383e-06	-1.033854e-10	-1.007087e+01	-5.013804e+00
5.790000e-06	-1.443707e-06	-1.635910e-10	-1.047217e+01	-8.913941e+00
5.800000e-06	-1.498919e-06	-2.269563e-10	-1.087266e+01	-1.284191e+01
5.810000e-06	-1.553954e-06	-2.926425e-10	-1.127186e+01	-1.679671e+01
5.820000e-06	-1.608747e-06	-3.562513e-10	-1.166932e+01	-2.077724e+01
5.830000e-06	-1.663379e-06	-4.203839e-10	-1.206560e+01	-2.478227e+01
5.840000e-06	-1.717897e-06	-4.872813e-10	-1.246106e+01	-2.881042e+01
5.850000e-06	-1.772216e-06	-5.534085e-10	-1.285507e+01	-3.286014e+01
5.860000e-06	-1.826234e-06	-6.165233e-10	-1.324690e+01	-3.692969e+01
5.870000e-06	-1.880027e-06	-6.796879e-10	-1.363709e+01	-4.101715e+01
5.880000e-06	-1.933658e-06	-7.452712e-10	-1.402611e+01	-4.512036e+01
5.890000e-06	-1.987094e-06	-8.144029e-10	-1.441373e+01	-4.923696e+01
5.900000e-06	-2.040315e-06	-8.819159e-10	-1.479977e+01	-5.336436e+01
5.910000e-06	-2.093290e-06	-9.467861e-10	-1.518403e+01	-5.749976e+01
5.920000e-06	-2.146101e-06	-1.011678e-09	-1.556711e+01	-6.164013e+01
5.930000e-06	-2.198743e-06	-1.076450e-09	-1.594896e+01	-6.578226e+01
5.940000e-06	-2.251195e-06	-1.141460e-09	-1.632943e+01	-6.992277e+01
5.950000e-06	-2.303501e-06	-1.206742e-09	-1.670884e+01	-7.405811e+01
5.960000e-06	-2.355656e-06	-1.271813e-09	-1.708715e+01	-7.818461e+01
5.970000e-06	-2.407539e-06	-1.334599e-09	-1.746349e+01	-8.229854e+01
5.980000e-06	-2.459176e-06	-1.398355e-09	-1.783805e+01	-8.639612e+01
5.990000e-06	-2.510790e-06	-1.463329e-09	-1.821244e+01	-9.047357e+01
6.000000e-06	-2.562240e-06	-1.528096e-09	-1.858564e+01	-9.452715e+01
6.010000e-06	-2.613458e-06	-1.592730e-09	-1.895716e+01	-9.855324e+01
6.020000e-06	-2.664529e-06	-1.656856e-09	-1.932761e+01	-1.025484e+02
6.030000e-06	-2.715312e-06	-1.722035e-09	-1.969597e+01	-1.065092e+02
6.040000e-06	-2.765856e-06	-1.786251e-09	-2.006261e+01	-1.104327e+02
6.050000e-06	-2.816169e-06	-1.847803e-09	-2.042756e+01	-1.143161e+02
6.060000e-06	-2.866196e-06	-1.908424e-09	-2.079044e+01	-1.181568e+02
6.070000e-06	-2.915924e-06	-1.968198e-09	-2.115115e+01	-1.219528e+02
6.080000e-06	-2.965401e-06	-2.028437e-09	-2.151003e+01	-1.257023e+02
6.090000e-06	-3.014679e-06	-2.088724e-09	-2.186749e+01	-1.294037e+02
6.100000e-06	-3.063609e-06	-2.148190e-09	-2.222241e+01	-1.330562e+02
6.110000e-06	-3.112172e-06	-2.207651e-09	-2.257467e+01	-1.366589e+02
6.120000e-06	-3.160461e-06	-2.266388e-09	-2.292494e+01	-1.402116e+02
6.130000e-06	-3.208418e-06	-2.327626e-09	-2.327280e+01	-1.437143e+02
6.140000e-06	-3.256103e-06	-2.386324e-09	-2.361870e+01	-1.471673e+02
6.150000e-06	-3.303475e-06	-2.441475e-09	-2.396231e+01	-1.505712e+02
6.160000e-06	-3.350549e-06	-2.495115e-09	-2.430378e+01	-1.539269e+02
6.170000e-06	-3.397468e-06	-2.550888e-09	-2.464411e+01	-1.572354e+02
6.180000e-06	-3.444168e-06	-2.606663e-09	-2.498285e+01	-1.604979e+02
6.190000e-06	-3.490681e-06	-2.657518e-09	-2.532025e+01	-1.637156e+02
6.200000e-06	-3.537060e-06	-2.706228e-09	-2.565666e+01	-1.668899e+02
6.210000e-06	-3.583257e-06	-2.757264e-09	-2.599176e+01	-1.700221e+02
6.220000e-06	-3.629226e-06	-2.810889e-09	-2.632520e+01	-1.731133e+02
6.230000e-06	-3.675026e-06	-2.864291e-09	-2.665742e+01	-1.761647e+02
6.240000e-06	-3.720590e-06	-2.915906e-09	-2.698793e+01	-1.791772e+02
6.250000e-06	-3.765849e-06	-2.965023e-09	-2.731622e+01	-1.821517e+02
6.260000e-06	-3.810854e-06	-3.012958e-09	-2.764267e+01	-1.850887e+02
6.270000e-06	-3.855633e-06	-3.059796e-09	-2.796749e+01	-1.879886e+02
6.280000e-06	-3.900157e-06	-3.106006e-09	-2.829045e+01	-1.908514e+02
6.290000e-06	-3.944438e-06	-3.150730e-09	-2.861165e+01	-1.936770e+02
6.300000e-06	-3.988569e-06	-3.194537e-09	-2.893176e+01	-1.964651e+02
6.310000e-06	-4.032563e-06	-3.240570e-09	-2.925088e+01	-1.992150e+02
6.320000e-06	-4.076325e-06	-3.287164e-09	-2.956831e+01	-2.019260e+02
6.330000e-06	-4.119827e-06	-3.329535e-09	-2.988386e+01	-2.045971e+02
6.340000e-06	-4.163072e-06	-3.370319e-09	-3.019754e+01	-2.072273e+02
6.350000e-06	-4.205981e-06	-3.410804e-09	-3.050880e+01	-2.098152e+02
6.360000e-06	-4.248559e-06	-3.451286e-09	-3.081764e+01	-2.123599e+02
6.370000e-06	-4.290920e-06	-3.492634e-09	-3.112491e+01	-2.148599e+02
6.380000e-06	-4.333058e-06	-3.531293e-09	-3.143057e+01	-2.173142e+02
6.390000e-06	-4.374824e-06	-3.566183e-09	-3.173352e+01	-2.197218e+02
6.400000e-06	-4.416164e-06	-3.600135e-09	-3.203339e+01	-2.220818e+02
6.410000e-06	-4.457182e-06	-3.635464e-09	-3.233092e+01	-2.243934e+02
6.420000e-06	-4.497983e-06	-3.672094e-09	-3.262688e+01	-2.266563e+02
6.430000e-06	-4.538500e-06	-3.709188e-09	-3.292078e+01	-2.288701e+02
6.440000e-06	-4.578763e-06	-3.744863e-09	-3.321283e+01	-2.310349e+02
6.450000e-06	-4.618856e-06	-3.776831e-09	-3.350365e+01	-2.331512e+02
6.460000e-06	-4.658766e-06	-3.807131e-09	-3.379314e+01	-2.352195e+02
6.470000e-06	-4.698365e-06	-3.840666e-09	-3.408038e+01	-2.372408e+02
6.480000e-06	-4.737571e-06	-3.875556e-09	-3.436477e+01	-2.392163e+02
6.490000e-06	-4.776344e-06	-3.907234e-09	-3.464602e+01	-2.411474e+02
6.500000e-06	-4.814568e-06	-3.935204e-09	-3.492329e+01	-2.430358e+02
6.510000e-06	-4.852198e-06	-3.959070e-09	-3.519624e+01	-2.448834e+02
6.520000e-06	-4.889289e-06	-3.983028e-09	-3.546529e+01	-2.466923e+02
6.530000e-06	-4.925979e-06	-4.010197e-09	-3.573142e+01	-2.484644e+02
6.540000e-06	-4.962355e-06	-4.038627e-09	-3.599528e+01	-2.502019e+02
6.550000e-06	-4.998533e-06	-4.066744e-09	-3.625770e+01	-2.519069e+02
6.560000e-06	-5.034512e-06	-4.094983e-09	-3.651869e+01	-2.535815e+02
6.570000e-06	-5.070171e-06	-4.121072e-09	-3.677734e+01	-2.552275e+02
6.580000e-06	-5.105501e-06	-4.147170e-09	-3.703361e+01	-2.568468e+02
6.590000e-06	-5.140525e-06	-4.173813e-09	-3.728767e+01	-2.584409e+02
6.600000e-06	-5.175148e-06	-4.199163e-09	-3.753881e+01	-2.600111e+02
6.610000e-06	-5.209355e-06	-4.217721e-09	-3.778694e+01	-2.615584e+02
6.620000e-06	-5.243174e-06	-4.235225e-09	-3.803225e+01	-2.630835e+02
6.630000e-06	-5.276643e-06	-4.253781e-09	-3.827502e+01	-2.645869e+02
6.640000e-06	-5.309725e-06	-4.274878e-09	-3.851499e+01	-2.660687e+02
6.650000e-06	-5.342427e-06	-4.298999e-09	-3.875220e+01	-2.675286e+02
6.660000e-06	-5.374851e-06	-4.321306e-09	-3.898739e+01	-2.689664e+02
6.670000e-06	-5.407042e-06	-4.343847e-09	-3.922090e+01	-2.703811e+02
6.680000e-06	-5.439015e-06	-4.365408e-09	-3.945282e+01	-2.717719e+02
6.690000e-06	-5.470628e-06	-4.387629e-09	-3.968213e+01	-2.731378e+02
6.700000e-06	-5.501739e-06	-4.409434e-09	-3.990780e+01	-2.744774e+02
6.710000e-06	-5.532249e-06	-4.426310e-09	-4.012910e+01	-2.757895e+02
6.720000e-06	-5.562112e-06	-4.437279e-09	-4.034572e+01	-2.770726e+02
6.730000e-06	-5.591395e-06	-4.451613e-09	-4.055813e+01	-2.783257e+02
6.740000e-06	-5.620178e-06	-4.472652e-09	-4.076691e+01	-2.795474e+02
6.750000e-06	-5.648589e-06	-4.494893e-09	-4.097300e+01	-2.807366e+02
6.760000e-06	-5.676745e-06	-4.510664e-09	-4.117723e+01	-2.818926e+02
6.770000e-06	-5.704643e-06	-4.524871e-09	-4.137959e+01	-2.830146e+02
6.780000e-06	-5.732253e-06	-4.541501e-09	-4.157987e+01	-2.841023e+02
6.790000e-06	-5.759507e-06	-4.558990e-09	-4.177756e+01	-2.851556e+02
6.800000e-06	-5.786271e-06	-4.572783e-09	-4.197170e+01	-2.861746e+02
6.810000e-06	-5.812619e-06	-4.581852e-09	-4.216281e+01	-2.871600e+02
6.820000e-06	-5.838636e-06	-4.591300e-09	-4.235153e+01	-2.881126e+02
6.830000e-06	-5.864212e-06	-4.603719e-09	-4.253705e+01	-2.890334e+02
6.840000e-06	-5.889374e-06	-4.618719e-09	-4.271957e+01	-2.899239e+02
6.850000e-06	-5.914112e-06	-4.635219e-09	-4.289901e+01	-2.907856e+02
6.860000e-06	-5.938488e-06	-4.651448e-09	-4.307583e+01	-2.916204e+02
6.870000e-06	-5.962603e-06	-4.663671e-09	-4.325075e+01	-2.924302e+02
6.880000e-06	-5.986386e-06	-4.675259e-09	-4.342327e+01	-2.932170e+02
6.890000e-06	-6.009708e-06	-4.687499e-09	-4.359244e+01	-2.939829e+02
6.900000e-06	-6.032381e-06	-4.697512e-09	-4.375690e+01	-2.947299e+02
6.910000e-06	-6.054410e-06	-4.705827e-09	-4.391669e+01	-2.954601e+02
6.920000e-06	-6.075802e-06	-4.714158e-09	-4.407186e+01	-2.961751e+02
6.930000e-06	-6.096606e-06	-4.723822e-09	-4.422276e+01	-2.968766e+02
6.940000e-06	-6.117053e-06	-4.734322e-09	-4.437108e+01	-2.975660e+02
6.950000e-06	-6.137219e-06	-4.742415e-09	-4.451736e+01	-2.982443e+02
6.960000e-06	-6.157158e-06	-4.750002e-09	-4.466199e+01	-2.989123e+02
6.970000e-06	-6.176765e-06	-4.759232e-09	-4.480421e+01	-2.995705e+02
6.980000e-06	-6.195915e-06	-4.769678e-09	-4.494312e+01	-3.002190e+02
6.990000e-06	-6.214650e-06	-4.778487e-09	-4.507902e+01	-3.008576e+02
7.000000e-06	-6.232955e-06	-4.784212e-09	-4.521179e+01	-3.014857e+02
7.010000e-06	-6.250859e-06	-4.788478e-09	-4.534167e+01	-3.021024e+02
7.020000e-06	-6.268336e-06	-4.794909e-09	-4.546843e+01	-3.027067e+02
7.030000e-06	-6.285380e-06	-4.803086e-09	-4.559206e+01	-3.032971e+02
7.040000e-06	-6.301999e-06	-4.810415e-09	-4.571262e+01	-3.038723e+02
7.050000e-06	-6.318280e-06	-4.817926e-09	-4.583071e+01	-3.044305e+02
7.060000e-06	-6.334254e-06	-4.825475e-09	-4.594658e+01	-3.049700e+02
7.070000e-06	-6.349854e-06	-4.833903e-09	-4.605974e+01	-3.054893e+02
7.080000e-06	-6.364807e-06	-4.839638e-09	-4.616821e+01	-3.059867e+02
7.090000e-06	-6.378850e-06	-4.843286e-09	-4.627007e+01	-3.064608e+02
7.100000e-06	-6.392252e-06	-4.846650e-09	-4.636728e+01	-3.069103e+02
7.110000e-06	-6.405125e-06	-4.851805e-09	-4.646066e+01	-3.073343e+02
7.120000e-06	-6.417466e-06	-4.856419e-09	-4.655018e+01	-3.077321e+02
7.130000e-06	-6.429372e-06	-4.859217e-09	-4.663654e+01	-3.081033e+02
7.140000e-06	-6.440841e-06	-4.864720e-09	-4.671973e+01	-3.084479e+02
7.150000e-06	-6.451767e-06	-4.872812e-09	-4.679898e+01	-3.087664e+02
7.160000e-06	-6.462239e-06	-4.879103e-09	-4.687494e+01	-3.090594e+02
7.170000e-06	-6.472392e-06	-4.881674e-09	-4.694859e+01	-3.093282e+02
7.180000e-06	-6.482178e-06	-4.883337e-09	-4.701957e+01	-3.095742e+02
7.190000e-06	-6.491427e-06	-4.884234e-09	-4.708666e+01	-3.097991e+02
7.200000e-06	-6.500096e-06	-4.887618e-09	-4.714955e+01	-3.100051e+02
7.210000e-06	-6.508468e-06	-4.890575e-09	-4.721027e+01	-3.101942e+02
7.220000e-06	-6.516648e-06	-4.893344e-09	-4.726961e+01	-3.103689e+02
7.230000e-06	-6.524474e-06	-4.896945e-09	-4.732637e+01	-3.105315e+02
7.240000e-06	-6.531746e-06	-4.899545e-09	-4.737912e+01	-3.106843e+02
7.250000e-06	-6.538363e-06	-4.903722e-09	-4.742712e+01	-3.108296e+02
7.260000e-06	-6.544278e-06	-4.906193e-09	-4.747003e+01	-3.109695e+02
7.270000e-06	-6.549526e-06	-4.906052e-09	-4.750810e+01	-3.111056e+02
7.280000e-06	-6.554241e-06	-4.902850e-09	-4.754230e+01	-3.112394e+02
7.290000e-06	-6.558625e-06	-4.901570e-09	-4.757410e+01	-3.113720e+02
7.300000e-06	-6.562724e-06	-4.904025e-09	-4.760383e+01	-3.115038e+02
7.310000e-06	-6.566455e-06	-4.907581e-09	-4.763089e+01	-3.116349e+02
7.320000e-06	-6.569790e-06	-4.910531e-09	-4.765508e+01	-3.117649e+02
7.330000e-06	-6.572604e-06	-4.912979e-09	-4.767549e+01	-3.118926e+02
7.340000e-06	-6.574979e-06	-4.915922e-09	-4.769272e+01	-3.120165e+02
7.350000e-06	-6.577050e-06	-4.918869e-09	-4.770775e+01	-3.121345e+02
7.360000e-06	-6.578570e-06	-4.918715e-09	-4.771877e+01	-3.122440e+02
7.370000e-06	-6.579566e-06	-4.918231e-09	-4.772600e+01	-3.123421e+02
7.380000e-06	-6.580221e-06	-4.917450e-09	-4.773075e+01	-3.124253e+02
