# Temperatura_=_20.0
# Concentracion g/m^3_=_12600.0
# C_Vs_to_Am_M_A/Vsm_=_65563218390.804596
# pendiente_HvsI_1/m_=_3716.3
# ordenada_HvsI_A/m_=_1297.0
# frecuencia_Hz_=_135363.72451773373

Tiempo_(s)	Campo_(V.s)	Magnetizacion_(V.s)	Campo_(kA/m)	Magnetizacion_(A/m)
0.000000e+00	-6.515645e-06	-4.864167e-09	-4.772138e+01	-3.077882e+02
1.000000e-08	-6.515667e-06	-4.864294e-09	-4.772154e+01	-3.079085e+02
2.000000e-08	-6.515444e-06	-4.858016e-09	-4.771990e+01	-3.080125e+02
3.000000e-08	-6.514892e-06	-4.855412e-09	-4.771586e+01	-3.080950e+02
4.000000e-08	-6.513772e-06	-4.858664e-09	-4.770766e+01	-3.081505e+02
5.000000e-08	-6.511938e-06	-4.858029e-09	-4.769422e+01	-3.081738e+02
6.000000e-08	-6.509346e-06	-4.865706e-09	-4.767524e+01	-3.081592e+02
7.000000e-08	-6.506061e-06	-4.877759e-09	-4.765118e+01	-3.081016e+02
8.000000e-08	-6.502335e-06	-4.846725e-09	-4.762390e+01	-3.079961e+02
9.000000e-08	-6.498298e-06	-4.735253e-09	-4.759433e+01	-3.078380e+02
1.000000e-07	-6.493762e-06	-4.745266e-09	-4.756110e+01	-3.076235e+02
1.100000e-07	-6.488593e-06	-4.982205e-09	-4.752325e+01	-3.073494e+02
1.200000e-07	-6.482872e-06	-5.124827e-09	-4.748134e+01	-3.070134e+02
1.300000e-07	-6.476818e-06	-4.767720e-09	-4.743701e+01	-3.066139e+02
1.400000e-07	-6.470524e-06	-4.443823e-09	-4.739091e+01	-3.061504e+02
1.500000e-07	-6.463835e-06	-4.702659e-09	-4.734191e+01	-3.056235e+02
1.600000e-07	-6.456595e-06	-5.151084e-09	-4.728889e+01	-3.050347e+02
1.700000e-07	-6.448965e-06	-4.943227e-09	-4.723300e+01	-3.043868e+02
1.800000e-07	-6.441270e-06	-4.679557e-09	-4.717665e+01	-3.036833e+02
1.900000e-07	-6.433127e-06	-4.607963e-09	-4.711700e+01	-3.029288e+02
2.000000e-07	-6.424461e-06	-4.744747e-09	-4.705354e+01	-3.021289e+02
2.100000e-07	-6.415627e-06	-5.025700e-09	-4.698883e+01	-3.012899e+02
2.200000e-07	-6.406231e-06	-5.071354e-09	-4.692001e+01	-3.004189e+02
2.300000e-07	-6.395704e-06	-4.632883e-09	-4.684291e+01	-2.995232e+02
2.400000e-07	-6.384382e-06	-4.279707e-09	-4.675999e+01	-2.986109e+02
2.500000e-07	-6.372837e-06	-4.779002e-09	-4.667543e+01	-2.976902e+02
2.600000e-07	-6.360802e-06	-5.070927e-09	-4.658729e+01	-2.967691e+02
2.700000e-07	-6.347949e-06	-4.457867e-09	-4.649315e+01	-2.958560e+02
2.800000e-07	-6.334588e-06	-3.987467e-09	-4.639530e+01	-2.949585e+02
2.900000e-07	-6.321058e-06	-4.517992e-09	-4.629620e+01	-2.940841e+02
3.000000e-07	-6.306889e-06	-4.807619e-09	-4.619242e+01	-2.932396e+02
3.100000e-07	-6.291862e-06	-4.250476e-09	-4.608237e+01	-2.924309e+02
3.200000e-07	-6.276258e-06	-4.013840e-09	-4.596808e+01	-2.916634e+02
3.300000e-07	-6.260050e-06	-4.427159e-09	-4.584937e+01	-2.909413e+02
3.400000e-07	-6.243228e-06	-4.320259e-09	-4.572617e+01	-2.902676e+02
3.500000e-07	-6.226117e-06	-4.154370e-09	-4.560084e+01	-2.896446e+02
3.600000e-07	-6.208787e-06	-4.397558e-09	-4.547391e+01	-2.890731e+02
3.700000e-07	-6.191100e-06	-4.390553e-09	-4.534437e+01	-2.885529e+02
3.800000e-07	-6.173034e-06	-4.063655e-09	-4.521205e+01	-2.880828e+02
3.900000e-07	-6.154585e-06	-4.260230e-09	-4.507693e+01	-2.876604e+02
4.000000e-07	-6.135594e-06	-4.458170e-09	-4.493784e+01	-2.872823e+02
4.100000e-07	-6.116028e-06	-4.206706e-09	-4.479453e+01	-2.869442e+02
4.200000e-07	-6.096182e-06	-4.092952e-09	-4.464918e+01	-2.866411e+02
4.300000e-07	-6.076143e-06	-4.284409e-09	-4.450241e+01	-2.863672e+02
4.400000e-07	-6.055840e-06	-4.319967e-09	-4.435371e+01	-2.861163e+02
4.500000e-07	-6.035137e-06	-4.214568e-09	-4.420208e+01	-2.858818e+02
4.600000e-07	-6.013882e-06	-4.200232e-09	-4.404641e+01	-2.856570e+02
4.700000e-07	-5.992255e-06	-4.248427e-09	-4.388800e+01	-2.854348e+02
4.800000e-07	-5.970354e-06	-4.282201e-09	-4.372760e+01	-2.852087e+02
4.900000e-07	-5.948035e-06	-4.156985e-09	-4.356413e+01	-2.849720e+02
5.000000e-07	-5.925162e-06	-4.125146e-09	-4.339661e+01	-2.847187e+02
5.100000e-07	-5.901799e-06	-4.264065e-09	-4.322549e+01	-2.844432e+02
5.200000e-07	-5.878111e-06	-4.264230e-09	-4.305200e+01	-2.841405e+02
5.300000e-07	-5.854173e-06	-4.049799e-09	-4.287667e+01	-2.838064e+02
5.400000e-07	-5.829991e-06	-4.087492e-09	-4.269956e+01	-2.834374e+02
5.500000e-07	-5.805419e-06	-4.219812e-09	-4.251960e+01	-2.830309e+02
5.600000e-07	-5.780162e-06	-4.173921e-09	-4.233461e+01	-2.825851e+02
5.700000e-07	-5.754080e-06	-4.071545e-09	-4.214358e+01	-2.820992e+02
5.800000e-07	-5.727359e-06	-4.095136e-09	-4.194788e+01	-2.815729e+02
5.900000e-07	-5.700160e-06	-4.086466e-09	-4.174867e+01	-2.810071e+02
6.000000e-07	-5.672589e-06	-4.103164e-09	-4.154673e+01	-2.804032e+02
6.100000e-07	-5.644756e-06	-4.132432e-09	-4.134288e+01	-2.797632e+02
6.200000e-07	-5.616773e-06	-4.098779e-09	-4.113793e+01	-2.790899e+02
6.300000e-07	-5.588542e-06	-4.007953e-09	-4.093116e+01	-2.783863e+02
6.400000e-07	-5.559874e-06	-4.020336e-09	-4.072119e+01	-2.776559e+02
6.500000e-07	-5.530729e-06	-4.098466e-09	-4.050774e+01	-2.769023e+02
6.600000e-07	-5.501219e-06	-4.092516e-09	-4.029160e+01	-2.761295e+02
6.700000e-07	-5.471297e-06	-3.972228e-09	-4.007245e+01	-2.753410e+02
6.800000e-07	-5.440976e-06	-3.925611e-09	-3.985037e+01	-2.745406e+02
6.900000e-07	-5.410346e-06	-4.008379e-09	-3.962603e+01	-2.737317e+02
7.000000e-07	-5.379277e-06	-4.047780e-09	-3.939848e+01	-2.729174e+02
7.100000e-07	-5.347803e-06	-3.972583e-09	-3.916796e+01	-2.721005e+02
7.200000e-07	-5.316067e-06	-3.903086e-09	-3.893552e+01	-2.712831e+02
7.300000e-07	-5.284124e-06	-3.922503e-09	-3.870157e+01	-2.704670e+02
7.400000e-07	-5.252019e-06	-3.966357e-09	-3.846643e+01	-2.696534e+02
7.500000e-07	-5.219578e-06	-3.968124e-09	-3.822883e+01	-2.688429e+02
7.600000e-07	-5.186652e-06	-3.900244e-09	-3.798767e+01	-2.680356e+02
7.700000e-07	-5.153199e-06	-3.852651e-09	-3.774265e+01	-2.672310e+02
7.800000e-07	-5.119172e-06	-3.874646e-09	-3.749344e+01	-2.664282e+02
7.900000e-07	-5.084534e-06	-3.912733e-09	-3.723975e+01	-2.656258e+02
8.000000e-07	-5.049304e-06	-3.883184e-09	-3.698171e+01	-2.648220e+02
8.100000e-07	-5.013660e-06	-3.838802e-09	-3.672066e+01	-2.640147e+02
8.200000e-07	-4.977780e-06	-3.812356e-09	-3.645787e+01	-2.632015e+02
8.300000e-07	-4.941715e-06	-3.819996e-09	-3.619372e+01	-2.623801e+02
8.400000e-07	-4.905412e-06	-3.832691e-09	-3.592783e+01	-2.615478e+02
8.500000e-07	-4.868818e-06	-3.825902e-09	-3.565982e+01	-2.607020e+02
8.600000e-07	-4.831838e-06	-3.773798e-09	-3.538897e+01	-2.598405e+02
8.700000e-07	-4.794497e-06	-3.743441e-09	-3.511548e+01	-2.589608e+02
8.800000e-07	-4.756868e-06	-3.763562e-09	-3.483988e+01	-2.580610e+02
8.900000e-07	-4.718968e-06	-3.782163e-09	-3.456230e+01	-2.571394e+02
9.000000e-07	-4.680752e-06	-3.738694e-09	-3.428240e+01	-2.561946e+02
9.100000e-07	-4.642180e-06	-3.684584e-09	-3.399989e+01	-2.552255e+02
9.200000e-07	-4.603271e-06	-3.676734e-09	-3.371492e+01	-2.542317e+02
9.300000e-07	-4.564060e-06	-3.702959e-09	-3.342773e+01	-2.532128e+02
9.400000e-07	-4.524548e-06	-3.697303e-09	-3.313834e+01	-2.521690e+02
9.500000e-07	-4.484739e-06	-3.649062e-09	-3.284677e+01	-2.511010e+02
9.600000e-07	-4.444770e-06	-3.607720e-09	-3.255403e+01	-2.500095e+02
9.700000e-07	-4.404667e-06	-3.610555e-09	-3.226032e+01	-2.488959e+02
9.800000e-07	-4.364207e-06	-3.625069e-09	-3.196399e+01	-2.477616e+02
9.900000e-07	-4.323386e-06	-3.600371e-09	-3.166501e+01	-2.466081e+02
1.000000e-06	-4.282264e-06	-3.549872e-09	-3.136382e+01	-2.454374e+02
1.010000e-06	-4.240566e-06	-3.525584e-09	-3.105843e+01	-2.442511e+02
1.020000e-06	-4.198244e-06	-3.538137e-09	-3.074845e+01	-2.430511e+02
1.030000e-06	-4.155371e-06	-3.536775e-09	-3.043444e+01	-2.418391e+02
1.040000e-06	-4.112243e-06	-3.501316e-09	-3.011857e+01	-2.406167e+02
1.050000e-06	-4.068925e-06	-3.461227e-09	-2.980130e+01	-2.393854e+02
1.060000e-06	-4.025242e-06	-3.454847e-09	-2.948136e+01	-2.381463e+02
1.070000e-06	-3.981378e-06	-3.460208e-09	-2.916010e+01	-2.369003e+02
1.080000e-06	-3.937332e-06	-3.440800e-09	-2.883750e+01	-2.356480e+02
1.090000e-06	-3.893073e-06	-3.398712e-09	-2.851334e+01	-2.343896e+02
1.100000e-06	-3.848569e-06	-3.374065e-09	-2.818739e+01	-2.331250e+02
1.110000e-06	-3.803664e-06	-3.369166e-09	-2.785850e+01	-2.318538e+02
1.120000e-06	-3.758490e-06	-3.359056e-09	-2.752764e+01	-2.305752e+02
1.130000e-06	-3.713088e-06	-3.329695e-09	-2.719511e+01	-2.292882e+02
1.140000e-06	-3.667384e-06	-3.304151e-09	-2.686037e+01	-2.279915e+02
1.150000e-06	-3.621459e-06	-3.287744e-09	-2.652401e+01	-2.266834e+02
1.160000e-06	-3.575353e-06	-3.272161e-09	-2.618632e+01	-2.253623e+02
1.170000e-06	-3.529109e-06	-3.248677e-09	-2.584762e+01	-2.240262e+02
1.180000e-06	-3.482637e-06	-3.224123e-09	-2.550726e+01	-2.226732e+02
1.190000e-06	-3.435849e-06	-3.197812e-09	-2.516457e+01	-2.213014e+02
1.200000e-06	-3.388722e-06	-3.171869e-09	-2.481942e+01	-2.199089e+02
1.210000e-06	-3.341373e-06	-3.148901e-09	-2.447262e+01	-2.184937e+02
1.220000e-06	-3.293967e-06	-3.125442e-09	-2.412542e+01	-2.170542e+02
1.230000e-06	-3.246375e-06	-3.098784e-09	-2.377685e+01	-2.155888e+02
1.240000e-06	-3.198465e-06	-3.072837e-09	-2.342595e+01	-2.140964e+02
1.250000e-06	-3.150394e-06	-3.049939e-09	-2.307387e+01	-2.125758e+02
1.260000e-06	-3.102188e-06	-3.029051e-09	-2.272080e+01	-2.110263e+02
1.270000e-06	-3.053757e-06	-3.005252e-09	-2.236609e+01	-2.094474e+02
1.280000e-06	-3.005188e-06	-2.978923e-09	-2.201036e+01	-2.078389e+02
1.290000e-06	-2.956307e-06	-2.948131e-09	-2.165235e+01	-2.062009e+02
1.300000e-06	-2.907025e-06	-2.917418e-09	-2.129140e+01	-2.045338e+02
1.310000e-06	-2.857298e-06	-2.895408e-09	-2.092720e+01	-2.028382e+02
1.320000e-06	-2.807100e-06	-2.872466e-09	-2.055955e+01	-2.011148e+02
1.330000e-06	-2.756558e-06	-2.839133e-09	-2.018936e+01	-1.993647e+02
1.340000e-06	-2.705676e-06	-2.807081e-09	-1.981670e+01	-1.975890e+02
1.350000e-06	-2.654511e-06	-2.788829e-09	-1.944196e+01	-1.957888e+02
1.360000e-06	-2.603174e-06	-2.768565e-09	-1.906596e+01	-1.939655e+02
1.370000e-06	-2.551673e-06	-2.738086e-09	-1.868877e+01	-1.921202e+02
1.380000e-06	-2.499919e-06	-2.705126e-09	-1.830971e+01	-1.902543e+02
1.390000e-06	-2.448084e-06	-2.679337e-09	-1.793006e+01	-1.883687e+02
1.400000e-06	-2.396179e-06	-2.652736e-09	-1.754991e+01	-1.864646e+02
1.410000e-06	-2.344077e-06	-2.623320e-09	-1.716831e+01	-1.845426e+02
1.420000e-06	-2.291860e-06	-2.593388e-09	-1.678586e+01	-1.826035e+02
1.430000e-06	-2.239458e-06	-2.566303e-09	-1.640206e+01	-1.806477e+02
1.440000e-06	-2.186830e-06	-2.539973e-09	-1.601661e+01	-1.786755e+02
1.450000e-06	-2.134027e-06	-2.513704e-09	-1.562988e+01	-1.766867e+02
1.460000e-06	-2.080966e-06	-2.483961e-09	-1.524125e+01	-1.746812e+02
1.470000e-06	-2.027763e-06	-2.452351e-09	-1.485158e+01	-1.726587e+02
1.480000e-06	-1.974463e-06	-2.423734e-09	-1.446121e+01	-1.706184e+02
1.490000e-06	-1.921004e-06	-2.397576e-09	-1.406967e+01	-1.685595e+02
1.500000e-06	-1.867450e-06	-2.369472e-09	-1.367743e+01	-1.664813e+02
1.510000e-06	-1.813775e-06	-2.338969e-09	-1.328431e+01	-1.643827e+02
1.520000e-06	-1.759966e-06	-2.307949e-09	-1.289021e+01	-1.622625e+02
1.530000e-06	-1.706042e-06	-2.276194e-09	-1.249526e+01	-1.601198e+02
1.540000e-06	-1.652035e-06	-2.243979e-09	-1.209970e+01	-1.579533e+02
1.550000e-06	-1.597966e-06	-2.214255e-09	-1.170369e+01	-1.557621e+02
1.560000e-06	-1.543832e-06	-2.184561e-09	-1.130721e+01	-1.535451e+02
1.570000e-06	-1.489602e-06	-2.148283e-09	-1.091002e+01	-1.513014e+02
1.580000e-06	-1.435297e-06	-2.111299e-09	-1.051229e+01	-1.490304e+02
1.590000e-06	-1.380912e-06	-2.076785e-09	-1.011397e+01	-1.467313e+02
1.600000e-06	-1.326447e-06	-2.041453e-09	-9.715063e+00	-1.444038e+02
1.610000e-06	-1.271886e-06	-2.001538e-09	-9.315450e+00	-1.420476e+02
1.620000e-06	-1.217136e-06	-1.962228e-09	-8.914450e+00	-1.396625e+02
1.630000e-06	-1.162152e-06	-1.928423e-09	-8.511742e+00	-1.372487e+02
1.640000e-06	-1.106974e-06	-1.895579e-09	-8.107610e+00	-1.348064e+02
1.650000e-06	-1.051797e-06	-1.857732e-09	-7.703492e+00	-1.323358e+02
1.660000e-06	-9.965215e-07	-1.819440e-09	-7.298645e+00	-1.298376e+02
1.670000e-06	-9.410874e-07	-1.781272e-09	-6.892639e+00	-1.273121e+02
1.680000e-06	-8.856508e-07	-1.744598e-09	-6.486615e+00	-1.247601e+02
1.690000e-06	-8.301664e-07	-1.710792e-09	-6.080240e+00	-1.221821e+02
1.700000e-06	-7.747230e-07	-1.672395e-09	-5.674166e+00	-1.195789e+02
1.710000e-06	-7.193143e-07	-1.627932e-09	-5.268345e+00	-1.169508e+02
1.720000e-06	-6.638474e-07	-1.585672e-09	-4.862099e+00	-1.142986e+02
1.730000e-06	-6.083324e-07	-1.551558e-09	-4.455501e+00	-1.116225e+02
1.740000e-06	-5.528179e-07	-1.515568e-09	-4.048906e+00	-1.089229e+02
1.750000e-06	-4.972448e-07	-1.471178e-09	-3.641881e+00	-1.061999e+02
1.760000e-06	-4.415770e-07	-1.428139e-09	-3.234164e+00	-1.034535e+02
1.770000e-06	-3.859655e-07	-1.389836e-09	-2.826858e+00	-1.006835e+02
1.780000e-06	-3.303288e-07	-1.350937e-09	-2.419368e+00	-9.788954e+01
1.790000e-06	-2.746319e-07	-1.308940e-09	-2.011438e+00	-9.507114e+01
1.800000e-06	-2.189075e-07	-1.263705e-09	-1.603305e+00	-9.222761e+01
1.810000e-06	-1.631614e-07	-1.218326e-09	-1.195014e+00	-8.935810e+01
1.820000e-06	-1.074557e-07	-1.174355e-09	-7.870185e-01	-8.646166e+01
1.830000e-06	-5.174735e-08	-1.131197e-09	-3.790039e-01	-8.353725e+01
1.840000e-06	3.932516e-09	-1.087574e-09	2.880223e-02	-8.058372e+01
1.850000e-06	5.955242e-08	-1.043078e-09	4.361692e-01	-7.759990e+01
1.860000e-06	1.151563e-07	-9.999278e-10	8.434188e-01	-7.458461e+01
1.870000e-06	1.708090e-07	-9.588275e-10	1.251026e+00	-7.153668e+01
1.880000e-06	2.264639e-07	-9.168525e-10	1.658649e+00	-6.845498e+01
1.890000e-06	2.821008e-07	-8.701291e-10	2.066141e+00	-6.533849e+01
1.900000e-06	3.377653e-07	-8.202924e-10	2.473834e+00	-6.218628e+01
1.910000e-06	3.933977e-07	-7.755064e-10	2.881292e+00	-5.899755e+01
1.920000e-06	4.489980e-07	-7.351494e-10	3.288516e+00	-5.577169e+01
1.930000e-06	5.045793e-07	-6.905557e-10	3.695601e+00	-5.250822e+01
1.940000e-06	5.601260e-07	-6.394033e-10	4.102431e+00	-4.920687e+01
1.950000e-06	6.156547e-07	-5.887308e-10	4.509130e+00	-4.586754e+01
1.960000e-06	6.710843e-07	-5.417875e-10	4.915103e+00	-4.249032e+01
1.970000e-06	7.264659e-07	-4.930250e-10	5.320725e+00	-3.907550e+01
1.980000e-06	7.817754e-07	-4.416852e-10	5.725818e+00	-3.562352e+01
1.990000e-06	8.369170e-07	-3.904794e-10	6.129682e+00	-3.213501e+01
2.000000e-06	8.920769e-07	-3.397014e-10	6.533680e+00	-2.861070e+01
2.010000e-06	9.473140e-07	-2.905967e-10	6.938243e+00	-2.505148e+01
2.020000e-06	1.002548e-06	-2.426929e-10	7.342787e+00	-2.145832e+01
2.030000e-06	1.057645e-06	-1.923316e-10	7.746321e+00	-1.783228e+01
2.040000e-06	1.112660e-06	-1.386578e-10	8.149257e+00	-1.417445e+01
2.050000e-06	1.167537e-06	-8.534566e-11	8.551186e+00	-1.048599e+01
2.060000e-06	1.222319e-06	-3.400817e-11	8.952414e+00	-6.768054e+00
2.070000e-06	1.277077e-06	1.794848e-11	9.353465e+00	-3.021789e+00
2.080000e-06	1.331677e-06	7.424123e-11	9.753367e+00	7.516618e-01
2.090000e-06	1.386152e-06	1.300351e-10	1.015235e+01	4.551182e+00
2.100000e-06	1.440487e-06	1.838074e-10	1.055030e+01	8.375680e+00
2.110000e-06	1.494701e-06	2.383099e-10	1.094737e+01	1.222409e+01
2.120000e-06	1.548804e-06	2.932314e-10	1.134363e+01	1.609537e+01
2.130000e-06	1.602804e-06	3.486214e-10	1.173913e+01	1.998847e+01
2.140000e-06	1.656768e-06	4.063786e-10	1.213437e+01	2.390236e+01
2.150000e-06	1.710701e-06	4.637924e-10	1.252938e+01	2.783596e+01
2.160000e-06	1.764597e-06	5.184143e-10	1.292412e+01	3.178816e+01
2.170000e-06	1.818358e-06	5.746976e-10	1.331787e+01	3.575775e+01
2.180000e-06	1.871905e-06	6.328629e-10	1.371006e+01	3.974345e+01
2.190000e-06	1.925406e-06	6.906632e-10	1.410191e+01	4.374385e+01
2.200000e-06	1.978754e-06	7.495270e-10	1.449263e+01	4.775739e+01
2.210000e-06	2.031806e-06	8.095361e-10	1.488120e+01	5.178233e+01
2.220000e-06	2.084743e-06	8.685665e-10	1.526891e+01	5.581674e+01
2.230000e-06	2.137592e-06	9.284233e-10	1.565599e+01	5.985851e+01
2.240000e-06	2.190234e-06	9.900048e-10	1.604154e+01	6.390529e+01
2.250000e-06	2.242651e-06	1.049914e-09	1.642545e+01	6.795451e+01
2.260000e-06	2.294947e-06	1.106081e-09	1.680847e+01	7.200340e+01
2.270000e-06	2.347103e-06	1.162518e-09	1.719047e+01	7.604897e+01
2.280000e-06	2.399019e-06	1.220397e-09	1.757071e+01	8.008804e+01
2.290000e-06	2.450740e-06	1.278369e-09	1.794952e+01	8.411727e+01
2.300000e-06	2.502337e-06	1.336550e-09	1.832742e+01	8.813316e+01
2.310000e-06	2.553720e-06	1.396708e-09	1.870376e+01	9.213212e+01
2.320000e-06	2.604990e-06	1.455522e-09	1.907926e+01	9.611050e+01
2.330000e-06	2.656189e-06	1.513004e-09	1.945425e+01	1.000646e+02
2.340000e-06	2.707002e-06	1.569446e-09	1.982642e+01	1.039908e+02
2.350000e-06	2.757366e-06	1.624200e-09	2.019529e+01	1.078856e+02
2.360000e-06	2.807313e-06	1.678850e-09	2.056110e+01	1.117454e+02
2.370000e-06	2.857065e-06	1.732326e-09	2.092549e+01	1.155671e+02
2.380000e-06	2.906613e-06	1.782938e-09	2.128839e+01	1.193476e+02
2.390000e-06	2.955609e-06	1.835828e-09	2.164724e+01	1.230842e+02
2.400000e-06	3.004106e-06	1.892198e-09	2.200244e+01	1.267743e+02
2.410000e-06	3.052369e-06	1.947255e-09	2.235592e+01	1.304159e+02
2.420000e-06	3.100476e-06	1.998218e-09	2.270826e+01	1.340073e+02
2.430000e-06	3.148421e-06	2.048253e-09	2.305942e+01	1.375470e+02
2.440000e-06	3.196219e-06	2.100125e-09	2.340949e+01	1.410342e+02
2.450000e-06	3.243903e-06	2.149903e-09	2.375874e+01	1.444682e+02
2.460000e-06	3.291495e-06	2.194636e-09	2.410731e+01	1.478489e+02
2.470000e-06	3.338901e-06	2.239256e-09	2.445452e+01	1.511764e+02
2.480000e-06	3.386073e-06	2.288199e-09	2.480001e+01	1.544513e+02
2.490000e-06	3.432976e-06	2.337648e-09	2.514353e+01	1.576743e+02
2.500000e-06	3.479504e-06	2.384726e-09	2.548431e+01	1.608467e+02
2.510000e-06	3.525677e-06	2.429145e-09	2.582249e+01	1.639696e+02
2.520000e-06	3.571670e-06	2.475622e-09	2.615934e+01	1.670445e+02
2.530000e-06	3.617482e-06	2.524754e-09	2.649488e+01	1.700731e+02
2.540000e-06	3.663075e-06	2.571135e-09	2.682881e+01	1.730570e+02
2.550000e-06	3.708459e-06	2.612077e-09	2.716120e+01	1.759978e+02
2.560000e-06	3.753520e-06	2.650480e-09	2.749124e+01	1.788972e+02
2.570000e-06	3.798268e-06	2.689428e-09	2.781898e+01	1.817567e+02
2.580000e-06	3.842767e-06	2.730791e-09	2.814490e+01	1.845777e+02
2.590000e-06	3.887073e-06	2.772202e-09	2.846940e+01	1.873613e+02
2.600000e-06	3.931180e-06	2.812631e-09	2.879244e+01	1.901086e+02
2.610000e-06	3.975091e-06	2.851853e-09	2.911405e+01	1.928203e+02
2.620000e-06	4.018850e-06	2.888891e-09	2.943455e+01	1.954970e+02
2.630000e-06	4.062488e-06	2.924939e-09	2.975416e+01	1.981388e+02
2.640000e-06	4.105915e-06	2.960590e-09	3.007222e+01	2.007459e+02
2.650000e-06	4.148957e-06	2.995225e-09	3.038746e+01	2.033180e+02
2.660000e-06	4.191591e-06	3.027925e-09	3.069972e+01	2.058547e+02
2.670000e-06	4.233802e-06	3.061099e-09	3.100888e+01	2.083553e+02
2.680000e-06	4.275462e-06	3.095725e-09	3.131401e+01	2.108191e+02
2.690000e-06	4.316559e-06	3.130658e-09	3.161501e+01	2.132453e+02
2.700000e-06	4.357200e-06	3.164055e-09	3.191266e+01	2.156328e+02
2.710000e-06	4.397415e-06	3.196749e-09	3.220720e+01	2.179807e+02
2.720000e-06	4.437396e-06	3.230125e-09	3.250003e+01	2.202880e+02
2.730000e-06	4.477243e-06	3.262524e-09	3.279188e+01	2.225539e+02
2.740000e-06	4.516883e-06	3.293816e-09	3.308220e+01	2.247775e+02
2.750000e-06	4.556303e-06	3.324546e-09	3.337092e+01	2.269581e+02
2.760000e-06	4.595543e-06	3.353937e-09	3.365832e+01	2.290954e+02
2.770000e-06	4.634514e-06	3.382298e-09	3.394375e+01	2.311891e+02
2.780000e-06	4.673016e-06	3.411461e-09	3.422574e+01	2.332392e+02
2.790000e-06	4.711030e-06	3.441651e-09	3.450416e+01	2.352457e+02
2.800000e-06	4.748761e-06	3.470188e-09	3.478051e+01	2.372093e+02
2.810000e-06	4.786320e-06	3.498216e-09	3.505559e+01	2.391306e+02
2.820000e-06	4.823582e-06	3.525251e-09	3.532850e+01	2.410105e+02
2.830000e-06	4.860495e-06	3.549828e-09	3.559886e+01	2.428500e+02
2.840000e-06	4.897086e-06	3.574214e-09	3.586685e+01	2.446506e+02
2.850000e-06	4.933379e-06	3.598753e-09	3.613267e+01	2.464135e+02
2.860000e-06	4.969355e-06	3.620476e-09	3.639616e+01	2.481403e+02
2.870000e-06	5.005107e-06	3.641092e-09	3.665802e+01	2.498326e+02
2.880000e-06	5.040670e-06	3.663532e-09	3.691848e+01	2.514919e+02
2.890000e-06	5.075942e-06	3.687167e-09	3.717681e+01	2.531198e+02
2.900000e-06	5.110768e-06	3.711729e-09	3.743189e+01	2.547177e+02
2.910000e-06	5.144977e-06	3.735460e-09	3.768244e+01	2.562869e+02
2.920000e-06	5.178504e-06	3.757390e-09	3.792800e+01	2.578287e+02
2.930000e-06	5.211378e-06	3.780260e-09	3.816877e+01	2.593439e+02
2.940000e-06	5.243736e-06	3.804058e-09	3.840576e+01	2.608334e+02
2.950000e-06	5.275793e-06	3.825184e-09	3.864055e+01	2.622975e+02
2.960000e-06	5.307683e-06	3.843574e-09	3.887412e+01	2.637367e+02
2.970000e-06	5.339396e-06	3.861581e-09	3.910638e+01	2.651508e+02
2.980000e-06	5.370818e-06	3.883109e-09	3.933652e+01	2.665397e+02
2.990000e-06	5.401911e-06	3.907737e-09	3.956425e+01	2.679029e+02
3.000000e-06	5.432633e-06	3.929266e-09	3.978926e+01	2.692398e+02
3.010000e-06	5.462901e-06	3.947379e-09	4.001095e+01	2.705495e+02
3.020000e-06	5.492740e-06	3.966985e-09	4.022950e+01	2.718311e+02
3.030000e-06	5.522184e-06	3.988085e-09	4.044515e+01	2.730836e+02
3.040000e-06	5.551273e-06	4.008799e-09	4.065820e+01	2.743059e+02
3.050000e-06	5.580056e-06	4.024240e-09	4.086901e+01	2.754971e+02
3.060000e-06	5.608477e-06	4.038605e-09	4.107717e+01	2.766562e+02
3.070000e-06	5.636513e-06	4.057537e-09	4.128251e+01	2.777823e+02
3.080000e-06	5.664337e-06	4.077452e-09	4.148629e+01	2.788749e+02
3.090000e-06	5.691882e-06	4.093847e-09	4.168804e+01	2.799334e+02
3.100000e-06	5.719062e-06	4.108794e-09	4.188711e+01	2.809578e+02
3.110000e-06	5.745882e-06	4.124950e-09	4.208354e+01	2.819481e+02
3.120000e-06	5.772108e-06	4.143219e-09	4.227562e+01	2.829047e+02
3.130000e-06	5.797615e-06	4.161539e-09	4.246244e+01	2.838283e+02
3.140000e-06	5.822415e-06	4.176712e-09	4.264407e+01	2.847200e+02
3.150000e-06	5.846658e-06	4.189785e-09	4.282164e+01	2.855809e+02
3.160000e-06	5.870615e-06	4.202797e-09	4.299710e+01	2.864127e+02
3.170000e-06	5.894218e-06	4.217677e-09	4.316997e+01	2.872172e+02
3.180000e-06	5.917343e-06	4.234396e-09	4.333934e+01	2.879963e+02
3.190000e-06	5.940015e-06	4.249134e-09	4.350539e+01	2.887524e+02
3.200000e-06	5.962283e-06	4.261581e-09	4.366849e+01	2.894875e+02
3.210000e-06	5.984163e-06	4.275341e-09	4.382874e+01	2.902039e+02
3.220000e-06	6.005734e-06	4.291317e-09	4.398673e+01	2.909040e+02
3.230000e-06	6.026968e-06	4.306328e-09	4.414225e+01	2.915899e+02
3.240000e-06	6.047767e-06	4.315898e-09	4.429458e+01	2.922635e+02
3.250000e-06	6.068150e-06	4.322451e-09	4.444387e+01	2.929267e+02
3.260000e-06	6.088226e-06	4.331591e-09	4.459091e+01	2.935811e+02
3.270000e-06	6.108053e-06	4.345537e-09	4.473613e+01	2.942277e+02
3.280000e-06	6.127608e-06	4.359006e-09	4.487935e+01	2.948675e+02
3.290000e-06	6.146844e-06	4.368406e-09	4.502023e+01	2.955010e+02
3.300000e-06	6.165598e-06	4.377540e-09	4.515759e+01	2.961282e+02
3.310000e-06	6.183791e-06	4.390655e-09	4.529084e+01	2.967489e+02
3.320000e-06	6.201457e-06	4.406169e-09	4.542023e+01	2.973623e+02
3.330000e-06	6.218685e-06	4.415854e-09	4.554641e+01	2.979675e+02
3.340000e-06	6.235517e-06	4.422930e-09	4.566968e+01	2.985630e+02
3.350000e-06	6.251992e-06	4.427331e-09	4.579035e+01	2.991472e+02
3.360000e-06	6.268116e-06	4.433492e-09	4.590845e+01	2.997181e+02
3.370000e-06	6.283785e-06	4.441687e-09	4.602321e+01	3.002738e+02
3.380000e-06	6.298809e-06	4.447573e-09	4.613325e+01	3.008122e+02
3.390000e-06	6.313164e-06	4.455268e-09	4.623838e+01	3.013309e+02
3.400000e-06	6.327021e-06	4.462821e-09	4.633987e+01	3.018281e+02
3.410000e-06	6.340507e-06	4.470948e-09	4.643865e+01	3.023016e+02
3.420000e-06	6.353592e-06	4.479194e-09	4.653448e+01	3.027498e+02
3.430000e-06	6.366055e-06	4.488066e-09	4.662576e+01	3.031712e+02
3.440000e-06	6.377979e-06	4.491223e-09	4.671310e+01	3.035648e+02
3.450000e-06	6.389596e-06	4.491326e-09	4.679818e+01	3.039298e+02
3.460000e-06	6.400815e-06	4.490420e-09	4.688035e+01	3.042660e+02
3.470000e-06	6.411420e-06	4.493504e-09	4.695802e+01	3.045735e+02
3.480000e-06	6.421234e-06	4.499009e-09	4.702990e+01	3.048530e+02
3.490000e-06	6.430264e-06	4.502573e-09	4.709604e+01	3.051057e+02
3.500000e-06	6.438661e-06	4.505940e-09	4.715754e+01	3.053331e+02
3.510000e-06	6.446698e-06	4.512081e-09	4.721640e+01	3.055373e+02
3.520000e-06	6.454438e-06	4.520654e-09	4.727309e+01	3.057207e+02
3.530000e-06	6.461834e-06	4.527530e-09	4.732726e+01	3.058858e+02
3.540000e-06	6.468861e-06	4.529241e-09	4.737873e+01	3.060357e+02
3.550000e-06	6.475393e-06	4.528841e-09	4.742657e+01	3.061733e+02
3.560000e-06	6.481483e-06	4.528947e-09	4.747117e+01	3.063017e+02
3.570000e-06	6.487169e-06	4.532703e-09	4.751282e+01	3.064239e+02
3.580000e-06	6.492424e-06	4.537512e-09	4.755130e+01	3.065426e+02
3.590000e-06	6.497218e-06	4.542134e-09	4.758642e+01	3.066606e+02
3.600000e-06	6.501534e-06	4.548712e-09	4.761803e+01	3.067800e+02
3.610000e-06	6.505475e-06	4.554852e-09	4.764689e+01	3.069025e+02
3.620000e-06	6.509106e-06	4.561840e-09	4.767349e+01	3.070293e+02
3.630000e-06	6.512414e-06	4.563877e-09	4.769771e+01	3.071610e+02
3.640000e-06	6.515270e-06	4.563187e-09	4.771863e+01	3.072976e+02
3.650000e-06	6.517453e-06	4.562842e-09	4.773462e+01	3.074382e+02
3.660000e-06	6.518801e-06	4.560565e-09	4.774449e+01	3.075814e+02
3.670000e-06	6.519455e-06	4.554063e-09	4.774928e+01	3.077250e+02
3.680000e-06	6.519655e-06	4.553429e-09	4.775075e+01	3.078661e+02
3.690000e-06	6.519557e-06	4.557598e-09	4.775003e+01	3.080011e+02
3.700000e-06	6.519134e-06	4.562888e-09	4.774693e+01	3.081260e+02
3.710000e-06	6.518323e-06	4.567137e-09	4.774099e+01	3.082361e+02
3.720000e-06	6.517139e-06	4.567222e-09	4.773232e+01	3.083264e+02
3.730000e-06	6.515470e-06	4.564548e-09	4.772010e+01	3.083917e+02
3.740000e-06	6.513350e-06	4.564220e-09	4.770457e+01	3.084264e+02
3.750000e-06	6.510873e-06	4.549660e-09	4.768642e+01	3.084252e+02
3.760000e-06	6.508019e-06	4.517277e-09	4.766552e+01	3.083826e+02
3.770000e-06	6.504741e-06	4.583803e-09	4.764152e+01	3.082937e+02
3.780000e-06	6.500904e-06	4.732315e-09	4.761342e+01	3.081537e+02
3.790000e-06	6.496495e-06	4.608086e-09	4.758112e+01	3.079585e+02
3.800000e-06	6.491522e-06	4.239402e-09	4.754470e+01	3.077048e+02
3.810000e-06	6.485702e-06	4.287000e-09	4.750207e+01	3.073897e+02
3.820000e-06	6.479363e-06	4.766762e-09	4.745564e+01	3.070115e+02
3.830000e-06	6.473245e-06	4.979629e-09	4.741083e+01	3.065695e+02
3.840000e-06	6.467006e-06	4.498385e-09	4.736514e+01	3.060637e+02
3.850000e-06	6.459823e-06	4.077009e-09	4.731253e+01	3.054955e+02
3.860000e-06	6.451754e-06	4.344508e-09	4.725344e+01	3.048670e+02
3.870000e-06	6.443474e-06	4.617394e-09	4.719279e+01	3.041817e+02
3.880000e-06	6.435107e-06	4.638441e-09	4.713151e+01	3.034438e+02
3.890000e-06	6.426043e-06	4.385898e-09	4.706512e+01	3.026585e+02
3.900000e-06	6.416276e-06	4.081890e-09	4.699358e+01	3.018319e+02
3.910000e-06	6.406567e-06	4.142588e-09	4.692248e+01	3.009708e+02
3.920000e-06	6.396836e-06	4.809577e-09	4.685121e+01	3.000826e+02
3.930000e-06	6.386079e-06	4.941858e-09	4.677242e+01	2.991751e+02
3.940000e-06	6.374536e-06	4.015420e-09	4.668788e+01	2.982564e+02
3.950000e-06	6.362984e-06	3.854970e-09	4.660327e+01	2.973346e+02
3.960000e-06	6.351096e-06	4.850960e-09	4.651620e+01	2.964181e+02
3.970000e-06	6.338149e-06	5.064139e-09	4.642137e+01	2.955146e+02
3.980000e-06	6.324459e-06	4.150861e-09	4.632111e+01	2.946319e+02
3.990000e-06	6.310636e-06	4.208724e-09	4.621987e+01	2.937768e+02
4.000000e-06	6.296275e-06	5.109707e-09	4.611468e+01	2.929557e+02
4.010000e-06	6.280954e-06	4.869484e-09	4.600247e+01	2.921741e+02
4.020000e-06	6.264960e-06	4.141045e-09	4.588533e+01	2.914365e+02
4.030000e-06	6.248736e-06	4.544574e-09	4.576650e+01	2.907465e+02
4.040000e-06	6.232274e-06	4.770936e-09	4.564594e+01	2.901066e+02
4.050000e-06	6.215316e-06	4.091093e-09	4.552174e+01	2.895180e+02
4.060000e-06	6.198003e-06	4.080769e-09	4.539493e+01	2.889809e+02
4.070000e-06	6.180419e-06	4.733622e-09	4.526614e+01	2.884945e+02
4.080000e-06	6.162325e-06	4.483151e-09	4.513362e+01	2.880566e+02
4.090000e-06	6.143678e-06	4.144132e-09	4.499705e+01	2.876643e+02
4.100000e-06	6.124688e-06	4.624350e-09	4.485796e+01	2.873135e+02
4.110000e-06	6.105443e-06	4.825986e-09	4.471701e+01	2.869994e+02
4.120000e-06	6.085659e-06	4.414408e-09	4.457211e+01	2.867166e+02
4.130000e-06	6.065488e-06	4.387201e-09	4.442437e+01	2.864589e+02
4.140000e-06	6.045138e-06	4.626715e-09	4.427533e+01	2.862198e+02
4.150000e-06	6.024447e-06	4.583312e-09	4.412378e+01	2.859926e+02
4.160000e-06	6.003168e-06	4.415796e-09	4.396793e+01	2.857704e+02
4.170000e-06	5.981327e-06	4.376020e-09	4.380797e+01	2.855465e+02
4.180000e-06	5.958891e-06	4.558657e-09	4.364364e+01	2.853141e+02
4.190000e-06	5.935717e-06	4.558561e-09	4.347391e+01	2.850671e+02
4.200000e-06	5.911987e-06	4.314910e-09	4.330011e+01	2.847997e+02
4.210000e-06	5.887899e-06	4.376537e-09	4.312369e+01	2.845067e+02
4.220000e-06	5.863491e-06	4.643544e-09	4.294492e+01	2.841836e+02
4.230000e-06	5.838811e-06	4.437604e-09	4.276417e+01	2.838267e+02
4.240000e-06	5.813706e-06	4.264048e-09	4.258029e+01	2.834331e+02
4.250000e-06	5.788120e-06	4.463408e-09	4.239289e+01	2.830007e+02
4.260000e-06	5.762186e-06	4.516958e-09	4.220295e+01	2.825283e+02
4.270000e-06	5.735871e-06	4.349187e-09	4.201022e+01	2.820155e+02
4.280000e-06	5.709174e-06	4.384037e-09	4.181469e+01	2.814629e+02
4.290000e-06	5.682054e-06	4.414377e-09	4.161605e+01	2.808716e+02
4.300000e-06	5.654530e-06	4.333243e-09	4.141447e+01	2.802435e+02
4.310000e-06	5.626691e-06	4.326798e-09	4.121057e+01	2.795811e+02
4.320000e-06	5.598632e-06	4.416169e-09	4.100506e+01	2.788873e+02
4.330000e-06	5.570359e-06	4.388675e-09	4.079799e+01	2.781656e+02
4.340000e-06	5.541682e-06	4.256748e-09	4.058796e+01	2.774194e+02
4.350000e-06	5.512573e-06	4.250935e-09	4.037476e+01	2.766527e+02
4.360000e-06	5.482991e-06	4.401564e-09	4.015809e+01	2.758691e+02
4.370000e-06	5.452633e-06	4.396632e-09	3.993575e+01	2.750724e+02
4.380000e-06	5.421475e-06	4.232146e-09	3.970754e+01	2.742661e+02
4.390000e-06	5.389754e-06	4.215223e-09	3.947521e+01	2.734535e+02
4.400000e-06	5.357756e-06	4.318279e-09	3.924086e+01	2.726372e+02
4.410000e-06	5.325635e-06	4.331257e-09	3.900560e+01	2.718199e+02
4.420000e-06	5.293257e-06	4.260270e-09	3.876846e+01	2.710033e+02
4.430000e-06	5.260613e-06	4.214405e-09	3.852937e+01	2.701889e+02
4.440000e-06	5.227669e-06	4.212170e-09	3.828808e+01	2.693775e+02
4.450000e-06	5.194284e-06	4.248983e-09	3.804357e+01	2.685692e+02
4.460000e-06	5.160439e-06	4.255542e-09	3.779568e+01	2.677639e+02
4.470000e-06	5.126290e-06	4.214482e-09	3.754557e+01	2.669608e+02
4.480000e-06	5.091860e-06	4.164032e-09	3.729340e+01	2.661586e+02
4.490000e-06	5.056991e-06	4.164470e-09	3.703802e+01	2.653556e+02
4.500000e-06	5.021750e-06	4.180343e-09	3.677991e+01	2.645498e+02
4.510000e-06	4.986147e-06	4.186314e-09	3.651915e+01	2.637390e+02
4.520000e-06	4.950218e-06	4.153054e-09	3.625600e+01	2.629207e+02
4.530000e-06	4.914130e-06	4.100354e-09	3.599169e+01	2.620924e+02
4.540000e-06	4.877914e-06	4.078498e-09	3.572643e+01	2.612515e+02
4.550000e-06	4.841431e-06	4.129064e-09	3.545923e+01	2.603956e+02
4.560000e-06	4.804613e-06	4.142126e-09	3.518957e+01	2.595223e+02
4.570000e-06	4.767347e-06	4.067906e-09	3.491663e+01	2.586296e+02
4.580000e-06	4.729537e-06	4.010080e-09	3.463970e+01	2.577155e+02
4.590000e-06	4.691267e-06	4.050863e-09	3.435941e+01	2.567787e+02
4.600000e-06	4.652434e-06	4.084012e-09	3.407499e+01	2.558179e+02
4.610000e-06	4.613022e-06	4.030705e-09	3.378634e+01	2.548325e+02
4.620000e-06	4.573225e-06	3.960850e-09	3.349486e+01	2.538220e+02
4.630000e-06	4.533188e-06	3.962544e-09	3.320162e+01	2.527867e+02
4.640000e-06	4.492973e-06	3.993933e-09	3.290709e+01	2.517267e+02
4.650000e-06	4.452620e-06	3.980804e-09	3.261153e+01	2.506431e+02
4.660000e-06	4.412034e-06	3.929629e-09	3.231427e+01	2.495369e+02
4.670000e-06	4.371154e-06	3.899470e-09	3.201487e+01	2.484094e+02
4.680000e-06	4.329860e-06	3.908209e-09	3.171243e+01	2.472622e+02
4.690000e-06	4.288193e-06	3.914701e-09	3.140725e+01	2.460972e+02
4.700000e-06	4.246325e-06	3.887301e-09	3.110060e+01	2.449159e+02
4.710000e-06	4.204199e-06	3.842125e-09	3.079207e+01	2.437204e+02
4.720000e-06	4.161816e-06	3.821398e-09	3.048165e+01	2.425124e+02
4.730000e-06	4.119138e-06	3.822225e-09	3.016907e+01	2.412934e+02
4.740000e-06	4.076137e-06	3.815604e-09	2.985412e+01	2.400651e+02
4.750000e-06	4.032808e-06	3.781267e-09	2.953678e+01	2.388286e+02
4.760000e-06	3.989208e-06	3.750419e-09	2.921745e+01	2.375849e+02
4.770000e-06	3.945349e-06	3.742785e-09	2.889622e+01	2.363348e+02
4.780000e-06	3.901256e-06	3.742118e-09	2.857327e+01	2.350785e+02
4.790000e-06	3.857061e-06	3.717377e-09	2.824958e+01	2.338161e+02
4.800000e-06	3.812781e-06	3.684235e-09	2.792527e+01	2.325473e+02
4.810000e-06	3.768312e-06	3.664299e-09	2.759957e+01	2.312714e+02
4.820000e-06	3.723546e-06	3.650817e-09	2.727170e+01	2.299875e+02
4.830000e-06	3.678515e-06	3.625598e-09	2.694189e+01	2.286943e+02
4.840000e-06	3.633170e-06	3.601045e-09	2.660978e+01	2.273903e+02
4.850000e-06	3.587523e-06	3.580982e-09	2.627545e+01	2.260738e+02
4.860000e-06	3.541594e-06	3.558816e-09	2.593907e+01	2.247430e+02
4.870000e-06	3.495303e-06	3.533489e-09	2.560002e+01	2.233961e+02
4.880000e-06	3.448826e-06	3.517970e-09	2.525962e+01	2.220309e+02
4.890000e-06	3.402227e-06	3.502434e-09	2.491833e+01	2.206455e+02
4.900000e-06	3.355423e-06	3.473470e-09	2.457553e+01	2.192382e+02
4.910000e-06	3.308431e-06	3.442518e-09	2.423135e+01	2.178071e+02
4.920000e-06	3.261254e-06	3.423137e-09	2.388582e+01	2.163507e+02
4.930000e-06	3.213906e-06	3.408559e-09	2.353904e+01	2.148675e+02
4.940000e-06	3.166333e-06	3.385357e-09	2.319061e+01	2.133565e+02
4.950000e-06	3.118458e-06	3.354175e-09	2.283996e+01	2.118168e+02
4.960000e-06	3.070191e-06	3.325948e-09	2.248645e+01	2.102479e+02
4.970000e-06	3.021544e-06	3.306502e-09	2.213015e+01	2.086494e+02
4.980000e-06	2.972725e-06	3.288720e-09	2.177260e+01	2.070213e+02
4.990000e-06	2.923714e-06	3.261817e-09	2.141363e+01	2.053640e+02
5.000000e-06	2.874351e-06	3.229911e-09	2.105210e+01	2.036779e+02
5.010000e-06	2.824768e-06	3.207610e-09	2.068895e+01	2.019638e+02
5.020000e-06	2.775007e-06	3.191896e-09	2.032449e+01	2.002226e+02
5.030000e-06	2.724954e-06	3.165523e-09	1.995790e+01	1.984554e+02
5.040000e-06	2.674656e-06	3.130121e-09	1.958951e+01	1.966633e+02
5.050000e-06	2.624225e-06	3.103990e-09	1.922014e+01	1.948477e+02
5.060000e-06	2.573627e-06	3.083038e-09	1.884955e+01	1.930098e+02
5.070000e-06	2.522895e-06	3.055432e-09	1.847799e+01	1.911507e+02
5.080000e-06	2.471896e-06	3.022773e-09	1.810447e+01	1.892717e+02
5.090000e-06	2.420550e-06	2.995992e-09	1.772840e+01	1.873737e+02
5.100000e-06	2.369029e-06	2.970071e-09	1.735105e+01	1.854578e+02
5.110000e-06	2.317356e-06	2.941175e-09	1.697260e+01	1.835244e+02
5.120000e-06	2.265602e-06	2.910438e-09	1.659354e+01	1.815743e+02
5.130000e-06	2.213675e-06	2.883179e-09	1.621323e+01	1.796076e+02
5.140000e-06	2.161541e-06	2.854372e-09	1.583139e+01	1.776245e+02
5.150000e-06	2.109304e-06	2.823431e-09	1.544880e+01	1.756248e+02
5.160000e-06	2.056979e-06	2.790670e-09	1.506557e+01	1.736081e+02
5.170000e-06	2.004515e-06	2.758664e-09	1.468131e+01	1.715739e+02
5.180000e-06	1.951871e-06	2.726028e-09	1.429574e+01	1.695214e+02
5.190000e-06	1.899003e-06	2.694079e-09	1.390853e+01	1.674499e+02
5.200000e-06	1.845898e-06	2.660716e-09	1.351958e+01	1.653583e+02
5.210000e-06	1.792632e-06	2.626970e-09	1.312945e+01	1.632456e+02
5.220000e-06	1.739304e-06	2.595998e-09	1.273887e+01	1.611106e+02
5.230000e-06	1.685883e-06	2.564753e-09	1.234762e+01	1.589523e+02
5.240000e-06	1.632129e-06	2.531253e-09	1.195391e+01	1.567695e+02
5.250000e-06	1.578043e-06	2.494339e-09	1.155778e+01	1.545613e+02
5.260000e-06	1.523790e-06	2.460085e-09	1.116042e+01	1.523268e+02
5.270000e-06	1.469476e-06	2.425312e-09	1.076262e+01	1.500650e+02
5.280000e-06	1.415060e-06	2.388928e-09	1.036407e+01	1.477755e+02
5.290000e-06	1.360390e-06	2.349225e-09	9.963663e+00	1.454576e+02
5.300000e-06	1.305367e-06	2.316071e-09	9.560666e+00	1.431111e+02
5.310000e-06	1.250203e-06	2.282586e-09	9.156639e+00	1.407358e+02
5.320000e-06	1.195037e-06	2.242605e-09	8.752595e+00	1.383317e+02
5.330000e-06	1.139784e-06	2.202523e-09	8.347916e+00	1.358989e+02
5.340000e-06	1.084416e-06	2.168670e-09	7.942393e+00	1.334379e+02
5.350000e-06	1.028806e-06	2.134530e-09	7.535103e+00	1.309489e+02
5.360000e-06	9.730395e-07	2.095115e-09	7.126660e+00	1.284326e+02
5.370000e-06	9.172986e-07	2.052748e-09	6.718407e+00	1.258894e+02
5.380000e-06	8.616310e-07	2.012706e-09	6.310691e+00	1.233202e+02
5.390000e-06	8.058971e-07	1.973308e-09	5.902488e+00	1.207254e+02
5.400000e-06	7.500893e-07	1.932804e-09	5.493746e+00	1.181057e+02
5.410000e-06	6.942741e-07	1.891874e-09	5.084948e+00	1.154615e+02
5.420000e-06	6.384280e-07	1.849585e-09	4.675924e+00	1.127935e+02
5.430000e-06	5.825761e-07	1.807990e-09	4.266859e+00	1.101018e+02
5.440000e-06	5.266606e-07	1.766397e-09	3.857326e+00	1.073867e+02
5.450000e-06	4.706535e-07	1.722990e-09	3.447124e+00	1.046482e+02
5.460000e-06	4.146608e-07	1.677125e-09	3.037026e+00	1.018863e+02
5.470000e-06	3.587121e-07	1.630352e-09	2.627251e+00	9.910047e+01
5.480000e-06	3.027173e-07	1.580799e-09	2.217139e+00	9.629042e+01
5.490000e-06	2.466633e-07	1.532515e-09	1.806592e+00	9.345547e+01
5.500000e-06	1.906143e-07	1.485276e-09	1.396082e+00	9.059484e+01
5.510000e-06	1.345641e-07	1.436750e-09	9.855639e-01	8.770761e+01
5.520000e-06	7.850652e-08	1.385954e-09	5.749914e-01	8.479276e+01
5.530000e-06	2.246681e-08	1.337058e-09	1.645496e-01	8.184919e+01
5.540000e-06	-3.356449e-08	1.289347e-09	-2.458304e-01	7.887572e+01
5.550000e-06	-8.955074e-08	1.239197e-09	-6.558805e-01	7.587117e+01
5.560000e-06	-1.455024e-07	1.186015e-09	-1.065677e+00	7.283436e+01
5.570000e-06	-2.014963e-07	1.132980e-09	-1.475783e+00	6.976415e+01
5.580000e-06	-2.574786e-07	1.081549e-09	-1.885804e+00	6.665949e+01
5.590000e-06	-3.134303e-07	1.030602e-09	-2.295602e+00	6.351939e+01
5.600000e-06	-3.694013e-07	9.759537e-10	-2.705540e+00	6.034304e+01
5.610000e-06	-4.253906e-07	9.182805e-10	-3.115613e+00	5.712974e+01
5.620000e-06	-4.813892e-07	8.611896e-10	-3.525753e+00	5.387896e+01
5.630000e-06	-5.373703e-07	8.078835e-10	-3.935766e+00	5.059037e+01
5.640000e-06	-5.932761e-07	7.586000e-10	-4.345227e+00	4.726382e+01
5.650000e-06	-6.491881e-07	7.088609e-10	-4.754733e+00	4.389932e+01
5.660000e-06	-7.050810e-07	6.553650e-10	-5.164099e+00	4.049711e+01
5.670000e-06	-7.608631e-07	6.001302e-10	-5.572654e+00	3.705758e+01
5.680000e-06	-8.166151e-07	5.467041e-10	-5.980989e+00	3.358129e+01
5.690000e-06	-8.723673e-07	4.924476e-10	-6.389324e+00	3.006894e+01
5.700000e-06	-9.281327e-07	4.338706e-10	-6.797757e+00	2.652137e+01
5.710000e-06	-9.837953e-07	3.720045e-10	-7.205437e+00	2.293953e+01
5.720000e-06	-1.039285e-06	3.132650e-10	-7.611848e+00	1.932444e+01
5.730000e-06	-1.094726e-06	2.585455e-10	-8.017907e+00	1.567720e+01
5.740000e-06	-1.150184e-06	2.043249e-10	-8.424085e+00	1.199895e+01
5.750000e-06	-1.205568e-06	1.482044e-10	-8.829725e+00	8.290825e+00
5.760000e-06	-1.260634e-06	8.916652e-11	-9.233036e+00	4.553992e+00
5.770000e-06	-1.315601e-06	3.087016e-11	-9.635620e+00	7.895962e-01
5.780000e-06	-1.370532e-06	-2.607654e-11	-1.003794e+01	-3.001238e+00
5.790000e-06	-1.425062e-06	-8.487767e-11	-1.043733e+01	-6.817412e+00
5.800000e-06	-1.479262e-06	-1.491174e-10	-1.083429e+01	-1.065785e+01
5.810000e-06	-1.533421e-06	-2.157486e-10	-1.123097e+01	-1.452150e+01
5.820000e-06	-1.587473e-06	-2.780333e-10	-1.162685e+01	-1.840733e+01
5.830000e-06	-1.641259e-06	-3.374613e-10	-1.202078e+01	-2.231429e+01
5.840000e-06	-1.694862e-06	-4.004526e-10	-1.241338e+01	-2.624132e+01
5.850000e-06	-1.748231e-06	-4.658983e-10	-1.280426e+01	-3.018733e+01
5.860000e-06	-1.801352e-06	-5.275282e-10	-1.319332e+01	-3.415114e+01
5.870000e-06	-1.854255e-06	-5.873591e-10	-1.358079e+01	-3.813151e+01
5.880000e-06	-1.906971e-06	-6.503126e-10	-1.396689e+01	-4.212706e+01
5.890000e-06	-1.959576e-06	-7.160163e-10	-1.435218e+01	-4.613628e+01
5.900000e-06	-2.012102e-06	-7.819034e-10	-1.473688e+01	-5.015750e+01
5.910000e-06	-2.064513e-06	-8.478700e-10	-1.512074e+01	-5.418886e+01
5.920000e-06	-2.116757e-06	-9.132073e-10	-1.550339e+01	-5.822831e+01
5.930000e-06	-2.168806e-06	-9.770741e-10	-1.588460e+01	-6.227358e+01
5.940000e-06	-2.220713e-06	-1.040981e-09	-1.626477e+01	-6.632216e+01
5.950000e-06	-2.272497e-06	-1.105724e-09	-1.664405e+01	-7.037137e+01
5.960000e-06	-2.324120e-06	-1.169736e-09	-1.702214e+01	-7.441827e+01
5.970000e-06	-2.375637e-06	-1.232018e-09	-1.739945e+01	-7.845976e+01
5.980000e-06	-2.426976e-06	-1.294011e-09	-1.777546e+01	-8.249253e+01
5.990000e-06	-2.478047e-06	-1.357421e-09	-1.814952e+01	-8.651314e+01
6.000000e-06	-2.528840e-06	-1.422873e-09	-1.852153e+01	-9.051803e+01
6.010000e-06	-2.579499e-06	-1.487948e-09	-1.889257e+01	-9.450356e+01
6.020000e-06	-2.630067e-06	-1.552613e-09	-1.926293e+01	-9.846606e+01
6.030000e-06	-2.680351e-06	-1.616198e-09	-1.963122e+01	-1.024019e+02
6.040000e-06	-2.730408e-06	-1.678793e-09	-1.999784e+01	-1.063074e+02
6.050000e-06	-2.780273e-06	-1.742197e-09	-2.036306e+01	-1.101791e+02
6.060000e-06	-2.829890e-06	-1.805458e-09	-2.072646e+01	-1.140137e+02
6.070000e-06	-2.879134e-06	-1.865033e-09	-2.108713e+01	-1.178082e+02
6.080000e-06	-2.928004e-06	-1.922222e-09	-2.144506e+01	-1.215595e+02
6.090000e-06	-2.976564e-06	-1.983457e-09	-2.180072e+01	-1.252653e+02
6.100000e-06	-3.024785e-06	-2.047120e-09	-2.215389e+01	-1.289232e+02
6.110000e-06	-3.072648e-06	-2.106541e-09	-2.250445e+01	-1.325313e+02
6.120000e-06	-3.120186e-06	-2.161001e-09	-2.285262e+01	-1.360883e+02
6.130000e-06	-3.167552e-06	-2.219786e-09	-2.319954e+01	-1.395929e+02
6.140000e-06	-3.214633e-06	-2.280062e-09	-2.354436e+01	-1.430446e+02
6.150000e-06	-3.261498e-06	-2.335683e-09	-2.388761e+01	-1.464429e+02
6.160000e-06	-3.308299e-06	-2.388264e-09	-2.423038e+01	-1.497880e+02
6.170000e-06	-3.354943e-06	-2.442279e-09	-2.457201e+01	-1.530802e+02
6.180000e-06	-3.401375e-06	-2.498738e-09	-2.491209e+01	-1.563203e+02
6.190000e-06	-3.447603e-06	-2.551782e-09	-2.525066e+01	-1.595093e+02
6.200000e-06	-3.493734e-06	-2.600939e-09	-2.558853e+01	-1.626484e+02
6.210000e-06	-3.539730e-06	-2.652566e-09	-2.592542e+01	-1.657391e+02
6.220000e-06	-3.585381e-06	-2.705296e-09	-2.625977e+01	-1.687828e+02
6.230000e-06	-3.630805e-06	-2.756653e-09	-2.659246e+01	-1.717813e+02
6.240000e-06	-3.675965e-06	-2.807332e-09	-2.692322e+01	-1.747362e+02
6.250000e-06	-3.720621e-06	-2.858451e-09	-2.725028e+01	-1.776491e+02
6.260000e-06	-3.765055e-06	-2.910041e-09	-2.757572e+01	-1.805216e+02
6.270000e-06	-3.809385e-06	-2.957455e-09	-2.790040e+01	-1.833552e+02
6.280000e-06	-3.853580e-06	-3.002017e-09	-2.822409e+01	-1.861510e+02
6.290000e-06	-3.897661e-06	-3.046465e-09	-2.854694e+01	-1.889102e+02
6.300000e-06	-3.941557e-06	-3.091329e-09	-2.886844e+01	-1.916336e+02
6.310000e-06	-3.985293e-06	-3.136325e-09	-2.918877e+01	-1.943217e+02
6.320000e-06	-4.028763e-06	-3.180866e-09	-2.950715e+01	-1.969751e+02
6.330000e-06	-4.071839e-06	-3.221407e-09	-2.982265e+01	-1.995936e+02
6.340000e-06	-4.114589e-06	-3.260621e-09	-3.013575e+01	-2.021773e+02
6.350000e-06	-4.157172e-06	-3.299933e-09	-3.044764e+01	-2.047257e+02
6.360000e-06	-4.199491e-06	-3.336689e-09	-3.075758e+01	-2.072383e+02
6.370000e-06	-4.241474e-06	-3.375947e-09	-3.106507e+01	-2.097144e+02
6.380000e-06	-4.283116e-06	-3.414904e-09	-3.137006e+01	-2.121531e+02
6.390000e-06	-4.324433e-06	-3.454812e-09	-3.167267e+01	-2.145535e+02
6.400000e-06	-4.365429e-06	-3.491305e-09	-3.197294e+01	-2.169146e+02
6.410000e-06	-4.406143e-06	-3.523893e-09	-3.227113e+01	-2.192354e+02
6.420000e-06	-4.446658e-06	-3.558568e-09	-3.256787e+01	-2.215151e+02
6.430000e-06	-4.486931e-06	-3.594419e-09	-3.286283e+01	-2.237527e+02
6.440000e-06	-4.527000e-06	-3.629296e-09	-3.315630e+01	-2.259476e+02
6.450000e-06	-4.566928e-06	-3.661557e-09	-3.344874e+01	-2.280993e+02
6.460000e-06	-4.606661e-06	-3.691826e-09	-3.373974e+01	-2.302074e+02
6.470000e-06	-4.645980e-06	-3.722046e-09	-3.402773e+01	-2.322719e+02
6.480000e-06	-4.684871e-06	-3.758089e-09	-3.431256e+01	-2.342928e+02
6.490000e-06	-4.723296e-06	-3.794982e-09	-3.459400e+01	-2.362705e+02
6.500000e-06	-4.761062e-06	-3.825674e-09	-3.487060e+01	-2.382057e+02
6.510000e-06	-4.798188e-06	-3.848266e-09	-3.514252e+01	-2.400991e+02
6.520000e-06	-4.834847e-06	-3.874715e-09	-3.541101e+01	-2.419519e+02
6.530000e-06	-4.871144e-06	-3.907227e-09	-3.567685e+01	-2.437652e+02
6.540000e-06	-4.907225e-06	-3.938287e-09	-3.594111e+01	-2.455403e+02
6.550000e-06	-4.943215e-06	-3.964088e-09	-3.620471e+01	-2.472789e+02
6.560000e-06	-4.978967e-06	-3.989759e-09	-3.646656e+01	-2.489824e+02
6.570000e-06	-5.014359e-06	-4.017125e-09	-3.672578e+01	-2.506524e+02
6.580000e-06	-5.049414e-06	-4.048427e-09	-3.698253e+01	-2.522905e+02
6.590000e-06	-5.084111e-06	-4.077801e-09	-3.723665e+01	-2.538981e+02
6.600000e-06	-5.118410e-06	-4.101690e-09	-3.748786e+01	-2.554766e+02
6.610000e-06	-5.152388e-06	-4.121474e-09	-3.773672e+01	-2.570273e+02
6.620000e-06	-5.186044e-06	-4.140547e-09	-3.798322e+01	-2.585512e+02
6.630000e-06	-5.219186e-06	-4.162368e-09	-3.822596e+01	-2.600490e+02
6.640000e-06	-5.251945e-06	-4.187164e-09	-3.846588e+01	-2.615215e+02
6.650000e-06	-5.284422e-06	-4.207712e-09	-3.870375e+01	-2.629688e+02
6.660000e-06	-5.316588e-06	-4.224376e-09	-3.893934e+01	-2.643912e+02
6.670000e-06	-5.348534e-06	-4.246838e-09	-3.917331e+01	-2.657884e+02
6.680000e-06	-5.380222e-06	-4.272232e-09	-3.940540e+01	-2.671601e+02
6.690000e-06	-5.411551e-06	-4.297487e-09	-3.963486e+01	-2.685057e+02
6.700000e-06	-5.442368e-06	-4.316986e-09	-3.986056e+01	-2.698245e+02
6.710000e-06	-5.472568e-06	-4.335804e-09	-4.008175e+01	-2.711154e+02
6.720000e-06	-5.502176e-06	-4.353154e-09	-4.029861e+01	-2.723776e+02
6.730000e-06	-5.531148e-06	-4.370279e-09	-4.051080e+01	-2.736100e+02
6.740000e-06	-5.559614e-06	-4.387722e-09	-4.071929e+01	-2.748116e+02
6.750000e-06	-5.587809e-06	-4.405611e-09	-4.092579e+01	-2.759813e+02
6.760000e-06	-5.615781e-06	-4.421859e-09	-4.113067e+01	-2.771184e+02
6.770000e-06	-5.643537e-06	-4.438681e-09	-4.133395e+01	-2.782221e+02
6.780000e-06	-5.670910e-06	-4.456970e-09	-4.153444e+01	-2.792919e+02
6.790000e-06	-5.697831e-06	-4.476820e-09	-4.173161e+01	-2.803276e+02
6.800000e-06	-5.724338e-06	-4.493571e-09	-4.192575e+01	-2.813291e+02
6.810000e-06	-5.750489e-06	-4.506040e-09	-4.211728e+01	-2.822968e+02
6.820000e-06	-5.776276e-06	-4.517436e-09	-4.230615e+01	-2.832312e+02
6.830000e-06	-5.801667e-06	-4.530977e-09	-4.249212e+01	-2.841332e+02
6.840000e-06	-5.826627e-06	-4.545745e-09	-4.267493e+01	-2.850041e+02
6.850000e-06	-5.851144e-06	-4.559354e-09	-4.285449e+01	-2.858453e+02
6.860000e-06	-5.875353e-06	-4.573213e-09	-4.303180e+01	-2.866585e+02
6.870000e-06	-5.899331e-06	-4.586022e-09	-4.320742e+01	-2.874458e+02
6.880000e-06	-5.923102e-06	-4.596237e-09	-4.338152e+01	-2.882092e+02
6.890000e-06	-5.946413e-06	-4.605645e-09	-4.355225e+01	-2.889509e+02
6.900000e-06	-5.969110e-06	-4.615613e-09	-4.371849e+01	-2.896732e+02
6.910000e-06	-5.991136e-06	-4.626401e-09	-4.387981e+01	-2.903784e+02
6.920000e-06	-6.012469e-06	-4.637117e-09	-4.403606e+01	-2.910686e+02
6.930000e-06	-6.033215e-06	-4.645036e-09	-4.418800e+01	-2.917460e+02
6.940000e-06	-6.053516e-06	-4.652753e-09	-4.433669e+01	-2.924124e+02
6.950000e-06	-6.073634e-06	-4.661730e-09	-4.448404e+01	-2.930694e+02
6.960000e-06	-6.093590e-06	-4.672105e-09	-4.463019e+01	-2.937184e+02
6.970000e-06	-6.113102e-06	-4.681583e-09	-4.477310e+01	-2.943603e+02
6.980000e-06	-6.132125e-06	-4.690879e-09	-4.491243e+01	-2.949957e+02
6.990000e-06	-6.150739e-06	-4.699569e-09	-4.504876e+01	-2.956249e+02
7.000000e-06	-6.168934e-06	-4.707170e-09	-4.518202e+01	-2.962477e+02
7.010000e-06	-6.186736e-06	-4.714378e-09	-4.531241e+01	-2.968636e+02
7.020000e-06	-6.204118e-06	-4.722310e-09	-4.543971e+01	-2.974715e+02
7.030000e-06	-6.220999e-06	-4.729318e-09	-4.556335e+01	-2.980703e+02
7.040000e-06	-6.237445e-06	-4.736392e-09	-4.568381e+01	-2.986583e+02
7.050000e-06	-6.253670e-06	-4.744227e-09	-4.580264e+01	-2.992338e+02
7.060000e-06	-6.269557e-06	-4.751288e-09	-4.591900e+01	-2.997947e+02
7.070000e-06	-6.284912e-06	-4.755780e-09	-4.603146e+01	-3.003389e+02
7.080000e-06	-6.299751e-06	-4.759878e-09	-4.614014e+01	-3.008643e+02
7.090000e-06	-6.313767e-06	-4.765694e-09	-4.624280e+01	-3.013688e+02
7.100000e-06	-6.326919e-06	-4.769848e-09	-4.633913e+01	-3.018503e+02
7.110000e-06	-6.339519e-06	-4.772523e-09	-4.643141e+01	-3.023070e+02
7.120000e-06	-6.351731e-06	-4.778198e-09	-4.652086e+01	-3.027374e+02
7.130000e-06	-6.363623e-06	-4.789236e-09	-4.660795e+01	-3.031402e+02
7.140000e-06	-6.375099e-06	-4.797138e-09	-4.669200e+01	-3.035146e+02
7.150000e-06	-6.386036e-06	-4.801425e-09	-4.677211e+01	-3.038603e+02
7.160000e-06	-6.396414e-06	-4.803935e-09	-4.684811e+01	-3.041772e+02
7.170000e-06	-6.406391e-06	-4.805396e-09	-4.692119e+01	-3.044658e+02
7.180000e-06	-6.416096e-06	-4.807838e-09	-4.699227e+01	-3.047272e+02
7.190000e-06	-6.425339e-06	-4.807931e-09	-4.705997e+01	-3.049627e+02
7.200000e-06	-6.434048e-06	-4.813731e-09	-4.712375e+01	-3.051743e+02
7.210000e-06	-6.442468e-06	-4.818662e-09	-4.718542e+01	-3.053642e+02
7.220000e-06	-6.450595e-06	-4.823513e-09	-4.724494e+01	-3.055350e+02
7.230000e-06	-6.458418e-06	-4.827540e-09	-4.730224e+01	-3.056895e+02
7.240000e-06	-6.465886e-06	-4.829833e-09	-4.735694e+01	-3.058307e+02
7.250000e-06	-6.472820e-06	-4.829876e-09	-4.740772e+01	-3.059617e+02
7.260000e-06	-6.479000e-06	-4.832312e-09	-4.745299e+01	-3.060855e+02
7.270000e-06	-6.484349e-06	-4.835904e-09	-4.749216e+01	-3.062050e+02
7.280000e-06	-6.489092e-06	-4.835827e-09	-4.752690e+01	-3.063229e+02
7.290000e-06	-6.493422e-06	-4.836229e-09	-4.755862e+01	-3.064415e+02
7.300000e-06	-6.497467e-06	-4.841961e-09	-4.758824e+01	-3.065626e+02
7.310000e-06	-6.501253e-06	-4.848482e-09	-4.761597e+01	-3.066878e+02
7.320000e-06	-6.504665e-06	-4.851454e-09	-4.764096e+01	-3.068177e+02
7.330000e-06	-6.507573e-06	-4.853324e-09	-4.766226e+01	-3.069526e+02
7.340000e-06	-6.510002e-06	-4.855150e-09	-4.768005e+01	-3.070919e+02
7.350000e-06	-6.512048e-06	-4.856051e-09	-4.769503e+01	-3.072343e+02
7.360000e-06	-6.513635e-06	-4.856768e-09	-4.770666e+01	-3.073780e+02
7.370000e-06	-6.514699e-06	-4.859585e-09	-4.771445e+01	-3.075201e+02
7.380000e-06	-6.515340e-06	-4.861109e-09	-4.771914e+01	-3.076575e+02
