# Temperatura_=_20.0
# Concentracion g/m^3_=_12600.0
# C_Vs_to_Am_M_A/Vsm_=_65563218390.804596
# pendiente_HvsI_1/m_=_3716.3
# ordenada_HvsI_A/m_=_1297.0
# frecuencia_Hz_=_135357.1454159195

Tiempo_(s)	Campo_(V.s)	Magnetizacion_(V.s)	Campo_(kA/m)	Magnetizacion_(A/m)
0.000000e+00	-6.633506e-06	-4.865893e-09	-4.772568e+01	-3.101797e+02
1.000000e-08	-6.633640e-06	-4.862799e-09	-4.772665e+01	-3.101526e+02
2.000000e-08	-6.633533e-06	-4.860260e-09	-4.772588e+01	-3.100999e+02
3.000000e-08	-6.632969e-06	-4.864696e-09	-4.772182e+01	-3.100192e+02
4.000000e-08	-6.631722e-06	-4.864496e-09	-4.771285e+01	-3.099081e+02
5.000000e-08	-6.629696e-06	-4.858224e-09	-4.769828e+01	-3.097647e+02
6.000000e-08	-6.626878e-06	-4.853243e-09	-4.767800e+01	-3.095871e+02
7.000000e-08	-6.623479e-06	-4.843549e-09	-4.765355e+01	-3.093737e+02
8.000000e-08	-6.619759e-06	-4.811303e-09	-4.762678e+01	-3.091235e+02
9.000000e-08	-6.615715e-06	-4.794308e-09	-4.759769e+01	-3.088357e+02
1.000000e-07	-6.611080e-06	-4.894768e-09	-4.756433e+01	-3.085102e+02
1.100000e-07	-6.605651e-06	-5.022412e-09	-4.752528e+01	-3.081471e+02
1.200000e-07	-6.599633e-06	-4.928092e-09	-4.748198e+01	-3.077473e+02
1.300000e-07	-6.593459e-06	-4.634443e-09	-4.743756e+01	-3.073119e+02
1.400000e-07	-6.587093e-06	-4.617913e-09	-4.739176e+01	-3.068428e+02
1.500000e-07	-6.580191e-06	-4.956582e-09	-4.734210e+01	-3.063423e+02
1.600000e-07	-6.572787e-06	-5.087787e-09	-4.728883e+01	-3.058131e+02
1.700000e-07	-6.565085e-06	-4.806373e-09	-4.723342e+01	-3.052583e+02
1.800000e-07	-6.557058e-06	-4.681356e-09	-4.717567e+01	-3.046813e+02
1.900000e-07	-6.548447e-06	-4.717118e-09	-4.711372e+01	-3.040862e+02
2.000000e-07	-6.539516e-06	-4.897860e-09	-4.704946e+01	-3.034767e+02
2.100000e-07	-6.530364e-06	-5.014148e-09	-4.698362e+01	-3.028572e+02
2.200000e-07	-6.520302e-06	-4.922501e-09	-4.691122e+01	-3.022318e+02
2.300000e-07	-6.509203e-06	-4.610474e-09	-4.683137e+01	-3.016049e+02
2.400000e-07	-6.497634e-06	-4.594960e-09	-4.674813e+01	-3.009805e+02
2.500000e-07	-6.485818e-06	-4.913130e-09	-4.666312e+01	-3.003626e+02
2.600000e-07	-6.473387e-06	-4.869379e-09	-4.657368e+01	-2.997548e+02
2.700000e-07	-6.460159e-06	-4.422802e-09	-4.647851e+01	-2.991607e+02
2.800000e-07	-6.446468e-06	-4.369627e-09	-4.638002e+01	-2.985831e+02
2.900000e-07	-6.432421e-06	-4.723782e-09	-4.627895e+01	-2.980246e+02
3.000000e-07	-6.417816e-06	-4.675535e-09	-4.617387e+01	-2.974872e+02
3.100000e-07	-6.402410e-06	-4.271159e-09	-4.606303e+01	-2.969725e+02
3.200000e-07	-6.386183e-06	-4.272972e-09	-4.594628e+01	-2.964813e+02
3.300000e-07	-6.369480e-06	-4.495636e-09	-4.582611e+01	-2.960141e+02
3.400000e-07	-6.352496e-06	-4.388322e-09	-4.570392e+01	-2.955707e+02
3.500000e-07	-6.335187e-06	-4.375061e-09	-4.557939e+01	-2.951505e+02
3.600000e-07	-6.317550e-06	-4.433476e-09	-4.545249e+01	-2.947520e+02
3.700000e-07	-6.299552e-06	-4.322647e-09	-4.532301e+01	-2.943737e+02
3.800000e-07	-6.281175e-06	-4.256784e-09	-4.519079e+01	-2.940134e+02
3.900000e-07	-6.262265e-06	-4.485541e-09	-4.505474e+01	-2.936686e+02
4.000000e-07	-6.242805e-06	-4.427962e-09	-4.491473e+01	-2.933363e+02
4.100000e-07	-6.223026e-06	-4.229204e-09	-4.477243e+01	-2.930136e+02
4.200000e-07	-6.202972e-06	-4.255100e-09	-4.462815e+01	-2.926971e+02
4.300000e-07	-6.182597e-06	-4.432633e-09	-4.448156e+01	-2.923834e+02
4.400000e-07	-6.161805e-06	-4.400216e-09	-4.433197e+01	-2.920692e+02
4.500000e-07	-6.140605e-06	-4.298915e-09	-4.417944e+01	-2.917510e+02
4.600000e-07	-6.119016e-06	-4.265908e-09	-4.402411e+01	-2.914257e+02
4.700000e-07	-6.097049e-06	-4.348224e-09	-4.386607e+01	-2.910900e+02
4.800000e-07	-6.074608e-06	-4.367317e-09	-4.370462e+01	-2.907413e+02
4.900000e-07	-6.051637e-06	-4.272632e-09	-4.353934e+01	-2.903767e+02
5.000000e-07	-6.028288e-06	-4.237769e-09	-4.337136e+01	-2.899942e+02
5.100000e-07	-6.004698e-06	-4.308683e-09	-4.320164e+01	-2.895918e+02
5.200000e-07	-5.980816e-06	-4.299190e-09	-4.302981e+01	-2.891679e+02
5.300000e-07	-5.956540e-06	-4.223398e-09	-4.285516e+01	-2.887213e+02
5.400000e-07	-5.931780e-06	-4.232282e-09	-4.267702e+01	-2.882512e+02
5.500000e-07	-5.906227e-06	-4.241605e-09	-4.249318e+01	-2.877571e+02
5.600000e-07	-5.879801e-06	-4.225984e-09	-4.230305e+01	-2.872391e+02
5.700000e-07	-5.852794e-06	-4.221773e-09	-4.210874e+01	-2.866972e+02
5.800000e-07	-5.825429e-06	-4.213226e-09	-4.191186e+01	-2.861320e+02
5.900000e-07	-5.797846e-06	-4.165718e-09	-4.171341e+01	-2.855442e+02
6.000000e-07	-5.770030e-06	-4.188546e-09	-4.151329e+01	-2.849349e+02
6.100000e-07	-5.741916e-06	-4.229155e-09	-4.131101e+01	-2.843050e+02
6.200000e-07	-5.713414e-06	-4.201198e-09	-4.110595e+01	-2.836559e+02
6.300000e-07	-5.684473e-06	-4.118748e-09	-4.089773e+01	-2.829888e+02
6.400000e-07	-5.655166e-06	-4.136632e-09	-4.068688e+01	-2.823051e+02
6.500000e-07	-5.625484e-06	-4.197994e-09	-4.047333e+01	-2.816059e+02
6.600000e-07	-5.595453e-06	-4.175619e-09	-4.025727e+01	-2.808926e+02
6.700000e-07	-5.564965e-06	-4.070446e-09	-4.003792e+01	-2.801662e+02
6.800000e-07	-5.533992e-06	-4.062550e-09	-3.981508e+01	-2.794276e+02
6.900000e-07	-5.502703e-06	-4.130210e-09	-3.958997e+01	-2.786778e+02
7.000000e-07	-5.471128e-06	-4.140301e-09	-3.936279e+01	-2.779173e+02
7.100000e-07	-5.439265e-06	-4.060944e-09	-3.913355e+01	-2.771465e+02
7.200000e-07	-5.407195e-06	-4.022277e-09	-3.890282e+01	-2.763658e+02
7.300000e-07	-5.374871e-06	-4.057951e-09	-3.867026e+01	-2.755751e+02
7.400000e-07	-5.342004e-06	-4.096674e-09	-3.843379e+01	-2.747745e+02
7.500000e-07	-5.308545e-06	-4.055773e-09	-3.819307e+01	-2.739636e+02
7.600000e-07	-5.274456e-06	-3.987849e-09	-3.794781e+01	-2.731420e+02
7.700000e-07	-5.239707e-06	-3.981927e-09	-3.769781e+01	-2.723093e+02
7.800000e-07	-5.204540e-06	-4.022031e-09	-3.744479e+01	-2.714648e+02
7.900000e-07	-5.169031e-06	-4.017465e-09	-3.718931e+01	-2.706079e+02
8.000000e-07	-5.133281e-06	-3.963541e-09	-3.693210e+01	-2.697379e+02
8.100000e-07	-5.097316e-06	-3.938329e-09	-3.667335e+01	-2.688540e+02
8.200000e-07	-5.060992e-06	-3.951946e-09	-3.641201e+01	-2.679558e+02
8.300000e-07	-5.024264e-06	-3.960762e-09	-3.614777e+01	-2.670424e+02
8.400000e-07	-4.987182e-06	-3.939857e-09	-3.588098e+01	-2.661135e+02
8.500000e-07	-4.949754e-06	-3.904674e-09	-3.561169e+01	-2.651685e+02
8.600000e-07	-4.912022e-06	-3.877376e-09	-3.534023e+01	-2.642073e+02
8.700000e-07	-4.874009e-06	-3.878498e-09	-3.506674e+01	-2.632295e+02
8.800000e-07	-4.835730e-06	-3.885076e-09	-3.479133e+01	-2.622351e+02
8.900000e-07	-4.797091e-06	-3.867566e-09	-3.451334e+01	-2.612242e+02
9.000000e-07	-4.758030e-06	-3.827303e-09	-3.423231e+01	-2.601969e+02
9.100000e-07	-4.718704e-06	-3.807500e-09	-3.394937e+01	-2.591535e+02
9.200000e-07	-4.679165e-06	-3.811122e-09	-3.366490e+01	-2.580944e+02
9.300000e-07	-4.639367e-06	-3.817443e-09	-3.337858e+01	-2.570201e+02
9.400000e-07	-4.599330e-06	-3.793668e-09	-3.309052e+01	-2.559311e+02
9.500000e-07	-4.558976e-06	-3.754716e-09	-3.280019e+01	-2.548279e+02
9.600000e-07	-4.518228e-06	-3.729750e-09	-3.250702e+01	-2.537110e+02
9.700000e-07	-4.477109e-06	-3.734870e-09	-3.221119e+01	-2.525810e+02
9.800000e-07	-4.435558e-06	-3.735579e-09	-3.191224e+01	-2.514385e+02
9.900000e-07	-4.393471e-06	-3.703670e-09	-3.160944e+01	-2.502838e+02
1.000000e-06	-4.350735e-06	-3.658949e-09	-3.130197e+01	-2.491172e+02
1.010000e-06	-4.307589e-06	-3.648844e-09	-3.099155e+01	-2.479391e+02
1.020000e-06	-4.264184e-06	-3.664205e-09	-3.067927e+01	-2.467495e+02
1.030000e-06	-4.220473e-06	-3.656094e-09	-3.036478e+01	-2.455484e+02
1.040000e-06	-4.176668e-06	-3.610199e-09	-3.004962e+01	-2.443357e+02
1.050000e-06	-4.132727e-06	-3.574306e-09	-2.973348e+01	-2.431110e+02
1.060000e-06	-4.088459e-06	-3.577443e-09	-2.941499e+01	-2.418740e+02
1.070000e-06	-4.043860e-06	-3.583622e-09	-2.909411e+01	-2.406241e+02
1.080000e-06	-3.999003e-06	-3.549162e-09	-2.877138e+01	-2.393606e+02
1.090000e-06	-3.953842e-06	-3.500436e-09	-2.844647e+01	-2.380827e+02
1.100000e-06	-3.908338e-06	-3.483483e-09	-2.811908e+01	-2.367895e+02
1.110000e-06	-3.862585e-06	-3.489518e-09	-2.778991e+01	-2.354802e+02
1.120000e-06	-3.816648e-06	-3.476272e-09	-2.745940e+01	-2.341537e+02
1.130000e-06	-3.770539e-06	-3.436580e-09	-2.712767e+01	-2.328091e+02
1.140000e-06	-3.724178e-06	-3.404662e-09	-2.679412e+01	-2.314454e+02
1.150000e-06	-3.677425e-06	-3.392218e-09	-2.645775e+01	-2.300616e+02
1.160000e-06	-3.630366e-06	-3.381395e-09	-2.611917e+01	-2.286568e+02
1.170000e-06	-3.583121e-06	-3.353700e-09	-2.577927e+01	-2.272302e+02
1.180000e-06	-3.535798e-06	-3.318003e-09	-2.543879e+01	-2.257812e+02
1.190000e-06	-3.488350e-06	-3.290879e-09	-2.509742e+01	-2.243091e+02
1.200000e-06	-3.440601e-06	-3.275939e-09	-2.475388e+01	-2.228134e+02
1.210000e-06	-3.392554e-06	-3.257618e-09	-2.440821e+01	-2.212939e+02
1.220000e-06	-3.344243e-06	-3.228089e-09	-2.406062e+01	-2.197504e+02
1.230000e-06	-3.295624e-06	-3.196023e-09	-2.371083e+01	-2.181828e+02
1.240000e-06	-3.246547e-06	-3.171180e-09	-2.335774e+01	-2.165912e+02
1.250000e-06	-3.197082e-06	-3.150114e-09	-2.300185e+01	-2.149760e+02
1.260000e-06	-3.147378e-06	-3.128795e-09	-2.264425e+01	-2.133373e+02
1.270000e-06	-3.097373e-06	-3.101607e-09	-2.228448e+01	-2.116757e+02
1.280000e-06	-3.046936e-06	-3.070344e-09	-2.192161e+01	-2.099918e+02
1.290000e-06	-2.996155e-06	-3.037802e-09	-2.155625e+01	-2.082862e+02
1.300000e-06	-2.945136e-06	-3.015304e-09	-2.118919e+01	-2.065594e+02
1.310000e-06	-2.893853e-06	-2.999194e-09	-2.082023e+01	-2.048122e+02
1.320000e-06	-2.842412e-06	-2.972725e-09	-2.045013e+01	-2.030452e+02
1.330000e-06	-2.790809e-06	-2.933968e-09	-2.007887e+01	-2.012590e+02
1.340000e-06	-2.738930e-06	-2.904174e-09	-1.970562e+01	-1.994543e+02
1.350000e-06	-2.686851e-06	-2.887696e-09	-1.933092e+01	-1.976314e+02
1.360000e-06	-2.634609e-06	-2.865610e-09	-1.895506e+01	-1.957910e+02
1.370000e-06	-2.582100e-06	-2.828463e-09	-1.857728e+01	-1.939331e+02
1.380000e-06	-2.529281e-06	-2.790776e-09	-1.819727e+01	-1.920580e+02
1.390000e-06	-2.476290e-06	-2.765561e-09	-1.781602e+01	-1.901658e+02
1.400000e-06	-2.423227e-06	-2.744938e-09	-1.743424e+01	-1.882563e+02
1.410000e-06	-2.369975e-06	-2.716092e-09	-1.705112e+01	-1.863293e+02
1.420000e-06	-2.316584e-06	-2.679710e-09	-1.666699e+01	-1.843846e+02
1.430000e-06	-2.263094e-06	-2.649643e-09	-1.628214e+01	-1.824215e+02
1.440000e-06	-2.209473e-06	-2.628989e-09	-1.589636e+01	-1.804396e+02
1.450000e-06	-2.155739e-06	-2.607241e-09	-1.550977e+01	-1.784381e+02
1.460000e-06	-2.101857e-06	-2.575037e-09	-1.512210e+01	-1.764162e+02
1.470000e-06	-2.047783e-06	-2.540755e-09	-1.473306e+01	-1.743732e+02
1.480000e-06	-1.993475e-06	-2.512628e-09	-1.434234e+01	-1.723082e+02
1.490000e-06	-1.938953e-06	-2.489117e-09	-1.395007e+01	-1.702202e+02
1.500000e-06	-1.884335e-06	-2.461600e-09	-1.355711e+01	-1.681084e+02
1.510000e-06	-1.829584e-06	-2.428261e-09	-1.316319e+01	-1.659718e+02
1.520000e-06	-1.774682e-06	-2.393460e-09	-1.276820e+01	-1.638097e+02
1.530000e-06	-1.719699e-06	-2.360224e-09	-1.237261e+01	-1.616212e+02
1.540000e-06	-1.664610e-06	-2.328834e-09	-1.197627e+01	-1.594056e+02
1.550000e-06	-1.609364e-06	-2.299645e-09	-1.157879e+01	-1.571623e+02
1.560000e-06	-1.553998e-06	-2.267189e-09	-1.118045e+01	-1.548907e+02
1.570000e-06	-1.498612e-06	-2.231560e-09	-1.078198e+01	-1.525905e+02
1.580000e-06	-1.443180e-06	-2.197376e-09	-1.038316e+01	-1.502613e+02
1.590000e-06	-1.387697e-06	-2.165824e-09	-9.983981e+00	-1.479029e+02
1.600000e-06	-1.332180e-06	-2.131422e-09	-9.584555e+00	-1.455151e+02
1.610000e-06	-1.276647e-06	-2.091532e-09	-9.185014e+00	-1.430981e+02
1.620000e-06	-1.221017e-06	-2.052156e-09	-8.784780e+00	-1.406518e+02
1.630000e-06	-1.165290e-06	-2.016469e-09	-8.383839e+00	-1.381765e+02
1.640000e-06	-1.109572e-06	-1.983713e-09	-7.982970e+00	-1.356724e+02
1.650000e-06	-1.053794e-06	-1.951753e-09	-7.581664e+00	-1.331399e+02
1.660000e-06	-9.979294e-07	-1.914466e-09	-7.179742e+00	-1.305792e+02
1.670000e-06	-9.420127e-07	-1.873891e-09	-6.777442e+00	-1.279908e+02
1.680000e-06	-8.861259e-07	-1.835748e-09	-6.375357e+00	-1.253751e+02
1.690000e-06	-8.302528e-07	-1.800537e-09	-5.973370e+00	-1.227325e+02
1.700000e-06	-7.743349e-07	-1.759047e-09	-5.571061e+00	-1.200632e+02
1.710000e-06	-7.184342e-07	-1.711960e-09	-5.168875e+00	-1.173678e+02
1.720000e-06	-6.625130e-07	-1.667632e-09	-4.766542e+00	-1.146464e+02
1.730000e-06	-6.065256e-07	-1.629827e-09	-4.363733e+00	-1.118992e+02
1.740000e-06	-5.504297e-07	-1.592371e-09	-3.960143e+00	-1.091265e+02
1.750000e-06	-4.942373e-07	-1.550516e-09	-3.555859e+00	-1.063282e+02
1.760000e-06	-4.381106e-07	-1.506910e-09	-3.152048e+00	-1.035045e+02
1.770000e-06	-3.820026e-07	-1.464241e-09	-2.748371e+00	-1.006552e+02
1.780000e-06	-3.258487e-07	-1.422966e-09	-2.344364e+00	-9.778009e+01
1.790000e-06	-2.696443e-07	-1.378666e-09	-1.939993e+00	-9.487897e+01
1.800000e-06	-2.133815e-07	-1.330643e-09	-1.535203e+00	-9.195147e+01
1.810000e-06	-1.571315e-07	-1.283125e-09	-1.130505e+00	-8.899718e+01
1.820000e-06	-1.008417e-07	-1.239929e-09	-7.255200e-01	-8.601560e+01
1.830000e-06	-4.460338e-08	-1.199037e-09	-3.209052e-01	-8.300618e+01
1.840000e-06	1.162261e-08	-1.155228e-09	8.362050e-02	-7.996831e+01
1.850000e-06	6.789775e-08	-1.107426e-09	4.884999e-01	-7.690133e+01
1.860000e-06	1.240928e-07	-1.061992e-09	8.928032e-01	-7.380455e+01
1.870000e-06	1.802995e-07	-1.018575e-09	1.297190e+00	-7.067723e+01
1.880000e-06	2.365412e-07	-9.741152e-10	1.701829e+00	-6.751864e+01
1.890000e-06	2.927765e-07	-9.264234e-10	2.106421e+00	-6.432803e+01
1.900000e-06	3.490322e-07	-8.766431e-10	2.511161e+00	-6.110464e+01
1.910000e-06	4.052461e-07	-8.299282e-10	2.915599e+00	-5.784773e+01
1.920000e-06	4.614051e-07	-7.876396e-10	3.319643e+00	-5.455658e+01
1.930000e-06	5.175236e-07	-7.425597e-10	3.723396e+00	-5.123048e+01
1.940000e-06	5.736168e-07	-6.950078e-10	4.126966e+00	-4.786878e+01
1.950000e-06	6.296792e-07	-6.468983e-10	4.530315e+00	-4.447085e+01
1.960000e-06	6.856519e-07	-5.985948e-10	4.933018e+00	-4.103612e+01
1.970000e-06	7.415513e-07	-5.484421e-10	5.335194e+00	-3.756408e+01
1.980000e-06	7.974066e-07	-4.970316e-10	5.737053e+00	-3.405429e+01
1.990000e-06	8.531920e-07	-4.439698e-10	6.138409e+00	-3.050638e+01
2.000000e-06	9.089420e-07	-3.902260e-10	6.539510e+00	-2.692006e+01
2.010000e-06	9.647033e-07	-3.372195e-10	6.940692e+00	-2.329516e+01
2.020000e-06	1.020450e-06	-2.861501e-10	7.341772e+00	-1.963160e+01
2.030000e-06	1.076181e-06	-2.355399e-10	7.742731e+00	-1.592942e+01
2.040000e-06	1.131892e-06	-1.819194e-10	8.143555e+00	-1.218878e+01
2.050000e-06	1.187534e-06	-1.260278e-10	8.543877e+00	-8.410018e+00
2.060000e-06	1.243088e-06	-6.939153e-11	8.943567e+00	-4.593589e+00
2.070000e-06	1.298611e-06	-1.323629e-11	9.343037e+00	-7.401343e-01
2.080000e-06	1.354119e-06	4.391549e-11	9.742401e+00	3.149527e+00
2.090000e-06	1.409526e-06	1.001153e-10	1.014103e+01	7.074386e+00
2.100000e-06	1.464844e-06	1.565582e-10	1.053902e+01	1.103323e+01
2.110000e-06	1.520068e-06	2.147850e-10	1.093634e+01	1.502463e+01
2.120000e-06	1.575218e-06	2.712896e-10	1.133313e+01	1.904696e+01
2.130000e-06	1.630374e-06	3.257456e-10	1.172995e+01	2.309833e+01
2.140000e-06	1.685357e-06	3.830322e-10	1.212553e+01	2.717667e+01
2.150000e-06	1.740190e-06	4.432190e-10	1.252004e+01	3.127964e+01
2.160000e-06	1.794915e-06	5.035780e-10	1.291377e+01	3.540470e+01
2.170000e-06	1.849431e-06	5.640082e-10	1.330599e+01	3.954909e+01
2.180000e-06	1.903827e-06	6.247226e-10	1.369735e+01	4.370986e+01
2.190000e-06	1.958145e-06	6.844570e-10	1.408815e+01	4.788384e+01
2.200000e-06	2.012375e-06	7.455982e-10	1.447832e+01	5.206772e+01
2.210000e-06	2.066484e-06	8.070612e-10	1.486761e+01	5.625800e+01
2.220000e-06	2.120450e-06	8.671223e-10	1.525587e+01	6.045111e+01
2.230000e-06	2.174190e-06	9.279291e-10	1.564251e+01	6.464334e+01
2.240000e-06	2.227751e-06	9.895351e-10	1.602786e+01	6.883094e+01
2.250000e-06	2.281186e-06	1.048735e-09	1.641231e+01	7.301012e+01
2.260000e-06	2.334434e-06	1.106134e-09	1.679541e+01	7.717711e+01
2.270000e-06	2.387534e-06	1.165399e-09	1.717745e+01	8.132817e+01
2.280000e-06	2.440445e-06	1.224549e-09	1.755812e+01	8.545964e+01
2.290000e-06	2.493173e-06	1.283527e-09	1.793748e+01	8.956800e+01
2.300000e-06	2.545781e-06	1.343272e-09	1.831598e+01	9.364985e+01
2.310000e-06	2.598184e-06	1.403274e-09	1.869300e+01	9.770199e+01
2.320000e-06	2.650337e-06	1.461523e-09	1.906822e+01	1.017214e+02
2.330000e-06	2.702297e-06	1.518196e-09	1.944206e+01	1.057054e+02
2.340000e-06	2.754013e-06	1.574951e-09	1.981413e+01	1.096515e+02
2.350000e-06	2.805514e-06	1.630850e-09	2.018466e+01	1.135574e+02
2.360000e-06	2.856792e-06	1.684859e-09	2.055358e+01	1.174212e+02
2.370000e-06	2.907807e-06	1.739581e-09	2.092062e+01	1.212413e+02
2.380000e-06	2.958599e-06	1.793860e-09	2.128606e+01	1.250165e+02
2.390000e-06	3.009246e-06	1.849162e-09	2.165044e+01	1.287456e+02
2.400000e-06	3.059521e-06	1.905244e-09	2.201215e+01	1.324279e+02
2.410000e-06	3.109191e-06	1.959763e-09	2.236951e+01	1.360629e+02
2.420000e-06	3.158464e-06	2.011703e-09	2.272401e+01	1.396504e+02
2.430000e-06	3.207386e-06	2.061738e-09	2.307599e+01	1.431904e+02
2.440000e-06	3.255946e-06	2.111121e-09	2.342536e+01	1.466830e+02
2.450000e-06	3.304188e-06	2.158957e-09	2.377244e+01	1.501286e+02
2.460000e-06	3.352289e-06	2.204633e-09	2.411851e+01	1.535276e+02
2.470000e-06	3.400232e-06	2.251284e-09	2.446344e+01	1.568805e+02
2.480000e-06	3.447970e-06	2.301781e-09	2.480690e+01	1.601879e+02
2.490000e-06	3.495621e-06	2.351336e-09	2.514973e+01	1.634506e+02
2.500000e-06	3.543127e-06	2.395128e-09	2.549152e+01	1.666689e+02
2.510000e-06	3.590411e-06	2.437968e-09	2.583171e+01	1.698435e+02
2.520000e-06	3.637400e-06	2.484847e-09	2.616978e+01	1.729749e+02
2.530000e-06	3.684064e-06	2.531799e-09	2.650551e+01	1.760634e+02
2.540000e-06	3.730503e-06	2.573942e-09	2.683963e+01	1.791093e+02
2.550000e-06	3.776641e-06	2.613168e-09	2.717157e+01	1.821128e+02
2.560000e-06	3.822374e-06	2.653043e-09	2.750060e+01	1.850737e+02
2.570000e-06	3.867861e-06	2.695157e-09	2.782787e+01	1.879922e+02
2.580000e-06	3.913160e-06	2.738920e-09	2.815377e+01	1.908677e+02
2.590000e-06	3.958331e-06	2.781311e-09	2.847877e+01	1.937001e+02
2.600000e-06	4.003293e-06	2.820985e-09	2.880225e+01	1.964888e+02
2.610000e-06	4.047953e-06	2.859945e-09	2.912356e+01	1.992333e+02
2.620000e-06	4.092351e-06	2.900054e-09	2.944299e+01	2.019329e+02
2.630000e-06	4.136448e-06	2.935944e-09	2.976025e+01	2.045871e+02
2.640000e-06	4.180267e-06	2.968179e-09	3.007551e+01	2.071951e+02
2.650000e-06	4.223893e-06	3.001852e-09	3.038939e+01	2.097563e+02
2.660000e-06	4.267360e-06	3.038891e-09	3.070212e+01	2.122702e+02
2.670000e-06	4.310573e-06	3.074515e-09	3.101302e+01	2.147363e+02
2.680000e-06	4.353323e-06	3.108208e-09	3.132059e+01	2.171542e+02
2.690000e-06	4.395629e-06	3.141399e-09	3.162496e+01	2.195237e+02
2.700000e-06	4.437567e-06	3.174494e-09	3.192669e+01	2.218447e+02
2.710000e-06	4.478932e-06	3.206502e-09	3.222430e+01	2.241174e+02
2.720000e-06	4.519657e-06	3.235946e-09	3.251730e+01	2.263421e+02
2.730000e-06	4.560043e-06	3.261919e-09	3.280786e+01	2.285193e+02
2.740000e-06	4.600186e-06	3.287862e-09	3.309668e+01	2.306497e+02
2.750000e-06	4.640035e-06	3.316332e-09	3.338338e+01	2.327342e+02
2.760000e-06	4.679752e-06	3.345606e-09	3.366913e+01	2.347738e+02
2.770000e-06	4.719292e-06	3.374892e-09	3.395360e+01	2.367699e+02
2.780000e-06	4.758508e-06	3.402169e-09	3.423575e+01	2.387238e+02
2.790000e-06	4.797318e-06	3.429158e-09	3.451497e+01	2.406370e+02
2.800000e-06	4.835697e-06	3.455317e-09	3.479109e+01	2.425111e+02
2.810000e-06	4.873774e-06	3.480580e-09	3.506504e+01	2.443478e+02
2.820000e-06	4.911542e-06	3.503445e-09	3.533677e+01	2.461487e+02
2.830000e-06	4.948980e-06	3.525788e-09	3.560613e+01	2.479154e+02
2.840000e-06	4.986134e-06	3.549705e-09	3.587343e+01	2.496495e+02
2.850000e-06	5.022891e-06	3.575474e-09	3.613789e+01	2.513525e+02
2.860000e-06	5.059275e-06	3.599430e-09	3.639966e+01	2.530258e+02
2.870000e-06	5.095396e-06	3.621910e-09	3.665954e+01	2.546705e+02
2.880000e-06	5.131260e-06	3.643233e-09	3.691757e+01	2.562877e+02
2.890000e-06	5.166905e-06	3.664970e-09	3.717402e+01	2.578781e+02
2.900000e-06	5.202397e-06	3.689443e-09	3.742937e+01	2.594425e+02
2.910000e-06	5.237598e-06	3.712245e-09	3.768263e+01	2.609811e+02
2.920000e-06	5.272260e-06	3.732207e-09	3.793201e+01	2.624941e+02
2.930000e-06	5.306336e-06	3.751818e-09	3.817717e+01	2.639815e+02
2.940000e-06	5.339740e-06	3.771935e-09	3.841751e+01	2.654431e+02
2.950000e-06	5.372446e-06	3.792048e-09	3.865282e+01	2.668783e+02
2.960000e-06	5.404679e-06	3.811593e-09	3.888472e+01	2.682866e+02
2.970000e-06	5.436604e-06	3.830515e-09	3.911441e+01	2.696672e+02
2.980000e-06	5.468304e-06	3.853969e-09	3.934247e+01	2.710193e+02
2.990000e-06	5.499818e-06	3.879695e-09	3.956921e+01	2.723421e+02
3.000000e-06	5.531005e-06	3.900572e-09	3.979358e+01	2.736346e+02
3.010000e-06	5.561716e-06	3.916669e-09	4.001454e+01	2.748959e+02
3.020000e-06	5.591943e-06	3.927639e-09	4.023202e+01	2.761252e+02
3.030000e-06	5.621805e-06	3.944305e-09	4.044686e+01	2.773218e+02
3.040000e-06	5.651357e-06	3.963285e-09	4.065948e+01	2.784852e+02
3.050000e-06	5.680558e-06	3.979796e-09	4.086957e+01	2.796149e+02
3.060000e-06	5.709351e-06	3.995620e-09	4.107672e+01	2.807106e+02
3.070000e-06	5.737810e-06	4.014182e-09	4.128147e+01	2.817726e+02
3.080000e-06	5.765973e-06	4.034873e-09	4.148410e+01	2.828008e+02
3.090000e-06	5.793795e-06	4.052075e-09	4.168426e+01	2.837959e+02
3.100000e-06	5.821342e-06	4.069402e-09	4.188246e+01	2.847587e+02
3.110000e-06	5.848689e-06	4.086732e-09	4.207921e+01	2.856899e+02
3.120000e-06	5.875679e-06	4.101463e-09	4.227339e+01	2.865910e+02
3.130000e-06	5.901966e-06	4.113684e-09	4.246252e+01	2.874631e+02
3.140000e-06	5.927485e-06	4.125444e-09	4.264612e+01	2.883080e+02
3.150000e-06	5.952275e-06	4.140090e-09	4.282447e+01	2.891273e+02
3.160000e-06	5.976496e-06	4.155211e-09	4.299873e+01	2.899229e+02
3.170000e-06	6.000405e-06	4.167899e-09	4.317075e+01	2.906965e+02
3.180000e-06	6.024015e-06	4.182556e-09	4.334062e+01	2.914502e+02
3.190000e-06	6.047252e-06	4.197674e-09	4.350780e+01	2.921857e+02
3.200000e-06	6.070070e-06	4.211614e-09	4.367196e+01	2.929049e+02
3.210000e-06	6.092401e-06	4.222930e-09	4.383263e+01	2.936095e+02
3.220000e-06	6.114307e-06	4.233077e-09	4.399023e+01	2.943009e+02
3.230000e-06	6.135930e-06	4.240154e-09	4.414580e+01	2.949805e+02
3.240000e-06	6.157175e-06	4.247402e-09	4.429866e+01	2.956495e+02
3.250000e-06	6.177916e-06	4.256497e-09	4.444788e+01	2.963086e+02
3.260000e-06	6.198244e-06	4.267546e-09	4.459413e+01	2.969585e+02
3.270000e-06	6.218243e-06	4.279203e-09	4.473802e+01	2.975996e+02
3.280000e-06	6.237985e-06	4.290074e-09	4.488005e+01	2.982318e+02
3.290000e-06	6.257470e-06	4.301159e-09	4.502024e+01	2.988550e+02
3.300000e-06	6.276541e-06	4.314269e-09	4.515745e+01	2.994686e+02
3.310000e-06	6.295106e-06	4.326202e-09	4.529102e+01	3.000720e+02
3.320000e-06	6.313101e-06	4.332287e-09	4.542048e+01	3.006644e+02
3.330000e-06	6.330574e-06	4.334520e-09	4.554620e+01	3.012445e+02
3.340000e-06	6.347727e-06	4.338566e-09	4.566961e+01	3.018112e+02
3.350000e-06	6.364583e-06	4.346550e-09	4.579088e+01	3.023632e+02
3.360000e-06	6.381078e-06	4.355605e-09	4.590955e+01	3.028992e+02
3.370000e-06	6.396940e-06	4.361959e-09	4.602368e+01	3.034178e+02
3.380000e-06	6.412183e-06	4.368714e-09	4.613335e+01	3.039178e+02
3.390000e-06	6.426868e-06	4.378862e-09	4.623900e+01	3.043980e+02
3.400000e-06	6.440993e-06	4.386624e-09	4.634062e+01	3.048573e+02
3.410000e-06	6.454718e-06	4.392440e-09	4.643937e+01	3.052949e+02
3.420000e-06	6.467986e-06	4.397853e-09	4.653482e+01	3.057101e+02
3.430000e-06	6.480798e-06	4.403737e-09	4.662701e+01	3.061025e+02
3.440000e-06	6.493140e-06	4.407686e-09	4.671580e+01	3.064719e+02
3.450000e-06	6.505009e-06	4.406299e-09	4.680119e+01	3.068185e+02
3.460000e-06	6.516387e-06	4.405799e-09	4.688306e+01	3.071424e+02
3.470000e-06	6.527176e-06	4.409969e-09	4.696068e+01	3.074444e+02
3.480000e-06	6.537238e-06	4.420655e-09	4.703307e+01	3.077251e+02
3.490000e-06	6.546467e-06	4.428372e-09	4.709947e+01	3.079857e+02
3.500000e-06	6.555006e-06	4.434433e-09	4.716091e+01	3.082272e+02
3.510000e-06	6.563094e-06	4.438340e-09	4.721910e+01	3.084510e+02
3.520000e-06	6.570887e-06	4.441787e-09	4.727516e+01	3.086584e+02
3.530000e-06	6.578489e-06	4.446264e-09	4.732986e+01	3.088509e+02
3.540000e-06	6.585675e-06	4.449375e-09	4.738156e+01	3.090298e+02
3.550000e-06	6.592285e-06	4.447321e-09	4.742911e+01	3.091965e+02
3.560000e-06	6.598448e-06	4.443268e-09	4.747346e+01	3.093522e+02
3.570000e-06	6.604206e-06	4.447314e-09	4.751488e+01	3.094979e+02
3.580000e-06	6.609520e-06	4.456011e-09	4.755311e+01	3.096344e+02
3.590000e-06	6.614284e-06	4.462623e-09	4.758739e+01	3.097623e+02
3.600000e-06	6.618516e-06	4.464402e-09	4.761783e+01	3.098818e+02
3.610000e-06	6.622450e-06	4.465163e-09	4.764614e+01	3.099929e+02
3.620000e-06	6.626139e-06	4.466731e-09	4.767268e+01	3.100952e+02
3.630000e-06	6.629522e-06	4.467163e-09	4.769702e+01	3.101879e+02
3.640000e-06	6.632386e-06	4.463626e-09	4.771762e+01	3.102701e+02
3.650000e-06	6.634545e-06	4.459417e-09	4.773316e+01	3.103403e+02
3.660000e-06	6.636003e-06	4.454847e-09	4.774365e+01	3.103968e+02
3.670000e-06	6.636767e-06	4.454029e-09	4.774915e+01	3.104379e+02
3.680000e-06	6.636990e-06	4.459217e-09	4.775075e+01	3.104612e+02
3.690000e-06	6.636841e-06	4.464347e-09	4.774968e+01	3.104645e+02
3.700000e-06	6.636410e-06	4.466582e-09	4.774658e+01	3.104455e+02
3.710000e-06	6.635642e-06	4.466928e-09	4.774105e+01	3.104016e+02
3.720000e-06	6.634333e-06	4.463117e-09	4.773163e+01	3.103305e+02
3.730000e-06	6.632534e-06	4.456341e-09	4.771869e+01	3.102298e+02
3.740000e-06	6.630383e-06	4.452787e-09	4.770322e+01	3.100974e+02
3.750000e-06	6.627838e-06	4.454221e-09	4.768491e+01	3.099313e+02
3.760000e-06	6.624967e-06	4.462810e-09	4.766425e+01	3.097300e+02
3.770000e-06	6.621723e-06	4.510852e-09	4.764091e+01	3.094921e+02
3.780000e-06	6.618009e-06	4.494415e-09	4.761419e+01	3.092169e+02
3.790000e-06	6.613673e-06	4.323039e-09	4.758299e+01	3.089040e+02
3.800000e-06	6.608334e-06	4.211704e-09	4.754458e+01	3.085534e+02
3.810000e-06	6.602047e-06	4.475712e-09	4.749935e+01	3.081656e+02
3.820000e-06	6.595764e-06	4.735779e-09	4.745414e+01	3.077419e+02
3.830000e-06	6.589800e-06	4.615339e-09	4.741124e+01	3.072839e+02
3.840000e-06	6.583263e-06	4.188239e-09	4.736420e+01	3.067935e+02
3.850000e-06	6.575695e-06	4.145921e-09	4.730975e+01	3.062735e+02
3.860000e-06	6.567573e-06	4.429041e-09	4.725132e+01	3.057269e+02
3.870000e-06	6.559312e-06	4.519661e-09	4.719189e+01	3.051569e+02
3.880000e-06	6.550613e-06	4.392893e-09	4.712930e+01	3.045674e+02
3.890000e-06	6.541142e-06	4.144326e-09	4.706116e+01	3.039622e+02
3.900000e-06	6.531386e-06	4.094288e-09	4.699097e+01	3.033456e+02
3.910000e-06	6.521740e-06	4.335989e-09	4.692157e+01	3.027217e+02
3.920000e-06	6.511536e-06	4.728362e-09	4.684815e+01	3.020948e+02
3.930000e-06	6.500305e-06	4.444798e-09	4.676735e+01	3.014691e+02
3.940000e-06	6.488720e-06	3.977333e-09	4.668400e+01	3.008486e+02
3.950000e-06	6.476923e-06	4.295680e-09	4.659913e+01	3.002370e+02
3.960000e-06	6.464315e-06	4.939749e-09	4.650842e+01	2.996380e+02
3.970000e-06	6.450731e-06	4.777178e-09	4.641068e+01	2.990546e+02
3.980000e-06	6.436797e-06	4.376496e-09	4.631044e+01	2.984895e+02
3.990000e-06	6.422622e-06	4.741463e-09	4.620845e+01	2.979448e+02
4.000000e-06	6.407589e-06	5.145529e-09	4.610029e+01	2.974224e+02
4.010000e-06	6.391820e-06	4.773067e-09	4.598684e+01	2.969233e+02
4.020000e-06	6.375696e-06	4.559672e-09	4.587084e+01	2.964481e+02
4.030000e-06	6.359332e-06	4.878992e-09	4.575310e+01	2.959968e+02
4.040000e-06	6.342497e-06	4.799142e-09	4.563198e+01	2.955690e+02
4.050000e-06	6.325154e-06	4.536027e-09	4.550720e+01	2.951634e+02
4.060000e-06	6.307611e-06	4.774422e-09	4.538099e+01	2.947786e+02
4.070000e-06	6.289652e-06	4.939469e-09	4.525178e+01	2.944126e+02
4.080000e-06	6.271032e-06	4.628073e-09	4.511782e+01	2.940629e+02
4.090000e-06	6.252011e-06	4.686020e-09	4.498097e+01	2.937268e+02
4.100000e-06	6.232724e-06	5.002177e-09	4.484220e+01	2.934012e+02
4.110000e-06	6.213055e-06	4.862877e-09	4.470069e+01	2.930830e+02
4.120000e-06	6.192943e-06	4.547375e-09	4.455599e+01	2.927687e+02
4.130000e-06	6.172537e-06	4.661310e-09	4.440918e+01	2.924551e+02
4.140000e-06	6.151822e-06	4.830045e-09	4.426014e+01	2.921386e+02
4.150000e-06	6.130572e-06	4.784058e-09	4.410726e+01	2.918160e+02
4.160000e-06	6.108619e-06	4.603155e-09	4.394931e+01	2.914841e+02
4.170000e-06	6.086083e-06	4.606380e-09	4.378717e+01	2.911400e+02
4.180000e-06	6.062949e-06	4.739886e-09	4.362073e+01	2.907810e+02
4.190000e-06	6.039223e-06	4.726667e-09	4.345003e+01	2.904047e+02
4.200000e-06	6.015127e-06	4.591963e-09	4.327667e+01	2.900091e+02
4.210000e-06	5.990737e-06	4.646604e-09	4.310119e+01	2.895925e+02
4.220000e-06	5.966034e-06	4.701749e-09	4.292346e+01	2.891535e+02
4.230000e-06	5.940909e-06	4.607759e-09	4.274270e+01	2.886913e+02
4.240000e-06	5.915326e-06	4.601331e-09	4.255864e+01	2.882053e+02
4.250000e-06	5.889264e-06	4.650700e-09	4.237113e+01	2.876952e+02
4.260000e-06	5.862742e-06	4.601403e-09	4.218032e+01	2.871612e+02
4.270000e-06	5.835741e-06	4.569176e-09	4.198605e+01	2.866037e+02
4.280000e-06	5.808352e-06	4.614129e-09	4.178900e+01	2.860234e+02
4.290000e-06	5.780708e-06	4.572695e-09	4.159011e+01	2.854211e+02
4.300000e-06	5.752789e-06	4.516234e-09	4.138924e+01	2.847979e+02
4.310000e-06	5.724650e-06	4.543837e-09	4.118679e+01	2.841551e+02
4.320000e-06	5.696243e-06	4.605718e-09	4.098241e+01	2.834938e+02
4.330000e-06	5.667437e-06	4.534722e-09	4.077517e+01	2.828155e+02
4.340000e-06	5.637990e-06	4.451799e-09	4.056331e+01	2.821213e+02
4.350000e-06	5.607889e-06	4.510592e-09	4.034674e+01	2.814126e+02
4.360000e-06	5.577335e-06	4.606804e-09	4.012691e+01	2.806904e+02
4.370000e-06	5.546181e-06	4.517757e-09	3.990277e+01	2.799558e+02
4.380000e-06	5.514441e-06	4.412098e-09	3.967442e+01	2.792097e+02
4.390000e-06	5.482350e-06	4.453576e-09	3.944353e+01	2.784526e+02
4.400000e-06	5.449957e-06	4.534175e-09	3.921047e+01	2.776852e+02
4.410000e-06	5.417278e-06	4.494209e-09	3.897536e+01	2.769078e+02
4.420000e-06	5.384306e-06	4.411926e-09	3.873814e+01	2.761204e+02
4.430000e-06	5.350980e-06	4.395148e-09	3.849837e+01	2.753231e+02
4.440000e-06	5.317365e-06	4.443686e-09	3.825652e+01	2.745157e+02
4.450000e-06	5.283459e-06	4.453796e-09	3.801258e+01	2.736977e+02
4.460000e-06	5.249107e-06	4.405423e-09	3.776544e+01	2.728688e+02
4.470000e-06	5.214364e-06	4.363594e-09	3.751547e+01	2.720283e+02
4.480000e-06	5.179225e-06	4.370297e-09	3.726266e+01	2.711756e+02
4.490000e-06	5.143613e-06	4.381085e-09	3.700644e+01	2.703100e+02
4.500000e-06	5.107705e-06	4.360777e-09	3.674810e+01	2.694308e+02
4.510000e-06	5.071648e-06	4.337419e-09	3.648868e+01	2.685374e+02
4.520000e-06	5.035408e-06	4.319004e-09	3.622794e+01	2.676292e+02
4.530000e-06	4.998851e-06	4.294653e-09	3.596493e+01	2.667055e+02
4.540000e-06	4.961864e-06	4.282254e-09	3.569882e+01	2.657659e+02
4.550000e-06	4.924448e-06	4.298000e-09	3.542963e+01	2.648101e+02
4.560000e-06	4.886392e-06	4.284553e-09	3.515583e+01	2.638378e+02
4.570000e-06	4.847758e-06	4.236091e-09	3.487787e+01	2.628490e+02
4.580000e-06	4.808764e-06	4.211598e-09	3.459733e+01	2.618435e+02
4.590000e-06	4.769294e-06	4.235241e-09	3.431335e+01	2.608217e+02
4.600000e-06	4.729417e-06	4.238269e-09	3.402645e+01	2.597836e+02
4.610000e-06	4.689328e-06	4.194408e-09	3.373802e+01	2.587297e+02
4.620000e-06	4.649039e-06	4.146135e-09	3.344816e+01	2.576604e+02
4.630000e-06	4.608458e-06	4.148349e-09	3.315620e+01	2.565762e+02
4.640000e-06	4.567668e-06	4.167212e-09	3.286272e+01	2.554777e+02
4.650000e-06	4.526601e-06	4.150648e-09	3.256726e+01	2.543653e+02
4.660000e-06	4.485142e-06	4.095022e-09	3.226898e+01	2.532396e+02
4.670000e-06	4.443364e-06	4.064725e-09	3.196840e+01	2.521012e+02
4.680000e-06	4.401329e-06	4.079347e-09	3.166598e+01	2.509505e+02
4.690000e-06	4.359114e-06	4.090522e-09	3.136225e+01	2.497879e+02
4.700000e-06	4.316580e-06	4.050231e-09	3.105624e+01	2.486136e+02
4.710000e-06	4.273657e-06	3.996906e-09	3.074742e+01	2.474278e+02
4.720000e-06	4.230417e-06	3.986563e-09	3.043633e+01	2.462305e+02
4.730000e-06	4.186862e-06	4.005351e-09	3.012296e+01	2.450217e+02
4.740000e-06	4.143133e-06	3.987976e-09	2.980835e+01	2.438010e+02
4.750000e-06	4.099263e-06	3.931938e-09	2.949272e+01	2.425682e+02
4.760000e-06	4.055172e-06	3.898435e-09	2.917550e+01	2.413227e+02
4.770000e-06	4.010868e-06	3.909591e-09	2.885675e+01	2.400637e+02
4.780000e-06	3.966354e-06	3.913642e-09	2.853648e+01	2.387907e+02
4.790000e-06	3.921580e-06	3.874904e-09	2.821435e+01	2.375028e+02
4.800000e-06	3.876457e-06	3.831664e-09	2.788971e+01	2.361989e+02
4.810000e-06	3.830992e-06	3.817900e-09	2.756261e+01	2.348783e+02
4.820000e-06	3.785175e-06	3.813967e-09	2.723297e+01	2.335398e+02
4.830000e-06	3.739055e-06	3.789587e-09	2.690115e+01	2.321825e+02
4.840000e-06	3.692773e-06	3.755227e-09	2.656817e+01	2.308055e+02
4.850000e-06	3.646392e-06	3.726771e-09	2.623448e+01	2.294078e+02
4.860000e-06	3.599791e-06	3.706318e-09	2.589920e+01	2.279886e+02
4.870000e-06	3.553003e-06	3.688548e-09	2.556258e+01	2.265471e+02
4.880000e-06	3.506005e-06	3.671048e-09	2.522444e+01	2.250827e+02
4.890000e-06	3.458729e-06	3.644548e-09	2.488431e+01	2.235950e+02
4.900000e-06	3.411267e-06	3.613647e-09	2.454284e+01	2.220834e+02
4.910000e-06	3.363522e-06	3.588244e-09	2.419933e+01	2.205479e+02
4.920000e-06	3.315377e-06	3.571452e-09	2.385294e+01	2.189883e+02
4.930000e-06	3.266821e-06	3.552388e-09	2.350360e+01	2.174047e+02
4.940000e-06	3.217924e-06	3.522701e-09	2.315180e+01	2.157973e+02
4.950000e-06	3.168813e-06	3.485652e-09	2.279847e+01	2.141664e+02
4.960000e-06	3.119465e-06	3.458941e-09	2.244343e+01	2.125124e+02
4.970000e-06	3.069800e-06	3.445566e-09	2.208610e+01	2.108359e+02
4.980000e-06	3.019886e-06	3.427011e-09	2.172699e+01	2.091374e+02
4.990000e-06	2.969742e-06	3.388853e-09	2.136622e+01	2.074176e+02
5.000000e-06	2.919435e-06	3.350399e-09	2.100428e+01	2.056771e+02
5.010000e-06	2.868910e-06	3.336364e-09	2.064077e+01	2.039166e+02
5.020000e-06	2.818094e-06	3.329676e-09	2.027517e+01	2.021368e+02
5.030000e-06	2.767086e-06	3.297905e-09	1.990819e+01	2.003382e+02
5.040000e-06	2.715874e-06	3.253461e-09	1.953973e+01	1.985213e+02
5.050000e-06	2.664447e-06	3.226605e-09	1.916973e+01	1.966867e+02
5.060000e-06	2.612846e-06	3.215375e-09	1.879849e+01	1.948345e+02
5.070000e-06	2.561073e-06	3.191268e-09	1.842599e+01	1.929652e+02
5.080000e-06	2.509131e-06	3.149780e-09	1.805230e+01	1.910787e+02
5.090000e-06	2.457048e-06	3.115071e-09	1.767757e+01	1.891749e+02
5.100000e-06	2.404775e-06	3.095080e-09	1.730149e+01	1.872538e+02
5.110000e-06	2.352208e-06	3.076027e-09	1.692329e+01	1.853151e+02
5.120000e-06	2.299466e-06	3.045717e-09	1.654383e+01	1.833581e+02
5.130000e-06	2.246633e-06	3.011804e-09	1.616371e+01	1.813826e+02
5.140000e-06	2.193625e-06	2.979750e-09	1.578234e+01	1.793877e+02
5.150000e-06	2.140297e-06	2.949904e-09	1.539867e+01	1.773727e+02
5.160000e-06	2.086629e-06	2.916923e-09	1.501254e+01	1.753368e+02
5.170000e-06	2.032668e-06	2.882112e-09	1.462432e+01	1.732792e+02
5.180000e-06	1.978541e-06	2.845166e-09	1.423489e+01	1.711990e+02
5.190000e-06	1.924171e-06	2.810234e-09	1.384371e+01	1.690952e+02
5.200000e-06	1.869405e-06	2.778143e-09	1.344970e+01	1.669670e+02
5.210000e-06	1.814529e-06	2.752028e-09	1.305488e+01	1.648135e+02
5.220000e-06	1.759501e-06	2.725493e-09	1.265897e+01	1.626338e+02
5.230000e-06	1.704230e-06	2.693239e-09	1.226132e+01	1.604273e+02
5.240000e-06	1.648819e-06	2.653539e-09	1.186266e+01	1.581933e+02
5.250000e-06	1.593327e-06	2.613878e-09	1.146341e+01	1.559312e+02
5.260000e-06	1.537759e-06	2.581274e-09	1.106362e+01	1.536406e+02
5.270000e-06	1.482008e-06	2.544760e-09	1.066251e+01	1.513211e+02
5.280000e-06	1.426198e-06	2.502187e-09	1.026098e+01	1.489724e+02
5.290000e-06	1.370404e-06	2.459667e-09	9.859565e+00	1.465944e+02
5.300000e-06	1.314518e-06	2.428270e-09	9.457484e+00	1.441871e+02
5.310000e-06	1.258502e-06	2.397547e-09	9.054469e+00	1.417505e+02
5.320000e-06	1.202405e-06	2.358311e-09	8.650870e+00	1.392849e+02
5.330000e-06	1.146338e-06	2.313634e-09	8.247491e+00	1.367904e+02
5.340000e-06	1.090254e-06	2.276849e-09	7.843982e+00	1.342673e+02
5.350000e-06	1.034053e-06	2.242544e-09	7.439636e+00	1.317159e+02
5.360000e-06	9.778266e-07	2.201123e-09	7.035110e+00	1.291367e+02
5.370000e-06	9.216246e-07	2.151824e-09	6.630757e+00	1.265301e+02
5.380000e-06	8.654132e-07	2.104960e-09	6.226336e+00	1.238964e+02
5.390000e-06	8.090929e-07	2.065171e-09	5.821132e+00	1.212360e+02
5.400000e-06	7.527294e-07	2.027369e-09	5.415617e+00	1.185492e+02
5.410000e-06	6.963717e-07	1.984678e-09	5.010143e+00	1.158364e+02
5.420000e-06	6.399932e-07	1.937886e-09	4.604520e+00	1.130978e+02
5.430000e-06	5.835174e-07	1.893901e-09	4.198197e+00	1.103336e+02
5.440000e-06	5.269071e-07	1.851809e-09	3.790907e+00	1.075438e+02
5.450000e-06	4.703087e-07	1.808240e-09	3.383701e+00	1.047286e+02
5.460000e-06	4.136418e-07	1.761509e-09	2.976003e+00	1.018878e+02
5.470000e-06	3.570128e-07	1.712027e-09	2.568579e+00	9.902133e+01
5.480000e-06	3.003567e-07	1.659550e-09	2.160958e+00	9.612891e+01
5.490000e-06	2.436769e-07	1.608814e-09	1.753168e+00	9.321024e+01
5.500000e-06	1.870782e-07	1.560644e-09	1.345960e+00	9.026492e+01
5.510000e-06	1.303978e-07	1.513336e-09	9.381648e-01	8.729249e+01
5.520000e-06	7.372347e-08	1.463071e-09	5.304138e-01	8.429241e+01
5.530000e-06	1.702830e-08	1.411452e-09	1.225125e-01	8.126409e+01
5.540000e-06	-3.966555e-08	1.362214e-09	-2.853793e-01	7.820688e+01
5.550000e-06	-9.631481e-08	1.314428e-09	-6.929503e-01	7.512011e+01
5.560000e-06	-1.529907e-07	1.261120e-09	-1.100713e+00	7.200304e+01
5.570000e-06	-2.096520e-07	1.205123e-09	-1.508370e+00	6.885495e+01
5.580000e-06	-2.663332e-07	1.151618e-09	-1.916171e+00	6.567509e+01
5.590000e-06	-3.230073e-07	1.100577e-09	-2.323921e+00	6.246271e+01
5.600000e-06	-3.795991e-07	1.048624e-09	-2.731079e+00	5.921704e+01
5.610000e-06	-4.361161e-07	9.857395e-10	-3.137698e+00	5.593738e+01
5.620000e-06	-4.925924e-07	9.235383e-10	-3.544025e+00	5.262300e+01
5.630000e-06	-5.491029e-07	8.703314e-10	-3.950598e+00	4.927323e+01
5.640000e-06	-6.055575e-07	8.234190e-10	-4.356768e+00	4.588744e+01
5.650000e-06	-6.618929e-07	7.730639e-10	-4.762081e+00	4.246503e+01
5.660000e-06	-7.182449e-07	7.158191e-10	-5.167513e+00	3.900548e+01
5.670000e-06	-7.745676e-07	6.590254e-10	-5.572735e+00	3.550831e+01
5.680000e-06	-8.308630e-07	6.070439e-10	-5.977760e+00	3.197313e+01
5.690000e-06	-8.871602e-07	5.533986e-10	-6.382798e+00	2.839963e+01
5.700000e-06	-9.433855e-07	4.911928e-10	-6.787318e+00	2.478760e+01
5.710000e-06	-9.995374e-07	4.238014e-10	-7.191311e+00	2.113692e+01
5.720000e-06	-1.055659e-06	3.652933e-10	-7.595089e+00	1.744759e+01
5.730000e-06	-1.111807e-06	3.161116e-10	-7.999049e+00	1.371974e+01
5.740000e-06	-1.167900e-06	2.629335e-10	-8.402618e+00	9.953637e+00
5.750000e-06	-1.223873e-06	2.038395e-10	-8.805322e+00	6.149694e+00
5.760000e-06	-1.279791e-06	1.430556e-10	-9.207636e+00	2.308493e+00
5.770000e-06	-1.335690e-06	8.701367e-11	-9.609806e+00	-1.569208e+00
5.780000e-06	-1.391529e-06	2.699924e-11	-1.001155e+01	-5.482465e+00
5.790000e-06	-1.447268e-06	-3.801105e-11	-1.041257e+01	-9.430135e+00
5.800000e-06	-1.502915e-06	-1.061568e-10	-1.081293e+01	-1.341086e+01
5.810000e-06	-1.558484e-06	-1.735064e-10	-1.121273e+01	-1.742308e+01
5.820000e-06	-1.613986e-06	-2.399437e-10	-1.161205e+01	-2.146500e+01
5.830000e-06	-1.669385e-06	-3.051459e-10	-1.201062e+01	-2.553460e+01
5.840000e-06	-1.724614e-06	-3.685028e-10	-1.240798e+01	-2.962964e+01
5.850000e-06	-1.779672e-06	-4.296525e-10	-1.280410e+01	-3.374764e+01
5.860000e-06	-1.834528e-06	-4.939493e-10	-1.319877e+01	-3.788592e+01
5.870000e-06	-1.889190e-06	-5.595500e-10	-1.359204e+01	-4.204157e+01
5.880000e-06	-1.943685e-06	-6.246488e-10	-1.398412e+01	-4.621152e+01
5.890000e-06	-1.997913e-06	-6.927041e-10	-1.437427e+01	-5.039248e+01
5.900000e-06	-2.051821e-06	-7.649626e-10	-1.476211e+01	-5.458103e+01
5.910000e-06	-2.105534e-06	-8.387515e-10	-1.514856e+01	-5.877361e+01
5.920000e-06	-2.158910e-06	-9.064326e-10	-1.553258e+01	-6.296655e+01
5.930000e-06	-2.211930e-06	-9.698833e-10	-1.591404e+01	-6.715612e+01
5.940000e-06	-2.264826e-06	-1.034345e-09	-1.629461e+01	-7.133854e+01
5.950000e-06	-2.317579e-06	-1.101407e-09	-1.667415e+01	-7.551001e+01
5.960000e-06	-2.370095e-06	-1.167106e-09	-1.705198e+01	-7.966680e+01
5.970000e-06	-2.422411e-06	-1.226025e-09	-1.742838e+01	-8.380521e+01
5.980000e-06	-2.474559e-06	-1.286339e-09	-1.780356e+01	-8.792167e+01
5.990000e-06	-2.526579e-06	-1.353180e-09	-1.817782e+01	-9.201272e+01
6.000000e-06	-2.578453e-06	-1.423082e-09	-1.855104e+01	-9.607511e+01
6.010000e-06	-2.630120e-06	-1.489990e-09	-1.892277e+01	-1.001058e+02
6.020000e-06	-2.681640e-06	-1.554854e-09	-1.929344e+01	-1.041019e+02
6.030000e-06	-2.732960e-06	-1.620833e-09	-1.966266e+01	-1.080608e+02
6.040000e-06	-2.784096e-06	-1.685657e-09	-2.003057e+01	-1.119804e+02
6.050000e-06	-2.834959e-06	-1.747712e-09	-2.039651e+01	-1.158584e+02
6.060000e-06	-2.885549e-06	-1.806927e-09	-2.076049e+01	-1.196933e+02
6.070000e-06	-2.936000e-06	-1.866243e-09	-2.112346e+01	-1.234836e+02
6.080000e-06	-2.986213e-06	-1.928043e-09	-2.148473e+01	-1.272281e+02
6.090000e-06	-3.036043e-06	-1.992525e-09	-2.184324e+01	-1.309261e+02
6.100000e-06	-3.085534e-06	-2.056010e-09	-2.219930e+01	-1.345769e+02
6.110000e-06	-3.134812e-06	-2.116794e-09	-2.255384e+01	-1.381803e+02
6.120000e-06	-3.183784e-06	-2.173528e-09	-2.290618e+01	-1.417361e+02
6.130000e-06	-3.232363e-06	-2.231360e-09	-2.325569e+01	-1.452445e+02
6.140000e-06	-3.280675e-06	-2.290319e-09	-2.360328e+01	-1.487057e+02
6.150000e-06	-3.328679e-06	-2.348435e-09	-2.394865e+01	-1.521202e+02
6.160000e-06	-3.376224e-06	-2.402730e-09	-2.429071e+01	-1.554884e+02
6.170000e-06	-3.423441e-06	-2.457316e-09	-2.463042e+01	-1.588109e+02
6.180000e-06	-3.470433e-06	-2.513246e-09	-2.496852e+01	-1.620884e+02
6.190000e-06	-3.517286e-06	-2.569064e-09	-2.530560e+01	-1.653215e+02
6.200000e-06	-3.563921e-06	-2.622261e-09	-2.564112e+01	-1.685106e+02
6.210000e-06	-3.610318e-06	-2.674661e-09	-2.597494e+01	-1.716564e+02
6.220000e-06	-3.656592e-06	-2.727969e-09	-2.630786e+01	-1.747591e+02
6.230000e-06	-3.702722e-06	-2.782022e-09	-2.663975e+01	-1.778192e+02
6.240000e-06	-3.748652e-06	-2.833984e-09	-2.697020e+01	-1.808368e+02
6.250000e-06	-3.794305e-06	-2.883450e-09	-2.729866e+01	-1.838120e+02
6.260000e-06	-3.839681e-06	-2.931952e-09	-2.762512e+01	-1.867446e+02
6.270000e-06	-3.884825e-06	-2.980164e-09	-2.794991e+01	-1.896345e+02
6.280000e-06	-3.929691e-06	-3.028804e-09	-2.827271e+01	-1.924814e+02
6.290000e-06	-3.974243e-06	-3.075250e-09	-2.859324e+01	-1.952847e+02
6.300000e-06	-4.018614e-06	-3.120560e-09	-2.891248e+01	-1.980440e+02
6.310000e-06	-4.062834e-06	-3.163441e-09	-2.923063e+01	-2.007586e+02
6.320000e-06	-4.106848e-06	-3.205333e-09	-2.954729e+01	-2.034280e+02
6.330000e-06	-4.150698e-06	-3.249614e-09	-2.986278e+01	-2.060515e+02
6.340000e-06	-4.194282e-06	-3.294835e-09	-3.017635e+01	-2.086284e+02
6.350000e-06	-4.237489e-06	-3.332569e-09	-3.048721e+01	-2.111581e+02
6.360000e-06	-4.280429e-06	-3.367661e-09	-3.079615e+01	-2.136402e+02
6.370000e-06	-4.323160e-06	-3.406938e-09	-3.110358e+01	-2.160741e+02
6.380000e-06	-4.365558e-06	-3.447952e-09	-3.140862e+01	-2.184598e+02
6.390000e-06	-4.407649e-06	-3.485075e-09	-3.171144e+01	-2.207970e+02
6.400000e-06	-4.449479e-06	-3.517527e-09	-3.201240e+01	-2.230858e+02
6.410000e-06	-4.491038e-06	-3.549375e-09	-3.231140e+01	-2.253265e+02
6.420000e-06	-4.532282e-06	-3.584130e-09	-3.260813e+01	-2.275194e+02
6.430000e-06	-4.573143e-06	-3.621669e-09	-3.290211e+01	-2.296653e+02
6.440000e-06	-4.613686e-06	-3.659302e-09	-3.319381e+01	-2.317650e+02
6.450000e-06	-4.653992e-06	-3.693506e-09	-3.348379e+01	-2.338195e+02
6.460000e-06	-4.694112e-06	-3.725449e-09	-3.377244e+01	-2.358299e+02
6.470000e-06	-4.734037e-06	-3.757843e-09	-3.405969e+01	-2.377978e+02
6.480000e-06	-4.773663e-06	-3.791384e-09	-3.434478e+01	-2.397244e+02
6.490000e-06	-4.812768e-06	-3.824844e-09	-3.462613e+01	-2.416113e+02
6.500000e-06	-4.851468e-06	-3.853943e-09	-3.490456e+01	-2.434603e+02
6.510000e-06	-4.889753e-06	-3.877612e-09	-3.518001e+01	-2.452730e+02
6.520000e-06	-4.927354e-06	-3.902635e-09	-3.545053e+01	-2.470509e+02
6.530000e-06	-4.964335e-06	-3.932060e-09	-3.571660e+01	-2.487957e+02
6.540000e-06	-5.000876e-06	-3.961077e-09	-3.597950e+01	-2.505089e+02
6.550000e-06	-5.037142e-06	-3.988117e-09	-3.624042e+01	-2.521920e+02
6.560000e-06	-5.073230e-06	-4.013363e-09	-3.650006e+01	-2.538461e+02
6.570000e-06	-5.109134e-06	-4.040100e-09	-3.675838e+01	-2.554723e+02
6.580000e-06	-5.144773e-06	-4.069575e-09	-3.701479e+01	-2.570716e+02
6.590000e-06	-5.180060e-06	-4.098873e-09	-3.726866e+01	-2.586446e+02
6.600000e-06	-5.214983e-06	-4.122506e-09	-3.751992e+01	-2.601918e+02
6.610000e-06	-5.249499e-06	-4.141657e-09	-3.776825e+01	-2.617134e+02
6.620000e-06	-5.283609e-06	-4.159570e-09	-3.801366e+01	-2.632093e+02
6.630000e-06	-5.317334e-06	-4.180695e-09	-3.825630e+01	-2.646796e+02
6.640000e-06	-5.350668e-06	-4.205231e-09	-3.849612e+01	-2.661236e+02
6.650000e-06	-5.383627e-06	-4.229655e-09	-3.873326e+01	-2.675410e+02
6.660000e-06	-5.416247e-06	-4.250720e-09	-3.896795e+01	-2.689309e+02
6.670000e-06	-5.448601e-06	-4.274926e-09	-3.920072e+01	-2.702926e+02
6.680000e-06	-5.480690e-06	-4.301881e-09	-3.943159e+01	-2.716253e+02
6.690000e-06	-5.512559e-06	-4.327566e-09	-3.966088e+01	-2.729279e+02
6.700000e-06	-5.544115e-06	-4.350142e-09	-3.988791e+01	-2.741997e+02
6.710000e-06	-5.575178e-06	-4.367120e-09	-4.011140e+01	-2.754398e+02
6.720000e-06	-5.605511e-06	-4.381246e-09	-4.032963e+01	-2.766474e+02
6.730000e-06	-5.635045e-06	-4.396213e-09	-4.054212e+01	-2.778219e+02
6.740000e-06	-5.663986e-06	-4.417478e-09	-4.075034e+01	-2.789629e+02
6.750000e-06	-5.692536e-06	-4.436047e-09	-4.095575e+01	-2.800700e+02
6.760000e-06	-5.720804e-06	-4.449110e-09	-4.115912e+01	-2.811432e+02
6.770000e-06	-5.748801e-06	-4.461757e-09	-4.136055e+01	-2.821826e+02
6.780000e-06	-5.776556e-06	-4.479807e-09	-4.156023e+01	-2.831887e+02
6.790000e-06	-5.803955e-06	-4.499692e-09	-4.175736e+01	-2.841622e+02
6.800000e-06	-5.830903e-06	-4.516378e-09	-4.195125e+01	-2.851038e+02
6.810000e-06	-5.857444e-06	-4.525531e-09	-4.214220e+01	-2.860148e+02
6.820000e-06	-5.883643e-06	-4.535163e-09	-4.233069e+01	-2.868964e+02
6.830000e-06	-5.909466e-06	-4.549912e-09	-4.251648e+01	-2.877502e+02
6.840000e-06	-5.934864e-06	-4.566673e-09	-4.269921e+01	-2.885778e+02
6.850000e-06	-5.959739e-06	-4.578135e-09	-4.287817e+01	-2.893811e+02
6.860000e-06	-5.984168e-06	-4.587415e-09	-4.305393e+01	-2.901618e+02
6.870000e-06	-6.008394e-06	-4.599232e-09	-4.322823e+01	-2.909220e+02
6.880000e-06	-6.032370e-06	-4.612422e-09	-4.340073e+01	-2.916634e+02
6.890000e-06	-6.056014e-06	-4.623127e-09	-4.357083e+01	-2.923878e+02
6.900000e-06	-6.079229e-06	-4.632114e-09	-4.373786e+01	-2.930971e+02
6.910000e-06	-6.101714e-06	-4.644715e-09	-4.389963e+01	-2.937927e+02
6.920000e-06	-6.123448e-06	-4.655067e-09	-4.405600e+01	-2.944762e+02
6.930000e-06	-6.144563e-06	-4.661750e-09	-4.420791e+01	-2.951486e+02
6.940000e-06	-6.165158e-06	-4.669582e-09	-4.435609e+01	-2.958109e+02
6.950000e-06	-6.185436e-06	-4.679869e-09	-4.450198e+01	-2.964639e+02
6.960000e-06	-6.205473e-06	-4.688424e-09	-4.464614e+01	-2.971079e+02
6.970000e-06	-6.225282e-06	-4.696190e-09	-4.478866e+01	-2.977430e+02
6.980000e-06	-6.244647e-06	-4.704969e-09	-4.492799e+01	-2.983692e+02
6.990000e-06	-6.263451e-06	-4.715248e-09	-4.506327e+01	-2.989861e+02
7.000000e-06	-6.281864e-06	-4.722149e-09	-4.519575e+01	-2.995931e+02
7.010000e-06	-6.299836e-06	-4.729154e-09	-4.532505e+01	-3.001892e+02
7.020000e-06	-6.317301e-06	-4.738253e-09	-4.545071e+01	-3.007735e+02
7.030000e-06	-6.334445e-06	-4.746799e-09	-4.557404e+01	-3.013449e+02
7.040000e-06	-6.351235e-06	-4.750840e-09	-4.569484e+01	-3.019019e+02
7.050000e-06	-6.367618e-06	-4.755121e-09	-4.581272e+01	-3.024434e+02
7.060000e-06	-6.383719e-06	-4.761706e-09	-4.592856e+01	-3.029680e+02
7.070000e-06	-6.399508e-06	-4.768904e-09	-4.604215e+01	-3.034743e+02
7.080000e-06	-6.414794e-06	-4.774232e-09	-4.615213e+01	-3.039612e+02
7.090000e-06	-6.429311e-06	-4.778809e-09	-4.625658e+01	-3.044276e+02
7.100000e-06	-6.442990e-06	-4.783947e-09	-4.635499e+01	-3.048725e+02
7.110000e-06	-6.455952e-06	-4.790802e-09	-4.644825e+01	-3.052953e+02
7.120000e-06	-6.468427e-06	-4.799250e-09	-4.653800e+01	-3.056953e+02
7.130000e-06	-6.480483e-06	-4.805584e-09	-4.662474e+01	-3.060724e+02
7.140000e-06	-6.492088e-06	-4.808182e-09	-4.670824e+01	-3.064266e+02
7.150000e-06	-6.503221e-06	-4.810229e-09	-4.678833e+01	-3.067580e+02
7.160000e-06	-6.513819e-06	-4.814435e-09	-4.686458e+01	-3.070672e+02
7.170000e-06	-6.523933e-06	-4.818828e-09	-4.693735e+01	-3.073549e+02
7.180000e-06	-6.533621e-06	-4.820798e-09	-4.700705e+01	-3.076221e+02
7.190000e-06	-6.542874e-06	-4.820989e-09	-4.707362e+01	-3.078698e+02
7.200000e-06	-6.551628e-06	-4.823507e-09	-4.713660e+01	-3.080994e+02
7.210000e-06	-6.560050e-06	-4.827612e-09	-4.719719e+01	-3.083121e+02
7.220000e-06	-6.568275e-06	-4.832084e-09	-4.725637e+01	-3.085094e+02
7.230000e-06	-6.576254e-06	-4.835089e-09	-4.731378e+01	-3.086927e+02
7.240000e-06	-6.583829e-06	-4.837110e-09	-4.736828e+01	-3.088634e+02
7.250000e-06	-6.590674e-06	-4.839955e-09	-4.741752e+01	-3.090226e+02
7.260000e-06	-6.596706e-06	-4.843893e-09	-4.746092e+01	-3.091716e+02
7.270000e-06	-6.602047e-06	-4.846250e-09	-4.749935e+01	-3.093111e+02
7.280000e-06	-6.606794e-06	-4.846598e-09	-4.753350e+01	-3.094418e+02
7.290000e-06	-6.611145e-06	-4.845829e-09	-4.756481e+01	-3.095641e+02
7.300000e-06	-6.615254e-06	-4.847249e-09	-4.759437e+01	-3.096780e+02
7.310000e-06	-6.619098e-06	-4.850542e-09	-4.762203e+01	-3.097833e+02
7.320000e-06	-6.622466e-06	-4.854329e-09	-4.764625e+01	-3.098793e+02
7.330000e-06	-6.625316e-06	-4.857010e-09	-4.766676e+01	-3.099651e+02
7.340000e-06	-6.627767e-06	-4.859002e-09	-4.768440e+01	-3.100395e+02
7.350000e-06	-6.629836e-06	-4.861653e-09	-4.769928e+01	-3.101008e+02
7.360000e-06	-6.631455e-06	-4.864547e-09	-4.771093e+01	-3.101473e+02
7.370000e-06	-6.632516e-06	-4.867099e-09	-4.771856e+01	-3.101767e+02
7.380000e-06	-6.633147e-06	-4.867316e-09	-4.772310e+01	-3.101870e+02
