# Temperatura_=_20.0
# Concentracion g/m^3_=_12600.0
# C_Vs_to_Am_M_A/Vsm_=_65563218390.804596
# pendiente_HvsI_1/m_=_3716.3
# ordenada_HvsI_A/m_=_1297.0
# frecuencia_Hz_=_135359.00453286959

Tiempo_(s)	Campo_(V.s)	Magnetizacion_(V.s)	Campo_(kA/m)	Magnetizacion_(A/m)
0.000000e+00	-6.562559e-06	-4.759444e-09	-4.772676e+01	-3.021222e+02
1.000000e-08	-6.562633e-06	-4.756415e-09	-4.772731e+01	-3.021220e+02
2.000000e-08	-6.562464e-06	-4.752049e-09	-4.772608e+01	-3.021070e+02
3.000000e-08	-6.561782e-06	-4.751840e-09	-4.772112e+01	-3.020759e+02
4.000000e-08	-6.560429e-06	-4.750914e-09	-4.771127e+01	-3.020279e+02
5.000000e-08	-6.558382e-06	-4.750543e-09	-4.769639e+01	-3.019619e+02
6.000000e-08	-6.555600e-06	-4.750901e-09	-4.767616e+01	-3.018771e+02
7.000000e-08	-6.552228e-06	-4.749998e-09	-4.765164e+01	-3.017729e+02
8.000000e-08	-6.548483e-06	-4.734598e-09	-4.762440e+01	-3.016488e+02
9.000000e-08	-6.544387e-06	-4.701590e-09	-4.759461e+01	-3.015047e+02
1.000000e-07	-6.539679e-06	-4.722536e-09	-4.756037e+01	-3.013405e+02
1.100000e-07	-6.534294e-06	-4.817187e-09	-4.752121e+01	-3.011564e+02
1.200000e-07	-6.528439e-06	-4.839028e-09	-4.747863e+01	-3.009531e+02
1.300000e-07	-6.522364e-06	-4.668720e-09	-4.743445e+01	-3.007313e+02
1.400000e-07	-6.515995e-06	-4.531302e-09	-4.738813e+01	-3.004921e+02
1.500000e-07	-6.509141e-06	-4.703624e-09	-4.733828e+01	-3.002367e+02
1.600000e-07	-6.501827e-06	-4.896215e-09	-4.728509e+01	-2.999668e+02
1.700000e-07	-6.494113e-06	-4.780740e-09	-4.722898e+01	-2.996840e+02
1.800000e-07	-6.486125e-06	-4.641858e-09	-4.717090e+01	-2.993902e+02
1.900000e-07	-6.477816e-06	-4.645386e-09	-4.711047e+01	-2.990875e+02
2.000000e-07	-6.469199e-06	-4.743810e-09	-4.704780e+01	-2.987779e+02
2.100000e-07	-6.460203e-06	-4.834153e-09	-4.698237e+01	-2.984636e+02
2.200000e-07	-6.450330e-06	-4.804126e-09	-4.691057e+01	-2.981467e+02
2.300000e-07	-6.439479e-06	-4.588208e-09	-4.683166e+01	-2.978293e+02
2.400000e-07	-6.428118e-06	-4.516234e-09	-4.674904e+01	-2.975133e+02
2.500000e-07	-6.416299e-06	-4.720856e-09	-4.666308e+01	-2.972005e+02
2.600000e-07	-6.403894e-06	-4.784873e-09	-4.657286e+01	-2.968926e+02
2.700000e-07	-6.390860e-06	-4.474503e-09	-4.647807e+01	-2.965909e+02
2.800000e-07	-6.377327e-06	-4.316412e-09	-4.637965e+01	-2.962965e+02
2.900000e-07	-6.363384e-06	-4.557540e-09	-4.627825e+01	-2.960102e+02
3.000000e-07	-6.348981e-06	-4.659713e-09	-4.617350e+01	-2.957325e+02
3.100000e-07	-6.334060e-06	-4.373229e-09	-4.606499e+01	-2.954636e+02
3.200000e-07	-6.318325e-06	-4.288730e-09	-4.595055e+01	-2.952033e+02
3.300000e-07	-6.302104e-06	-4.526178e-09	-4.583258e+01	-2.949511e+02
3.400000e-07	-6.285349e-06	-4.514529e-09	-4.571074e+01	-2.947060e+02
3.500000e-07	-6.268026e-06	-4.360483e-09	-4.558475e+01	-2.944670e+02
3.600000e-07	-6.250503e-06	-4.427821e-09	-4.545731e+01	-2.942326e+02
3.700000e-07	-6.232647e-06	-4.500085e-09	-4.532745e+01	-2.940012e+02
3.800000e-07	-6.214415e-06	-4.378691e-09	-4.519486e+01	-2.937706e+02
3.900000e-07	-6.195746e-06	-4.392969e-09	-4.505908e+01	-2.935390e+02
4.000000e-07	-6.176500e-06	-4.438620e-09	-4.491912e+01	-2.933039e+02
4.100000e-07	-6.156800e-06	-4.355404e-09	-4.477585e+01	-2.930631e+02
4.200000e-07	-6.136879e-06	-4.328777e-09	-4.463097e+01	-2.928143e+02
4.300000e-07	-6.116651e-06	-4.418836e-09	-4.448387e+01	-2.925550e+02
4.400000e-07	-6.096060e-06	-4.394399e-09	-4.433412e+01	-2.922830e+02
4.500000e-07	-6.075070e-06	-4.311767e-09	-4.418147e+01	-2.919960e+02
4.600000e-07	-6.053605e-06	-4.325389e-09	-4.402535e+01	-2.916921e+02
4.700000e-07	-6.031711e-06	-4.404306e-09	-4.386613e+01	-2.913693e+02
4.800000e-07	-6.009448e-06	-4.373568e-09	-4.370422e+01	-2.910260e+02
4.900000e-07	-5.986784e-06	-4.259747e-09	-4.353940e+01	-2.906609e+02
5.000000e-07	-5.963645e-06	-4.253864e-09	-4.337112e+01	-2.902727e+02
5.100000e-07	-5.940095e-06	-4.366149e-09	-4.319984e+01	-2.898606e+02
5.200000e-07	-5.916240e-06	-4.355852e-09	-4.302636e+01	-2.894241e+02
5.300000e-07	-5.892043e-06	-4.223061e-09	-4.285038e+01	-2.889629e+02
5.400000e-07	-5.867486e-06	-4.202664e-09	-4.267179e+01	-2.884769e+02
5.500000e-07	-5.842462e-06	-4.285132e-09	-4.248980e+01	-2.879665e+02
5.600000e-07	-5.816785e-06	-4.294792e-09	-4.230306e+01	-2.874322e+02
5.700000e-07	-5.790434e-06	-4.235287e-09	-4.211142e+01	-2.868747e+02
5.800000e-07	-5.763438e-06	-4.193408e-09	-4.191509e+01	-2.862949e+02
5.900000e-07	-5.735944e-06	-4.188251e-09	-4.171514e+01	-2.856939e+02
6.000000e-07	-5.708171e-06	-4.225713e-09	-4.151315e+01	-2.850730e+02
6.100000e-07	-5.680137e-06	-4.248395e-09	-4.130928e+01	-2.844334e+02
6.200000e-07	-5.651869e-06	-4.199369e-09	-4.110370e+01	-2.837766e+02
6.300000e-07	-5.623244e-06	-4.125999e-09	-4.089552e+01	-2.831038e+02
6.400000e-07	-5.594159e-06	-4.138421e-09	-4.068400e+01	-2.824164e+02
6.500000e-07	-5.564691e-06	-4.198280e-09	-4.046969e+01	-2.817158e+02
6.600000e-07	-5.534866e-06	-4.185586e-09	-4.025278e+01	-2.810031e+02
6.700000e-07	-5.504724e-06	-4.090572e-09	-4.003357e+01	-2.802793e+02
6.800000e-07	-5.474187e-06	-4.057510e-09	-3.981149e+01	-2.795455e+02
6.900000e-07	-5.443191e-06	-4.116446e-09	-3.958607e+01	-2.788025e+02
7.000000e-07	-5.411812e-06	-4.146939e-09	-3.935786e+01	-2.780508e+02
7.100000e-07	-5.380157e-06	-4.083410e-09	-3.912765e+01	-2.772909e+02
7.200000e-07	-5.348251e-06	-4.024643e-09	-3.889561e+01	-2.765232e+02
7.300000e-07	-5.316038e-06	-4.039303e-09	-3.866134e+01	-2.757476e+02
7.400000e-07	-5.283460e-06	-4.080463e-09	-3.842441e+01	-2.749642e+02
7.500000e-07	-5.250448e-06	-4.065426e-09	-3.818433e+01	-2.741728e+02
7.600000e-07	-5.216982e-06	-4.007268e-09	-3.794095e+01	-2.733730e+02
7.700000e-07	-5.182899e-06	-3.979513e-09	-3.769307e+01	-2.725643e+02
7.800000e-07	-5.148197e-06	-4.007343e-09	-3.744070e+01	-2.717462e+02
7.900000e-07	-5.113022e-06	-4.019042e-09	-3.718488e+01	-2.709181e+02
8.000000e-07	-5.077470e-06	-3.981506e-09	-3.692633e+01	-2.700793e+02
8.100000e-07	-5.041720e-06	-3.942056e-09	-3.666634e+01	-2.692291e+02
8.200000e-07	-5.005753e-06	-3.936435e-09	-3.640476e+01	-2.683668e+02
8.300000e-07	-4.969467e-06	-3.942796e-09	-3.614087e+01	-2.674917e+02
8.400000e-07	-4.932886e-06	-3.934029e-09	-3.587483e+01	-2.666033e+02
8.500000e-07	-4.895974e-06	-3.908120e-09	-3.560639e+01	-2.657010e+02
8.600000e-07	-4.858637e-06	-3.881127e-09	-3.533485e+01	-2.647842e+02
8.700000e-07	-4.820961e-06	-3.874356e-09	-3.506085e+01	-2.638525e+02
8.800000e-07	-4.782962e-06	-3.881226e-09	-3.478450e+01	-2.629058e+02
8.900000e-07	-4.744620e-06	-3.869331e-09	-3.450565e+01	-2.619437e+02
9.000000e-07	-4.706008e-06	-3.831411e-09	-3.422484e+01	-2.609661e+02
9.100000e-07	-4.667020e-06	-3.805637e-09	-3.394130e+01	-2.599730e+02
9.200000e-07	-4.627675e-06	-3.806871e-09	-3.365516e+01	-2.589645e+02
9.300000e-07	-4.588139e-06	-3.809618e-09	-3.336763e+01	-2.579407e+02
9.400000e-07	-4.548356e-06	-3.788263e-09	-3.307831e+01	-2.569018e+02
9.500000e-07	-4.508350e-06	-3.756691e-09	-3.278736e+01	-2.558480e+02
9.600000e-07	-4.468087e-06	-3.737276e-09	-3.249454e+01	-2.547797e+02
9.700000e-07	-4.427521e-06	-3.734936e-09	-3.219952e+01	-2.536970e+02
9.800000e-07	-4.386592e-06	-3.726628e-09	-3.190186e+01	-2.526003e+02
9.900000e-07	-4.345206e-06	-3.699168e-09	-3.160088e+01	-2.514898e+02
1.000000e-06	-4.303332e-06	-3.664747e-09	-3.129635e+01	-2.503657e+02
1.010000e-06	-4.260984e-06	-3.649904e-09	-3.098837e+01	-2.492282e+02
1.020000e-06	-4.218205e-06	-3.648939e-09	-3.067726e+01	-2.480774e+02
1.030000e-06	-4.175060e-06	-3.638376e-09	-3.036348e+01	-2.469133e+02
1.040000e-06	-4.131675e-06	-3.608821e-09	-3.004796e+01	-2.457358e+02
1.050000e-06	-4.088007e-06	-3.580318e-09	-2.973038e+01	-2.445447e+02
1.060000e-06	-4.044065e-06	-3.571893e-09	-2.941081e+01	-2.433398e+02
1.070000e-06	-3.999884e-06	-3.571067e-09	-2.908949e+01	-2.421207e+02
1.080000e-06	-3.955519e-06	-3.550404e-09	-2.876685e+01	-2.408870e+02
1.090000e-06	-3.910953e-06	-3.513279e-09	-2.844274e+01	-2.396381e+02
1.100000e-06	-3.866057e-06	-3.486952e-09	-2.811623e+01	-2.383733e+02
1.110000e-06	-3.820843e-06	-3.478986e-09	-2.778740e+01	-2.370922e+02
1.120000e-06	-3.775323e-06	-3.465837e-09	-2.745636e+01	-2.357939e+02
1.130000e-06	-3.729530e-06	-3.437115e-09	-2.712332e+01	-2.344777e+02
1.140000e-06	-3.683512e-06	-3.407225e-09	-2.678865e+01	-2.331428e+02
1.150000e-06	-3.637202e-06	-3.387902e-09	-2.645186e+01	-2.317885e+02
1.160000e-06	-3.590625e-06	-3.373976e-09	-2.611312e+01	-2.304140e+02
1.170000e-06	-3.543904e-06	-3.351861e-09	-2.577334e+01	-2.290186e+02
1.180000e-06	-3.496983e-06	-3.318972e-09	-2.543210e+01	-2.276017e+02
1.190000e-06	-3.449807e-06	-3.285988e-09	-2.508902e+01	-2.261627e+02
1.200000e-06	-3.402385e-06	-3.261358e-09	-2.474413e+01	-2.247011e+02
1.210000e-06	-3.354678e-06	-3.239622e-09	-2.439718e+01	-2.232163e+02
1.220000e-06	-3.306789e-06	-3.211188e-09	-2.404890e+01	-2.217081e+02
1.230000e-06	-3.258761e-06	-3.178363e-09	-2.369962e+01	-2.201762e+02
1.240000e-06	-3.210485e-06	-3.150971e-09	-2.334853e+01	-2.186204e+02
1.250000e-06	-3.161972e-06	-3.130354e-09	-2.299571e+01	-2.170407e+02
1.260000e-06	-3.113257e-06	-3.110394e-09	-2.264142e+01	-2.154372e+02
1.270000e-06	-3.064201e-06	-3.082029e-09	-2.228466e+01	-2.138098e+02
1.280000e-06	-3.014755e-06	-3.049314e-09	-2.192506e+01	-2.121588e+02
1.290000e-06	-2.964891e-06	-3.017260e-09	-2.156242e+01	-2.104844e+02
1.300000e-06	-2.914715e-06	-2.991295e-09	-2.119751e+01	-2.087869e+02
1.310000e-06	-2.864350e-06	-2.968776e-09	-2.083123e+01	-2.070667e+02
1.320000e-06	-2.813583e-06	-2.942120e-09	-2.046202e+01	-2.053242e+02
1.330000e-06	-2.762450e-06	-2.906417e-09	-2.009015e+01	-2.035596e+02
1.340000e-06	-2.711139e-06	-2.875595e-09	-1.971699e+01	-2.017734e+02
1.350000e-06	-2.659694e-06	-2.855887e-09	-1.934285e+01	-1.999659e+02
1.360000e-06	-2.607995e-06	-2.832740e-09	-1.896686e+01	-1.981374e+02
1.370000e-06	-2.555980e-06	-2.800369e-09	-1.858858e+01	-1.962882e+02
1.380000e-06	-2.503698e-06	-2.767954e-09	-1.820835e+01	-1.944185e+02
1.390000e-06	-2.451293e-06	-2.741758e-09	-1.782724e+01	-1.925286e+02
1.400000e-06	-2.398806e-06	-2.715467e-09	-1.744552e+01	-1.906184e+02
1.410000e-06	-2.346204e-06	-2.684888e-09	-1.706296e+01	-1.886880e+02
1.420000e-06	-2.293468e-06	-2.653424e-09	-1.667944e+01	-1.867374e+02
1.430000e-06	-2.240552e-06	-2.623606e-09	-1.629461e+01	-1.847665e+02
1.440000e-06	-2.187510e-06	-2.595773e-09	-1.590885e+01	-1.827751e+02
1.450000e-06	-2.134278e-06	-2.568230e-09	-1.552172e+01	-1.807629e+02
1.460000e-06	-2.080832e-06	-2.540452e-09	-1.513303e+01	-1.787297e+02
1.470000e-06	-2.027283e-06	-2.510191e-09	-1.474358e+01	-1.766752e+02
1.480000e-06	-1.973618e-06	-2.476275e-09	-1.435330e+01	-1.745989e+02
1.490000e-06	-1.919820e-06	-2.445295e-09	-1.396205e+01	-1.725004e+02
1.500000e-06	-1.865857e-06	-2.418766e-09	-1.356960e+01	-1.703794e+02
1.510000e-06	-1.811746e-06	-2.389420e-09	-1.317608e+01	-1.682354e+02
1.520000e-06	-1.757558e-06	-2.353615e-09	-1.278199e+01	-1.660680e+02
1.530000e-06	-1.703259e-06	-2.315463e-09	-1.238709e+01	-1.638767e+02
1.540000e-06	-1.648869e-06	-2.281278e-09	-1.199154e+01	-1.616613e+02
1.550000e-06	-1.594311e-06	-2.252108e-09	-1.159476e+01	-1.594213e+02
1.560000e-06	-1.539686e-06	-2.220880e-09	-1.119749e+01	-1.571564e+02
1.570000e-06	-1.484990e-06	-2.185089e-09	-1.079972e+01	-1.548664e+02
1.580000e-06	-1.430121e-06	-2.146398e-09	-1.040067e+01	-1.525510e+02
1.590000e-06	-1.375228e-06	-2.112187e-09	-1.000146e+01	-1.502101e+02
1.600000e-06	-1.320262e-06	-2.079058e-09	-9.601715e+00	-1.478435e+02
1.610000e-06	-1.265184e-06	-2.043064e-09	-9.201155e+00	-1.454511e+02
1.620000e-06	-1.210052e-06	-2.005629e-09	-8.800209e+00	-1.430330e+02
1.630000e-06	-1.154815e-06	-1.968842e-09	-8.398488e+00	-1.405890e+02
1.640000e-06	-1.099532e-06	-1.932077e-09	-7.996443e+00	-1.381193e+02
1.650000e-06	-1.044199e-06	-1.895701e-09	-7.594028e+00	-1.356239e+02
1.660000e-06	-9.887675e-07	-1.858040e-09	-7.190896e+00	-1.331029e+02
1.670000e-06	-9.332490e-07	-1.817709e-09	-6.787132e+00	-1.305563e+02
1.680000e-06	-8.776609e-07	-1.779094e-09	-6.382863e+00	-1.279842e+02
1.690000e-06	-8.220346e-07	-1.742169e-09	-5.978316e+00	-1.253868e+02
1.700000e-06	-7.663190e-07	-1.702435e-09	-5.573120e+00	-1.227640e+02
1.710000e-06	-7.105765e-07	-1.658102e-09	-5.167728e+00	-1.201160e+02
1.720000e-06	-6.549141e-07	-1.614479e-09	-4.762919e+00	-1.174426e+02
1.730000e-06	-5.992229e-07	-1.575514e-09	-4.357899e+00	-1.147439e+02
1.740000e-06	-5.434449e-07	-1.535852e-09	-3.952249e+00	-1.120199e+02
1.750000e-06	-4.876124e-07	-1.491286e-09	-3.546202e+00	-1.092702e+02
1.760000e-06	-4.317387e-07	-1.447923e-09	-3.139856e+00	-1.064948e+02
1.770000e-06	-3.758675e-07	-1.406612e-09	-2.733528e+00	-1.036935e+02
1.780000e-06	-3.199676e-07	-1.364711e-09	-2.326992e+00	-1.008659e+02
1.790000e-06	-2.640922e-07	-1.321062e-09	-1.920633e+00	-9.801164e+01
1.800000e-06	-2.082350e-07	-1.276296e-09	-1.514407e+00	-9.513040e+01
1.810000e-06	-1.523685e-07	-1.231178e-09	-1.108113e+00	-9.222170e+01
1.820000e-06	-9.648777e-08	-1.185198e-09	-7.017155e-01	-8.928505e+01
1.830000e-06	-4.061308e-08	-1.139068e-09	-2.953621e-01	-8.631992e+01
1.840000e-06	1.525303e-08	-1.095038e-09	1.109290e-01	-8.332574e+01
1.850000e-06	7.114963e-08	-1.050324e-09	5.174417e-01	-8.030191e+01
1.860000e-06	1.270183e-07	-1.002276e-09	9.237515e-01	-7.724783e+01
1.870000e-06	1.828580e-07	-9.538534e-10	1.329850e+00	-7.416286e+01
1.880000e-06	2.387314e-07	-9.095112e-10	1.736195e+00	-7.104638e+01
1.890000e-06	2.946673e-07	-8.674265e-10	2.142993e+00	-6.789775e+01
1.900000e-06	3.506121e-07	-8.220743e-10	2.549857e+00	-6.471637e+01
1.910000e-06	4.065140e-07	-7.755979e-10	2.956408e+00	-6.150162e+01
1.920000e-06	4.624273e-07	-7.312705e-10	3.363042e+00	-5.825295e+01
1.930000e-06	5.183116e-07	-6.840293e-10	3.769465e+00	-5.496982e+01
1.940000e-06	5.741310e-07	-6.340872e-10	4.175416e+00	-5.165173e+01
1.950000e-06	6.298815e-07	-5.855216e-10	4.580867e+00	-4.829825e+01
1.960000e-06	6.855623e-07	-5.380367e-10	4.985810e+00	-4.490900e+01
1.970000e-06	7.412475e-07	-4.904692e-10	5.390785e+00	-4.148368e+01
1.980000e-06	7.968625e-07	-4.421364e-10	5.795250e+00	-3.802205e+01
1.990000e-06	8.524508e-07	-3.924235e-10	6.199521e+00	-3.452396e+01
2.000000e-06	9.080184e-07	-3.416257e-10	6.603641e+00	-3.098936e+01
2.010000e-06	9.634878e-07	-2.904392e-10	7.007046e+00	-2.741831e+01
2.020000e-06	1.018923e-06	-2.397328e-10	7.410205e+00	-2.381097e+01
2.030000e-06	1.074339e-06	-1.899719e-10	7.813225e+00	-2.016761e+01
2.040000e-06	1.129643e-06	-1.373515e-10	8.215428e+00	-1.648864e+01
2.050000e-06	1.184865e-06	-8.241508e-11	8.617031e+00	-1.277460e+01
2.060000e-06	1.240036e-06	-2.843084e-11	9.018267e+00	-9.026183e+00
2.070000e-06	1.295116e-06	2.462900e-11	9.418845e+00	-5.244221e+00
2.080000e-06	1.350145e-06	7.864821e-11	9.819043e+00	-1.429704e+00
2.090000e-06	1.405033e-06	1.361498e-10	1.021823e+01	2.416214e+00
2.100000e-06	1.459747e-06	1.958046e-10	1.061613e+01	6.292215e+00
2.110000e-06	1.514314e-06	2.542172e-10	1.101298e+01	1.019681e+01
2.120000e-06	1.568798e-06	3.111134e-10	1.140922e+01	1.412835e+01
2.130000e-06	1.623254e-06	3.679100e-10	1.180525e+01	1.808500e+01
2.140000e-06	1.677584e-06	4.262226e-10	1.220037e+01	2.206476e+01
2.150000e-06	1.731788e-06	4.844941e-10	1.259458e+01	2.606547e+01
2.160000e-06	1.785958e-06	5.409872e-10	1.298853e+01	3.008483e+01
2.170000e-06	1.839989e-06	5.978832e-10	1.338148e+01	3.412036e+01
2.180000e-06	1.893799e-06	6.544176e-10	1.377281e+01	3.816946e+01
2.190000e-06	1.947465e-06	7.115445e-10	1.416311e+01	4.222940e+01
2.200000e-06	2.001104e-06	7.707400e-10	1.455320e+01	4.629735e+01
2.210000e-06	2.054579e-06	8.319903e-10	1.494210e+01	5.037038e+01
2.220000e-06	2.107781e-06	8.927669e-10	1.532902e+01	5.444548e+01
2.230000e-06	2.160813e-06	9.518298e-10	1.571469e+01	5.851959e+01
2.240000e-06	2.213727e-06	1.011376e-09	1.609952e+01	6.258965e+01
2.250000e-06	2.266519e-06	1.069311e-09	1.648345e+01	6.665255e+01
2.260000e-06	2.319142e-06	1.126422e-09	1.686616e+01	7.070523e+01
2.270000e-06	2.371520e-06	1.186418e-09	1.724708e+01	7.474465e+01
2.280000e-06	2.423685e-06	1.245147e-09	1.762646e+01	7.876784e+01
2.290000e-06	2.475779e-06	1.299997e-09	1.800532e+01	8.277193e+01
2.300000e-06	2.527750e-06	1.357249e-09	1.838328e+01	8.675414e+01
2.310000e-06	2.579517e-06	1.419416e-09	1.875976e+01	9.071184e+01
2.320000e-06	2.631099e-06	1.480409e-09	1.913489e+01	9.464251e+01
2.330000e-06	2.682568e-06	1.534510e-09	1.950921e+01	9.854383e+01
2.340000e-06	2.733826e-06	1.586933e-09	1.988198e+01	1.024136e+02
2.350000e-06	2.784753e-06	1.643543e-09	2.025235e+01	1.062500e+02
2.360000e-06	2.835364e-06	1.699808e-09	2.062042e+01	1.100510e+02
2.370000e-06	2.885654e-06	1.752880e-09	2.098616e+01	1.138151e+02
2.380000e-06	2.935527e-06	1.803196e-09	2.134887e+01	1.175410e+02
2.390000e-06	2.984969e-06	1.856247e-09	2.170844e+01	1.212274e+02
2.400000e-06	3.033988e-06	1.911260e-09	2.206493e+01	1.248732e+02
2.410000e-06	3.082707e-06	1.965703e-09	2.241925e+01	1.284777e+02
2.420000e-06	3.131235e-06	2.018777e-09	2.277217e+01	1.320400e+02
2.430000e-06	3.179489e-06	2.070063e-09	2.312310e+01	1.355597e+02
2.440000e-06	3.227553e-06	2.121803e-09	2.347266e+01	1.390362e+02
2.450000e-06	3.275505e-06	2.172463e-09	2.382139e+01	1.424693e+02
2.460000e-06	3.323293e-06	2.219994e-09	2.416893e+01	1.458586e+02
2.470000e-06	3.370911e-06	2.266420e-09	2.451524e+01	1.492041e+02
2.480000e-06	3.418327e-06	2.316570e-09	2.486007e+01	1.525056e+02
2.490000e-06	3.465453e-06	2.365330e-09	2.520280e+01	1.557629e+02
2.500000e-06	3.512397e-06	2.410003e-09	2.554421e+01	1.589760e+02
2.510000e-06	3.559081e-06	2.455899e-09	2.588372e+01	1.621449e+02
2.520000e-06	3.605494e-06	2.504817e-09	2.622126e+01	1.652693e+02
2.530000e-06	3.651690e-06	2.553776e-09	2.655722e+01	1.683492e+02
2.540000e-06	3.697510e-06	2.599356e-09	2.689045e+01	1.713844e+02
2.550000e-06	3.743027e-06	2.641102e-09	2.722148e+01	1.743748e+02
2.560000e-06	3.788401e-06	2.680865e-09	2.755146e+01	1.773200e+02
2.570000e-06	3.833635e-06	2.723182e-09	2.788043e+01	1.802198e+02
2.580000e-06	3.878549e-06	2.766247e-09	2.820708e+01	1.830739e+02
2.590000e-06	3.923162e-06	2.805278e-09	2.853153e+01	1.858821e+02
2.600000e-06	3.967543e-06	2.843672e-09	2.885429e+01	1.886439e+02
2.610000e-06	4.011716e-06	2.883830e-09	2.917555e+01	1.913591e+02
2.620000e-06	4.055724e-06	2.925159e-09	2.949560e+01	1.940273e+02
2.630000e-06	4.099524e-06	2.962709e-09	2.981414e+01	1.966483e+02
2.640000e-06	4.143125e-06	2.996265e-09	3.013123e+01	1.992220e+02
2.650000e-06	4.186485e-06	3.031486e-09	3.044656e+01	2.017480e+02
2.660000e-06	4.229437e-06	3.067100e-09	3.075894e+01	2.042264e+02
2.670000e-06	4.271922e-06	3.100825e-09	3.106791e+01	2.066573e+02
2.680000e-06	4.314003e-06	3.133119e-09	3.137395e+01	2.090407e+02
2.690000e-06	4.355596e-06	3.163109e-09	3.167644e+01	2.113769e+02
2.700000e-06	4.396657e-06	3.193470e-09	3.197506e+01	2.136664e+02
2.710000e-06	4.437275e-06	3.225964e-09	3.227046e+01	2.159097e+02
2.720000e-06	4.477571e-06	3.259026e-09	3.256351e+01	2.181075e+02
2.730000e-06	4.517604e-06	3.287944e-09	3.285466e+01	2.202605e+02
2.740000e-06	4.557418e-06	3.314992e-09	3.314421e+01	2.223698e+02
2.750000e-06	4.597074e-06	3.344052e-09	3.343261e+01	2.244364e+02
2.760000e-06	4.636459e-06	3.374041e-09	3.371904e+01	2.264614e+02
2.770000e-06	4.675506e-06	3.403453e-09	3.400302e+01	2.284462e+02
2.780000e-06	4.714237e-06	3.430852e-09	3.428469e+01	2.303920e+02
2.790000e-06	4.752576e-06	3.458105e-09	3.456351e+01	2.323002e+02
2.800000e-06	4.790543e-06	3.484279e-09	3.483963e+01	2.341723e+02
2.810000e-06	4.828227e-06	3.510707e-09	3.511369e+01	2.360095e+02
2.820000e-06	4.865602e-06	3.536521e-09	3.538550e+01	2.378133e+02
2.830000e-06	4.902736e-06	3.560373e-09	3.565556e+01	2.395849e+02
2.840000e-06	4.939569e-06	3.583136e-09	3.592344e+01	2.413256e+02
2.850000e-06	4.975967e-06	3.606709e-09	3.618814e+01	2.430366e+02
2.860000e-06	5.012054e-06	3.630142e-09	3.645058e+01	2.447188e+02
2.870000e-06	5.047973e-06	3.652196e-09	3.671181e+01	2.463730e+02
2.880000e-06	5.083686e-06	3.673838e-09	3.697153e+01	2.480001e+02
2.890000e-06	5.119061e-06	3.697137e-09	3.722880e+01	2.496005e+02
2.900000e-06	5.154054e-06	3.721776e-09	3.748330e+01	2.511747e+02
2.910000e-06	5.188609e-06	3.746532e-09	3.773460e+01	2.527228e+02
2.920000e-06	5.222443e-06	3.769884e-09	3.798066e+01	2.542449e+02
2.930000e-06	5.255573e-06	3.791267e-09	3.822160e+01	2.557409e+02
2.940000e-06	5.288294e-06	3.812625e-09	3.845956e+01	2.572105e+02
2.950000e-06	5.320594e-06	3.832203e-09	3.869447e+01	2.586534e+02
2.960000e-06	5.352565e-06	3.852365e-09	3.892698e+01	2.600690e+02
2.970000e-06	5.384342e-06	3.875824e-09	3.915808e+01	2.614568e+02
2.980000e-06	5.415883e-06	3.900927e-09	3.938747e+01	2.628162e+02
2.990000e-06	5.447073e-06	3.927236e-09	3.961430e+01	2.641465e+02
3.000000e-06	5.477862e-06	3.947298e-09	3.983822e+01	2.654470e+02
3.010000e-06	5.508231e-06	3.964188e-09	4.005908e+01	2.667172e+02
3.020000e-06	5.538166e-06	3.981358e-09	4.027678e+01	2.679564e+02
3.030000e-06	5.567728e-06	3.999672e-09	4.049177e+01	2.691642e+02
3.040000e-06	5.596935e-06	4.021224e-09	4.070418e+01	2.703402e+02
3.050000e-06	5.625790e-06	4.041793e-09	4.091404e+01	2.714843e+02
3.060000e-06	5.654293e-06	4.060027e-09	4.112133e+01	2.725962e+02
3.070000e-06	5.682467e-06	4.079006e-09	4.132623e+01	2.736762e+02
3.080000e-06	5.710346e-06	4.100395e-09	4.152897e+01	2.747244e+02
3.090000e-06	5.737986e-06	4.118014e-09	4.172999e+01	2.757413e+02
3.100000e-06	5.765397e-06	4.132695e-09	4.192934e+01	2.767275e+02
3.110000e-06	5.792346e-06	4.146426e-09	4.212533e+01	2.776839e+02
3.120000e-06	5.818576e-06	4.163730e-09	4.231609e+01	2.786114e+02
3.130000e-06	5.844122e-06	4.180227e-09	4.250188e+01	2.795110e+02
3.140000e-06	5.868974e-06	4.195309e-09	4.268261e+01	2.803840e+02
3.150000e-06	5.893303e-06	4.210317e-09	4.285954e+01	2.812317e+02
3.160000e-06	5.917288e-06	4.226809e-09	4.303398e+01	2.820555e+02
3.170000e-06	5.940971e-06	4.242735e-09	4.320621e+01	2.828568e+02
3.180000e-06	5.964343e-06	4.257571e-09	4.337619e+01	2.836371e+02
3.190000e-06	5.987314e-06	4.272100e-09	4.354325e+01	2.843978e+02
3.200000e-06	6.009822e-06	4.286276e-09	4.370694e+01	2.851403e+02
3.210000e-06	6.031843e-06	4.299117e-09	4.386709e+01	2.858658e+02
3.220000e-06	6.053548e-06	4.311745e-09	4.402494e+01	2.865755e+02
3.230000e-06	6.074910e-06	4.325194e-09	4.418029e+01	2.872704e+02
3.240000e-06	6.095773e-06	4.337444e-09	4.433202e+01	2.879515e+02
3.250000e-06	6.116155e-06	4.347410e-09	4.448025e+01	2.886195e+02
3.260000e-06	6.136195e-06	4.357804e-09	4.462600e+01	2.892747e+02
3.270000e-06	6.156008e-06	4.371931e-09	4.477009e+01	2.899176e+02
3.280000e-06	6.175623e-06	4.383798e-09	4.491274e+01	2.905484e+02
3.290000e-06	6.194905e-06	4.391729e-09	4.505297e+01	2.911668e+02
3.300000e-06	6.213703e-06	4.400762e-09	4.518968e+01	2.917728e+02
3.310000e-06	6.231941e-06	4.413647e-09	4.532232e+01	2.923658e+02
3.320000e-06	6.249608e-06	4.422853e-09	4.545081e+01	2.929453e+02
3.330000e-06	6.266784e-06	4.428901e-09	4.557572e+01	2.935106e+02
3.340000e-06	6.283725e-06	4.436154e-09	4.569892e+01	2.940609e+02
3.350000e-06	6.300393e-06	4.446314e-09	4.582014e+01	2.945955e+02
3.360000e-06	6.316448e-06	4.454170e-09	4.593690e+01	2.951133e+02
3.370000e-06	6.331951e-06	4.458554e-09	4.604965e+01	2.956136e+02
3.380000e-06	6.346966e-06	4.466117e-09	4.615885e+01	2.960953e+02
3.390000e-06	6.361371e-06	4.477681e-09	4.626361e+01	2.965579e+02
3.400000e-06	6.375250e-06	4.485343e-09	4.636454e+01	2.970005e+02
3.410000e-06	6.388694e-06	4.487517e-09	4.646232e+01	2.974225e+02
3.420000e-06	6.401703e-06	4.490444e-09	4.655693e+01	2.978235e+02
3.430000e-06	6.414242e-06	4.497743e-09	4.664812e+01	2.982033e+02
3.440000e-06	6.426346e-06	4.506733e-09	4.673614e+01	2.985616e+02
3.450000e-06	6.438002e-06	4.511048e-09	4.682091e+01	2.988985e+02
3.460000e-06	6.449060e-06	4.512129e-09	4.690133e+01	2.992142e+02
3.470000e-06	6.459453e-06	4.514080e-09	4.697692e+01	2.995092e+02
3.480000e-06	6.469130e-06	4.520245e-09	4.704729e+01	2.997840e+02
3.490000e-06	6.478054e-06	4.527119e-09	4.711220e+01	3.000394e+02
3.500000e-06	6.486384e-06	4.533109e-09	4.717278e+01	3.002762e+02
3.510000e-06	6.494315e-06	4.534874e-09	4.723046e+01	3.004953e+02
3.520000e-06	6.502010e-06	4.538198e-09	4.728642e+01	3.006978e+02
3.530000e-06	6.509413e-06	4.545003e-09	4.734026e+01	3.008848e+02
3.540000e-06	6.516394e-06	4.550538e-09	4.739103e+01	3.010574e+02
3.550000e-06	6.522902e-06	4.552058e-09	4.743836e+01	3.012167e+02
3.560000e-06	6.528911e-06	4.549778e-09	4.748206e+01	3.013638e+02
3.570000e-06	6.534503e-06	4.553619e-09	4.752273e+01	3.014995e+02
3.580000e-06	6.539623e-06	4.559842e-09	4.755996e+01	3.016248e+02
3.590000e-06	6.544255e-06	4.565746e-09	4.759365e+01	3.017403e+02
3.600000e-06	6.548495e-06	4.567830e-09	4.762449e+01	3.018467e+02
3.610000e-06	6.552418e-06	4.568563e-09	4.765301e+01	3.019442e+02
3.620000e-06	6.556025e-06	4.571027e-09	4.767925e+01	3.020332e+02
3.630000e-06	6.559294e-06	4.574367e-09	4.770302e+01	3.021135e+02
3.640000e-06	6.561974e-06	4.576824e-09	4.772251e+01	3.021849e+02
3.650000e-06	6.563905e-06	4.575681e-09	4.773655e+01	3.022471e+02
3.660000e-06	6.565126e-06	4.570510e-09	4.774543e+01	3.022995e+02
3.670000e-06	6.565709e-06	4.568822e-09	4.774967e+01	3.023414e+02
3.680000e-06	6.565857e-06	4.574331e-09	4.775075e+01	3.023718e+02
3.690000e-06	6.565689e-06	4.581975e-09	4.774953e+01	3.023898e+02
3.700000e-06	6.565198e-06	4.583217e-09	4.774596e+01	3.023944e+02
3.710000e-06	6.564371e-06	4.579759e-09	4.773994e+01	3.023845e+02
3.720000e-06	6.563156e-06	4.579321e-09	4.773111e+01	3.023589e+02
3.730000e-06	6.561477e-06	4.582839e-09	4.771889e+01	3.023166e+02
3.740000e-06	6.559379e-06	4.585001e-09	4.770364e+01	3.022567e+02
3.750000e-06	6.556815e-06	4.579754e-09	4.768500e+01	3.021783e+02
3.760000e-06	6.553785e-06	4.567020e-09	4.766296e+01	3.020806e+02
3.770000e-06	6.550363e-06	4.591854e-09	4.763807e+01	3.019632e+02
3.780000e-06	6.546524e-06	4.626269e-09	4.761015e+01	3.018258e+02
3.790000e-06	6.542055e-06	4.566753e-09	4.757765e+01	3.016683e+02
3.800000e-06	6.536733e-06	4.425242e-09	4.753894e+01	3.014908e+02
3.810000e-06	6.530812e-06	4.500978e-09	4.749588e+01	3.012938e+02
3.820000e-06	6.524740e-06	4.726610e-09	4.745172e+01	3.010781e+02
3.830000e-06	6.518599e-06	4.765878e-09	4.740706e+01	3.008445e+02
3.840000e-06	6.511896e-06	4.492031e-09	4.735831e+01	3.005944e+02
3.850000e-06	6.504322e-06	4.321703e-09	4.730324e+01	3.003292e+02
3.860000e-06	6.496280e-06	4.478698e-09	4.724475e+01	3.000505e+02
3.870000e-06	6.487968e-06	4.614990e-09	4.718430e+01	2.997602e+02
3.880000e-06	6.479125e-06	4.577973e-09	4.711999e+01	2.994602e+02
3.890000e-06	6.469838e-06	4.427081e-09	4.705244e+01	2.991527e+02
3.900000e-06	6.460381e-06	4.341471e-09	4.698367e+01	2.988398e+02
3.910000e-06	6.450623e-06	4.410100e-09	4.691270e+01	2.985235e+02
3.920000e-06	6.440236e-06	4.688919e-09	4.683716e+01	2.982060e+02
3.930000e-06	6.429180e-06	4.666390e-09	4.675675e+01	2.978894e+02
3.940000e-06	6.417779e-06	4.271051e-09	4.667384e+01	2.975753e+02
3.950000e-06	6.406098e-06	4.254096e-09	4.658889e+01	2.972656e+02
3.960000e-06	6.393795e-06	4.708123e-09	4.649942e+01	2.969617e+02
3.970000e-06	6.380622e-06	4.757522e-09	4.640361e+01	2.966648e+02
3.980000e-06	6.366884e-06	4.336329e-09	4.630370e+01	2.963757e+02
3.990000e-06	6.352736e-06	4.377008e-09	4.620081e+01	2.960952e+02
4.000000e-06	6.337858e-06	4.814206e-09	4.609261e+01	2.958234e+02
4.010000e-06	6.322300e-06	4.651442e-09	4.597946e+01	2.955602e+02
4.020000e-06	6.306308e-06	4.260430e-09	4.586316e+01	2.953054e+02
4.030000e-06	6.290002e-06	4.431043e-09	4.574458e+01	2.950581e+02
4.040000e-06	6.273358e-06	4.626160e-09	4.562353e+01	2.948172e+02
4.050000e-06	6.256409e-06	4.343039e-09	4.550026e+01	2.945815e+02
4.060000e-06	6.239071e-06	4.280505e-09	4.537417e+01	2.943492e+02
4.070000e-06	6.221190e-06	4.575656e-09	4.524413e+01	2.941186e+02
4.080000e-06	6.202793e-06	4.528148e-09	4.511033e+01	2.938876e+02
4.090000e-06	6.184000e-06	4.386485e-09	4.497366e+01	2.936539e+02
4.100000e-06	6.164852e-06	4.533088e-09	4.483441e+01	2.934153e+02
4.110000e-06	6.145289e-06	4.617212e-09	4.469213e+01	2.931695e+02
4.120000e-06	6.125408e-06	4.446804e-09	4.454755e+01	2.929139e+02
4.130000e-06	6.105228e-06	4.443382e-09	4.440079e+01	2.926464e+02
4.140000e-06	6.084670e-06	4.571937e-09	4.425128e+01	2.923647e+02
4.150000e-06	6.063617e-06	4.539107e-09	4.409817e+01	2.920666e+02
4.160000e-06	6.041977e-06	4.388149e-09	4.394079e+01	2.917503e+02
4.170000e-06	6.019707e-06	4.399459e-09	4.377883e+01	2.914141e+02
4.180000e-06	5.996867e-06	4.528984e-09	4.361272e+01	2.910563e+02
4.190000e-06	5.973438e-06	4.507267e-09	4.344234e+01	2.906759e+02
4.200000e-06	5.949490e-06	4.343695e-09	4.326817e+01	2.902719e+02
4.210000e-06	5.925186e-06	4.384023e-09	4.309142e+01	2.898436e+02
4.220000e-06	5.900591e-06	4.522037e-09	4.291255e+01	2.893907e+02
4.230000e-06	5.875673e-06	4.446802e-09	4.273133e+01	2.889130e+02
4.240000e-06	5.850312e-06	4.340115e-09	4.254689e+01	2.884107e+02
4.250000e-06	5.824491e-06	4.400790e-09	4.235911e+01	2.878843e+02
4.260000e-06	5.798205e-06	4.433440e-09	4.216794e+01	2.873344e+02
4.270000e-06	5.771509e-06	4.385911e-09	4.197379e+01	2.867619e+02
4.280000e-06	5.744481e-06	4.384701e-09	4.177722e+01	2.861679e+02
4.290000e-06	5.717119e-06	4.374703e-09	4.157823e+01	2.855535e+02
4.300000e-06	5.689411e-06	4.334618e-09	4.137672e+01	2.849200e+02
4.310000e-06	5.661415e-06	4.346689e-09	4.117312e+01	2.842688e+02
4.320000e-06	5.633114e-06	4.395349e-09	4.096730e+01	2.836011e+02
4.330000e-06	5.604481e-06	4.361459e-09	4.075907e+01	2.829185e+02
4.340000e-06	5.575365e-06	4.281448e-09	4.054731e+01	2.822222e+02
4.350000e-06	5.545728e-06	4.285974e-09	4.033178e+01	2.815133e+02
4.360000e-06	5.515611e-06	4.371336e-09	4.011275e+01	2.807932e+02
4.370000e-06	5.484796e-06	4.354126e-09	3.988864e+01	2.800626e+02
4.380000e-06	5.453302e-06	4.249936e-09	3.965960e+01	2.793226e+02
4.390000e-06	5.421456e-06	4.233405e-09	3.942800e+01	2.785737e+02
4.400000e-06	5.389315e-06	4.303199e-09	3.919425e+01	2.778166e+02
4.410000e-06	5.356899e-06	4.310032e-09	3.895850e+01	2.770514e+02
4.420000e-06	5.324260e-06	4.251320e-09	3.872113e+01	2.762785e+02
4.430000e-06	5.291315e-06	4.211024e-09	3.848154e+01	2.754978e+02
4.440000e-06	5.257951e-06	4.227147e-09	3.823889e+01	2.747091e+02
4.450000e-06	5.224149e-06	4.253007e-09	3.799306e+01	2.739121e+02
4.460000e-06	5.190095e-06	4.239204e-09	3.774541e+01	2.731064e+02
4.470000e-06	5.155708e-06	4.196896e-09	3.749532e+01	2.722915e+02
4.480000e-06	5.120880e-06	4.176370e-09	3.724204e+01	2.714668e+02
4.490000e-06	5.085732e-06	4.179785e-09	3.698642e+01	2.706317e+02
4.500000e-06	5.050233e-06	4.178448e-09	3.672825e+01	2.697854e+02
4.510000e-06	5.014375e-06	4.162397e-09	3.646747e+01	2.689272e+02
4.520000e-06	4.978273e-06	4.138650e-09	3.620491e+01	2.680565e+02
4.530000e-06	4.941971e-06	4.114937e-09	3.594091e+01	2.671726e+02
4.540000e-06	4.905400e-06	4.106017e-09	3.567494e+01	2.662749e+02
4.550000e-06	4.868479e-06	4.116940e-09	3.540643e+01	2.653630e+02
4.560000e-06	4.831110e-06	4.110928e-09	3.513466e+01	2.644364e+02
4.570000e-06	4.793138e-06	4.069897e-09	3.485850e+01	2.634947e+02
4.580000e-06	4.754640e-06	4.039577e-09	3.457852e+01	2.625378e+02
4.590000e-06	4.715741e-06	4.050283e-09	3.429562e+01	2.615654e+02
4.600000e-06	4.676383e-06	4.056077e-09	3.400939e+01	2.605775e+02
4.610000e-06	4.636644e-06	4.021034e-09	3.372039e+01	2.595741e+02
4.620000e-06	4.596614e-06	3.978883e-09	3.342927e+01	2.585554e+02
4.630000e-06	4.556353e-06	3.972300e-09	3.313646e+01	2.575215e+02
4.640000e-06	4.515916e-06	3.982160e-09	3.284238e+01	2.564726e+02
4.650000e-06	4.475230e-06	3.969904e-09	3.254649e+01	2.554091e+02
4.660000e-06	4.434277e-06	3.932682e-09	3.224866e+01	2.543312e+02
4.670000e-06	4.393013e-06	3.905244e-09	3.194856e+01	2.532391e+02
4.680000e-06	4.351411e-06	3.900268e-09	3.164601e+01	2.521332e+02
4.690000e-06	4.309473e-06	3.898598e-09	3.134101e+01	2.510137e+02
4.700000e-06	4.267319e-06	3.874316e-09	3.103444e+01	2.498807e+02
4.710000e-06	4.224885e-06	3.838896e-09	3.072583e+01	2.487343e+02
4.720000e-06	4.182075e-06	3.819122e-09	3.041449e+01	2.475747e+02
4.730000e-06	4.138947e-06	3.817857e-09	3.010084e+01	2.464016e+02
4.740000e-06	4.095480e-06	3.810047e-09	2.978473e+01	2.452151e+02
4.750000e-06	4.051795e-06	3.779415e-09	2.946702e+01	2.440149e+02
4.760000e-06	4.007902e-06	3.747251e-09	2.914781e+01	2.428006e+02
4.770000e-06	3.963781e-06	3.736687e-09	2.882693e+01	2.415718e+02
4.780000e-06	3.919518e-06	3.733105e-09	2.850503e+01	2.403280e+02
4.790000e-06	3.875070e-06	3.711925e-09	2.818177e+01	2.390686e+02
4.800000e-06	3.830430e-06	3.677761e-09	2.785712e+01	2.377930e+02
4.810000e-06	3.785567e-06	3.654784e-09	2.753085e+01	2.365005e+02
4.820000e-06	3.740401e-06	3.643754e-09	2.720238e+01	2.351904e+02
4.830000e-06	3.694913e-06	3.627250e-09	2.687157e+01	2.338618e+02
4.840000e-06	3.649095e-06	3.601859e-09	2.653835e+01	2.325140e+02
4.850000e-06	3.602948e-06	3.574851e-09	2.620274e+01	2.311464e+02
4.860000e-06	3.556606e-06	3.552059e-09	2.586572e+01	2.297581e+02
4.870000e-06	3.510133e-06	3.534654e-09	2.552774e+01	2.283484e+02
4.880000e-06	3.463378e-06	3.519292e-09	2.518771e+01	2.269169e+02
4.890000e-06	3.416275e-06	3.496864e-09	2.484515e+01	2.254628e+02
4.900000e-06	3.369144e-06	3.468004e-09	2.450239e+01	2.239858e+02
4.910000e-06	3.321909e-06	3.444042e-09	2.415887e+01	2.224855e+02
4.920000e-06	3.274189e-06	3.428984e-09	2.381181e+01	2.209615e+02
4.930000e-06	3.226152e-06	3.413233e-09	2.346246e+01	2.194137e+02
4.940000e-06	3.177971e-06	3.387556e-09	2.311206e+01	2.178420e+02
4.950000e-06	3.129574e-06	3.359213e-09	2.276009e+01	2.162464e+02
4.960000e-06	3.080876e-06	3.337014e-09	2.240593e+01	2.146269e+02
4.970000e-06	3.031933e-06	3.319991e-09	2.204999e+01	2.129838e+02
4.980000e-06	2.982751e-06	3.300863e-09	2.169231e+01	2.113172e+02
4.990000e-06	2.933239e-06	3.271958e-09	2.133223e+01	2.096274e+02
5.000000e-06	2.883458e-06	3.240389e-09	2.097019e+01	2.079148e+02
5.010000e-06	2.833460e-06	3.219231e-09	2.060658e+01	2.061796e+02
5.020000e-06	2.783269e-06	3.204181e-09	2.024156e+01	2.044224e+02
5.030000e-06	2.732892e-06	3.178996e-09	1.987519e+01	2.026433e+02
5.040000e-06	2.682274e-06	3.146082e-09	1.950707e+01	2.008429e+02
5.050000e-06	2.631444e-06	3.119472e-09	1.913740e+01	1.990214e+02
5.060000e-06	2.580400e-06	3.100649e-09	1.876618e+01	1.971791e+02
5.070000e-06	2.529150e-06	3.076413e-09	1.839346e+01	1.953162e+02
5.080000e-06	2.477735e-06	3.045428e-09	1.801954e+01	1.934330e+02
5.090000e-06	2.426105e-06	3.014579e-09	1.764406e+01	1.915295e+02
5.100000e-06	2.374249e-06	2.987515e-09	1.726693e+01	1.896059e+02
5.110000e-06	2.322196e-06	2.962705e-09	1.688837e+01	1.876621e+02
5.120000e-06	2.270029e-06	2.935877e-09	1.650898e+01	1.856980e+02
5.130000e-06	2.217698e-06	2.908063e-09	1.612840e+01	1.837134e+02
5.140000e-06	2.165170e-06	2.876276e-09	1.574638e+01	1.817082e+02
5.150000e-06	2.112487e-06	2.843598e-09	1.536324e+01	1.796821e+02
5.160000e-06	2.059603e-06	2.813354e-09	1.497864e+01	1.776347e+02
5.170000e-06	2.006601e-06	2.783694e-09	1.459318e+01	1.755657e+02
5.180000e-06	1.953417e-06	2.748472e-09	1.420639e+01	1.734747e+02
5.190000e-06	1.899948e-06	2.712617e-09	1.381754e+01	1.713612e+02
5.200000e-06	1.846195e-06	2.680729e-09	1.342661e+01	1.692250e+02
5.210000e-06	1.792262e-06	2.652803e-09	1.303437e+01	1.670654e+02
5.220000e-06	1.738145e-06	2.624122e-09	1.264081e+01	1.648822e+02
5.230000e-06	1.683758e-06	2.590037e-09	1.224527e+01	1.626748e+02
5.240000e-06	1.629203e-06	2.552385e-09	1.184852e+01	1.604431e+02
5.250000e-06	1.574572e-06	2.515534e-09	1.145121e+01	1.581865e+02
5.260000e-06	1.519793e-06	2.483265e-09	1.105283e+01	1.559049e+02
5.270000e-06	1.464811e-06	2.447070e-09	1.065296e+01	1.535980e+02
5.280000e-06	1.409692e-06	2.405059e-09	1.025211e+01	1.512656e+02
5.290000e-06	1.354513e-06	2.364332e-09	9.850813e+00	1.489076e+02
5.300000e-06	1.299194e-06	2.331435e-09	9.448500e+00	1.465239e+02
5.310000e-06	1.243672e-06	2.298766e-09	9.044713e+00	1.441143e+02
5.320000e-06	1.188117e-06	2.260449e-09	8.640679e+00	1.416790e+02
5.330000e-06	1.132565e-06	2.220409e-09	8.236678e+00	1.392179e+02
5.340000e-06	1.076849e-06	2.182947e-09	7.831474e+00	1.367310e+02
5.350000e-06	1.021010e-06	2.146590e-09	7.425382e+00	1.342185e+02
5.360000e-06	9.651282e-07	2.107322e-09	7.018976e+00	1.316805e+02
5.370000e-06	9.092179e-07	2.064123e-09	6.612364e+00	1.291169e+02
5.380000e-06	8.532863e-07	2.019912e-09	6.205597e+00	1.265279e+02
5.390000e-06	7.972668e-07	1.979410e-09	5.798190e+00	1.239136e+02
5.400000e-06	7.412439e-07	1.940947e-09	5.390759e+00	1.212740e+02
5.410000e-06	6.852338e-07	1.901445e-09	4.983421e+00	1.186091e+02
5.420000e-06	6.291578e-07	1.858347e-09	4.575603e+00	1.159189e+02
5.430000e-06	5.730674e-07	1.814577e-09	4.167681e+00	1.132033e+02
5.440000e-06	5.169780e-07	1.771379e-09	3.759766e+00	1.104622e+02
5.450000e-06	4.608106e-07	1.727298e-09	3.351284e+00	1.076954e+02
5.460000e-06	4.046285e-07	1.682312e-09	2.942695e+00	1.049028e+02
5.470000e-06	3.483894e-07	1.636483e-09	2.533691e+00	1.020839e+02
5.480000e-06	2.920543e-07	1.586797e-09	2.123990e+00	9.923863e+01
5.490000e-06	2.357687e-07	1.537235e-09	1.714648e+00	9.636646e+01
5.500000e-06	1.795178e-07	1.490796e-09	1.305558e+00	9.346698e+01
5.510000e-06	1.232325e-07	1.443067e-09	8.962190e-01	9.053971e+01
5.520000e-06	6.692775e-08	1.393211e-09	4.867378e-01	8.758415e+01
5.530000e-06	1.064424e-08	1.342772e-09	7.741117e-02	8.459972e+01
5.540000e-06	-4.564031e-08	1.294042e-09	-3.319230e-01	8.158586e+01
5.550000e-06	-1.019160e-07	1.244970e-09	-7.411929e-01	7.854194e+01
5.560000e-06	-1.581800e-07	1.193799e-09	-1.150377e+00	7.546735e+01
5.570000e-06	-2.144353e-07	1.140613e-09	-1.559499e+00	7.236145e+01
5.580000e-06	-2.706670e-07	1.087720e-09	-1.968449e+00	6.922362e+01
5.590000e-06	-3.269086e-07	1.036597e-09	-2.377470e+00	6.605323e+01
5.600000e-06	-3.831770e-07	9.850520e-10	-2.786687e+00	6.284968e+01
5.610000e-06	-4.394242e-07	9.299945e-10	-3.195750e+00	5.961239e+01
5.620000e-06	-4.956069e-07	8.754085e-10	-3.604343e+00	5.634081e+01
5.630000e-06	-5.517584e-07	8.232372e-10	-4.012710e+00	5.303444e+01
5.640000e-06	-6.078351e-07	7.723101e-10	-4.420532e+00	4.969281e+01
5.650000e-06	-6.638715e-07	7.211649e-10	-4.828062e+00	4.631553e+01
5.660000e-06	-7.199160e-07	6.681359e-10	-5.235650e+00	4.290228e+01
5.670000e-06	-7.759551e-07	6.131519e-10	-5.643199e+00	3.945278e+01
5.680000e-06	-8.319678e-07	5.587909e-10	-6.050556e+00	3.596686e+01
5.690000e-06	-8.878415e-07	5.026918e-10	-6.456902e+00	3.244445e+01
5.700000e-06	-9.436748e-07	4.427899e-10	-6.862955e+00	2.888555e+01
5.710000e-06	-9.995569e-07	3.816470e-10	-7.269362e+00	2.529028e+01
5.720000e-06	-1.055374e-06	3.236148e-10	-7.675294e+00	2.165890e+01
5.730000e-06	-1.111116e-06	2.696063e-10	-8.080689e+00	1.799176e+01
5.740000e-06	-1.166838e-06	2.168365e-10	-8.485927e+00	1.428935e+01
5.750000e-06	-1.222491e-06	1.611707e-10	-8.890671e+00	1.055232e+01
5.760000e-06	-1.278013e-06	1.022540e-10	-9.294456e+00	6.781448e+00
5.770000e-06	-1.333282e-06	4.286338e-11	-9.696409e+00	2.977673e+00
5.780000e-06	-1.388440e-06	-1.623367e-11	-1.009755e+01	-8.579055e-01
5.790000e-06	-1.443536e-06	-7.643326e-11	-1.049824e+01	-4.724026e+00
5.800000e-06	-1.498434e-06	-1.426178e-10	-1.089749e+01	-8.619256e+00
5.810000e-06	-1.553159e-06	-2.093660e-10	-1.129548e+01	-1.254200e+01
5.820000e-06	-1.607762e-06	-2.713934e-10	-1.169259e+01	-1.649048e+01
5.830000e-06	-1.662138e-06	-3.325798e-10	-1.208804e+01	-2.046275e+01
5.840000e-06	-1.716293e-06	-3.963991e-10	-1.248189e+01	-2.445673e+01
5.850000e-06	-1.770333e-06	-4.603908e-10	-1.287489e+01	-2.847013e+01
5.860000e-06	-1.824066e-06	-5.229579e-10	-1.326567e+01	-3.250054e+01
5.870000e-06	-1.877527e-06	-5.851814e-10	-1.365447e+01	-3.654540e+01
5.880000e-06	-1.930879e-06	-6.504393e-10	-1.404248e+01	-4.060203e+01
5.890000e-06	-1.984068e-06	-7.178553e-10	-1.442930e+01	-4.466762e+01
5.900000e-06	-2.037013e-06	-7.846615e-10	-1.481435e+01	-4.873927e+01
5.910000e-06	-2.089762e-06	-8.505779e-10	-1.519797e+01	-5.281401e+01
5.920000e-06	-2.142366e-06	-9.153904e-10	-1.558054e+01	-5.688878e+01
5.930000e-06	-2.194888e-06	-9.797510e-10	-1.596251e+01	-6.096053e+01
5.940000e-06	-2.247227e-06	-1.044789e-09	-1.634315e+01	-6.502615e+01
5.950000e-06	-2.299275e-06	-1.109923e-09	-1.672167e+01	-6.908256e+01
5.960000e-06	-2.351099e-06	-1.174491e-09	-1.709857e+01	-7.312672e+01
5.970000e-06	-2.402834e-06	-1.234864e-09	-1.747481e+01	-7.715564e+01
5.980000e-06	-2.454457e-06	-1.295118e-09	-1.785025e+01	-8.116640e+01
5.990000e-06	-2.505858e-06	-1.359276e-09	-1.822407e+01	-8.515619e+01
6.000000e-06	-2.557092e-06	-1.425372e-09	-1.859667e+01	-8.912233e+01
6.010000e-06	-2.608097e-06	-1.490469e-09	-1.896761e+01	-9.306227e+01
6.020000e-06	-2.658904e-06	-1.553454e-09	-1.933711e+01	-9.697361e+01
6.030000e-06	-2.709486e-06	-1.616268e-09	-1.970497e+01	-1.008541e+02
6.040000e-06	-2.759788e-06	-1.679106e-09	-2.007079e+01	-1.047018e+02
6.050000e-06	-2.810004e-06	-1.740973e-09	-2.043599e+01	-1.085148e+02
6.060000e-06	-2.859990e-06	-1.801910e-09	-2.079952e+01	-1.122914e+02
6.070000e-06	-2.909623e-06	-1.860850e-09	-2.116048e+01	-1.160302e+02
6.080000e-06	-2.958935e-06	-1.919826e-09	-2.151911e+01	-1.197298e+02
6.090000e-06	-3.007891e-06	-1.982648e-09	-2.187514e+01	-1.233893e+02
6.100000e-06	-3.056503e-06	-2.045578e-09	-2.222868e+01	-1.270076e+02
6.110000e-06	-3.104786e-06	-2.104818e-09	-2.257982e+01	-1.305840e+02
6.120000e-06	-3.152796e-06	-2.160465e-09	-2.292897e+01	-1.341179e+02
6.130000e-06	-3.200575e-06	-2.220077e-09	-2.327645e+01	-1.376089e+02
6.140000e-06	-3.248021e-06	-2.281802e-09	-2.362150e+01	-1.410564e+02
6.150000e-06	-3.295242e-06	-2.338375e-09	-2.396493e+01	-1.444604e+02
6.160000e-06	-3.342452e-06	-2.389419e-09	-2.430827e+01	-1.478205e+02
6.170000e-06	-3.389366e-06	-2.443438e-09	-2.464945e+01	-1.511366e+02
6.180000e-06	-3.435931e-06	-2.500305e-09	-2.498810e+01	-1.544087e+02
6.190000e-06	-3.482350e-06	-2.554398e-09	-2.532569e+01	-1.576366e+02
6.200000e-06	-3.528592e-06	-2.604662e-09	-2.566198e+01	-1.608202e+02
6.210000e-06	-3.574625e-06	-2.655490e-09	-2.599677e+01	-1.639594e+02
6.220000e-06	-3.620449e-06	-2.709721e-09	-2.633002e+01	-1.670541e+02
6.230000e-06	-3.666044e-06	-2.764283e-09	-2.666161e+01	-1.701043e+02
6.240000e-06	-3.711375e-06	-2.814060e-09	-2.699129e+01	-1.731096e+02
6.250000e-06	-3.756354e-06	-2.860017e-09	-2.731841e+01	-1.760698e+02
6.260000e-06	-3.801108e-06	-2.907055e-09	-2.764388e+01	-1.789848e+02
6.270000e-06	-3.845634e-06	-2.953262e-09	-2.796770e+01	-1.818542e+02
6.280000e-06	-3.889954e-06	-2.999207e-09	-2.829002e+01	-1.846777e+02
6.290000e-06	-3.934128e-06	-3.042238e-09	-2.861128e+01	-1.874550e+02
6.300000e-06	-3.978141e-06	-3.081564e-09	-2.893137e+01	-1.901857e+02
6.310000e-06	-4.021981e-06	-3.122568e-09	-2.925020e+01	-1.928697e+02
6.320000e-06	-4.065541e-06	-3.166472e-09	-2.956699e+01	-1.955064e+02
6.330000e-06	-4.108843e-06	-3.210294e-09	-2.988191e+01	-1.980959e+02
6.340000e-06	-4.151896e-06	-3.250802e-09	-3.019501e+01	-2.006378e+02
6.350000e-06	-4.194649e-06	-3.287004e-09	-3.050594e+01	-2.031321e+02
6.360000e-06	-4.237108e-06	-3.324203e-09	-3.081473e+01	-2.055787e+02
6.370000e-06	-4.279351e-06	-3.364676e-09	-3.112194e+01	-2.079779e+02
6.380000e-06	-4.321347e-06	-3.402363e-09	-3.142736e+01	-2.103298e+02
6.390000e-06	-4.363000e-06	-3.434851e-09	-3.173028e+01	-2.126348e+02
6.400000e-06	-4.404296e-06	-3.465310e-09	-3.203061e+01	-2.148935e+02
6.410000e-06	-4.445265e-06	-3.495689e-09	-3.232857e+01	-2.171063e+02
6.420000e-06	-4.485888e-06	-3.528412e-09	-3.262400e+01	-2.192741e+02
6.430000e-06	-4.526215e-06	-3.562271e-09	-3.291728e+01	-2.213979e+02
6.440000e-06	-4.566389e-06	-3.597287e-09	-3.320945e+01	-2.234786e+02
6.450000e-06	-4.606416e-06	-3.632881e-09	-3.350055e+01	-2.255173e+02
6.460000e-06	-4.646101e-06	-3.665124e-09	-3.378917e+01	-2.275154e+02
6.470000e-06	-4.685472e-06	-3.696055e-09	-3.407549e+01	-2.294740e+02
6.480000e-06	-4.724557e-06	-3.728773e-09	-3.435974e+01	-2.313946e+02
6.490000e-06	-4.763198e-06	-3.761870e-09	-3.464076e+01	-2.332785e+02
6.500000e-06	-4.801290e-06	-3.790151e-09	-3.491779e+01	-2.351272e+02
6.510000e-06	-4.838754e-06	-3.812575e-09	-3.519025e+01	-2.369420e+02
6.520000e-06	-4.875848e-06	-3.837124e-09	-3.546002e+01	-2.387242e+02
6.530000e-06	-4.912581e-06	-3.866508e-09	-3.572716e+01	-2.404750e+02
6.540000e-06	-4.948882e-06	-3.897124e-09	-3.599116e+01	-2.421958e+02
6.550000e-06	-4.984936e-06	-3.927610e-09	-3.625337e+01	-2.438874e+02
6.560000e-06	-5.020738e-06	-3.955642e-09	-3.651374e+01	-2.455509e+02
6.570000e-06	-5.056311e-06	-3.978206e-09	-3.677245e+01	-2.471870e+02
6.580000e-06	-5.091561e-06	-4.001600e-09	-3.702881e+01	-2.487962e+02
6.590000e-06	-5.126407e-06	-4.030563e-09	-3.728223e+01	-2.503791e+02
6.600000e-06	-5.160821e-06	-4.056713e-09	-3.753250e+01	-2.519359e+02
6.610000e-06	-5.194812e-06	-4.073284e-09	-3.777971e+01	-2.534666e+02
6.620000e-06	-5.228487e-06	-4.088645e-09	-3.802462e+01	-2.549713e+02
6.630000e-06	-5.261845e-06	-4.109793e-09	-3.826721e+01	-2.564498e+02
6.640000e-06	-5.294829e-06	-4.135671e-09	-3.850709e+01	-2.579016e+02
6.650000e-06	-5.327445e-06	-4.160685e-09	-3.874430e+01	-2.593264e+02
6.660000e-06	-5.359781e-06	-4.181411e-09	-3.897946e+01	-2.607235e+02
6.670000e-06	-5.391901e-06	-4.203492e-09	-3.921305e+01	-2.620924e+02
6.680000e-06	-5.423785e-06	-4.228538e-09	-3.944493e+01	-2.634325e+02
6.690000e-06	-5.455265e-06	-4.253382e-09	-3.967388e+01	-2.647430e+02
6.700000e-06	-5.486226e-06	-4.274247e-09	-3.989905e+01	-2.660233e+02
6.710000e-06	-5.516623e-06	-4.289370e-09	-4.012011e+01	-2.672729e+02
6.720000e-06	-5.546498e-06	-4.302139e-09	-4.033737e+01	-2.684912e+02
6.730000e-06	-5.575789e-06	-4.318428e-09	-4.055040e+01	-2.696779e+02
6.740000e-06	-5.604413e-06	-4.340666e-09	-4.075857e+01	-2.708326e+02
6.750000e-06	-5.632665e-06	-4.363864e-09	-4.096404e+01	-2.719552e+02
6.760000e-06	-5.660734e-06	-4.380361e-09	-4.116816e+01	-2.730458e+02
6.770000e-06	-5.688545e-06	-4.394974e-09	-4.137043e+01	-2.741045e+02
6.780000e-06	-5.716023e-06	-4.415360e-09	-4.157026e+01	-2.751318e+02
6.790000e-06	-5.743091e-06	-4.437206e-09	-4.176712e+01	-2.761282e+02
6.800000e-06	-5.769746e-06	-4.452021e-09	-4.196096e+01	-2.770944e+02
6.810000e-06	-5.795997e-06	-4.458867e-09	-4.215188e+01	-2.780314e+02
6.820000e-06	-5.821809e-06	-4.467265e-09	-4.233960e+01	-2.789401e+02
6.830000e-06	-5.847193e-06	-4.482799e-09	-4.252421e+01	-2.798218e+02
6.840000e-06	-5.872156e-06	-4.499038e-09	-4.270575e+01	-2.806778e+02
6.850000e-06	-5.896770e-06	-4.510449e-09	-4.288476e+01	-2.815094e+02
6.860000e-06	-5.921092e-06	-4.518180e-09	-4.306164e+01	-2.823181e+02
6.870000e-06	-5.945161e-06	-4.528822e-09	-4.323669e+01	-2.831052e+02
6.880000e-06	-5.968939e-06	-4.543414e-09	-4.340961e+01	-2.838723e+02
6.890000e-06	-5.992271e-06	-4.552745e-09	-4.357930e+01	-2.846207e+02
6.900000e-06	-6.015048e-06	-4.556477e-09	-4.374495e+01	-2.853517e+02
6.910000e-06	-6.037143e-06	-4.562679e-09	-4.390563e+01	-2.860665e+02
6.920000e-06	-6.058545e-06	-4.570737e-09	-4.406128e+01	-2.867663e+02
6.930000e-06	-6.079366e-06	-4.578425e-09	-4.421271e+01	-2.874519e+02
6.940000e-06	-6.099788e-06	-4.585893e-09	-4.436123e+01	-2.881241e+02
6.950000e-06	-6.119961e-06	-4.594838e-09	-4.450794e+01	-2.887835e+02
6.960000e-06	-6.139826e-06	-4.604630e-09	-4.465241e+01	-2.894305e+02
6.970000e-06	-6.159243e-06	-4.615001e-09	-4.479361e+01	-2.900653e+02
6.980000e-06	-6.178244e-06	-4.625367e-09	-4.493180e+01	-2.906879e+02
6.990000e-06	-6.196948e-06	-4.633650e-09	-4.506783e+01	-2.912980e+02
7.000000e-06	-6.215285e-06	-4.640110e-09	-4.520119e+01	-2.918954e+02
7.010000e-06	-6.233129e-06	-4.646558e-09	-4.533096e+01	-2.924794e+02
7.020000e-06	-6.250431e-06	-4.654902e-09	-4.545679e+01	-2.930495e+02
7.030000e-06	-6.267331e-06	-4.663341e-09	-4.557970e+01	-2.936050e+02
7.040000e-06	-6.283938e-06	-4.668507e-09	-4.570047e+01	-2.941449e+02
7.050000e-06	-6.300212e-06	-4.670883e-09	-4.581882e+01	-2.946684e+02
7.060000e-06	-6.316172e-06	-4.674135e-09	-4.593490e+01	-2.951745e+02
7.070000e-06	-6.331789e-06	-4.681011e-09	-4.604847e+01	-2.956626e+02
7.080000e-06	-6.346831e-06	-4.687158e-09	-4.615787e+01	-2.961316e+02
7.090000e-06	-6.361035e-06	-4.689542e-09	-4.626117e+01	-2.965809e+02
7.100000e-06	-6.374505e-06	-4.692347e-09	-4.635913e+01	-2.970098e+02
7.110000e-06	-6.387404e-06	-4.697750e-09	-4.645294e+01	-2.974179e+02
7.120000e-06	-6.399781e-06	-4.702900e-09	-4.654295e+01	-2.978047e+02
7.130000e-06	-6.411792e-06	-4.706569e-09	-4.663030e+01	-2.981702e+02
7.140000e-06	-6.423382e-06	-4.710386e-09	-4.671459e+01	-2.985142e+02
7.150000e-06	-6.434409e-06	-4.713636e-09	-4.679478e+01	-2.988369e+02
7.160000e-06	-6.444933e-06	-4.715862e-09	-4.687132e+01	-2.991388e+02
7.170000e-06	-6.455022e-06	-4.718625e-09	-4.694469e+01	-2.994203e+02
7.180000e-06	-6.464710e-06	-4.721538e-09	-4.701515e+01	-2.996820e+02
7.190000e-06	-6.473865e-06	-4.723364e-09	-4.708173e+01	-2.999249e+02
7.200000e-06	-6.482501e-06	-4.724154e-09	-4.714454e+01	-3.001497e+02
7.210000e-06	-6.490783e-06	-4.727096e-09	-4.720477e+01	-3.003577e+02
7.220000e-06	-6.498768e-06	-4.732524e-09	-4.726284e+01	-3.005497e+02
7.230000e-06	-6.506487e-06	-4.737008e-09	-4.731898e+01	-3.007270e+02
7.240000e-06	-6.513870e-06	-4.739298e-09	-4.737267e+01	-3.008906e+02
7.250000e-06	-6.520669e-06	-4.740460e-09	-4.742212e+01	-3.010416e+02
7.260000e-06	-6.526708e-06	-4.743097e-09	-4.746603e+01	-3.011810e+02
7.270000e-06	-6.532049e-06	-4.745763e-09	-4.750488e+01	-3.013097e+02
7.280000e-06	-6.536780e-06	-4.746548e-09	-4.753929e+01	-3.014284e+02
7.290000e-06	-6.541068e-06	-4.745621e-09	-4.757047e+01	-3.015377e+02
7.300000e-06	-6.545104e-06	-4.745512e-09	-4.759982e+01	-3.016382e+02
7.310000e-06	-6.548885e-06	-4.747373e-09	-4.762732e+01	-3.017300e+02
7.320000e-06	-6.552154e-06	-4.750743e-09	-4.765109e+01	-3.018131e+02
7.330000e-06	-6.554911e-06	-4.755005e-09	-4.767115e+01	-3.018875e+02
7.340000e-06	-6.557256e-06	-4.757736e-09	-4.768820e+01	-3.019529e+02
7.350000e-06	-6.559169e-06	-4.757073e-09	-4.770211e+01	-3.020086e+02
7.360000e-06	-6.560630e-06	-4.756933e-09	-4.771274e+01	-3.020541e+02
7.370000e-06	-6.561669e-06	-4.760088e-09	-4.772030e+01	-3.020884e+02
7.380000e-06	-6.562294e-06	-4.762652e-09	-4.772484e+01	-3.021107e+02
