# Temperatura_=_20.0
# Concentracion g/m^3_=_12600.0
# C_Vs_to_Am_M_A/Vsm_=_65563218390.804596
# pendiente_HvsI_1/m_=_3716.3
# ordenada_HvsI_A/m_=_1297.0
# frecuencia_Hz_=_135364.7244778156

Tiempo_(s)	Campo_(V.s)	Magnetizacion_(V.s)	Campo_(kA/m)	Magnetizacion_(A/m)
0.000000e+00	-6.624340e-06	-5.049309e-09	-4.771912e+01	-3.202921e+02
1.000000e-08	-6.624272e-06	-5.047440e-09	-4.771863e+01	-3.203397e+02
2.000000e-08	-6.623909e-06	-5.047668e-09	-4.771601e+01	-3.203671e+02
3.000000e-08	-6.623168e-06	-5.052688e-09	-4.771067e+01	-3.203705e+02
4.000000e-08	-6.621722e-06	-5.049764e-09	-4.770026e+01	-3.203465e+02
5.000000e-08	-6.619502e-06	-5.043067e-09	-4.768426e+01	-3.202918e+02
6.000000e-08	-6.616676e-06	-5.039960e-09	-4.766391e+01	-3.202032e+02
7.000000e-08	-6.613277e-06	-5.026990e-09	-4.763942e+01	-3.200780e+02
8.000000e-08	-6.609532e-06	-4.992428e-09	-4.761245e+01	-3.199139e+02
9.000000e-08	-6.605415e-06	-4.999174e-09	-4.758279e+01	-3.197092e+02
1.000000e-07	-6.600544e-06	-5.121838e-09	-4.754770e+01	-3.194627e+02
1.100000e-07	-6.594908e-06	-5.217624e-09	-4.750710e+01	-3.191739e+02
1.200000e-07	-6.588924e-06	-5.052299e-09	-4.746399e+01	-3.188431e+02
1.300000e-07	-6.582829e-06	-4.764718e-09	-4.742009e+01	-3.184713e+02
1.400000e-07	-6.576402e-06	-4.820936e-09	-4.737379e+01	-3.180599e+02
1.500000e-07	-6.569305e-06	-5.188905e-09	-4.732267e+01	-3.176114e+02
1.600000e-07	-6.561724e-06	-5.222307e-09	-4.726806e+01	-3.171288e+02
1.700000e-07	-6.553879e-06	-4.916278e-09	-4.721155e+01	-3.166157e+02
1.800000e-07	-6.545633e-06	-4.840197e-09	-4.715214e+01	-3.160763e+02
1.900000e-07	-6.537136e-06	-4.922393e-09	-4.709093e+01	-3.155151e+02
2.000000e-07	-6.528553e-06	-5.137034e-09	-4.702910e+01	-3.149371e+02
2.100000e-07	-6.519578e-06	-5.201516e-09	-4.696446e+01	-3.143475e+02
2.200000e-07	-6.509441e-06	-5.017105e-09	-4.689143e+01	-3.137516e+02
2.300000e-07	-6.498177e-06	-4.736311e-09	-4.681029e+01	-3.131549e+02
2.400000e-07	-6.486617e-06	-4.915869e-09	-4.672702e+01	-3.125625e+02
2.500000e-07	-6.474792e-06	-5.210969e-09	-4.664183e+01	-3.119795e+02
2.600000e-07	-6.462197e-06	-4.983007e-09	-4.655110e+01	-3.114106e+02
2.700000e-07	-6.448857e-06	-4.536135e-09	-4.645501e+01	-3.108599e+02
2.800000e-07	-6.435267e-06	-4.656707e-09	-4.635711e+01	-3.103311e+02
2.900000e-07	-6.421209e-06	-4.975389e-09	-4.625584e+01	-3.098274e+02
3.000000e-07	-6.406365e-06	-4.786519e-09	-4.614891e+01	-3.093511e+02
3.100000e-07	-6.391020e-06	-4.469663e-09	-4.603837e+01	-3.089037e+02
3.200000e-07	-6.375061e-06	-4.627531e-09	-4.592341e+01	-3.084863e+02
3.300000e-07	-6.358330e-06	-4.757887e-09	-4.580289e+01	-3.080987e+02
3.400000e-07	-6.341274e-06	-4.571109e-09	-4.568002e+01	-3.077404e+02
3.500000e-07	-6.323997e-06	-4.651763e-09	-4.555557e+01	-3.074097e+02
3.600000e-07	-6.306236e-06	-4.757051e-09	-4.542762e+01	-3.071046e+02
3.700000e-07	-6.287994e-06	-4.590334e-09	-4.529622e+01	-3.068221e+02
3.800000e-07	-6.269353e-06	-4.471971e-09	-4.516193e+01	-3.065588e+02
3.900000e-07	-6.250253e-06	-4.678658e-09	-4.502435e+01	-3.063107e+02
4.000000e-07	-6.230765e-06	-4.657043e-09	-4.488396e+01	-3.060736e+02
4.100000e-07	-6.211022e-06	-4.518129e-09	-4.474174e+01	-3.058426e+02
4.200000e-07	-6.190921e-06	-4.474894e-09	-4.459693e+01	-3.056132e+02
4.300000e-07	-6.170468e-06	-4.564752e-09	-4.444960e+01	-3.053802e+02
4.400000e-07	-6.149647e-06	-4.589284e-09	-4.429962e+01	-3.051389e+02
4.500000e-07	-6.128259e-06	-4.575202e-09	-4.414555e+01	-3.048846e+02
4.600000e-07	-6.106470e-06	-4.510267e-09	-4.398859e+01	-3.046127e+02
4.700000e-07	-6.084388e-06	-4.521322e-09	-4.382952e+01	-3.043193e+02
4.800000e-07	-6.061841e-06	-4.508468e-09	-4.366710e+01	-3.040005e+02
4.900000e-07	-6.038837e-06	-4.487216e-09	-4.350138e+01	-3.036531e+02
5.000000e-07	-6.015435e-06	-4.538558e-09	-4.333280e+01	-3.032747e+02
5.100000e-07	-5.991755e-06	-4.542991e-09	-4.316223e+01	-3.028630e+02
5.200000e-07	-5.967798e-06	-4.403567e-09	-4.298965e+01	-3.024166e+02
5.300000e-07	-5.943511e-06	-4.390007e-09	-4.281470e+01	-3.019347e+02
5.400000e-07	-5.918703e-06	-4.522202e-09	-4.263599e+01	-3.014170e+02
5.500000e-07	-5.893163e-06	-4.495529e-09	-4.245201e+01	-3.008640e+02
5.600000e-07	-5.866753e-06	-4.374338e-09	-4.226176e+01	-3.002765e+02
5.700000e-07	-5.839664e-06	-4.369619e-09	-4.206662e+01	-2.996558e+02
5.800000e-07	-5.812206e-06	-4.415963e-09	-4.186882e+01	-2.990039e+02
5.900000e-07	-5.784473e-06	-4.404868e-09	-4.166905e+01	-2.983228e+02
6.000000e-07	-5.756566e-06	-4.405643e-09	-4.146802e+01	-2.976149e+02
6.100000e-07	-5.728432e-06	-4.380247e-09	-4.126535e+01	-2.968830e+02
6.200000e-07	-5.699897e-06	-4.331044e-09	-4.105979e+01	-2.961298e+02
6.300000e-07	-5.670951e-06	-4.318840e-09	-4.085128e+01	-2.953579e+02
6.400000e-07	-5.641607e-06	-4.381974e-09	-4.063990e+01	-2.945701e+02
6.500000e-07	-5.611851e-06	-4.387305e-09	-4.042555e+01	-2.937690e+02
6.600000e-07	-5.581747e-06	-4.301405e-09	-4.020869e+01	-2.929569e+02
6.700000e-07	-5.551275e-06	-4.225593e-09	-3.998918e+01	-2.921360e+02
6.800000e-07	-5.520347e-06	-4.287645e-09	-3.976639e+01	-2.913079e+02
6.900000e-07	-5.488993e-06	-4.350599e-09	-3.954053e+01	-2.904743e+02
7.000000e-07	-5.457391e-06	-4.294052e-09	-3.931288e+01	-2.896361e+02
7.100000e-07	-5.425626e-06	-4.190066e-09	-3.908405e+01	-2.887941e+02
7.200000e-07	-5.393660e-06	-4.201368e-09	-3.885378e+01	-2.879487e+02
7.300000e-07	-5.361289e-06	-4.273174e-09	-3.862060e+01	-2.870996e+02
7.400000e-07	-5.328400e-06	-4.283630e-09	-3.838368e+01	-2.862466e+02
7.500000e-07	-5.294993e-06	-4.194983e-09	-3.814303e+01	-2.853891e+02
7.600000e-07	-5.260890e-06	-4.135622e-09	-3.789736e+01	-2.845259e+02
7.700000e-07	-5.226079e-06	-4.174924e-09	-3.764660e+01	-2.836559e+02
7.800000e-07	-5.190868e-06	-4.226146e-09	-3.739295e+01	-2.827777e+02
7.900000e-07	-5.155381e-06	-4.179926e-09	-3.713732e+01	-2.818900e+02
8.000000e-07	-5.119593e-06	-4.102569e-09	-3.687952e+01	-2.809912e+02
8.100000e-07	-5.083613e-06	-4.098370e-09	-3.662033e+01	-2.800797e+02
8.200000e-07	-5.047325e-06	-4.138214e-09	-3.635892e+01	-2.791542e+02
8.300000e-07	-5.010685e-06	-4.137303e-09	-3.609498e+01	-2.782133e+02
8.400000e-07	-4.973690e-06	-4.094529e-09	-3.582849e+01	-2.772559e+02
8.500000e-07	-4.936267e-06	-4.056843e-09	-3.555891e+01	-2.762809e+02
8.600000e-07	-4.898507e-06	-4.052722e-09	-3.528690e+01	-2.752877e+02
8.700000e-07	-4.860481e-06	-4.065035e-09	-3.501298e+01	-2.742758e+02
8.800000e-07	-4.822149e-06	-4.051425e-09	-3.473685e+01	-2.732448e+02
8.900000e-07	-4.783477e-06	-4.011984e-09	-3.445827e+01	-2.721949e+02
9.000000e-07	-4.744420e-06	-3.977299e-09	-3.417692e+01	-2.711263e+02
9.100000e-07	-4.704991e-06	-3.973223e-09	-3.389289e+01	-2.700395e+02
9.200000e-07	-4.665378e-06	-3.978818e-09	-3.360753e+01	-2.689352e+02
9.300000e-07	-4.625581e-06	-3.971802e-09	-3.332085e+01	-2.678144e+02
9.400000e-07	-4.585528e-06	-3.939388e-09	-3.303232e+01	-2.666780e+02
9.500000e-07	-4.545191e-06	-3.905493e-09	-3.274176e+01	-2.655271e+02
9.600000e-07	-4.504395e-06	-3.885579e-09	-3.244788e+01	-2.643630e+02
9.700000e-07	-4.463083e-06	-3.889826e-09	-3.215028e+01	-2.631868e+02
9.800000e-07	-4.421346e-06	-3.881993e-09	-3.184962e+01	-2.619996e+02
9.900000e-07	-4.379188e-06	-3.843757e-09	-3.154594e+01	-2.608024e+02
1.000000e-06	-4.336579e-06	-3.796552e-09	-3.123899e+01	-2.595961e+02
1.010000e-06	-4.293519e-06	-3.789233e-09	-3.092881e+01	-2.583814e+02
1.020000e-06	-4.250107e-06	-3.802512e-09	-3.061608e+01	-2.571587e+02
1.030000e-06	-4.206486e-06	-3.787356e-09	-3.030185e+01	-2.559284e+02
1.040000e-06	-4.162679e-06	-3.734146e-09	-2.998629e+01	-2.546905e+02
1.050000e-06	-4.118683e-06	-3.698945e-09	-2.966936e+01	-2.534446e+02
1.060000e-06	-4.074520e-06	-3.708138e-09	-2.935123e+01	-2.521903e+02
1.070000e-06	-4.030083e-06	-3.714559e-09	-2.903112e+01	-2.509267e+02
1.080000e-06	-3.985260e-06	-3.670950e-09	-2.870823e+01	-2.496530e+02
1.090000e-06	-3.940114e-06	-3.616175e-09	-2.838302e+01	-2.483677e+02
1.100000e-06	-3.894677e-06	-3.603358e-09	-2.805571e+01	-2.470695e+02
1.110000e-06	-3.848923e-06	-3.615678e-09	-2.772611e+01	-2.457569e+02
1.120000e-06	-3.802960e-06	-3.594610e-09	-2.739501e+01	-2.444281e+02
1.130000e-06	-3.756709e-06	-3.544948e-09	-2.706184e+01	-2.430814e+02
1.140000e-06	-3.710152e-06	-3.513467e-09	-2.672646e+01	-2.417150e+02
1.150000e-06	-3.663365e-06	-3.506208e-09	-2.638943e+01	-2.403271e+02
1.160000e-06	-3.616386e-06	-3.494877e-09	-2.605101e+01	-2.389162e+02
1.170000e-06	-3.569170e-06	-3.461647e-09	-2.571088e+01	-2.374806e+02
1.180000e-06	-3.521739e-06	-3.422253e-09	-2.536921e+01	-2.360188e+02
1.190000e-06	-3.474186e-06	-3.392352e-09	-2.502666e+01	-2.345297e+02
1.200000e-06	-3.426415e-06	-3.374041e-09	-2.468253e+01	-2.330122e+02
1.210000e-06	-3.378417e-06	-3.352820e-09	-2.433678e+01	-2.314655e+02
1.220000e-06	-3.330147e-06	-3.321420e-09	-2.398906e+01	-2.298891e+02
1.230000e-06	-3.281555e-06	-3.286170e-09	-2.363902e+01	-2.282826e+02
1.240000e-06	-3.232521e-06	-3.259120e-09	-2.328580e+01	-2.266459e+02
1.250000e-06	-3.183066e-06	-3.239044e-09	-2.292955e+01	-2.249794e+02
1.260000e-06	-3.133401e-06	-3.219279e-09	-2.257178e+01	-2.232833e+02
1.270000e-06	-3.083382e-06	-3.189988e-09	-2.221146e+01	-2.215584e+02
1.280000e-06	-3.032938e-06	-3.151296e-09	-2.184808e+01	-2.198053e+02
1.290000e-06	-2.982214e-06	-3.115937e-09	-2.148269e+01	-2.180251e+02
1.300000e-06	-2.931224e-06	-3.096822e-09	-2.111537e+01	-2.162188e+02
1.310000e-06	-2.879950e-06	-3.082584e-09	-2.074602e+01	-2.143875e+02
1.320000e-06	-2.828498e-06	-3.051588e-09	-2.037538e+01	-2.125323e+02
1.330000e-06	-2.776906e-06	-3.005849e-09	-2.000373e+01	-2.106545e+02
1.340000e-06	-2.725080e-06	-2.977782e-09	-1.963039e+01	-2.087550e+02
1.350000e-06	-2.673033e-06	-2.965792e-09	-1.925547e+01	-2.068350e+02
1.360000e-06	-2.620734e-06	-2.942637e-09	-1.887873e+01	-2.048954e+02
1.370000e-06	-2.568224e-06	-2.897867e-09	-1.850047e+01	-2.029368e+02
1.380000e-06	-2.515569e-06	-2.855729e-09	-1.812116e+01	-2.009599e+02
1.390000e-06	-2.462703e-06	-2.834611e-09	-1.774034e+01	-1.989651e+02
1.400000e-06	-2.409709e-06	-2.817220e-09	-1.735859e+01	-1.969527e+02
1.410000e-06	-2.356573e-06	-2.784712e-09	-1.697582e+01	-1.949227e+02
1.420000e-06	-2.303206e-06	-2.743567e-09	-1.659139e+01	-1.928750e+02
1.430000e-06	-2.249688e-06	-2.713703e-09	-1.620586e+01	-1.908091e+02
1.440000e-06	-2.196051e-06	-2.695666e-09	-1.581948e+01	-1.887247e+02
1.450000e-06	-2.142298e-06	-2.669987e-09	-1.543226e+01	-1.866210e+02
1.460000e-06	-2.088461e-06	-2.633001e-09	-1.504445e+01	-1.844973e+02
1.470000e-06	-2.034477e-06	-2.597516e-09	-1.465556e+01	-1.823528e+02
1.480000e-06	-1.980285e-06	-2.570966e-09	-1.426519e+01	-1.801864e+02
1.490000e-06	-1.925926e-06	-2.546691e-09	-1.387361e+01	-1.779972e+02
1.500000e-06	-1.871400e-06	-2.514720e-09	-1.348083e+01	-1.757843e+02
1.510000e-06	-1.816676e-06	-2.476791e-09	-1.308661e+01	-1.735465e+02
1.520000e-06	-1.761757e-06	-2.439211e-09	-1.269100e+01	-1.712831e+02
1.530000e-06	-1.706723e-06	-2.405253e-09	-1.229456e+01	-1.689933e+02
1.540000e-06	-1.651680e-06	-2.373699e-09	-1.189805e+01	-1.666762e+02
1.550000e-06	-1.596591e-06	-2.342768e-09	-1.150121e+01	-1.643312e+02
1.560000e-06	-1.541428e-06	-2.308845e-09	-1.110383e+01	-1.619580e+02
1.570000e-06	-1.486178e-06	-2.270711e-09	-1.070584e+01	-1.595561e+02
1.580000e-06	-1.430833e-06	-2.231243e-09	-1.030715e+01	-1.571254e+02
1.590000e-06	-1.375390e-06	-2.196313e-09	-9.907762e+00	-1.546658e+02
1.600000e-06	-1.319923e-06	-2.159510e-09	-9.508200e+00	-1.521775e+02
1.610000e-06	-1.264429e-06	-2.117478e-09	-9.108442e+00	-1.496606e+02
1.620000e-06	-1.208811e-06	-2.076134e-09	-8.707794e+00	-1.471156e+02
1.630000e-06	-1.153106e-06	-2.039367e-09	-8.306519e+00	-1.445427e+02
1.640000e-06	-1.097377e-06	-2.001931e-09	-7.905068e+00	-1.419427e+02
1.650000e-06	-1.041643e-06	-1.961262e-09	-7.503582e+00	-1.393159e+02
1.660000e-06	-9.858825e-07	-1.917135e-09	-7.101906e+00	-1.366630e+02
1.670000e-06	-9.300735e-07	-1.874842e-09	-6.699881e+00	-1.339846e+02
1.680000e-06	-8.741995e-07	-1.836774e-09	-6.297387e+00	-1.312813e+02
1.690000e-06	-8.182852e-07	-1.796855e-09	-5.894602e+00	-1.285535e+02
1.700000e-06	-7.623382e-07	-1.748606e-09	-5.491582e+00	-1.258016e+02
1.710000e-06	-7.064045e-07	-1.698369e-09	-5.088657e+00	-1.230261e+02
1.720000e-06	-6.503761e-07	-1.657157e-09	-4.685051e+00	-1.202272e+02
1.730000e-06	-5.942551e-07	-1.621727e-09	-4.280778e+00	-1.174049e+02
1.740000e-06	-5.381950e-07	-1.579703e-09	-3.876943e+00	-1.145592e+02
1.750000e-06	-4.820484e-07	-1.529269e-09	-3.472485e+00	-1.116901e+02
1.760000e-06	-4.258381e-07	-1.483515e-09	-3.067569e+00	-1.087973e+02
1.770000e-06	-3.697033e-07	-1.443535e-09	-2.663196e+00	-1.058803e+02
1.780000e-06	-3.135772e-07	-1.400627e-09	-2.258885e+00	-1.029386e+02
1.790000e-06	-2.573525e-07	-1.348333e-09	-1.853866e+00	-9.997170e+01
1.800000e-06	-2.011097e-07	-1.296514e-09	-1.448714e+00	-9.697873e+01
1.810000e-06	-1.449488e-07	-1.251513e-09	-1.044154e+00	-9.395895e+01
1.820000e-06	-8.873726e-08	-1.207831e-09	-6.392280e-01	-9.091149e+01
1.830000e-06	-3.244479e-08	-1.159696e-09	-2.337194e-01	-8.783544e+01
1.840000e-06	2.379448e-08	-1.111110e-09	1.714060e-01	-8.472987e+01
1.850000e-06	7.993912e-08	-1.063386e-09	5.758497e-01	-8.159385e+01
1.860000e-06	1.360700e-07	-1.015566e-09	9.801944e-01	-7.842646e+01
1.870000e-06	1.921910e-07	-9.690323e-10	1.384468e+00	-7.522680e+01
1.880000e-06	2.483496e-07	-9.230702e-10	1.789012e+00	-7.199401e+01
1.890000e-06	3.046516e-07	-8.754832e-10	2.194589e+00	-6.872731e+01
1.900000e-06	3.608888e-07	-8.244448e-10	2.599699e+00	-6.542596e+01
1.910000e-06	4.170137e-07	-7.749887e-10	3.004001e+00	-6.208929e+01
1.920000e-06	4.731063e-07	-7.283992e-10	3.408070e+00	-5.871673e+01
1.930000e-06	5.291978e-07	-6.811103e-10	3.812131e+00	-5.530778e+01
1.940000e-06	5.852870e-07	-6.301404e-10	4.216175e+00	-5.186200e+01
1.950000e-06	6.412772e-07	-5.782677e-10	4.619506e+00	-4.837906e+01
1.960000e-06	6.971921e-07	-5.291847e-10	5.022295e+00	-4.485869e+01
1.970000e-06	7.530264e-07	-4.817287e-10	5.424503e+00	-4.130068e+01
1.980000e-06	8.088291e-07	-4.311280e-10	5.826484e+00	-3.770492e+01
1.990000e-06	8.646420e-07	-3.758053e-10	6.228538e+00	-3.407134e+01
2.000000e-06	9.204080e-07	-3.186179e-10	6.630254e+00	-3.039995e+01
2.010000e-06	9.761226e-07	-2.654774e-10	7.031600e+00	-2.669079e+01
2.020000e-06	1.031840e-06	-2.146216e-10	7.432963e+00	-2.294401e+01
2.030000e-06	1.087549e-06	-1.605031e-10	7.834272e+00	-1.915979e+01
2.040000e-06	1.143232e-06	-1.035656e-10	8.235389e+00	-1.533840e+01
2.050000e-06	1.198869e-06	-4.725432e-11	8.636174e+00	-1.148016e+01
2.060000e-06	1.254371e-06	6.841253e-12	9.035990e+00	-7.585500e+00
2.070000e-06	1.309767e-06	6.182336e-11	9.435044e+00	-3.654952e+00
2.080000e-06	1.365225e-06	1.212569e-10	9.834538e+00	3.108489e-01
2.090000e-06	1.420683e-06	1.814415e-10	1.023404e+01	4.311133e+00
2.100000e-06	1.475893e-06	2.395284e-10	1.063175e+01	8.344982e+00
2.110000e-06	1.530929e-06	2.976894e-10	1.102821e+01	1.241131e+01
2.120000e-06	1.585951e-06	3.575854e-10	1.142456e+01	1.650885e+01
2.130000e-06	1.640897e-06	4.187541e-10	1.182037e+01	2.063613e+01
2.140000e-06	1.695741e-06	4.779818e-10	1.221545e+01	2.479146e+01
2.150000e-06	1.750508e-06	5.368313e-10	1.260997e+01	2.897292e+01
2.160000e-06	1.805106e-06	5.964524e-10	1.300327e+01	3.317834e+01
2.170000e-06	1.859618e-06	6.575281e-10	1.339595e+01	3.740532e+01
2.180000e-06	1.914064e-06	7.180060e-10	1.378816e+01	4.165119e+01
2.190000e-06	1.968359e-06	7.792519e-10	1.417928e+01	4.591306e+01
2.200000e-06	2.022507e-06	8.427032e-10	1.456934e+01	5.018777e+01
2.210000e-06	2.076476e-06	9.066617e-10	1.495811e+01	5.447196e+01
2.220000e-06	2.130330e-06	9.703637e-10	1.534605e+01	5.876207e+01
2.230000e-06	2.183966e-06	1.033452e-09	1.573243e+01	6.305435e+01
2.240000e-06	2.237363e-06	1.098003e-09	1.611708e+01	6.734493e+01
2.250000e-06	2.290658e-06	1.162887e-09	1.650099e+01	7.162980e+01
2.260000e-06	2.343825e-06	1.225000e-09	1.688399e+01	7.590491e+01
2.270000e-06	2.396749e-06	1.285806e-09	1.726523e+01	8.016618e+01
2.280000e-06	2.449482e-06	1.347059e-09	1.764510e+01	8.440957e+01
2.290000e-06	2.502127e-06	1.412392e-09	1.802433e+01	8.863110e+01
2.300000e-06	2.554563e-06	1.478783e-09	1.840206e+01	9.282691e+01
2.310000e-06	2.606793e-06	1.542299e-09	1.877830e+01	9.699333e+01
2.320000e-06	2.658899e-06	1.604548e-09	1.915365e+01	1.011269e+02
2.330000e-06	2.710855e-06	1.666033e-09	1.952793e+01	1.052244e+02
2.340000e-06	2.762602e-06	1.724401e-09	1.990069e+01	1.092830e+02
2.350000e-06	2.814088e-06	1.780147e-09	2.027157e+01	1.133001e+02
2.360000e-06	2.865247e-06	1.836675e-09	2.064010e+01	1.172734e+02
2.370000e-06	2.916070e-06	1.895099e-09	2.100621e+01	1.212012e+02
2.380000e-06	2.966546e-06	1.952843e-09	2.136982e+01	1.250819e+02
2.390000e-06	3.016744e-06	2.010911e-09	2.173143e+01	1.289145e+02
2.400000e-06	3.066646e-06	2.068780e-09	2.209090e+01	1.326984e+02
2.410000e-06	3.116054e-06	2.125235e-09	2.244682e+01	1.364331e+02
2.420000e-06	3.165040e-06	2.179796e-09	2.279969e+01	1.401188e+02
2.430000e-06	3.213737e-06	2.230862e-09	2.315049e+01	1.437557e+02
2.440000e-06	3.262174e-06	2.282178e-09	2.349941e+01	1.473443e+02
2.450000e-06	3.310394e-06	2.332530e-09	2.384676e+01	1.508857e+02
2.460000e-06	3.358425e-06	2.381134e-09	2.419276e+01	1.543806e+02
2.470000e-06	3.406252e-06	2.430898e-09	2.453729e+01	1.578304e+02
2.480000e-06	3.453978e-06	2.484622e-09	2.488109e+01	1.612361e+02
2.490000e-06	3.501517e-06	2.536938e-09	2.522354e+01	1.645989e+02
2.500000e-06	3.548775e-06	2.583831e-09	2.556397e+01	1.679202e+02
2.510000e-06	3.595808e-06	2.631342e-09	2.590277e+01	1.712009e+02
2.520000e-06	3.642633e-06	2.682656e-09	2.624009e+01	1.744421e+02
2.530000e-06	3.689231e-06	2.732541e-09	2.657576e+01	1.776446e+02
2.540000e-06	3.735615e-06	2.779836e-09	2.690989e+01	1.808090e+02
2.550000e-06	3.781702e-06	2.825006e-09	2.724188e+01	1.839357e+02
2.560000e-06	3.827474e-06	2.867275e-09	2.757161e+01	1.870248e+02
2.570000e-06	3.873072e-06	2.910862e-09	2.790008e+01	1.900763e+02
2.580000e-06	3.918436e-06	2.957743e-09	2.822685e+01	1.930898e+02
2.590000e-06	3.963521e-06	3.002943e-09	2.855163e+01	1.960648e+02
2.600000e-06	4.008332e-06	3.046004e-09	2.887444e+01	1.990004e+02
2.610000e-06	4.052878e-06	3.087848e-09	2.919533e+01	2.018956e+02
2.620000e-06	4.097133e-06	3.128494e-09	2.951412e+01	2.047494e+02
2.630000e-06	4.141128e-06	3.166233e-09	2.983105e+01	2.075604e+02
2.640000e-06	4.184951e-06	3.201082e-09	3.014673e+01	2.103273e+02
2.650000e-06	4.228532e-06	3.235955e-09	3.046066e+01	2.130488e+02
2.660000e-06	4.271863e-06	3.269816e-09	3.077281e+01	2.157235e+02
2.670000e-06	4.314880e-06	3.304650e-09	3.108269e+01	2.183502e+02
2.680000e-06	4.357455e-06	3.343245e-09	3.138938e+01	2.209277e+02
2.690000e-06	4.399655e-06	3.380072e-09	3.169337e+01	2.234552e+02
2.700000e-06	4.441327e-06	3.411844e-09	3.199356e+01	2.259319e+02
2.710000e-06	4.482340e-06	3.444333e-09	3.228900e+01	2.283572e+02
2.720000e-06	4.523041e-06	3.478468e-09	3.258219e+01	2.307310e+02
2.730000e-06	4.563444e-06	3.509888e-09	3.287324e+01	2.330535e+02
2.740000e-06	4.603436e-06	3.537088e-09	3.316132e+01	2.353250e+02
2.750000e-06	4.643220e-06	3.564135e-09	3.344791e+01	2.375462e+02
2.760000e-06	4.682831e-06	3.592933e-09	3.373325e+01	2.397181e+02
2.770000e-06	4.722229e-06	3.624400e-09	3.401706e+01	2.418422e+02
2.780000e-06	4.761362e-06	3.654642e-09	3.429896e+01	2.439199e+02
2.790000e-06	4.800031e-06	3.682637e-09	3.457752e+01	2.459530e+02
2.800000e-06	4.838316e-06	3.709151e-09	3.485331e+01	2.479435e+02
2.810000e-06	4.876326e-06	3.736688e-09	3.512712e+01	2.498936e+02
2.820000e-06	4.914017e-06	3.760828e-09	3.539863e+01	2.518054e+02
2.830000e-06	4.951338e-06	3.782889e-09	3.566747e+01	2.536811e+02
2.840000e-06	4.988348e-06	3.807850e-09	3.593408e+01	2.555229e+02
2.850000e-06	5.025028e-06	3.833835e-09	3.619831e+01	2.573330e+02
2.860000e-06	5.061364e-06	3.859384e-09	3.646006e+01	2.591131e+02
2.870000e-06	5.097478e-06	3.885513e-09	3.672021e+01	2.608651e+02
2.880000e-06	5.133342e-06	3.912624e-09	3.697856e+01	2.625905e+02
2.890000e-06	5.168997e-06	3.939348e-09	3.723540e+01	2.642905e+02
2.900000e-06	5.204383e-06	3.964995e-09	3.749031e+01	2.659659e+02
2.910000e-06	5.239355e-06	3.988976e-09	3.774224e+01	2.676174e+02
2.920000e-06	5.273850e-06	4.011113e-09	3.799072e+01	2.692451e+02
2.930000e-06	5.307732e-06	4.033431e-09	3.823480e+01	2.708491e+02
2.940000e-06	5.340846e-06	4.055751e-09	3.847334e+01	2.724287e+02
2.950000e-06	5.373397e-06	4.077629e-09	3.870782e+01	2.739834e+02
2.960000e-06	5.405585e-06	4.097952e-09	3.893969e+01	2.755120e+02
2.970000e-06	5.437541e-06	4.121215e-09	3.916989e+01	2.770134e+02
2.980000e-06	5.469281e-06	4.148535e-09	3.939853e+01	2.784860e+02
2.990000e-06	5.500654e-06	4.173956e-09	3.962453e+01	2.799284e+02
3.000000e-06	5.531706e-06	4.196528e-09	3.984822e+01	2.813388e+02
3.010000e-06	5.562382e-06	4.217363e-09	4.006919e+01	2.827157e+02
3.020000e-06	5.592670e-06	4.237995e-09	4.028738e+01	2.840574e+02
3.030000e-06	5.622532e-06	4.260162e-09	4.050249e+01	2.853626e+02
3.040000e-06	5.652068e-06	4.283136e-09	4.071525e+01	2.866299e+02
3.050000e-06	5.681272e-06	4.303145e-09	4.092563e+01	2.878584e+02
3.060000e-06	5.710008e-06	4.321579e-09	4.113264e+01	2.890472e+02
3.070000e-06	5.738413e-06	4.342544e-09	4.133725e+01	2.901960e+02
3.080000e-06	5.766505e-06	4.364437e-09	4.153961e+01	2.913046e+02
3.090000e-06	5.794292e-06	4.383489e-09	4.173978e+01	2.923735e+02
3.100000e-06	5.821851e-06	4.403982e-09	4.193831e+01	2.934033e+02
3.110000e-06	5.849136e-06	4.422922e-09	4.213486e+01	2.943951e+02
3.120000e-06	5.875855e-06	4.440479e-09	4.232732e+01	2.953504e+02
3.130000e-06	5.901812e-06	4.456015e-09	4.251431e+01	2.962710e+02
3.140000e-06	5.927048e-06	4.472316e-09	4.269610e+01	2.971590e+02
3.150000e-06	5.951577e-06	4.488384e-09	4.287280e+01	2.980168e+02
3.160000e-06	5.975654e-06	4.502789e-09	4.304624e+01	2.988469e+02
3.170000e-06	5.999525e-06	4.517214e-09	4.321820e+01	2.996520e+02
3.180000e-06	6.023134e-06	4.534900e-09	4.338827e+01	3.004350e+02
3.190000e-06	6.046250e-06	4.553042e-09	4.355478e+01	3.011986e+02
3.200000e-06	6.068768e-06	4.568860e-09	4.371699e+01	3.019455e+02
3.210000e-06	6.090944e-06	4.583084e-09	4.387674e+01	3.026782e+02
3.220000e-06	6.112822e-06	4.596029e-09	4.403434e+01	3.033992e+02
3.230000e-06	6.134292e-06	4.607105e-09	4.418900e+01	3.041104e+02
3.240000e-06	6.155423e-06	4.616189e-09	4.434123e+01	3.048136e+02
3.250000e-06	6.176110e-06	4.623733e-09	4.449024e+01	3.055102e+02
3.260000e-06	6.196314e-06	4.631992e-09	4.463578e+01	3.062011e+02
3.270000e-06	6.216252e-06	4.644088e-09	4.477941e+01	3.068868e+02
3.280000e-06	6.235949e-06	4.655652e-09	4.492131e+01	3.075675e+02
3.290000e-06	6.255359e-06	4.665879e-09	4.506112e+01	3.082427e+02
3.300000e-06	6.274288e-06	4.678971e-09	4.519748e+01	3.089117e+02
3.310000e-06	6.292613e-06	4.692649e-09	4.532949e+01	3.095733e+02
3.320000e-06	6.310450e-06	4.703066e-09	4.545798e+01	3.102261e+02
3.330000e-06	6.327828e-06	4.708929e-09	4.558316e+01	3.108680e+02
3.340000e-06	6.344781e-06	4.712924e-09	4.570529e+01	3.114972e+02
3.350000e-06	6.361446e-06	4.719352e-09	4.582533e+01	3.121113e+02
3.360000e-06	6.377773e-06	4.726671e-09	4.594294e+01	3.127081e+02
3.370000e-06	6.393525e-06	4.733664e-09	4.605642e+01	3.132851e+02
3.380000e-06	6.408527e-06	4.741975e-09	4.616449e+01	3.138401e+02
3.390000e-06	6.422884e-06	4.753474e-09	4.626791e+01	3.143710e+02
3.400000e-06	6.436879e-06	4.763584e-09	4.636872e+01	3.148757e+02
3.410000e-06	6.450527e-06	4.771306e-09	4.646704e+01	3.153527e+02
3.420000e-06	6.463555e-06	4.778226e-09	4.656089e+01	3.158006e+02
3.430000e-06	6.476016e-06	4.783237e-09	4.665065e+01	3.162185e+02
3.440000e-06	6.488103e-06	4.787535e-09	4.673772e+01	3.166058e+02
3.450000e-06	6.499787e-06	4.792424e-09	4.682189e+01	3.169625e+02
3.460000e-06	6.510990e-06	4.791560e-09	4.690259e+01	3.172889e+02
3.470000e-06	6.521558e-06	4.796914e-09	4.697871e+01	3.175858e+02
3.480000e-06	6.531300e-06	4.804174e-09	4.704889e+01	3.178545e+02
3.490000e-06	6.540223e-06	4.808805e-09	4.711317e+01	3.180967e+02
3.500000e-06	6.548542e-06	4.815418e-09	4.717310e+01	3.183143e+02
3.510000e-06	6.556528e-06	4.816298e-09	4.723062e+01	3.185096e+02
3.520000e-06	6.564273e-06	4.821685e-09	4.728642e+01	3.186852e+02
3.530000e-06	6.571632e-06	4.828700e-09	4.733943e+01	3.188436e+02
3.540000e-06	6.578559e-06	4.834517e-09	4.738933e+01	3.189876e+02
3.550000e-06	6.585094e-06	4.832274e-09	4.743641e+01	3.191199e+02
3.560000e-06	6.591228e-06	4.825728e-09	4.748059e+01	3.192431e+02
3.570000e-06	6.596936e-06	4.829238e-09	4.752171e+01	3.193595e+02
3.580000e-06	6.602111e-06	4.838812e-09	4.755899e+01	3.194712e+02
3.590000e-06	6.606772e-06	4.849980e-09	4.759257e+01	3.195800e+02
3.600000e-06	6.611024e-06	4.854354e-09	4.762319e+01	3.196873e+02
3.610000e-06	6.614936e-06	4.855257e-09	4.765138e+01	3.197938e+02
3.620000e-06	6.618603e-06	4.858801e-09	4.767779e+01	3.199000e+02
3.630000e-06	6.621975e-06	4.863119e-09	4.770208e+01	3.200056e+02
3.640000e-06	6.624722e-06	4.866059e-09	4.772187e+01	3.201100e+02
3.650000e-06	6.626722e-06	4.862637e-09	4.773627e+01	3.202118e+02
3.660000e-06	6.628037e-06	4.857597e-09	4.774575e+01	3.203092e+02
3.670000e-06	6.628642e-06	4.858054e-09	4.775010e+01	3.204001e+02
3.680000e-06	6.628731e-06	4.865281e-09	4.775075e+01	3.204817e+02
3.690000e-06	6.628549e-06	4.872526e-09	4.774944e+01	3.205510e+02
3.700000e-06	6.628161e-06	4.874713e-09	4.774664e+01	3.206046e+02
3.710000e-06	6.627350e-06	4.874003e-09	4.774080e+01	3.206392e+02
3.720000e-06	6.626027e-06	4.875431e-09	4.773127e+01	3.206510e+02
3.730000e-06	6.624309e-06	4.877494e-09	4.771889e+01	3.206367e+02
3.740000e-06	6.622268e-06	4.880174e-09	4.770419e+01	3.205926e+02
3.750000e-06	6.619797e-06	4.879886e-09	4.768639e+01	3.205157e+02
3.760000e-06	6.616815e-06	4.889780e-09	4.766491e+01	3.204030e+02
3.770000e-06	6.613320e-06	4.942443e-09	4.763973e+01	3.202521e+02
3.780000e-06	6.609384e-06	4.895688e-09	4.761138e+01	3.200612e+02
3.790000e-06	6.604843e-06	4.705514e-09	4.757867e+01	3.198287e+02
3.800000e-06	6.599220e-06	4.641437e-09	4.753817e+01	3.195541e+02
3.810000e-06	6.592917e-06	4.977189e-09	4.749276e+01	3.192374e+02
3.820000e-06	6.586893e-06	5.207032e-09	4.744936e+01	3.188791e+02
3.830000e-06	6.580941e-06	4.996393e-09	4.740649e+01	3.184807e+02
3.840000e-06	6.574088e-06	4.570180e-09	4.735712e+01	3.180444e+02
3.850000e-06	6.566178e-06	4.644974e-09	4.730014e+01	3.175728e+02
3.860000e-06	6.558005e-06	4.950880e-09	4.724126e+01	3.170695e+02
3.870000e-06	6.549850e-06	4.988403e-09	4.718252e+01	3.165384e+02
3.880000e-06	6.540977e-06	4.812066e-09	4.711860e+01	3.159840e+02
3.890000e-06	6.531310e-06	4.546333e-09	4.704897e+01	3.154110e+02
3.900000e-06	6.521587e-06	4.561881e-09	4.697893e+01	3.148248e+02
3.910000e-06	6.511824e-06	4.867082e-09	4.690859e+01	3.142305e+02
3.920000e-06	6.501259e-06	5.170899e-09	4.683249e+01	3.136335e+02
3.930000e-06	6.489795e-06	4.674521e-09	4.674991e+01	3.130392e+02
3.940000e-06	6.478175e-06	4.245497e-09	4.666620e+01	3.124526e+02
3.950000e-06	6.466330e-06	4.673693e-09	4.658087e+01	3.118785e+02
3.960000e-06	6.453526e-06	5.134448e-09	4.648864e+01	3.113213e+02
3.970000e-06	6.439896e-06	4.690242e-09	4.639046e+01	3.107849e+02
3.980000e-06	6.426078e-06	4.340308e-09	4.629091e+01	3.102726e+02
3.990000e-06	6.411781e-06	4.780891e-09	4.618792e+01	3.097870e+02
4.000000e-06	6.396468e-06	4.943955e-09	4.607762e+01	3.093299e+02
4.010000e-06	6.380503e-06	4.389776e-09	4.596261e+01	3.089025e+02
4.020000e-06	6.364388e-06	4.322526e-09	4.584653e+01	3.085051e+02
4.030000e-06	6.348096e-06	4.674428e-09	4.572917e+01	3.081372e+02
4.040000e-06	6.331228e-06	4.465117e-09	4.560765e+01	3.077976e+02
4.050000e-06	6.313830e-06	4.275803e-09	4.548233e+01	3.074843e+02
4.060000e-06	6.296203e-06	4.719485e-09	4.535535e+01	3.071947e+02
4.070000e-06	6.278103e-06	4.907377e-09	4.522496e+01	3.069254e+02
4.080000e-06	6.259404e-06	4.535890e-09	4.509027e+01	3.066728e+02
4.090000e-06	6.240307e-06	4.600828e-09	4.495270e+01	3.064326e+02
4.100000e-06	6.220982e-06	4.938825e-09	4.481349e+01	3.062002e+02
4.110000e-06	6.201268e-06	4.871613e-09	4.467147e+01	3.059708e+02
4.120000e-06	6.181135e-06	4.586459e-09	4.452645e+01	3.057396e+02
4.130000e-06	6.160871e-06	4.609613e-09	4.438047e+01	3.055017e+02
4.140000e-06	6.140146e-06	4.716828e-09	4.423117e+01	3.052523e+02
4.150000e-06	6.118518e-06	4.753123e-09	4.407537e+01	3.049868e+02
4.160000e-06	6.096164e-06	4.615483e-09	4.391435e+01	3.047010e+02
4.170000e-06	6.073418e-06	4.614380e-09	4.375050e+01	3.043911e+02
4.180000e-06	6.050119e-06	4.676377e-09	4.358266e+01	3.040537e+02
4.190000e-06	6.026241e-06	4.599952e-09	4.341065e+01	3.036859e+02
4.200000e-06	6.002137e-06	4.558261e-09	4.323701e+01	3.032855e+02
4.210000e-06	5.977819e-06	4.728877e-09	4.306184e+01	3.028509e+02
4.220000e-06	5.952972e-06	4.655575e-09	4.288285e+01	3.023809e+02
4.230000e-06	5.927610e-06	4.457781e-09	4.270015e+01	3.018752e+02
4.240000e-06	5.901878e-06	4.568832e-09	4.251479e+01	3.013340e+02
4.250000e-06	5.875835e-06	4.699057e-09	4.232719e+01	3.007579e+02
4.260000e-06	5.849454e-06	4.579736e-09	4.213714e+01	3.001481e+02
4.270000e-06	5.822631e-06	4.512758e-09	4.194393e+01	2.995065e+02
4.280000e-06	5.795407e-06	4.569772e-09	4.174781e+01	2.988349e+02
4.290000e-06	5.767803e-06	4.543364e-09	4.154897e+01	2.981357e+02
4.300000e-06	5.739853e-06	4.529448e-09	4.134762e+01	2.974116e+02
4.310000e-06	5.711694e-06	4.566050e-09	4.114478e+01	2.966652e+02
4.320000e-06	5.683332e-06	4.560973e-09	4.094047e+01	2.958993e+02
4.330000e-06	5.654388e-06	4.454460e-09	4.073197e+01	2.951166e+02
4.340000e-06	5.624759e-06	4.439286e-09	4.051853e+01	2.943197e+02
4.350000e-06	5.594567e-06	4.548778e-09	4.030104e+01	2.935111e+02
4.360000e-06	5.563830e-06	4.587326e-09	4.007963e+01	2.926929e+02
4.370000e-06	5.532515e-06	4.427164e-09	3.985405e+01	2.918671e+02
4.380000e-06	5.500670e-06	4.364937e-09	3.962464e+01	2.910353e+02
4.390000e-06	5.468550e-06	4.485005e-09	3.939327e+01	2.901986e+02
4.400000e-06	5.436269e-06	4.551203e-09	3.916073e+01	2.893579e+02
4.410000e-06	5.403641e-06	4.434793e-09	3.892569e+01	2.885136e+02
4.420000e-06	5.370537e-06	4.346411e-09	3.868722e+01	2.876658e+02
4.430000e-06	5.337112e-06	4.388564e-09	3.844644e+01	2.868143e+02
4.440000e-06	5.303433e-06	4.470558e-09	3.820383e+01	2.859584e+02
4.450000e-06	5.269424e-06	4.443455e-09	3.795884e+01	2.850972e+02
4.460000e-06	5.235029e-06	4.353003e-09	3.771107e+01	2.842297e+02
4.470000e-06	5.200187e-06	4.324964e-09	3.746009e+01	2.833545e+02
4.480000e-06	5.165027e-06	4.373823e-09	3.720680e+01	2.824702e+02
4.490000e-06	5.129580e-06	4.383426e-09	3.695146e+01	2.815753e+02
4.500000e-06	5.093771e-06	4.329600e-09	3.669351e+01	2.806683e+02
4.510000e-06	5.057754e-06	4.290335e-09	3.643405e+01	2.797476e+02
4.520000e-06	5.021537e-06	4.290120e-09	3.617316e+01	2.788121e+02
4.530000e-06	4.984986e-06	4.288350e-09	3.590986e+01	2.778603e+02
4.540000e-06	4.947973e-06	4.278829e-09	3.564323e+01	2.768914e+02
4.550000e-06	4.910422e-06	4.272721e-09	3.537273e+01	2.759044e+02
4.560000e-06	4.872421e-06	4.246525e-09	3.509899e+01	2.748987e+02
4.570000e-06	4.833819e-06	4.210734e-09	3.482091e+01	2.738742e+02
4.580000e-06	4.794654e-06	4.198023e-09	3.453879e+01	2.728306e+02
4.590000e-06	4.755159e-06	4.215691e-09	3.425428e+01	2.717682e+02
4.600000e-06	4.715418e-06	4.207611e-09	3.396800e+01	2.706875e+02
4.610000e-06	4.675464e-06	4.161162e-09	3.368019e+01	2.695890e+02
4.620000e-06	4.635274e-06	4.118955e-09	3.339068e+01	2.684736e+02
4.630000e-06	4.594796e-06	4.129112e-09	3.309908e+01	2.673424e+02
4.640000e-06	4.554000e-06	4.149076e-09	3.280521e+01	2.661963e+02
4.650000e-06	4.512866e-06	4.122130e-09	3.250889e+01	2.650365e+02
4.660000e-06	4.471360e-06	4.057979e-09	3.220991e+01	2.638642e+02
4.670000e-06	4.429576e-06	4.034773e-09	3.190891e+01	2.626806e+02
4.680000e-06	4.387570e-06	4.058149e-09	3.160631e+01	2.614867e+02
4.690000e-06	4.345317e-06	4.063492e-09	3.130194e+01	2.602834e+02
4.700000e-06	4.302768e-06	4.007461e-09	3.099543e+01	2.590715e+02
4.710000e-06	4.259898e-06	3.952682e-09	3.068662e+01	2.578515e+02
4.720000e-06	4.216740e-06	3.953465e-09	3.037572e+01	2.566238e+02
4.730000e-06	4.173297e-06	3.976638e-09	3.006278e+01	2.553885e+02
4.740000e-06	4.129579e-06	3.950671e-09	2.974785e+01	2.541454e+02
4.750000e-06	4.085661e-06	3.889256e-09	2.943148e+01	2.528940e+02
4.760000e-06	4.041570e-06	3.863586e-09	2.911387e+01	2.516337e+02
4.770000e-06	3.997275e-06	3.883592e-09	2.879478e+01	2.503635e+02
4.780000e-06	3.952682e-06	3.880419e-09	2.847355e+01	2.490822e+02
4.790000e-06	3.907760e-06	3.831176e-09	2.814995e+01	2.477886e+02
4.800000e-06	3.862563e-06	3.787941e-09	2.782437e+01	2.464810e+02
4.810000e-06	3.817050e-06	3.781121e-09	2.749651e+01	2.451578e+02
4.820000e-06	3.771208e-06	3.779252e-09	2.716629e+01	2.438174e+02
4.830000e-06	3.725163e-06	3.751690e-09	2.683460e+01	2.424578e+02
4.840000e-06	3.678875e-06	3.716239e-09	2.650116e+01	2.410774e+02
4.850000e-06	3.632367e-06	3.690525e-09	2.616613e+01	2.396744e+02
4.860000e-06	3.585609e-06	3.671688e-09	2.582930e+01	2.382472e+02
4.870000e-06	3.538633e-06	3.654679e-09	2.549091e+01	2.367943e+02
4.880000e-06	3.491490e-06	3.639870e-09	2.515131e+01	2.353145e+02
4.890000e-06	3.444056e-06	3.615291e-09	2.480961e+01	2.338066e+02
4.900000e-06	3.396336e-06	3.581838e-09	2.446585e+01	2.322698e+02
4.910000e-06	3.348329e-06	3.554275e-09	2.412004e+01	2.307034e+02
4.920000e-06	3.300017e-06	3.543087e-09	2.377201e+01	2.291070e+02
4.930000e-06	3.251339e-06	3.530470e-09	2.342135e+01	2.274804e+02
4.940000e-06	3.202370e-06	3.498448e-09	2.306860e+01	2.258239e+02
4.950000e-06	3.153182e-06	3.458208e-09	2.271427e+01	2.241377e+02
4.960000e-06	3.103825e-06	3.435922e-09	2.235873e+01	2.224223e+02
4.970000e-06	3.054252e-06	3.429749e-09	2.200162e+01	2.206786e+02
4.980000e-06	3.004400e-06	3.409880e-09	2.164251e+01	2.189074e+02
4.990000e-06	2.954314e-06	3.363283e-09	2.128170e+01	2.171097e+02
5.000000e-06	2.904046e-06	3.322780e-09	2.091960e+01	2.152866e+02
5.010000e-06	2.853638e-06	3.312988e-09	2.055648e+01	2.134394e+02
5.020000e-06	2.802897e-06	3.307244e-09	2.019096e+01	2.115690e+02
5.030000e-06	2.751840e-06	3.270144e-09	1.982316e+01	2.096767e+02
5.040000e-06	2.700581e-06	3.221651e-09	1.945391e+01	2.077635e+02
5.050000e-06	2.649109e-06	3.197780e-09	1.908313e+01	2.058304e+02
5.060000e-06	2.597474e-06	3.187604e-09	1.871117e+01	2.038781e+02
5.070000e-06	2.545668e-06	3.159109e-09	1.833799e+01	2.019073e+02
5.080000e-06	2.493764e-06	3.116438e-09	1.796409e+01	1.999185e+02
5.090000e-06	2.441733e-06	3.082186e-09	1.758928e+01	1.979120e+02
5.100000e-06	2.389479e-06	3.062124e-09	1.721286e+01	1.958879e+02
5.110000e-06	2.337021e-06	3.042871e-09	1.683497e+01	1.938462e+02
5.120000e-06	2.284313e-06	3.011514e-09	1.645528e+01	1.917865e+02
5.130000e-06	2.231418e-06	2.976565e-09	1.607425e+01	1.897084e+02
5.140000e-06	2.178248e-06	2.945327e-09	1.569123e+01	1.876112e+02
5.150000e-06	2.124819e-06	2.917980e-09	1.530635e+01	1.854944e+02
5.160000e-06	2.071158e-06	2.888806e-09	1.491980e+01	1.833569e+02
5.170000e-06	2.017256e-06	2.854214e-09	1.453151e+01	1.811980e+02
5.180000e-06	1.963173e-06	2.814599e-09	1.414192e+01	1.790166e+02
5.190000e-06	1.908751e-06	2.777811e-09	1.374988e+01	1.768117e+02
5.200000e-06	1.854008e-06	2.746874e-09	1.335554e+01	1.745824e+02
5.210000e-06	1.799119e-06	2.720938e-09	1.296014e+01	1.723277e+02
5.220000e-06	1.744162e-06	2.688648e-09	1.256425e+01	1.700468e+02
5.230000e-06	1.689065e-06	2.645119e-09	1.216735e+01	1.677389e+02
5.240000e-06	1.633792e-06	2.601567e-09	1.176919e+01	1.654034e+02
5.250000e-06	1.578443e-06	2.566497e-09	1.137048e+01	1.630397e+02
5.260000e-06	1.523020e-06	2.535560e-09	1.097123e+01	1.606474e+02
5.270000e-06	1.467485e-06	2.494290e-09	1.057118e+01	1.582264e+02
5.280000e-06	1.412033e-06	2.444508e-09	1.017173e+01	1.557765e+02
5.290000e-06	1.356570e-06	2.402050e-09	9.772190e+00	1.532978e+02
5.300000e-06	1.300859e-06	2.375906e-09	9.370870e+00	1.507905e+02
5.310000e-06	1.244998e-06	2.342750e-09	8.968468e+00	1.482548e+02
5.320000e-06	1.189087e-06	2.293925e-09	8.565712e+00	1.456912e+02
5.330000e-06	1.133116e-06	2.247486e-09	8.162521e+00	1.431002e+02
5.340000e-06	1.077039e-06	2.214503e-09	7.758563e+00	1.404823e+02
5.350000e-06	1.020837e-06	2.179953e-09	7.353705e+00	1.378382e+02
5.360000e-06	9.646412e-07	2.133819e-09	6.948892e+00	1.351683e+02
5.370000e-06	9.084328e-07	2.080808e-09	6.543989e+00	1.324732e+02
5.380000e-06	8.522089e-07	2.034577e-09	6.138975e+00	1.297536e+02
5.390000e-06	7.959784e-07	1.996889e-09	5.733912e+00	1.270098e+02
5.400000e-06	7.397063e-07	1.959529e-09	5.328550e+00	1.242422e+02
5.410000e-06	6.833952e-07	1.915783e-09	4.922908e+00	1.214511e+02
5.420000e-06	6.270035e-07	1.867415e-09	4.516684e+00	1.186366e+02
5.430000e-06	5.705283e-07	1.824660e-09	4.109859e+00	1.157988e+02
5.440000e-06	5.139754e-07	1.783348e-09	3.702475e+00	1.129376e+02
5.450000e-06	4.574667e-07	1.738454e-09	3.295409e+00	1.100528e+02
5.460000e-06	4.009777e-07	1.689057e-09	2.888484e+00	1.071440e+02
5.470000e-06	3.444389e-07	1.638608e-09	2.481201e+00	1.042106e+02
5.480000e-06	2.878178e-07	1.588289e-09	2.073325e+00	1.012523e+02
5.490000e-06	2.310968e-07	1.539878e-09	1.664729e+00	9.826811e+01
5.500000e-06	1.744234e-07	1.493683e-09	1.256477e+00	9.525741e+01
5.510000e-06	1.178331e-07	1.445044e-09	8.488232e-01	9.221933e+01
5.520000e-06	6.119012e-08	1.391302e-09	4.407894e-01	8.915297e+01
5.530000e-06	4.494422e-09	1.340521e-09	3.237604e-02	8.605741e+01
5.540000e-06	-5.221020e-08	1.294485e-09	-3.761016e-01	8.293170e+01
5.550000e-06	-1.088809e-07	1.244584e-09	-7.843346e-01	7.977492e+01
5.560000e-06	-1.654575e-07	1.186718e-09	-1.191890e+00	7.658617e+01
5.570000e-06	-2.219521e-07	1.129224e-09	-1.598855e+00	7.336457e+01
5.580000e-06	-2.784612e-07	1.076492e-09	-2.005924e+00	7.010932e+01
5.590000e-06	-3.350521e-07	1.026166e-09	-2.413582e+00	6.681965e+01
5.600000e-06	-3.916345e-07	9.720705e-10	-2.821180e+00	6.349488e+01
5.610000e-06	-4.482447e-07	9.133938e-10	-3.228977e+00	6.013440e+01
5.620000e-06	-5.048562e-07	8.577382e-10	-3.636784e+00	5.673768e+01
5.630000e-06	-5.612788e-07	8.095868e-10	-4.043230e+00	5.330428e+01
5.640000e-06	-6.177004e-07	7.622955e-10	-4.449669e+00	4.983382e+01
5.650000e-06	-6.741299e-07	7.085507e-10	-4.856164e+00	4.632600e+01
5.660000e-06	-7.304221e-07	6.510204e-10	-5.261671e+00	4.278062e+01
5.670000e-06	-7.866702e-07	5.952212e-10	-5.666860e+00	3.919751e+01
5.680000e-06	-8.428809e-07	5.427177e-10	-6.071780e+00	3.557659e+01
5.690000e-06	-8.990372e-07	4.856964e-10	-6.476307e+00	3.191785e+01
5.700000e-06	-9.551768e-07	4.218798e-10	-6.880715e+00	2.822133e+01
5.710000e-06	-1.011295e-06	3.598677e-10	-7.284968e+00	2.448713e+01
5.720000e-06	-1.067319e-06	3.040673e-10	-7.688542e+00	2.071542e+01
5.730000e-06	-1.123299e-06	2.507158e-10	-8.091798e+00	1.690644e+01
5.740000e-06	-1.179306e-06	1.944819e-10	-8.495250e+00	1.306050e+01
5.750000e-06	-1.235277e-06	1.357786e-10	-8.898444e+00	9.177982e+00
5.760000e-06	-1.291142e-06	7.676063e-11	-9.300878e+00	5.259389e+00
5.770000e-06	-1.346919e-06	1.617379e-11	-9.702668e+00	1.305317e+00
5.780000e-06	-1.402637e-06	-4.652985e-11	-1.010404e+01	-2.683511e+00
5.790000e-06	-1.458276e-06	-1.111351e-10	-1.050484e+01	-6.706227e+00
5.800000e-06	-1.513811e-06	-1.789062e-10	-1.090489e+01	-1.076181e+01
5.810000e-06	-1.569120e-06	-2.468411e-10	-1.130332e+01	-1.484904e+01
5.820000e-06	-1.624309e-06	-3.106419e-10	-1.170088e+01	-1.896653e+01
5.830000e-06	-1.679399e-06	-3.730073e-10	-1.209772e+01	-2.311265e+01
5.840000e-06	-1.734314e-06	-4.375751e-10	-1.249331e+01	-2.728557e+01
5.850000e-06	-1.789159e-06	-5.029660e-10	-1.288839e+01	-3.148320e+01
5.860000e-06	-1.843929e-06	-5.666403e-10	-1.328293e+01	-3.570322e+01
5.870000e-06	-1.898510e-06	-6.302530e-10	-1.367611e+01	-3.994305e+01
5.880000e-06	-1.952888e-06	-6.975198e-10	-1.406783e+01	-4.419987e+01
5.890000e-06	-2.007099e-06	-7.694686e-10	-1.445834e+01	-4.847060e+01
5.900000e-06	-2.060973e-06	-8.414072e-10	-1.484643e+01	-5.275197e+01
5.910000e-06	-2.114542e-06	-9.103895e-10	-1.523232e+01	-5.704046e+01
5.920000e-06	-2.167901e-06	-9.776739e-10	-1.561670e+01	-6.133238e+01
5.930000e-06	-2.220896e-06	-1.043362e-09	-1.599846e+01	-6.562391e+01
5.940000e-06	-2.273566e-06	-1.112743e-09	-1.637787e+01	-6.991107e+01
5.950000e-06	-2.326179e-06	-1.183073e-09	-1.675687e+01	-7.418983e+01
5.960000e-06	-2.378616e-06	-1.251117e-09	-1.713461e+01	-7.845612e+01
5.970000e-06	-2.430823e-06	-1.312241e-09	-1.751069e+01	-8.270586e+01
5.980000e-06	-2.482863e-06	-1.374165e-09	-1.788556e+01	-8.693505e+01
5.990000e-06	-2.534718e-06	-1.443488e-09	-1.825910e+01	-9.113979e+01
6.000000e-06	-2.586483e-06	-1.512282e-09	-1.863199e+01	-9.531635e+01
6.010000e-06	-2.638068e-06	-1.576416e-09	-1.900359e+01	-9.946119e+01
6.020000e-06	-2.689501e-06	-1.641089e-09	-1.937410e+01	-1.035710e+02
6.030000e-06	-2.740696e-06	-1.708608e-09	-1.974288e+01	-1.076428e+02
6.040000e-06	-2.791560e-06	-1.775666e-09	-2.010929e+01	-1.116739e+02
6.050000e-06	-2.842319e-06	-1.838084e-09	-2.047494e+01	-1.156620e+02
6.060000e-06	-2.892873e-06	-1.898188e-09	-2.083911e+01	-1.196051e+02
6.070000e-06	-2.943166e-06	-1.959235e-09	-2.120140e+01	-1.235016e+02
6.080000e-06	-2.993169e-06	-2.023942e-09	-2.156160e+01	-1.273503e+02
6.090000e-06	-3.042797e-06	-2.090039e-09	-2.191911e+01	-1.311504e+02
6.100000e-06	-3.092295e-06	-2.152892e-09	-2.227567e+01	-1.349015e+02
6.110000e-06	-3.141589e-06	-2.214243e-09	-2.263076e+01	-1.386034e+02
6.120000e-06	-3.190506e-06	-2.274153e-09	-2.298314e+01	-1.422564e+02
6.130000e-06	-3.239177e-06	-2.335583e-09	-2.333374e+01	-1.458610e+02
6.140000e-06	-3.287460e-06	-2.394653e-09	-2.368156e+01	-1.494180e+02
6.150000e-06	-3.335427e-06	-2.453264e-09	-2.402710e+01	-1.529282e+02
6.160000e-06	-3.383094e-06	-2.509521e-09	-2.437046e+01	-1.563929e+02
6.170000e-06	-3.430308e-06	-2.564719e-09	-2.471058e+01	-1.598130e+02
6.180000e-06	-3.477321e-06	-2.619126e-09	-2.504924e+01	-1.631900e+02
6.190000e-06	-3.524156e-06	-2.673198e-09	-2.538662e+01	-1.665249e+02
6.200000e-06	-3.570729e-06	-2.724338e-09	-2.572211e+01	-1.698190e+02
6.210000e-06	-3.617036e-06	-2.775903e-09	-2.605569e+01	-1.730732e+02
6.220000e-06	-3.663167e-06	-2.828557e-09	-2.638800e+01	-1.762885e+02
6.230000e-06	-3.709151e-06	-2.881521e-09	-2.671925e+01	-1.794654e+02
6.240000e-06	-3.754860e-06	-2.933962e-09	-2.704852e+01	-1.826046e+02
6.250000e-06	-3.800391e-06	-2.983979e-09	-2.737651e+01	-1.857062e+02
6.260000e-06	-3.845750e-06	-3.033699e-09	-2.770326e+01	-1.887702e+02
6.270000e-06	-3.890779e-06	-3.083708e-09	-2.802763e+01	-1.917964e+02
6.280000e-06	-3.935505e-06	-3.132751e-09	-2.834981e+01	-1.947842e+02
6.290000e-06	-3.979986e-06	-3.180937e-09	-2.867024e+01	-1.977330e+02
6.300000e-06	-4.024213e-06	-3.228022e-09	-2.898884e+01	-2.006417e+02
6.310000e-06	-4.068272e-06	-3.275505e-09	-2.930622e+01	-2.035094e+02
6.320000e-06	-4.112212e-06	-3.321810e-09	-2.962274e+01	-2.063348e+02
6.330000e-06	-4.155945e-06	-3.365001e-09	-2.993778e+01	-2.091165e+02
6.340000e-06	-4.199390e-06	-3.405836e-09	-3.025074e+01	-2.118532e+02
6.350000e-06	-4.242577e-06	-3.442096e-09	-3.056184e+01	-2.145436e+02
6.360000e-06	-4.285471e-06	-3.482144e-09	-3.087083e+01	-2.171864e+02
6.370000e-06	-4.328032e-06	-3.524665e-09	-3.117742e+01	-2.197803e+02
6.380000e-06	-4.370276e-06	-3.564876e-09	-3.148173e+01	-2.223245e+02
6.390000e-06	-4.412122e-06	-3.604737e-09	-3.178318e+01	-2.248181e+02
6.400000e-06	-4.453650e-06	-3.642092e-09	-3.208233e+01	-2.272606e+02
6.410000e-06	-4.494961e-06	-3.676909e-09	-3.237991e+01	-2.296515e+02
6.420000e-06	-4.535976e-06	-3.710984e-09	-3.267537e+01	-2.319910e+02
6.430000e-06	-4.576698e-06	-3.746978e-09	-3.296872e+01	-2.342794e+02
6.440000e-06	-4.617159e-06	-3.782103e-09	-3.326018e+01	-2.365172e+02
6.450000e-06	-4.657322e-06	-3.815869e-09	-3.354950e+01	-2.387054e+02
6.460000e-06	-4.697239e-06	-3.848279e-09	-3.383704e+01	-2.408451e+02
6.470000e-06	-4.736891e-06	-3.882519e-09	-3.412268e+01	-2.429380e+02
6.480000e-06	-4.776247e-06	-3.920921e-09	-3.440619e+01	-2.449857e+02
6.490000e-06	-4.815345e-06	-3.956933e-09	-3.468783e+01	-2.469902e+02
6.500000e-06	-4.853984e-06	-3.986498e-09	-3.496617e+01	-2.489535e+02
6.510000e-06	-4.892017e-06	-4.010654e-09	-3.524015e+01	-2.508777e+02
6.520000e-06	-4.929542e-06	-4.039459e-09	-3.551047e+01	-2.527652e+02
6.530000e-06	-4.966532e-06	-4.071801e-09	-3.577692e+01	-2.546180e+02
6.540000e-06	-5.003063e-06	-4.101761e-09	-3.604008e+01	-2.564383e+02
6.550000e-06	-5.039323e-06	-4.131633e-09	-3.630129e+01	-2.582282e+02
6.560000e-06	-5.075325e-06	-4.164994e-09	-3.656063e+01	-2.599893e+02
6.570000e-06	-5.111076e-06	-4.196163e-09	-3.681816e+01	-2.617234e+02
6.580000e-06	-5.146522e-06	-4.227485e-09	-3.707350e+01	-2.634316e+02
6.590000e-06	-5.181624e-06	-4.260054e-09	-3.732637e+01	-2.651151e+02
6.600000e-06	-5.216378e-06	-4.289921e-09	-3.757672e+01	-2.667745e+02
6.610000e-06	-5.250790e-06	-4.310791e-09	-3.782461e+01	-2.684101e+02
6.620000e-06	-5.284788e-06	-4.332077e-09	-3.806951e+01	-2.700219e+02
6.630000e-06	-5.318303e-06	-4.358570e-09	-3.831094e+01	-2.716097e+02
6.640000e-06	-5.351437e-06	-4.387805e-09	-3.854963e+01	-2.731728e+02
6.650000e-06	-5.384219e-06	-4.412755e-09	-3.878577e+01	-2.747101e+02
6.660000e-06	-5.416713e-06	-4.434555e-09	-3.901985e+01	-2.762207e+02
6.670000e-06	-5.448970e-06	-4.459720e-09	-3.925222e+01	-2.777030e+02
6.680000e-06	-5.480951e-06	-4.486151e-09	-3.948260e+01	-2.791555e+02
6.690000e-06	-5.512560e-06	-4.511788e-09	-3.971029e+01	-2.805768e+02
6.700000e-06	-5.543772e-06	-4.533688e-09	-3.993513e+01	-2.819649e+02
6.710000e-06	-5.574620e-06	-4.552325e-09	-4.015735e+01	-2.833185e+02
6.720000e-06	-5.605005e-06	-4.567176e-09	-4.037623e+01	-2.846360e+02
6.730000e-06	-5.634669e-06	-4.584259e-09	-4.058992e+01	-2.859160e+02
6.740000e-06	-5.663657e-06	-4.607200e-09	-4.079874e+01	-2.871575e+02
6.750000e-06	-5.692144e-06	-4.629996e-09	-4.100395e+01	-2.883595e+02
6.760000e-06	-5.720283e-06	-4.645569e-09	-4.120665e+01	-2.895216e+02
6.770000e-06	-5.748199e-06	-4.660992e-09	-4.140774e+01	-2.906435e+02
6.780000e-06	-5.775845e-06	-4.680415e-09	-4.160690e+01	-2.917255e+02
6.790000e-06	-5.803129e-06	-4.701292e-09	-4.180344e+01	-2.927682e+02
6.800000e-06	-5.830009e-06	-4.716990e-09	-4.199707e+01	-2.937725e+02
6.810000e-06	-5.856462e-06	-4.728150e-09	-4.218763e+01	-2.947397e+02
6.820000e-06	-5.882453e-06	-4.739711e-09	-4.237486e+01	-2.956716e+02
6.830000e-06	-5.908056e-06	-4.753015e-09	-4.255929e+01	-2.965702e+02
6.840000e-06	-5.933304e-06	-4.766720e-09	-4.274117e+01	-2.974377e+02
6.850000e-06	-5.958094e-06	-4.778861e-09	-4.291974e+01	-2.982766e+02
6.860000e-06	-5.982400e-06	-4.789125e-09	-4.309484e+01	-2.990898e+02
6.870000e-06	-6.006444e-06	-4.798750e-09	-4.326804e+01	-2.998798e+02
6.880000e-06	-6.030284e-06	-4.808408e-09	-4.343977e+01	-3.006495e+02
6.890000e-06	-6.053709e-06	-4.819797e-09	-4.360851e+01	-3.014016e+02
6.900000e-06	-6.076545e-06	-4.830969e-09	-4.377302e+01	-3.021387e+02
6.910000e-06	-6.098765e-06	-4.840099e-09	-4.393308e+01	-3.028633e+02
6.920000e-06	-6.120336e-06	-4.844546e-09	-4.408847e+01	-3.035774e+02
6.930000e-06	-6.141299e-06	-4.851552e-09	-4.423948e+01	-3.042831e+02
6.940000e-06	-6.161801e-06	-4.862463e-09	-4.438717e+01	-3.049817e+02
6.950000e-06	-6.182002e-06	-4.871780e-09	-4.453269e+01	-3.056744e+02
6.960000e-06	-6.201976e-06	-4.878587e-09	-4.467657e+01	-3.063617e+02
6.970000e-06	-6.221605e-06	-4.884978e-09	-4.481797e+01	-3.070441e+02
6.980000e-06	-6.240795e-06	-4.894946e-09	-4.495621e+01	-3.077211e+02
6.990000e-06	-6.259542e-06	-4.905626e-09	-4.509126e+01	-3.083922e+02
7.000000e-06	-6.277876e-06	-4.912889e-09	-4.522333e+01	-3.090564e+02
7.010000e-06	-6.295794e-06	-4.919352e-09	-4.535240e+01	-3.097122e+02
7.020000e-06	-6.313284e-06	-4.926510e-09	-4.547839e+01	-3.103580e+02
7.030000e-06	-6.330319e-06	-4.933429e-09	-4.560110e+01	-3.109916e+02
7.040000e-06	-6.346980e-06	-4.938057e-09	-4.572112e+01	-3.116109e+02
7.050000e-06	-6.363336e-06	-4.940036e-09	-4.583895e+01	-3.122137e+02
7.060000e-06	-6.379317e-06	-4.944901e-09	-4.595407e+01	-3.127975e+02
7.070000e-06	-6.394909e-06	-4.953324e-09	-4.606639e+01	-3.133600e+02
7.080000e-06	-6.410048e-06	-4.961935e-09	-4.617544e+01	-3.138991e+02
7.090000e-06	-6.424389e-06	-4.968663e-09	-4.627875e+01	-3.144127e+02
7.100000e-06	-6.437857e-06	-4.973390e-09	-4.637577e+01	-3.148991e+02
7.110000e-06	-6.450646e-06	-4.977879e-09	-4.646790e+01	-3.153567e+02
7.120000e-06	-6.462932e-06	-4.982489e-09	-4.655640e+01	-3.157846e+02
7.130000e-06	-6.474940e-06	-4.986136e-09	-4.664290e+01	-3.161821e+02
7.140000e-06	-6.486554e-06	-4.989836e-09	-4.672656e+01	-3.165489e+02
7.150000e-06	-6.497570e-06	-4.993182e-09	-4.680592e+01	-3.168852e+02
7.160000e-06	-6.508049e-06	-4.995932e-09	-4.688140e+01	-3.171918e+02
7.170000e-06	-6.518165e-06	-4.998515e-09	-4.695427e+01	-3.174697e+02
7.180000e-06	-6.527799e-06	-5.001392e-09	-4.702367e+01	-3.177205e+02
7.190000e-06	-6.536885e-06	-5.004954e-09	-4.708913e+01	-3.179460e+02
7.200000e-06	-6.545559e-06	-5.007893e-09	-4.715161e+01	-3.181484e+02
7.210000e-06	-6.553886e-06	-5.009089e-09	-4.721160e+01	-3.183302e+02
7.220000e-06	-6.561982e-06	-5.012084e-09	-4.726992e+01	-3.184940e+02
7.230000e-06	-6.569823e-06	-5.017281e-09	-4.732640e+01	-3.186425e+02
7.240000e-06	-6.577120e-06	-5.019853e-09	-4.737896e+01	-3.187783e+02
7.250000e-06	-6.583763e-06	-5.020314e-09	-4.742682e+01	-3.189042e+02
7.260000e-06	-6.589665e-06	-5.023657e-09	-4.746933e+01	-3.190225e+02
7.270000e-06	-6.594777e-06	-5.027492e-09	-4.750615e+01	-3.191356e+02
7.280000e-06	-6.599361e-06	-5.028970e-09	-4.753918e+01	-3.192451e+02
7.290000e-06	-6.603628e-06	-5.028479e-09	-4.756991e+01	-3.193527e+02
7.300000e-06	-6.607675e-06	-5.030735e-09	-4.759907e+01	-3.194594e+02
7.310000e-06	-6.611453e-06	-5.037060e-09	-4.762629e+01	-3.195656e+02
7.320000e-06	-6.614691e-06	-5.042759e-09	-4.764961e+01	-3.196714e+02
7.330000e-06	-6.617344e-06	-5.043770e-09	-4.766872e+01	-3.197763e+02
7.340000e-06	-6.619601e-06	-5.043870e-09	-4.768498e+01	-3.198790e+02
7.350000e-06	-6.621458e-06	-5.046814e-09	-4.769836e+01	-3.199781e+02
7.360000e-06	-6.622832e-06	-5.050098e-09	-4.770825e+01	-3.200714e+02
7.370000e-06	-6.623692e-06	-5.052267e-09	-4.771445e+01	-3.201564e+02
7.380000e-06	-6.624147e-06	-5.052507e-09	-4.771773e+01	-3.202300e+02
