# Temperatura_=_20.0
# Concentracion g/m^3_=_9000.0
# C_Vs_to_Am_M_A/Vsm_=_65563218390.804596
# pendiente_HvsI_1/m_=_3716.3
# ordenada_HvsI_A/m_=_1297.0
# frecuencia_Hz_=_301148.1587109737

Tiempo_(s)	Campo_(V.s)	Magnetizacion_(V.s)	Campo_(kA/m)	Magnetizacion_(A/m)
0.000000e+00	-6.787590e-06	-4.864810e-09	-4.745379e+01	-3.194519e+02
1.000000e-08	-6.785576e-06	-4.867913e-09	-4.743971e+01	-3.193878e+02
2.000000e-08	-6.781257e-06	-4.864584e-09	-4.740952e+01	-3.193057e+02
3.000000e-08	-6.774907e-06	-4.861235e-09	-4.736513e+01	-3.192018e+02
4.000000e-08	-6.766319e-06	-4.857213e-09	-4.730508e+01	-3.190698e+02
5.000000e-08	-6.755191e-06	-4.850894e-09	-4.722728e+01	-3.189023e+02
6.000000e-08	-6.741460e-06	-4.846849e-09	-4.713128e+01	-3.186914e+02
7.000000e-08	-6.725297e-06	-4.835997e-09	-4.701828e+01	-3.184302e+02
8.000000e-08	-6.707049e-06	-4.831051e-09	-4.689071e+01	-3.181135e+02
9.000000e-08	-6.686733e-06	-4.899116e-09	-4.674868e+01	-3.177389e+02
1.000000e-07	-6.663866e-06	-4.921918e-09	-4.658880e+01	-3.173067e+02
1.100000e-07	-6.638127e-06	-4.852674e-09	-4.640886e+01	-3.168204e+02
1.200000e-07	-6.609821e-06	-4.800255e-09	-4.621097e+01	-3.162858e+02
1.300000e-07	-6.579394e-06	-4.791322e-09	-4.599824e+01	-3.157104e+02
1.400000e-07	-6.547085e-06	-4.744282e-09	-4.577236e+01	-3.151024e+02
1.500000e-07	-6.512910e-06	-4.780040e-09	-4.553343e+01	-3.144695e+02
1.600000e-07	-6.476750e-06	-4.873033e-09	-4.528063e+01	-3.138182e+02
1.700000e-07	-6.438533e-06	-4.709207e-09	-4.501344e+01	-3.131531e+02
1.800000e-07	-6.398146e-06	-4.750667e-09	-4.473109e+01	-3.124761e+02
1.900000e-07	-6.355276e-06	-4.820416e-09	-4.443137e+01	-3.117869e+02
2.000000e-07	-6.309898e-06	-4.711385e-09	-4.411412e+01	-3.110831e+02
2.100000e-07	-6.262198e-06	-4.746232e-09	-4.378064e+01	-3.103605e+02
2.200000e-07	-6.211856e-06	-4.707219e-09	-4.342869e+01	-3.096142e+02
2.300000e-07	-6.158897e-06	-4.702687e-09	-4.305844e+01	-3.088390e+02
2.400000e-07	-6.103709e-06	-4.715601e-09	-4.267260e+01	-3.080301e+02
2.500000e-07	-6.046210e-06	-4.680878e-09	-4.227061e+01	-3.071838e+02
2.600000e-07	-5.986487e-06	-4.684121e-09	-4.185308e+01	-3.062969e+02
2.700000e-07	-5.924710e-06	-4.640316e-09	-4.142118e+01	-3.053674e+02
2.800000e-07	-5.860854e-06	-4.633612e-09	-4.097474e+01	-3.043939e+02
2.900000e-07	-5.794815e-06	-4.637077e-09	-4.051305e+01	-3.033751e+02
3.000000e-07	-5.726573e-06	-4.630349e-09	-4.003595e+01	-3.023094e+02
3.100000e-07	-5.656262e-06	-4.596957e-09	-3.954439e+01	-3.011948e+02
3.200000e-07	-5.583957e-06	-4.539664e-09	-3.903888e+01	-3.000284e+02
3.300000e-07	-5.509505e-06	-4.579566e-09	-3.851837e+01	-2.988068e+02
3.400000e-07	-5.432711e-06	-4.538314e-09	-3.798149e+01	-2.975262e+02
3.500000e-07	-5.353664e-06	-4.488418e-09	-3.742884e+01	-2.961829e+02
3.600000e-07	-5.272601e-06	-4.495612e-09	-3.686211e+01	-2.947737e+02
3.700000e-07	-5.189813e-06	-4.477718e-09	-3.628332e+01	-2.932968e+02
3.800000e-07	-5.105381e-06	-4.444693e-09	-3.569304e+01	-2.917515e+02
3.900000e-07	-5.019260e-06	-4.411400e-09	-3.509094e+01	-2.901392e+02
4.000000e-07	-4.931467e-06	-4.412433e-09	-3.447716e+01	-2.884622e+02
4.100000e-07	-4.841825e-06	-4.363933e-09	-3.385045e+01	-2.867243e+02
4.200000e-07	-4.750342e-06	-4.333328e-09	-3.321087e+01	-2.849291e+02
4.300000e-07	-4.657205e-06	-4.325264e-09	-3.255972e+01	-2.830798e+02
4.400000e-07	-4.562480e-06	-4.291674e-09	-3.189747e+01	-2.811781e+02
4.500000e-07	-4.466118e-06	-4.249973e-09	-3.122378e+01	-2.792235e+02
4.600000e-07	-4.368018e-06	-4.222134e-09	-3.053794e+01	-2.772128e+02
4.700000e-07	-4.268331e-06	-4.206645e-09	-2.984100e+01	-2.751401e+02
4.800000e-07	-4.167130e-06	-4.160248e-09	-2.913348e+01	-2.729972e+02
4.900000e-07	-4.064501e-06	-4.120844e-09	-2.841597e+01	-2.707742e+02
5.000000e-07	-3.960374e-06	-4.090605e-09	-2.768800e+01	-2.684606e+02
5.100000e-07	-3.854626e-06	-4.057262e-09	-2.694868e+01	-2.660463e+02
5.200000e-07	-3.747460e-06	-4.011656e-09	-2.619946e+01	-2.635230e+02
5.300000e-07	-3.639051e-06	-3.968540e-09	-2.544154e+01	-2.608847e+02
5.400000e-07	-3.529420e-06	-3.929213e-09	-2.467508e+01	-2.581281e+02
5.500000e-07	-3.418617e-06	-3.884669e-09	-2.390043e+01	-2.552529e+02
5.600000e-07	-3.306616e-06	-3.842755e-09	-2.311740e+01	-2.522607e+02
5.700000e-07	-3.193157e-06	-3.798452e-09	-2.232418e+01	-2.491544e+02
5.800000e-07	-3.078178e-06	-3.750868e-09	-2.152033e+01	-2.459363e+02
5.900000e-07	-2.961915e-06	-3.698154e-09	-2.070751e+01	-2.426070e+02
6.000000e-07	-2.844642e-06	-3.652931e-09	-1.988763e+01	-2.391637e+02
6.100000e-07	-2.726486e-06	-3.602334e-09	-1.906157e+01	-2.355995e+02
6.200000e-07	-2.607480e-06	-3.542623e-09	-1.822956e+01	-2.319024e+02
6.300000e-07	-2.487564e-06	-3.475280e-09	-1.739120e+01	-2.280558e+02
6.400000e-07	-2.366582e-06	-3.408510e-09	-1.654539e+01	-2.240390e+02
6.500000e-07	-2.244615e-06	-3.346255e-09	-1.569268e+01	-2.198282e+02
6.600000e-07	-2.121867e-06	-3.278351e-09	-1.483452e+01	-2.153984e+02
6.700000e-07	-1.998387e-06	-3.204220e-09	-1.397124e+01	-2.107246e+02
6.800000e-07	-1.874210e-06	-3.128683e-09	-1.310308e+01	-2.057828e+02
6.900000e-07	-1.749366e-06	-3.052727e-09	-1.223027e+01	-2.005507e+02
7.000000e-07	-1.623914e-06	-2.966706e-09	-1.135320e+01	-1.950076e+02
7.100000e-07	-1.497929e-06	-2.877795e-09	-1.047241e+01	-1.891331e+02
7.200000e-07	-1.371477e-06	-2.784302e-09	-9.588350e+00	-1.829055e+02
7.300000e-07	-1.244595e-06	-2.682710e-09	-8.701282e+00	-1.762990e+02
7.400000e-07	-1.117273e-06	-2.573832e-09	-7.811142e+00	-1.692817e+02
7.500000e-07	-9.895464e-07	-2.460774e-09	-6.918174e+00	-1.618130e+02
7.600000e-07	-8.614265e-07	-2.338575e-09	-6.022455e+00	-1.538424e+02
7.700000e-07	-7.329260e-07	-2.201320e-09	-5.124075e+00	-1.453091e+02
7.800000e-07	-6.041210e-07	-2.057695e-09	-4.223566e+00	-1.361438e+02
7.900000e-07	-4.750987e-07	-1.906636e-09	-3.321538e+00	-1.262718e+02
8.000000e-07	-3.458587e-07	-1.743256e-09	-2.417987e+00	-1.156184e+02
8.100000e-07	-2.164776e-07	-1.565336e-09	-1.513451e+00	-1.041151e+02
8.200000e-07	-8.706922e-08	-1.376324e-09	-6.087234e-01	-9.170749e+01
8.300000e-07	4.240326e-08	-1.171484e-09	2.964522e-01	-7.836318e+01
8.400000e-07	1.719374e-07	-9.503175e-10	1.202059e+00	-6.407889e+01
8.500000e-07	3.014118e-07	-7.177422e-10	2.107248e+00	-4.888657e+01
8.600000e-07	4.307446e-07	-4.759395e-10	3.011447e+00	-3.285719e+01
8.700000e-07	5.598417e-07	-2.251920e-10	3.913998e+00	-1.610183e+01
8.800000e-07	6.887136e-07	3.748568e-11	4.814974e+00	1.230365e+00
8.900000e-07	8.173071e-07	3.081240e-10	5.714004e+00	1.895732e+01
9.000000e-07	9.455168e-07	5.801525e-10	6.610352e+00	3.687200e+01
9.100000e-07	1.073358e-06	8.516775e-10	7.504120e+00	5.475269e+01
9.200000e-07	1.200781e-06	1.123225e-09	8.394966e+00	7.237466e+01
9.300000e-07	1.327747e-06	1.387233e-09	9.282621e+00	8.952226e+01
9.400000e-07	1.454295e-06	1.638864e-09	1.016735e+01	1.060004e+02
9.500000e-07	1.580455e-06	1.876490e-09	1.104937e+01	1.216445e+02
9.600000e-07	1.706114e-06	2.097620e-09	1.192789e+01	1.363278e+02
9.700000e-07	1.831189e-06	2.300698e-09	1.280231e+01	1.499659e+02
9.800000e-07	1.955699e-06	2.487030e-09	1.367279e+01	1.625176e+02
9.900000e-07	2.079592e-06	2.658564e-09	1.453896e+01	1.739835e+02
1.000000e-06	2.202766e-06	2.814767e-09	1.540011e+01	1.844004e+02
1.010000e-06	2.325212e-06	2.959483e-09	1.625616e+01	1.938345e+02
1.020000e-06	2.446853e-06	3.091250e-09	1.710658e+01	2.023730e+02
1.030000e-06	2.567408e-06	3.210636e-09	1.794941e+01	2.101153e+02
1.040000e-06	2.686859e-06	3.319108e-09	1.878452e+01	2.171641e+02
1.050000e-06	2.805428e-06	3.420497e-09	1.961347e+01	2.236182e+02
1.060000e-06	2.923082e-06	3.513563e-09	2.043602e+01	2.295670e+02
1.070000e-06	3.039712e-06	3.596481e-09	2.125141e+01	2.350864e+02
1.080000e-06	3.155199e-06	3.672021e-09	2.205881e+01	2.402374e+02
1.090000e-06	3.269389e-06	3.742322e-09	2.285714e+01	2.450665e+02
1.100000e-06	3.382176e-06	3.811072e-09	2.364566e+01	2.496071e+02
1.110000e-06	3.493564e-06	3.875615e-09	2.442440e+01	2.538822e+02
1.120000e-06	3.603778e-06	3.935633e-09	2.519494e+01	2.579081e+02
1.130000e-06	3.712870e-06	3.991926e-09	2.595763e+01	2.616971e+02
1.140000e-06	3.820770e-06	4.046293e-09	2.671199e+01	2.652601e+02
1.150000e-06	3.927425e-06	4.096646e-09	2.745764e+01	2.686087e+02
1.160000e-06	4.032567e-06	4.143243e-09	2.819272e+01	2.717560e+02
1.170000e-06	4.136080e-06	4.186703e-09	2.891640e+01	2.747169e+02
1.180000e-06	4.238108e-06	4.224941e-09	2.962970e+01	2.775072e+02
1.190000e-06	4.338693e-06	4.260692e-09	3.033292e+01	2.801425e+02
1.200000e-06	4.437831e-06	4.297420e-09	3.102602e+01	2.826376e+02
1.210000e-06	4.535331e-06	4.332310e-09	3.170767e+01	2.850047e+02
1.220000e-06	4.630983e-06	4.363870e-09	3.237640e+01	2.872531e+02
1.230000e-06	4.724942e-06	4.394803e-09	3.303329e+01	2.893892e+02
1.240000e-06	4.817408e-06	4.425312e-09	3.367974e+01	2.914165e+02
1.250000e-06	4.908375e-06	4.453879e-09	3.431572e+01	2.933363e+02
1.260000e-06	4.997528e-06	4.480560e-09	3.493901e+01	2.951493e+02
1.270000e-06	5.084750e-06	4.505342e-09	3.554880e+01	2.968565e+02
1.280000e-06	5.170217e-06	4.527408e-09	3.614632e+01	2.984599e+02
1.290000e-06	5.253984e-06	4.547729e-09	3.673196e+01	2.999637e+02
1.300000e-06	5.335917e-06	4.567027e-09	3.730477e+01	3.013745e+02
1.310000e-06	5.415871e-06	4.586313e-09	3.786375e+01	3.027007e+02
1.320000e-06	5.493925e-06	4.605808e-09	3.840944e+01	3.039524e+02
1.330000e-06	5.570036e-06	4.624599e-09	3.894156e+01	3.051398e+02
1.340000e-06	5.643998e-06	4.642886e-09	3.945864e+01	3.062728e+02
1.350000e-06	5.715753e-06	4.661137e-09	3.996030e+01	3.073594e+02
1.360000e-06	5.785442e-06	4.678043e-09	4.044752e+01	3.084048e+02
1.370000e-06	5.853193e-06	4.693680e-09	4.092118e+01	3.094117e+02
1.380000e-06	5.918854e-06	4.709055e-09	4.138023e+01	3.103795e+02
1.390000e-06	5.982305e-06	4.724549e-09	4.182384e+01	3.113052e+02
1.400000e-06	6.043750e-06	4.739098e-09	4.225342e+01	3.121843e+02
1.410000e-06	6.103308e-06	4.751487e-09	4.266980e+01	3.130118e+02
1.420000e-06	6.160657e-06	4.761769e-09	4.307074e+01	3.137835e+02
1.430000e-06	6.215690e-06	4.772864e-09	4.345549e+01	3.144968e+02
1.440000e-06	6.268465e-06	4.784474e-09	4.382446e+01	3.151516e+02
1.450000e-06	6.318689e-06	4.794579e-09	4.417559e+01	3.157508e+02
1.460000e-06	6.366310e-06	4.805501e-09	4.450851e+01	3.162995e+02
1.470000e-06	6.411597e-06	4.817668e-09	4.482513e+01	3.168051e+02
1.480000e-06	6.454721e-06	4.827638e-09	4.512662e+01	3.172758e+02
1.490000e-06	6.495476e-06	4.833210e-09	4.541155e+01	3.177199e+02
1.500000e-06	6.533856e-06	4.839370e-09	4.567987e+01	3.181443e+02
1.510000e-06	6.570145e-06	4.848275e-09	4.593358e+01	3.185537e+02
1.520000e-06	6.604207e-06	4.857416e-09	4.617171e+01	3.189500e+02
1.530000e-06	6.635873e-06	4.864637e-09	4.639310e+01	3.193322e+02
1.540000e-06	6.665293e-06	4.870114e-09	4.659878e+01	3.196965e+02
1.550000e-06	6.692438e-06	4.876664e-09	4.678856e+01	3.200372e+02
1.560000e-06	6.717030e-06	4.884380e-09	4.696049e+01	3.203475e+02
1.570000e-06	6.739152e-06	4.890996e-09	4.711515e+01	3.206209e+02
1.580000e-06	6.759120e-06	4.894275e-09	4.725475e+01	3.208521e+02
1.590000e-06	6.776817e-06	4.895963e-09	4.737847e+01	3.210377e+02
1.600000e-06	6.791978e-06	4.898763e-09	4.748447e+01	3.211772e+02
1.610000e-06	6.804583e-06	4.903527e-09	4.757260e+01	3.212725e+02
1.620000e-06	6.814545e-06	4.908623e-09	4.764224e+01	3.213279e+02
1.630000e-06	6.821943e-06	4.912428e-09	4.769397e+01	3.213491e+02
1.640000e-06	6.827058e-06	4.915154e-09	4.772972e+01	3.213425e+02
1.650000e-06	6.829808e-06	4.918307e-09	4.774895e+01	3.213135e+02
1.660000e-06	6.830066e-06	4.921657e-09	4.775075e+01	3.212663e+02
1.670000e-06	6.828019e-06	4.913038e-09	4.773644e+01	3.212024e+02
1.680000e-06	6.823899e-06	4.907488e-09	4.770764e+01	3.211208e+02
1.690000e-06	6.817476e-06	4.905739e-09	4.766273e+01	3.210174e+02
1.700000e-06	6.808731e-06	4.906219e-09	4.760160e+01	3.208863e+02
1.710000e-06	6.797863e-06	4.906373e-09	4.752561e+01	3.207199e+02
1.720000e-06	6.784643e-06	4.906401e-09	4.743319e+01	3.205103e+02
1.730000e-06	6.769010e-06	4.920723e-09	4.732389e+01	3.202507e+02
1.740000e-06	6.751223e-06	4.871123e-09	4.719954e+01	3.199357e+02
1.750000e-06	6.731074e-06	4.781264e-09	4.705867e+01	3.195629e+02
1.760000e-06	6.707796e-06	4.821982e-09	4.689593e+01	3.191324e+02
1.770000e-06	6.681384e-06	4.868926e-09	4.671128e+01	3.186477e+02
1.780000e-06	6.652713e-06	4.873815e-09	4.651083e+01	3.181144e+02
1.790000e-06	6.622079e-06	4.963234e-09	4.629666e+01	3.175400e+02
1.800000e-06	6.589734e-06	4.881391e-09	4.607053e+01	3.169326e+02
1.810000e-06	6.555757e-06	4.720143e-09	4.583299e+01	3.163002e+02
1.820000e-06	6.519354e-06	4.860534e-09	4.557848e+01	3.156492e+02
1.830000e-06	6.480474e-06	4.780620e-09	4.530667e+01	3.149842e+02
1.840000e-06	6.439513e-06	4.760525e-09	4.502029e+01	3.143073e+02
1.850000e-06	6.396392e-06	4.857461e-09	4.471883e+01	3.136183e+02
1.860000e-06	6.351166e-06	4.695350e-09	4.440264e+01	3.129147e+02
1.870000e-06	6.303581e-06	4.814497e-09	4.406996e+01	3.121926e+02
1.880000e-06	6.253608e-06	4.776489e-09	4.372058e+01	3.114469e+02
1.890000e-06	6.201314e-06	4.698174e-09	4.335498e+01	3.106725e+02
1.900000e-06	6.146354e-06	4.746888e-09	4.297075e+01	3.098646e+02
1.910000e-06	6.089046e-06	4.648803e-09	4.257009e+01	3.090193e+02
1.920000e-06	6.029687e-06	4.760632e-09	4.215510e+01	3.081336e+02
1.930000e-06	5.968213e-06	4.706328e-09	4.172532e+01	3.072054e+02
1.940000e-06	5.904472e-06	4.624154e-09	4.127969e+01	3.062332e+02
1.950000e-06	5.838522e-06	4.654707e-09	4.081861e+01	3.052157e+02
1.960000e-06	5.770582e-06	4.622077e-09	4.034363e+01	3.041514e+02
1.970000e-06	5.700336e-06	4.680453e-09	3.985252e+01	3.030383e+02
1.980000e-06	5.627860e-06	4.558304e-09	3.934582e+01	3.018735e+02
1.990000e-06	5.553436e-06	4.588663e-09	3.882551e+01	3.006536e+02
2.000000e-06	5.476937e-06	4.586709e-09	3.829068e+01	2.993749e+02
2.010000e-06	5.398271e-06	4.527090e-09	3.774071e+01	2.980336e+02
2.020000e-06	5.317491e-06	4.554280e-09	3.717595e+01	2.966265e+02
2.030000e-06	5.234884e-06	4.473898e-09	3.659842e+01	2.951516e+02
2.040000e-06	5.150530e-06	4.485054e-09	3.600869e+01	2.936085e+02
2.050000e-06	5.064225e-06	4.444145e-09	3.540530e+01	2.919982e+02
2.060000e-06	4.975978e-06	4.459130e-09	3.478835e+01	2.903232e+02
2.070000e-06	4.886034e-06	4.406561e-09	3.415952e+01	2.885871e+02
2.080000e-06	4.794433e-06	4.341497e-09	3.351912e+01	2.867936e+02
2.090000e-06	4.701139e-06	4.347527e-09	3.286688e+01	2.849459e+02
2.100000e-06	4.606144e-06	4.318082e-09	3.220274e+01	2.830457e+02
2.110000e-06	4.509462e-06	4.300938e-09	3.152681e+01	2.810928e+02
2.120000e-06	4.411264e-06	4.234315e-09	3.084028e+01	2.790838e+02
2.130000e-06	4.311654e-06	4.222496e-09	3.014389e+01	2.770132e+02
2.140000e-06	4.210549e-06	4.191822e-09	2.943703e+01	2.748726e+02
2.150000e-06	4.107730e-06	4.166984e-09	2.871820e+01	2.726523e+02
2.160000e-06	4.003313e-06	4.127719e-09	2.798819e+01	2.703418e+02
2.170000e-06	3.897571e-06	4.082523e-09	2.724892e+01	2.679310e+02
2.180000e-06	3.790568e-06	4.051593e-09	2.650084e+01	2.654114e+02
2.190000e-06	3.682362e-06	4.009275e-09	2.574434e+01	2.627770e+02
2.200000e-06	3.572861e-06	3.975842e-09	2.497879e+01	2.600243e+02
2.210000e-06	3.462008e-06	3.920534e-09	2.420379e+01	2.571530e+02
2.220000e-06	3.349796e-06	3.874308e-09	2.341929e+01	2.541647e+02
2.230000e-06	3.236342e-06	3.826072e-09	2.262610e+01	2.510620e+02
2.240000e-06	3.121712e-06	3.784754e-09	2.182470e+01	2.478476e+02
2.250000e-06	3.005921e-06	3.728438e-09	2.101517e+01	2.445220e+02
2.260000e-06	2.888973e-06	3.672009e-09	2.019756e+01	2.410826e+02
2.270000e-06	2.770763e-06	3.620308e-09	1.937112e+01	2.375225e+02
2.280000e-06	2.651369e-06	3.570359e-09	1.853640e+01	2.338302e+02
2.290000e-06	2.530944e-06	3.513369e-09	1.769448e+01	2.299889e+02
2.300000e-06	2.409630e-06	3.447934e-09	1.684634e+01	2.259782e+02
2.310000e-06	2.287538e-06	3.386002e-09	1.599277e+01	2.217745e+02
2.320000e-06	2.164774e-06	3.317294e-09	1.513449e+01	2.173527e+02
2.330000e-06	2.041369e-06	3.245322e-09	1.427174e+01	2.126877e+02
2.340000e-06	1.917310e-06	3.171736e-09	1.340441e+01	2.077555e+02
2.350000e-06	1.792538e-06	3.097615e-09	1.253210e+01	2.025339e+02
2.360000e-06	1.667049e-06	3.013775e-09	1.165477e+01	1.970019e+02
2.370000e-06	1.540956e-06	2.927132e-09	1.077322e+01	1.911393e+02
2.380000e-06	1.414252e-06	2.835027e-09	9.887399e+00	1.849244e+02
2.390000e-06	1.286959e-06	2.732135e-09	8.997463e+00	1.783316e+02
2.400000e-06	1.159199e-06	2.622432e-09	8.104258e+00	1.713293e+02
2.410000e-06	1.031038e-06	2.508382e-09	7.208251e+00	1.638773e+02
2.420000e-06	9.024856e-07	2.389723e-09	6.309510e+00	1.559253e+02
2.430000e-06	7.736201e-07	2.260732e-09	5.408578e+00	1.474129e+02
2.440000e-06	6.445652e-07	2.122812e-09	4.506321e+00	1.382711e+02
2.450000e-06	5.153564e-07	1.975283e-09	3.602990e+00	1.284254e+02
2.460000e-06	3.859869e-07	1.813994e-09	2.698534e+00	1.178008e+02
2.470000e-06	2.564623e-07	1.640887e-09	1.792994e+00	1.063285e+02
2.480000e-06	1.268272e-07	1.456591e-09	8.866818e-01	9.395366e+01
2.490000e-06	-2.840304e-09	1.257949e-09	-1.985730e-02	8.064275e+01
2.500000e-06	-1.324818e-07	1.040203e-09	-9.262144e-01	6.639139e+01
2.510000e-06	-2.620587e-07	8.057868e-10	-1.832120e+00	5.123021e+01
2.520000e-06	-3.915495e-07	5.609428e-10	-2.737424e+00	3.522875e+01
2.530000e-06	-5.209155e-07	3.073691e-10	-3.641854e+00	1.849665e+01
2.540000e-06	-6.500810e-07	4.323980e-11	-4.544884e+00	1.181787e+00
2.550000e-06	-7.790364e-07	-2.282385e-10	-5.446445e+00	-1.653482e+01
2.560000e-06	-9.077408e-07	-5.023485e-10	-6.346250e+00	-3.444687e+01
2.570000e-06	-1.036140e-06	-7.764953e-10	-7.243920e+00	-5.233298e+01
2.580000e-06	-1.164157e-06	-1.047322e-09	-8.138923e+00	-6.996830e+01
2.590000e-06	-1.291700e-06	-1.312297e-09	-9.030608e+00	-8.713666e+01
2.600000e-06	-1.418793e-06	-1.567771e-09	-9.919151e+00	-1.036421e+02
2.610000e-06	-1.545392e-06	-1.809398e-09	-1.080424e+01	-1.193187e+02
2.620000e-06	-1.671366e-06	-2.034985e-09	-1.168495e+01	-1.340383e+02
2.630000e-06	-1.796596e-06	-2.243330e-09	-1.256047e+01	-1.477150e+02
2.640000e-06	-1.921002e-06	-2.434078e-09	-1.343022e+01	-1.603061e+02
2.650000e-06	-2.044663e-06	-2.609738e-09	-1.429477e+01	-1.718106e+02
2.660000e-06	-2.167637e-06	-2.768910e-09	-1.515451e+01	-1.822643e+02
2.670000e-06	-2.289896e-06	-2.910973e-09	-1.600926e+01	-1.917324e+02
2.680000e-06	-2.411384e-06	-3.040935e-09	-1.685860e+01	-2.003015e+02
2.690000e-06	-2.531963e-06	-3.162013e-09	-1.770161e+01	-2.080708e+02
2.700000e-06	-2.651629e-06	-3.273786e-09	-1.853822e+01	-2.151429e+02
2.710000e-06	-2.770339e-06	-3.373488e-09	-1.936815e+01	-2.216170e+02
2.720000e-06	-2.887877e-06	-3.464775e-09	-2.018990e+01	-2.275827e+02
2.730000e-06	-3.004210e-06	-3.551714e-09	-2.100321e+01	-2.331166e+02
2.740000e-06	-3.119369e-06	-3.631777e-09	-2.180831e+01	-2.382802e+02
2.750000e-06	-3.233216e-06	-3.705020e-09	-2.260424e+01	-2.431205e+02
2.760000e-06	-3.345651e-06	-3.772566e-09	-2.339031e+01	-2.476712e+02
2.770000e-06	-3.456734e-06	-3.836968e-09	-2.416692e+01	-2.519558e+02
2.780000e-06	-3.566602e-06	-3.898739e-09	-2.493503e+01	-2.559907e+02
2.790000e-06	-3.675347e-06	-3.956907e-09	-2.569530e+01	-2.597883e+02
2.800000e-06	-3.782971e-06	-4.012318e-09	-2.644773e+01	-2.633594e+02
2.810000e-06	-3.889343e-06	-4.066513e-09	-2.719140e+01	-2.667158e+02
2.820000e-06	-3.994320e-06	-4.118952e-09	-2.792532e+01	-2.698704e+02
2.830000e-06	-4.097772e-06	-4.167032e-09	-2.864858e+01	-2.728380e+02
2.840000e-06	-4.199583e-06	-4.211739e-09	-2.936037e+01	-2.756344e+02
2.850000e-06	-4.299888e-06	-4.255631e-09	-3.006163e+01	-2.782753e+02
2.860000e-06	-4.398838e-06	-4.297226e-09	-3.075341e+01	-2.807755e+02
2.870000e-06	-4.496321e-06	-4.334239e-09	-3.143494e+01	-2.831473e+02
2.880000e-06	-4.592254e-06	-4.369360e-09	-3.210563e+01	-2.854001e+02
2.890000e-06	-4.686471e-06	-4.404921e-09	-3.276432e+01	-2.875405e+02
2.900000e-06	-4.778978e-06	-4.439533e-09	-3.341107e+01	-2.895719e+02
2.910000e-06	-4.869906e-06	-4.470072e-09	-3.404677e+01	-2.914958e+02
2.920000e-06	-4.959134e-06	-4.496693e-09	-3.467058e+01	-2.933130e+02
2.930000e-06	-5.046519e-06	-4.522371e-09	-3.528151e+01	-2.950242e+02
2.940000e-06	-5.131943e-06	-4.548752e-09	-3.587873e+01	-2.966316e+02
2.950000e-06	-5.215568e-06	-4.573856e-09	-3.646338e+01	-2.981392e+02
2.960000e-06	-5.297531e-06	-4.595538e-09	-3.703640e+01	-2.995534e+02
2.970000e-06	-5.377653e-06	-4.614756e-09	-3.759656e+01	-3.008828e+02
2.980000e-06	-5.455687e-06	-4.634675e-09	-3.814211e+01	-3.021373e+02
2.990000e-06	-5.531505e-06	-4.656085e-09	-3.867218e+01	-3.033272e+02
3.000000e-06	-5.605249e-06	-4.676898e-09	-3.918774e+01	-3.044623e+02
3.010000e-06	-5.677004e-06	-4.695130e-09	-3.968940e+01	-3.055506e+02
3.020000e-06	-5.746599e-06	-4.709929e-09	-4.017596e+01	-3.065978e+02
3.030000e-06	-5.814073e-06	-4.723363e-09	-4.064768e+01	-3.076064e+02
3.040000e-06	-5.879564e-06	-4.736766e-09	-4.110555e+01	-3.085759e+02
3.050000e-06	-5.943001e-06	-4.746824e-09	-4.154905e+01	-3.095035e+02
3.060000e-06	-6.004234e-06	-4.755774e-09	-4.197714e+01	-3.103847e+02
3.070000e-06	-6.063251e-06	-4.767043e-09	-4.238975e+01	-3.112144e+02
3.080000e-06	-6.120250e-06	-4.780246e-09	-4.278824e+01	-3.119884e+02
3.090000e-06	-6.175063e-06	-4.791241e-09	-4.317146e+01	-3.127041e+02
3.100000e-06	-6.227322e-06	-4.799562e-09	-4.353681e+01	-3.133614e+02
3.110000e-06	-6.276935e-06	-4.807030e-09	-4.388367e+01	-3.139627e+02
3.120000e-06	-6.324082e-06	-4.816122e-09	-4.421329e+01	-3.145134e+02
3.130000e-06	-6.369159e-06	-4.826319e-09	-4.452843e+01	-3.150207e+02
3.140000e-06	-6.412264e-06	-4.831712e-09	-4.482979e+01	-3.154929e+02
3.150000e-06	-6.453300e-06	-4.834160e-09	-4.511668e+01	-3.159381e+02
3.160000e-06	-6.492042e-06	-4.839295e-09	-4.538754e+01	-3.163634e+02
3.170000e-06	-6.528370e-06	-4.847614e-09	-4.564152e+01	-3.167736e+02
3.180000e-06	-6.562425e-06	-4.853049e-09	-4.587961e+01	-3.171707e+02
3.190000e-06	-6.594153e-06	-4.855132e-09	-4.610143e+01	-3.175537e+02
3.200000e-06	-6.623451e-06	-4.856975e-09	-4.630625e+01	-3.179191e+02
3.210000e-06	-6.650399e-06	-4.862435e-09	-4.649465e+01	-3.182610e+02
3.220000e-06	-6.675073e-06	-4.868307e-09	-4.666716e+01	-3.185729e+02
3.230000e-06	-6.697301e-06	-4.869840e-09	-4.682256e+01	-3.188480e+02
3.240000e-06	-6.717159e-06	-4.868099e-09	-4.696139e+01	-3.190811e+02
3.250000e-06	-6.734797e-06	-4.867719e-09	-4.708470e+01	-3.192687e+02
3.260000e-06	-6.749921e-06	-4.869355e-09	-4.719044e+01	-3.194101e+02
3.270000e-06	-6.762349e-06	-4.871439e-09	-4.727732e+01	-3.195072e+02
3.280000e-06	-6.772301e-06	-4.871275e-09	-4.734690e+01	-3.195643e+02
3.290000e-06	-6.779814e-06	-4.869500e-09	-4.739943e+01	-3.195869e+02
3.300000e-06	-6.784897e-06	-4.869391e-09	-4.743496e+01	-3.195814e+02
3.310000e-06	-6.787712e-06	-4.869329e-09	-4.745465e+01	-3.195535e+02
3.320000e-06	-6.788259e-06	-4.867569e-09	-4.745847e+01	-3.195072e+02
