# Temperatura_=_20.0
# Concentracion g/m^3_=_9000.0
# C_Vs_to_Am_M_A/Vsm_=_65563218390.804596
# pendiente_HvsI_1/m_=_3716.3
# ordenada_HvsI_A/m_=_1297.0
# frecuencia_Hz_=_301065.5814855121

Tiempo_(s)	Campo_(V.s)	Magnetizacion_(V.s)	Campo_(kA/m)	Magnetizacion_(A/m)
0.000000e+00	-2.644151e-06	-2.882089e-09	-1.977529e+01	-1.934794e+02
1.000000e-08	-2.644093e-06	-2.882017e-09	-1.977485e+01	-1.936170e+02
2.000000e-08	-2.643126e-06	-2.885839e-09	-1.976762e+01	-1.937308e+02
3.000000e-08	-2.640923e-06	-2.887927e-09	-1.975114e+01	-1.938238e+02
4.000000e-08	-2.637660e-06	-2.887267e-09	-1.972674e+01	-1.938963e+02
5.000000e-08	-2.633698e-06	-2.886392e-09	-1.969711e+01	-1.939448e+02
6.000000e-08	-2.628954e-06	-2.885999e-09	-1.966163e+01	-1.939627e+02
7.000000e-08	-2.623341e-06	-2.884701e-09	-1.961965e+01	-1.939403e+02
8.000000e-08	-2.616788e-06	-2.867839e-09	-1.957064e+01	-1.938661e+02
9.000000e-08	-2.609278e-06	-2.885365e-09	-1.951447e+01	-1.937285e+02
1.000000e-07	-2.600767e-06	-2.933955e-09	-1.945083e+01	-1.935168e+02
1.100000e-07	-2.590931e-06	-2.927647e-09	-1.937726e+01	-1.932234e+02
1.200000e-07	-2.579979e-06	-2.794568e-09	-1.929535e+01	-1.928450e+02
1.300000e-07	-2.568266e-06	-2.758694e-09	-1.920775e+01	-1.923835e+02
1.400000e-07	-2.555706e-06	-2.915280e-09	-1.911382e+01	-1.918462e+02
1.500000e-07	-2.542299e-06	-2.942181e-09	-1.901355e+01	-1.912456e+02
1.600000e-07	-2.528028e-06	-2.843435e-09	-1.890682e+01	-1.905982e+02
1.700000e-07	-2.512367e-06	-2.826751e-09	-1.878969e+01	-1.899226e+02
1.800000e-07	-2.495364e-06	-2.851950e-09	-1.866253e+01	-1.892380e+02
1.900000e-07	-2.477871e-06	-2.842829e-09	-1.853170e+01	-1.885615e+02
2.000000e-07	-2.459876e-06	-2.945016e-09	-1.839712e+01	-1.879064e+02
2.100000e-07	-2.440828e-06	-2.892296e-09	-1.825466e+01	-1.872807e+02
2.200000e-07	-2.420981e-06	-2.708763e-09	-1.810622e+01	-1.866857e+02
2.300000e-07	-2.400699e-06	-2.839642e-09	-1.795454e+01	-1.861160e+02
2.400000e-07	-2.379506e-06	-3.030417e-09	-1.779604e+01	-1.855604e+02
2.500000e-07	-2.357105e-06	-2.879206e-09	-1.762850e+01	-1.850026e+02
2.600000e-07	-2.333880e-06	-2.760749e-09	-1.745481e+01	-1.844234e+02
2.700000e-07	-2.310059e-06	-2.913073e-09	-1.727666e+01	-1.838030e+02
2.800000e-07	-2.285562e-06	-2.941496e-09	-1.709345e+01	-1.831230e+02
2.900000e-07	-2.260036e-06	-2.866237e-09	-1.690254e+01	-1.823684e+02
3.000000e-07	-2.233285e-06	-2.810096e-09	-1.670247e+01	-1.815293e+02
3.100000e-07	-2.205688e-06	-2.801238e-09	-1.649607e+01	-1.806016e+02
3.200000e-07	-2.177480e-06	-2.818465e-09	-1.628511e+01	-1.795872e+02
3.300000e-07	-2.148596e-06	-2.816434e-09	-1.606909e+01	-1.784932e+02
3.400000e-07	-2.119067e-06	-2.762934e-09	-1.584825e+01	-1.773308e+02
3.500000e-07	-2.088781e-06	-2.763785e-09	-1.562174e+01	-1.761134e+02
3.600000e-07	-2.057651e-06	-2.711143e-09	-1.538893e+01	-1.748550e+02
3.700000e-07	-2.025999e-06	-2.672419e-09	-1.515220e+01	-1.735678e+02
3.800000e-07	-1.993908e-06	-2.777326e-09	-1.491220e+01	-1.722610e+02
3.900000e-07	-1.960828e-06	-2.692104e-09	-1.466480e+01	-1.709399e+02
4.000000e-07	-1.926558e-06	-2.545189e-09	-1.440849e+01	-1.696051e+02
4.100000e-07	-1.891540e-06	-2.652678e-09	-1.414660e+01	-1.682528e+02
4.200000e-07	-1.855979e-06	-2.727004e-09	-1.388065e+01	-1.668757e+02
4.300000e-07	-1.819854e-06	-2.527679e-09	-1.361047e+01	-1.654642e+02
4.400000e-07	-1.783191e-06	-2.500942e-09	-1.333627e+01	-1.640079e+02
4.500000e-07	-1.745912e-06	-2.600638e-09	-1.305747e+01	-1.624969e+02
4.600000e-07	-1.707891e-06	-2.539045e-09	-1.277311e+01	-1.609233e+02
4.700000e-07	-1.669198e-06	-2.445049e-09	-1.248373e+01	-1.592819e+02
4.800000e-07	-1.630040e-06	-2.452560e-09	-1.219087e+01	-1.575708e+02
4.900000e-07	-1.590525e-06	-2.455221e-09	-1.189534e+01	-1.557913e+02
5.000000e-07	-1.550649e-06	-2.391773e-09	-1.159712e+01	-1.539468e+02
5.100000e-07	-1.510348e-06	-2.372345e-09	-1.129571e+01	-1.520427e+02
5.200000e-07	-1.469232e-06	-2.345414e-09	-1.098821e+01	-1.500843e+02
5.300000e-07	-1.427044e-06	-2.302783e-09	-1.067269e+01	-1.480764e+02
5.400000e-07	-1.384061e-06	-2.258187e-09	-1.035123e+01	-1.460217e+02
5.500000e-07	-1.340647e-06	-2.256815e-09	-1.002654e+01	-1.439205e+02
5.600000e-07	-1.296970e-06	-2.229231e-09	-9.699881e+00	-1.417701e+02
5.700000e-07	-1.252957e-06	-2.149416e-09	-9.370716e+00	-1.395652e+02
5.800000e-07	-1.208527e-06	-2.114441e-09	-9.038430e+00	-1.372986e+02
5.900000e-07	-1.163695e-06	-2.125315e-09	-8.703133e+00	-1.349617e+02
6.000000e-07	-1.118396e-06	-2.088434e-09	-8.364347e+00	-1.325459e+02
6.100000e-07	-1.072644e-06	-1.993468e-09	-8.022176e+00	-1.300434e+02
6.200000e-07	-1.026565e-06	-1.969716e-09	-7.677555e+00	-1.274482e+02
6.300000e-07	-9.801101e-07	-1.962358e-09	-7.330126e+00	-1.247566e+02
6.400000e-07	-9.332334e-07	-1.902229e-09	-6.979541e+00	-1.219672e+02
6.500000e-07	-8.860434e-07	-1.833484e-09	-6.626612e+00	-1.190810e+02
6.600000e-07	-8.386544e-07	-1.804049e-09	-6.272196e+00	-1.161003e+02
6.700000e-07	-7.910795e-07	-1.768629e-09	-5.916388e+00	-1.130283e+02
6.800000e-07	-7.433258e-07	-1.705357e-09	-5.559244e+00	-1.098680e+02
6.900000e-07	-6.953180e-07	-1.662289e-09	-5.200200e+00	-1.066208e+02
7.000000e-07	-6.469927e-07	-1.616004e-09	-4.838781e+00	-1.032865e+02
7.100000e-07	-5.983257e-07	-1.551989e-09	-4.474806e+00	-9.986233e+01
7.200000e-07	-5.492284e-07	-1.491727e-09	-4.107613e+00	-9.634289e+01
7.300000e-07	-4.997981e-07	-1.454285e-09	-3.737930e+00	-9.272070e+01
7.400000e-07	-4.500301e-07	-1.392413e-09	-3.365721e+00	-8.898672e+01
7.500000e-07	-3.998474e-07	-1.313867e-09	-2.990411e+00	-8.513125e+01
7.600000e-07	-3.493949e-07	-1.260420e-09	-2.613082e+00	-8.114501e+01
7.700000e-07	-2.988215e-07	-1.210433e-09	-2.234850e+00	-7.702014e+01
7.800000e-07	-2.481324e-07	-1.133866e-09	-1.855752e+00	-7.275101e+01
7.900000e-07	-1.972790e-07	-1.051881e-09	-1.475426e+00	-6.833483e+01
8.000000e-07	-1.463449e-07	-9.957968e-10	-1.094496e+00	-6.377189e+01
8.100000e-07	-9.536036e-08	-9.280159e-10	-7.131887e-01	-5.906549e+01
8.200000e-07	-4.431328e-08	-8.435386e-10	-3.314137e-01	-5.422152e+01
8.300000e-07	6.720628e-09	-7.644869e-10	5.026277e-02	-4.924787e+01
8.400000e-07	5.776752e-08	-6.955471e-10	4.320364e-01	-4.415375e+01
8.500000e-07	1.088022e-07	-6.149985e-10	8.137187e-01	-3.894892e+01
8.600000e-07	1.597242e-07	-5.261511e-10	1.194558e+00	-3.364322e+01
8.700000e-07	2.105559e-07	-4.443827e-10	1.574722e+00	-2.824615e+01
8.800000e-07	2.613472e-07	-3.595458e-10	1.954585e+00	-2.276676e+01
8.900000e-07	3.119762e-07	-2.736630e-10	2.333233e+00	-1.721388e+01
9.000000e-07	3.622863e-07	-1.886650e-10	2.709496e+00	-1.159638e+01
9.100000e-07	4.123092e-07	-1.046412e-10	3.083611e+00	-5.923695e+00
9.200000e-07	4.620972e-07	-1.083904e-11	3.455970e+00	-2.062869e-01
9.300000e-07	5.115226e-07	8.016920e-11	3.825616e+00	5.543945e+00
9.400000e-07	5.606043e-07	1.635745e-10	4.192692e+00	1.131346e+01
9.500000e-07	6.093771e-07	2.530008e-10	4.557458e+00	1.708712e+01
9.600000e-07	6.577401e-07	3.498361e-10	4.919159e+00	2.284846e+01
9.700000e-07	7.057878e-07	4.407424e-10	5.278502e+00	2.858027e+01
9.800000e-07	7.536384e-07	5.193457e-10	5.636371e+00	3.426526e+01
9.900000e-07	8.013224e-07	6.053286e-10	5.992994e+00	3.988693e+01
1.000000e-06	8.488480e-07	6.968446e-10	6.348432e+00	4.543030e+01
1.010000e-06	8.961855e-07	7.825204e-10	6.702464e+00	5.088260e+01
1.020000e-06	9.431950e-07	8.600322e-10	7.054042e+00	5.623369e+01
1.030000e-06	9.898235e-07	9.403103e-10	7.402771e+00	6.147624e+01
1.040000e-06	1.036104e-06	1.022798e-09	7.748894e+00	6.660559e+01
1.050000e-06	1.081967e-06	1.101358e-09	8.091903e+00	7.161940e+01
1.060000e-06	1.127452e-06	1.178138e-09	8.432080e+00	7.651707e+01
1.070000e-06	1.172589e-06	1.251856e-09	8.769650e+00	8.129905e+01
1.080000e-06	1.217296e-06	1.322681e-09	9.104008e+00	8.596615e+01
1.090000e-06	1.261545e-06	1.390700e-09	9.434943e+00	9.051900e+01
1.100000e-06	1.305414e-06	1.461830e-09	9.763037e+00	9.495759e+01
1.110000e-06	1.349040e-06	1.529392e-09	1.008930e+01	9.928111e+01
1.120000e-06	1.392413e-06	1.589559e-09	1.041369e+01	1.034880e+02
1.130000e-06	1.435402e-06	1.651994e-09	1.073520e+01	1.075760e+02
1.140000e-06	1.477720e-06	1.715050e-09	1.105169e+01	1.115428e+02
1.150000e-06	1.519067e-06	1.774077e-09	1.136092e+01	1.153864e+02
1.160000e-06	1.559533e-06	1.827899e-09	1.166356e+01	1.191053e+02
1.170000e-06	1.599406e-06	1.884259e-09	1.196177e+01	1.226989e+02
1.180000e-06	1.638920e-06	1.940521e-09	1.225729e+01	1.261677e+02
1.190000e-06	1.678033e-06	1.993046e-09	1.254981e+01	1.295133e+02
1.200000e-06	1.716553e-06	2.043203e-09	1.283790e+01	1.327380e+02
1.210000e-06	1.754455e-06	2.092855e-09	1.312136e+01	1.358447e+02
1.220000e-06	1.791728e-06	2.139895e-09	1.340012e+01	1.388362e+02
1.230000e-06	1.828334e-06	2.182757e-09	1.367389e+01	1.417152e+02
1.240000e-06	1.864352e-06	2.226208e-09	1.394327e+01	1.444839e+02
1.250000e-06	1.899966e-06	2.266288e-09	1.420961e+01	1.471437e+02
1.260000e-06	1.935104e-06	2.304425e-09	1.447241e+01	1.496955e+02
1.270000e-06	1.969424e-06	2.342057e-09	1.472908e+01	1.521400e+02
1.280000e-06	2.002679e-06	2.379062e-09	1.497780e+01	1.544779e+02
1.290000e-06	2.034998e-06	2.412375e-09	1.521950e+01	1.567103e+02
1.300000e-06	2.066680e-06	2.444732e-09	1.545645e+01	1.588395e+02
1.310000e-06	2.097813e-06	2.476898e-09	1.568929e+01	1.608690e+02
1.320000e-06	2.128235e-06	2.507288e-09	1.591682e+01	1.628038e+02
1.330000e-06	2.157916e-06	2.536124e-09	1.613879e+01	1.646503e+02
1.340000e-06	2.186853e-06	2.564806e-09	1.635521e+01	1.664158e+02
1.350000e-06	2.215054e-06	2.594066e-09	1.656612e+01	1.681082e+02
1.360000e-06	2.242698e-06	2.620137e-09	1.677287e+01	1.697355e+02
1.370000e-06	2.269721e-06	2.643097e-09	1.697497e+01	1.713044e+02
1.380000e-06	2.295812e-06	2.665261e-09	1.717010e+01	1.728203e+02
1.390000e-06	2.320747e-06	2.688659e-09	1.735659e+01	1.742867e+02
1.400000e-06	2.344658e-06	2.711077e-09	1.753542e+01	1.757047e+02
1.410000e-06	2.367783e-06	2.732091e-09	1.770837e+01	1.770732e+02
1.420000e-06	2.390119e-06	2.753286e-09	1.787541e+01	1.783895e+02
1.430000e-06	2.411650e-06	2.774538e-09	1.803644e+01	1.796493e+02
1.440000e-06	2.432357e-06	2.794747e-09	1.819130e+01	1.808485e+02
1.450000e-06	2.452321e-06	2.812713e-09	1.834062e+01	1.819830e+02
1.460000e-06	2.471647e-06	2.829992e-09	1.848515e+01	1.830502e+02
1.470000e-06	2.490120e-06	2.846168e-09	1.862331e+01	1.840494e+02
1.480000e-06	2.507562e-06	2.861885e-09	1.875375e+01	1.849821e+02
1.490000e-06	2.524151e-06	2.876814e-09	1.887782e+01	1.858518e+02
1.500000e-06	2.539874e-06	2.891202e-09	1.899542e+01	1.866640e+02
1.510000e-06	2.554529e-06	2.904880e-09	1.910502e+01	1.874251e+02
1.520000e-06	2.568210e-06	2.917232e-09	1.920733e+01	1.881421e+02
1.530000e-06	2.580990e-06	2.929151e-09	1.930291e+01	1.888212e+02
1.540000e-06	2.592846e-06	2.939497e-09	1.939158e+01	1.894671e+02
1.550000e-06	2.603739e-06	2.948543e-09	1.947305e+01	1.900829e+02
1.560000e-06	2.613410e-06	2.959140e-09	1.954538e+01	1.906690e+02
1.570000e-06	2.621859e-06	2.970265e-09	1.960857e+01	1.912239e+02
1.580000e-06	2.629412e-06	2.978738e-09	1.966506e+01	1.917442e+02
1.590000e-06	2.636128e-06	2.986357e-09	1.971529e+01	1.922257e+02
1.600000e-06	2.641936e-06	2.993888e-09	1.975872e+01	1.926639e+02
1.610000e-06	2.646849e-06	3.001221e-09	1.979547e+01	1.930553e+02
1.620000e-06	2.650966e-06	3.008423e-09	1.982626e+01	1.933979e+02
1.630000e-06	2.654361e-06	3.015782e-09	1.985165e+01	1.936920e+02
1.640000e-06	2.656768e-06	3.022761e-09	1.986965e+01	1.939401e+02
1.650000e-06	2.657905e-06	3.028610e-09	1.987815e+01	1.941467e+02
1.660000e-06	2.657952e-06	3.033924e-09	1.987850e+01	1.943175e+02
1.670000e-06	2.657199e-06	3.038695e-09	1.987287e+01	1.944587e+02
1.680000e-06	2.655668e-06	3.039717e-09	1.986142e+01	1.945755e+02
1.690000e-06	2.653279e-06	3.040363e-09	1.984355e+01	1.946715e+02
1.700000e-06	2.650041e-06	3.041040e-09	1.981934e+01	1.947469e+02
1.710000e-06	2.646104e-06	3.041022e-09	1.978989e+01	1.947990e+02
1.720000e-06	2.641565e-06	3.038185e-09	1.975595e+01	1.948213e+02
1.730000e-06	2.636150e-06	3.043958e-09	1.971545e+01	1.948045e+02
1.740000e-06	2.629508e-06	3.060659e-09	1.966577e+01	1.947372e+02
1.750000e-06	2.621634e-06	3.014861e-09	1.960689e+01	1.946076e+02
1.760000e-06	2.612525e-06	2.948903e-09	1.953876e+01	1.944050e+02
1.770000e-06	2.602205e-06	3.042826e-09	1.946158e+01	1.941213e+02
1.780000e-06	2.591332e-06	3.123003e-09	1.938026e+01	1.937528e+02
1.790000e-06	2.580378e-06	3.080786e-09	1.929834e+01	1.933006e+02
1.800000e-06	2.568434e-06	2.906581e-09	1.920901e+01	1.927717e+02
1.810000e-06	2.554565e-06	2.963394e-09	1.910528e+01	1.921779e+02
1.820000e-06	2.539518e-06	2.997941e-09	1.899275e+01	1.915353e+02
1.830000e-06	2.524187e-06	2.936629e-09	1.887809e+01	1.908625e+02
1.840000e-06	2.507877e-06	2.992748e-09	1.875611e+01	1.901787e+02
1.850000e-06	2.490257e-06	2.904799e-09	1.862433e+01	1.895014e+02
1.860000e-06	2.472160e-06	2.780338e-09	1.848899e+01	1.888443e+02
1.870000e-06	2.453497e-06	2.898115e-09	1.834941e+01	1.882160e+02
1.880000e-06	2.433810e-06	3.008391e-09	1.820217e+01	1.876185e+02
1.890000e-06	2.413391e-06	2.701552e-09	1.804946e+01	1.870473e+02
1.900000e-06	2.392264e-06	2.655522e-09	1.789145e+01	1.864916e+02
1.910000e-06	2.369842e-06	2.917499e-09	1.772376e+01	1.859356e+02
1.920000e-06	2.346146e-06	2.808847e-09	1.754654e+01	1.853604e+02
1.930000e-06	2.321733e-06	2.601265e-09	1.736396e+01	1.847461e+02
1.940000e-06	2.296717e-06	2.783729e-09	1.717687e+01	1.840740e+02
1.950000e-06	2.270915e-06	2.788811e-09	1.698390e+01	1.833287e+02
1.960000e-06	2.244131e-06	2.638677e-09	1.678358e+01	1.824997e+02
1.970000e-06	2.216520e-06	2.714846e-09	1.657708e+01	1.815822e+02
1.980000e-06	2.188409e-06	2.709852e-09	1.636685e+01	1.805775e+02
1.990000e-06	2.159528e-06	2.628179e-09	1.615085e+01	1.794923e+02
2.000000e-06	2.129625e-06	2.643549e-09	1.592721e+01	1.783373e+02
2.010000e-06	2.099064e-06	2.634246e-09	1.569865e+01	1.771259e+02
2.020000e-06	2.067713e-06	2.652641e-09	1.546418e+01	1.758720e+02
2.030000e-06	2.035386e-06	2.586887e-09	1.522241e+01	1.745881e+02
2.040000e-06	2.002553e-06	2.474543e-09	1.497685e+01	1.732839e+02
2.050000e-06	1.969172e-06	2.636155e-09	1.472720e+01	1.719649e+02
2.060000e-06	1.934879e-06	2.618218e-09	1.447072e+01	1.706324e+02
2.070000e-06	1.899888e-06	2.390098e-09	1.420903e+01	1.692830e+02
2.080000e-06	1.864402e-06	2.476168e-09	1.394364e+01	1.679097e+02
2.090000e-06	1.828374e-06	2.582085e-09	1.367419e+01	1.665031e+02
2.100000e-06	1.791818e-06	2.431990e-09	1.340079e+01	1.650528e+02
2.110000e-06	1.754597e-06	2.372864e-09	1.312242e+01	1.635489e+02
2.120000e-06	1.716577e-06	2.429414e-09	1.283807e+01	1.619830e+02
2.130000e-06	1.677574e-06	2.413368e-09	1.254638e+01	1.603497e+02
2.140000e-06	1.637739e-06	2.350832e-09	1.224846e+01	1.586468e+02
2.150000e-06	1.597532e-06	2.304793e-09	1.194775e+01	1.568752e+02
2.160000e-06	1.556984e-06	2.334957e-09	1.164449e+01	1.550382e+02
2.170000e-06	1.515843e-06	2.295033e-09	1.133680e+01	1.531409e+02
2.180000e-06	1.474035e-06	2.219410e-09	1.102413e+01	1.511889e+02
2.190000e-06	1.431786e-06	2.245315e-09	1.070815e+01	1.491868e+02
2.200000e-06	1.389110e-06	2.223430e-09	1.038899e+01	1.471378e+02
2.210000e-06	1.345864e-06	2.133043e-09	1.006556e+01	1.450424e+02
2.220000e-06	1.302164e-06	2.112075e-09	9.738730e+00	1.428981e+02
2.230000e-06	1.258179e-06	2.142799e-09	9.409770e+00	1.407002e+02
2.240000e-06	1.213973e-06	2.076782e-09	9.079161e+00	1.384413e+02
2.250000e-06	1.169541e-06	1.990965e-09	8.746854e+00	1.361131e+02
2.260000e-06	1.124778e-06	2.003957e-09	8.412077e+00	1.337068e+02
2.270000e-06	1.079439e-06	1.998449e-09	8.072994e+00	1.312147e+02
2.280000e-06	1.033456e-06	1.903292e-09	7.729094e+00	1.286304e+02
2.290000e-06	9.870195e-07	1.857818e-09	7.381800e+00	1.259499e+02
2.300000e-06	9.403180e-07	1.861712e-09	7.032525e+00	1.231717e+02
2.310000e-06	8.933790e-07	1.802257e-09	6.681474e+00	1.202965e+02
2.320000e-06	8.462319e-07	1.735776e-09	6.328867e+00	1.173265e+02
2.330000e-06	7.989334e-07	1.707573e-09	5.975127e+00	1.142649e+02
2.340000e-06	7.513509e-07	1.677442e-09	5.619263e+00	1.111146e+02
2.350000e-06	7.034187e-07	1.603364e-09	5.260784e+00	1.078775e+02
2.360000e-06	6.552186e-07	1.549627e-09	4.900301e+00	1.045534e+02
2.370000e-06	6.067307e-07	1.525799e-09	4.537666e+00	1.011397e+02
2.380000e-06	5.578921e-07	1.460873e-09	4.172408e+00	9.763154e+01
2.390000e-06	5.088702e-07	1.389105e-09	3.805779e+00	9.402150e+01
2.400000e-06	4.597028e-07	1.348966e-09	3.438062e+00	9.030067e+01
2.410000e-06	4.102023e-07	1.302387e-09	3.067854e+00	8.645941e+01
2.420000e-06	3.604630e-07	1.224627e-09	2.695859e+00	8.248832e+01
2.430000e-06	3.106973e-07	1.160564e-09	2.323668e+00	7.837935e+01
2.440000e-06	2.608657e-07	1.115400e-09	1.950983e+00	7.412658e+01
2.450000e-06	2.109147e-07	1.047190e-09	1.577406e+00	6.972693e+01
2.460000e-06	1.608908e-07	9.603305e-10	1.203283e+00	6.518033e+01
2.470000e-06	1.108060e-07	8.974910e-10	8.287048e-01	6.048979e+01
2.480000e-06	6.064020e-08	8.400835e-10	4.535207e-01	5.566093e+01
2.490000e-06	1.045587e-08	7.537632e-10	7.819817e-02	5.070149e+01
2.500000e-06	-3.968699e-08	6.683094e-10	-2.968142e-01	4.562053e+01
2.510000e-06	-8.983144e-08	5.987324e-10	-6.718385e-01	4.042782e+01
2.520000e-06	-1.399704e-07	5.259182e-10	-1.046822e+00	3.513320e+01
2.530000e-06	-1.900266e-07	4.360188e-10	-1.421186e+00	2.974619e+01
2.540000e-06	-2.399712e-07	3.518231e-10	-1.794715e+00	2.427594e+01
2.550000e-06	-2.898834e-07	2.755930e-10	-2.168003e+00	1.873124e+01
2.560000e-06	-3.397377e-07	1.890192e-10	-2.540857e+00	1.312095e+01
2.570000e-06	-3.894077e-07	1.025564e-10	-2.912333e+00	7.454423e+00
2.580000e-06	-4.388378e-07	2.064074e-11	-3.282015e+00	1.741991e+00
2.590000e-06	-4.880571e-07	-6.910600e-11	-3.650120e+00	-4.004615e+00
2.600000e-06	-5.369398e-07	-1.647555e-10	-4.015709e+00	-9.772037e+00
2.610000e-06	-5.854657e-07	-2.479192e-10	-4.378628e+00	-1.554529e+01
2.620000e-06	-6.336959e-07	-3.272270e-10	-4.739336e+00	-2.130804e+01
2.630000e-06	-6.815826e-07	-4.150129e-10	-5.097474e+00	-2.704312e+01
2.640000e-06	-7.291663e-07	-5.049215e-10	-5.453347e+00	-3.273321e+01
2.650000e-06	-7.764271e-07	-5.845152e-10	-5.806805e+00	-3.836168e+01
2.660000e-06	-8.234954e-07	-6.618738e-10	-6.158823e+00	-4.391337e+01
2.670000e-06	-8.703788e-07	-7.470877e-10	-6.509458e+00	-4.937524e+01
2.680000e-06	-9.169735e-07	-8.299196e-10	-6.857935e+00	-5.473684e+01
2.690000e-06	-9.633089e-07	-9.091120e-10	-7.204471e+00	-5.999056e+01
2.700000e-06	-1.009423e-06	-9.892480e-10	-7.549356e+00	-6.513146e+01
2.710000e-06	-1.055207e-06	-1.066853e-09	-7.891763e+00	-7.015698e+01
2.720000e-06	-1.100493e-06	-1.136796e-09	-8.230454e+00	-7.506636e+01
2.730000e-06	-1.145334e-06	-1.209183e-09	-8.565814e+00	-7.985997e+01
2.740000e-06	-1.189834e-06	-1.284033e-09	-8.898623e+00	-8.453861e+01
2.750000e-06	-1.234046e-06	-1.351427e-09	-9.229281e+00	-8.910296e+01
2.760000e-06	-1.277979e-06	-1.413413e-09	-9.557854e+00	-9.355309e+01
2.770000e-06	-1.321595e-06	-1.479634e-09	-9.884048e+00	-9.788828e+01
2.780000e-06	-1.364817e-06	-1.549220e-09	-1.020730e+01	-1.021070e+02
2.790000e-06	-1.407514e-06	-1.611099e-09	-1.052663e+01	-1.062071e+02
2.800000e-06	-1.449693e-06	-1.666978e-09	-1.084208e+01	-1.101864e+02
2.810000e-06	-1.491424e-06	-1.724686e-09	-1.115418e+01	-1.140425e+02
2.820000e-06	-1.532561e-06	-1.784770e-09	-1.146184e+01	-1.177741e+02
2.830000e-06	-1.573098e-06	-1.839373e-09	-1.176501e+01	-1.213803e+02
2.840000e-06	-1.613241e-06	-1.888905e-09	-1.206523e+01	-1.248617e+02
2.850000e-06	-1.653034e-06	-1.937843e-09	-1.236284e+01	-1.282197e+02
2.860000e-06	-1.692309e-06	-1.986735e-09	-1.265658e+01	-1.314565e+02
2.870000e-06	-1.730774e-06	-2.034701e-09	-1.294425e+01	-1.345749e+02
2.880000e-06	-1.768211e-06	-2.080742e-09	-1.322424e+01	-1.375779e+02
2.890000e-06	-1.804790e-06	-2.124932e-09	-1.349781e+01	-1.404682e+02
2.900000e-06	-1.840847e-06	-2.166223e-09	-1.376747e+01	-1.432479e+02
2.910000e-06	-1.876424e-06	-2.206723e-09	-1.403355e+01	-1.459186e+02
2.920000e-06	-1.911352e-06	-2.244908e-09	-1.429478e+01	-1.484812e+02
2.930000e-06	-1.945593e-06	-2.280900e-09	-1.455085e+01	-1.509365e+02
2.940000e-06	-1.979198e-06	-2.315684e-09	-1.480218e+01	-1.532849e+02
2.950000e-06	-2.012149e-06	-2.348348e-09	-1.504862e+01	-1.555279e+02
2.960000e-06	-2.044520e-06	-2.379800e-09	-1.529072e+01	-1.576673e+02
2.970000e-06	-2.076340e-06	-2.411220e-09	-1.552870e+01	-1.597065e+02
2.980000e-06	-2.107317e-06	-2.442655e-09	-1.576037e+01	-1.616505e+02
2.990000e-06	-2.137205e-06	-2.470868e-09	-1.598390e+01	-1.635053e+02
3.000000e-06	-2.166070e-06	-2.496491e-09	-1.619978e+01	-1.652784e+02
3.010000e-06	-2.194211e-06	-2.520880e-09	-1.641024e+01	-1.669776e+02
3.020000e-06	-2.221736e-06	-2.546551e-09	-1.661610e+01	-1.686107e+02
3.030000e-06	-2.248498e-06	-2.569137e-09	-1.681624e+01	-1.701848e+02
3.040000e-06	-2.274475e-06	-2.589362e-09	-1.701053e+01	-1.717055e+02
3.050000e-06	-2.299699e-06	-2.610687e-09	-1.719917e+01	-1.731764e+02
3.060000e-06	-2.324180e-06	-2.632925e-09	-1.738226e+01	-1.745989e+02
3.070000e-06	-2.348007e-06	-2.654116e-09	-1.756046e+01	-1.759721e+02
3.080000e-06	-2.371019e-06	-2.672249e-09	-1.773256e+01	-1.772934e+02
3.090000e-06	-2.392864e-06	-2.690073e-09	-1.789594e+01	-1.785588e+02
3.100000e-06	-2.413581e-06	-2.706689e-09	-1.805088e+01	-1.797639e+02
3.110000e-06	-2.433543e-06	-2.723643e-09	-1.820018e+01	-1.809047e+02
3.120000e-06	-2.452828e-06	-2.739007e-09	-1.834441e+01	-1.819785e+02
3.130000e-06	-2.471290e-06	-2.751570e-09	-1.848248e+01	-1.829843e+02
3.140000e-06	-2.488922e-06	-2.762221e-09	-1.861435e+01	-1.839232e+02
3.150000e-06	-2.505687e-06	-2.775078e-09	-1.873973e+01	-1.847987e+02
3.160000e-06	-2.521708e-06	-2.789513e-09	-1.885955e+01	-1.856160e+02
3.170000e-06	-2.536910e-06	-2.800727e-09	-1.897324e+01	-1.863816e+02
3.180000e-06	-2.550839e-06	-2.808434e-09	-1.907742e+01	-1.871023e+02
3.190000e-06	-2.563493e-06	-2.817483e-09	-1.917206e+01	-1.877844e+02
3.200000e-06	-2.575112e-06	-2.828062e-09	-1.925896e+01	-1.884330e+02
3.210000e-06	-2.585801e-06	-2.837306e-09	-1.933889e+01	-1.890512e+02
3.220000e-06	-2.595630e-06	-2.844259e-09	-1.941241e+01	-1.896398e+02
3.230000e-06	-2.604577e-06	-2.849466e-09	-1.947932e+01	-1.901974e+02
3.240000e-06	-2.612766e-06	-2.854733e-09	-1.954057e+01	-1.907209e+02
3.250000e-06	-2.620222e-06	-2.861171e-09	-1.959633e+01	-1.912060e+02
3.260000e-06	-2.626510e-06	-2.867113e-09	-1.964335e+01	-1.916483e+02
3.270000e-06	-2.631510e-06	-2.870121e-09	-1.968075e+01	-1.920441e+02
3.280000e-06	-2.635614e-06	-2.873482e-09	-1.971144e+01	-1.923913e+02
3.290000e-06	-2.638959e-06	-2.877643e-09	-1.973645e+01	-1.926898e+02
3.300000e-06	-2.641485e-06	-2.880675e-09	-1.975535e+01	-1.929419e+02
3.310000e-06	-2.643092e-06	-2.882376e-09	-1.976737e+01	-1.931520e+02
3.320000e-06	-2.643830e-06	-2.882777e-09	-1.977289e+01	-1.933256e+02
