# Temperatura_=_20.0
# Concentracion g/m^3_=_12600.0
# C_Vs_to_Am_M_A/Vsm_=_65563218390.804596
# pendiente_HvsI_1/m_=_3716.3
# ordenada_HvsI_A/m_=_1297.0
# frecuencia_Hz_=_213177.57491119695

Tiempo_(s)	Campo_(V.s)	Magnetizacion_(V.s)	Campo_(kA/m)	Magnetizacion_(A/m)
0.000000e+00	-6.720385e-06	-4.214662e-09	-5.682442e+01	-2.723718e+02
1.000000e-08	-6.719964e-06	-4.213194e-09	-5.682085e+01	-2.723670e+02
2.000000e-08	-6.718266e-06	-4.212814e-09	-5.680650e+01	-2.723199e+02
3.000000e-08	-6.715198e-06	-4.212649e-09	-5.678056e+01	-2.722312e+02
4.000000e-08	-6.711100e-06	-4.214292e-09	-5.674590e+01	-2.721040e+02
5.000000e-08	-6.706009e-06	-4.214231e-09	-5.670286e+01	-2.719429e+02
6.000000e-08	-6.699778e-06	-4.210778e-09	-5.665017e+01	-2.717544e+02
7.000000e-08	-6.692458e-06	-4.205638e-09	-5.658828e+01	-2.715463e+02
8.000000e-08	-6.684193e-06	-4.196901e-09	-5.651839e+01	-2.713277e+02
9.000000e-08	-6.674649e-06	-4.210818e-09	-5.643769e+01	-2.711083e+02
1.000000e-07	-6.663284e-06	-4.250757e-09	-5.634159e+01	-2.708975e+02
1.100000e-07	-6.650193e-06	-4.242705e-09	-5.623090e+01	-2.707045e+02
1.200000e-07	-6.635672e-06	-4.208363e-09	-5.610812e+01	-2.705373e+02
1.300000e-07	-6.619757e-06	-4.126014e-09	-5.597355e+01	-2.704019e+02
1.400000e-07	-6.602675e-06	-4.113215e-09	-5.582911e+01	-2.703025e+02
1.500000e-07	-6.584655e-06	-4.265480e-09	-5.567674e+01	-2.702404e+02
1.600000e-07	-6.565683e-06	-4.212764e-09	-5.551632e+01	-2.702142e+02
1.700000e-07	-6.545927e-06	-4.117318e-09	-5.534928e+01	-2.702199e+02
1.800000e-07	-6.525158e-06	-4.169015e-09	-5.517367e+01	-2.702502e+02
1.900000e-07	-6.503150e-06	-4.102176e-09	-5.498757e+01	-2.702959e+02
2.000000e-07	-6.480307e-06	-4.156698e-09	-5.479443e+01	-2.703453e+02
2.100000e-07	-6.456522e-06	-4.273252e-09	-5.459331e+01	-2.703853e+02
2.200000e-07	-6.431275e-06	-4.067718e-09	-5.437983e+01	-2.704019e+02
2.300000e-07	-6.404515e-06	-3.997027e-09	-5.415357e+01	-2.703809e+02
2.400000e-07	-6.376602e-06	-4.201010e-09	-5.391755e+01	-2.703085e+02
2.500000e-07	-6.347807e-06	-4.198807e-09	-5.367407e+01	-2.701723e+02
2.600000e-07	-6.318018e-06	-4.088087e-09	-5.342218e+01	-2.699614e+02
2.700000e-07	-6.287006e-06	-3.975278e-09	-5.315997e+01	-2.696674e+02
2.800000e-07	-6.255034e-06	-3.970845e-09	-5.288962e+01	-2.692847e+02
2.900000e-07	-6.222137e-06	-4.145186e-09	-5.261146e+01	-2.688104e+02
3.000000e-07	-6.187888e-06	-4.158170e-09	-5.232187e+01	-2.682445e+02
3.100000e-07	-6.152303e-06	-3.998454e-09	-5.202098e+01	-2.675901e+02
3.200000e-07	-6.115597e-06	-3.903742e-09	-5.171061e+01	-2.668525e+02
3.300000e-07	-6.077855e-06	-3.964241e-09	-5.139148e+01	-2.660394e+02
3.400000e-07	-6.039067e-06	-4.110070e-09	-5.106351e+01	-2.651598e+02
3.500000e-07	-5.999359e-06	-4.098405e-09	-5.072775e+01	-2.642239e+02
3.600000e-07	-5.958643e-06	-3.911272e-09	-5.038348e+01	-2.632423e+02
3.700000e-07	-5.916580e-06	-3.823472e-09	-5.002782e+01	-2.622250e+02
3.800000e-07	-5.873232e-06	-3.978079e-09	-4.966129e+01	-2.611815e+02
3.900000e-07	-5.828905e-06	-4.105943e-09	-4.928648e+01	-2.601198e+02
4.000000e-07	-5.783600e-06	-3.939921e-09	-4.890340e+01	-2.590461e+02
4.100000e-07	-5.737185e-06	-3.752691e-09	-4.851094e+01	-2.579647e+02
4.200000e-07	-5.689747e-06	-3.819926e-09	-4.810982e+01	-2.568779e+02
4.300000e-07	-5.641460e-06	-3.996599e-09	-4.770153e+01	-2.557856e+02
4.400000e-07	-5.591992e-06	-3.981205e-09	-4.728325e+01	-2.546862e+02
4.500000e-07	-5.540940e-06	-3.764689e-09	-4.685158e+01	-2.535763e+02
4.600000e-07	-5.488622e-06	-3.680498e-09	-4.640921e+01	-2.524511e+02
4.700000e-07	-5.435374e-06	-3.822121e-09	-4.595896e+01	-2.513052e+02
4.800000e-07	-5.381193e-06	-3.927025e-09	-4.550084e+01	-2.501329e+02
4.900000e-07	-5.326092e-06	-3.812545e-09	-4.503493e+01	-2.489284e+02
5.000000e-07	-5.270177e-06	-3.637863e-09	-4.456213e+01	-2.476866e+02
5.100000e-07	-5.213391e-06	-3.643856e-09	-4.408198e+01	-2.464032e+02
5.200000e-07	-5.155401e-06	-3.768100e-09	-4.359164e+01	-2.450751e+02
5.300000e-07	-5.096240e-06	-3.789453e-09	-4.309141e+01	-2.437004e+02
5.400000e-07	-5.036323e-06	-3.654082e-09	-4.258477e+01	-2.422787e+02
5.500000e-07	-4.975645e-06	-3.546143e-09	-4.207171e+01	-2.408108e+02
5.600000e-07	-4.914066e-06	-3.594131e-09	-4.155103e+01	-2.392987e+02
5.700000e-07	-4.851624e-06	-3.671274e-09	-4.102305e+01	-2.377452e+02
5.800000e-07	-4.788408e-06	-3.632798e-09	-4.048852e+01	-2.361537e+02
5.900000e-07	-4.724555e-06	-3.515721e-09	-3.994861e+01	-2.345281e+02
6.000000e-07	-4.659764e-06	-3.464610e-09	-3.940077e+01	-2.328720e+02
6.100000e-07	-4.593730e-06	-3.499562e-09	-3.884242e+01	-2.311886e+02
6.200000e-07	-4.526720e-06	-3.521828e-09	-3.827581e+01	-2.294806e+02
6.300000e-07	-4.459064e-06	-3.477106e-09	-3.770374e+01	-2.277496e+02
6.400000e-07	-4.390797e-06	-3.393308e-09	-3.712652e+01	-2.259964e+02
6.500000e-07	-4.321814e-06	-3.349890e-09	-3.654322e+01	-2.242207e+02
6.600000e-07	-4.252086e-06	-3.364945e-09	-3.595364e+01	-2.224209e+02
6.700000e-07	-4.181567e-06	-3.379756e-09	-3.535736e+01	-2.205950e+02
6.800000e-07	-4.110366e-06	-3.338241e-09	-3.475532e+01	-2.187397e+02
6.900000e-07	-4.038581e-06	-3.255969e-09	-3.414834e+01	-2.168517e+02
7.000000e-07	-3.966060e-06	-3.211363e-09	-3.353513e+01	-2.149272e+02
7.100000e-07	-3.892603e-06	-3.226639e-09	-3.291402e+01	-2.129624e+02
7.200000e-07	-3.818170e-06	-3.237284e-09	-3.228465e+01	-2.109539e+02
7.300000e-07	-3.742905e-06	-3.183950e-09	-3.164824e+01	-2.088990e+02
7.400000e-07	-3.666896e-06	-3.099653e-09	-3.100555e+01	-2.067954e+02
7.500000e-07	-3.590235e-06	-3.065047e-09	-3.035733e+01	-2.046417e+02
7.600000e-07	-3.512982e-06	-3.079919e-09	-2.970412e+01	-2.024376e+02
7.700000e-07	-3.435080e-06	-3.069964e-09	-2.904542e+01	-2.001832e+02
7.800000e-07	-3.356495e-06	-3.000964e-09	-2.838094e+01	-1.978797e+02
7.900000e-07	-3.277147e-06	-2.927041e-09	-2.771001e+01	-1.955287e+02
8.000000e-07	-3.197035e-06	-2.904105e-09	-2.703262e+01	-1.931323e+02
8.100000e-07	-3.116308e-06	-2.903768e-09	-2.635003e+01	-1.906925e+02
8.200000e-07	-3.035095e-06	-2.873324e-09	-2.566334e+01	-1.882116e+02
8.300000e-07	-2.953368e-06	-2.808342e-09	-2.497229e+01	-1.856914e+02
8.400000e-07	-2.871136e-06	-2.749558e-09	-2.427698e+01	-1.831332e+02
8.500000e-07	-2.788448e-06	-2.723957e-09	-2.357781e+01	-1.805378e+02
8.600000e-07	-2.705256e-06	-2.709154e-09	-2.287437e+01	-1.779054e+02
8.700000e-07	-2.621681e-06	-2.675099e-09	-2.216770e+01	-1.752352e+02
8.800000e-07	-2.537816e-06	-2.614936e-09	-2.145858e+01	-1.725260e+02
8.900000e-07	-2.453643e-06	-2.552906e-09	-2.074685e+01	-1.697757e+02
9.000000e-07	-2.369076e-06	-2.517050e-09	-2.003179e+01	-1.669819e+02
9.100000e-07	-2.284076e-06	-2.497215e-09	-1.931307e+01	-1.641418e+02
9.200000e-07	-2.198735e-06	-2.462775e-09	-1.859147e+01	-1.612525e+02
9.300000e-07	-2.113054e-06	-2.396304e-09	-1.786699e+01	-1.583112e+02
9.400000e-07	-2.026958e-06	-2.327918e-09	-1.713900e+01	-1.553152e+02
9.500000e-07	-1.940462e-06	-2.294554e-09	-1.640763e+01	-1.522622e+02
9.600000e-07	-1.853658e-06	-2.278343e-09	-1.567366e+01	-1.491506e+02
9.700000e-07	-1.766595e-06	-2.234321e-09	-1.493749e+01	-1.459792e+02
9.800000e-07	-1.679296e-06	-2.157258e-09	-1.419933e+01	-1.427474e+02
9.900000e-07	-1.591757e-06	-2.089567e-09	-1.345915e+01	-1.394552e+02
1.000000e-06	-1.503966e-06	-2.056941e-09	-1.271683e+01	-1.361031e+02
1.010000e-06	-1.416018e-06	-2.029076e-09	-1.197318e+01	-1.326921e+02
1.020000e-06	-1.327933e-06	-1.968551e-09	-1.122838e+01	-1.292231e+02
1.030000e-06	-1.239609e-06	-1.887497e-09	-1.048155e+01	-1.256974e+02
1.040000e-06	-1.151033e-06	-1.828367e-09	-9.732595e+00	-1.221162e+02
1.050000e-06	-1.062231e-06	-1.798040e-09	-8.981728e+00	-1.184804e+02
1.060000e-06	-9.731654e-07	-1.757482e-09	-8.228629e+00	-1.147907e+02
1.070000e-06	-8.838529e-07	-1.686627e-09	-7.473444e+00	-1.110472e+02
1.080000e-06	-7.943616e-07	-1.609432e-09	-6.716748e+00	-1.072497e+02
1.090000e-06	-7.046441e-07	-1.555097e-09	-5.958139e+00	-1.033977e+02
1.100000e-06	-6.147243e-07	-1.515313e-09	-5.197819e+00	-9.948993e+01
1.110000e-06	-5.246873e-07	-1.459980e-09	-4.436509e+00	-9.552505e+01
1.120000e-06	-4.345458e-07	-1.383768e-09	-3.674315e+00	-9.150136e+01
1.130000e-06	-3.442992e-07	-1.308860e-09	-2.911232e+00	-8.741704e+01
1.140000e-06	-2.539071e-07	-1.252112e-09	-2.146919e+00	-8.327024e+01
1.150000e-06	-1.634409e-07	-1.203383e-09	-1.381980e+00	-7.905919e+01
1.160000e-06	-7.294347e-08	-1.140959e-09	-6.167756e-01	-7.478229e+01
1.170000e-06	1.757093e-08	-1.061165e-09	1.485715e-01	-7.043818e+01
1.180000e-06	1.080805e-07	-9.817411e-10	9.138780e-01	-6.602577e+01
1.190000e-06	1.986477e-07	-9.225151e-10	1.679671e+00	-6.154425e+01
1.200000e-06	2.892372e-07	-8.712079e-10	2.445654e+00	-5.699301e+01
1.210000e-06	3.796663e-07	-8.035740e-10	3.210279e+00	-5.237168e+01
1.220000e-06	4.699119e-07	-7.174949e-10	3.973354e+00	-4.767995e+01
1.230000e-06	5.601314e-07	-6.357653e-10	4.736208e+00	-4.291755e+01
1.240000e-06	6.502036e-07	-5.749109e-10	5.497816e+00	-3.808416e+01
1.250000e-06	7.400391e-07	-5.153622e-10	6.257422e+00	-3.317935e+01
1.260000e-06	8.297015e-07	-4.349405e-10	7.015566e+00	-2.820255e+01
1.270000e-06	9.191823e-07	-3.416709e-10	7.772173e+00	-2.315305e+01
1.280000e-06	1.008421e-06	-2.590076e-10	8.526730e+00	-1.803004e+01
1.290000e-06	1.097392e-06	-1.939531e-10	9.279033e+00	-1.283277e+01
1.300000e-06	1.186064e-06	-1.239378e-10	1.002880e+01	-7.560613e+00
1.310000e-06	1.274476e-06	-3.247972e-11	1.077637e+01	-2.213326e+00
1.320000e-06	1.362696e-06	6.452979e-11	1.152231e+01	3.208781e+00
1.330000e-06	1.450686e-06	1.463490e-10	1.226632e+01	8.704591e+00
1.340000e-06	1.538435e-06	2.163059e-10	1.300828e+01	1.427195e+01
1.350000e-06	1.625973e-06	2.976201e-10	1.374846e+01	1.990747e+01
1.360000e-06	1.713287e-06	3.946079e-10	1.448675e+01	2.560630e+01
1.370000e-06	1.800352e-06	4.911740e-10	1.522293e+01	3.136206e+01
1.380000e-06	1.887146e-06	5.737978e-10	1.595682e+01	3.716674e+01
1.390000e-06	1.973560e-06	6.517114e-10	1.668749e+01	4.301072e+01
1.400000e-06	2.059638e-06	7.436938e-10	1.741533e+01	4.888290e+01
1.410000e-06	2.145429e-06	8.451100e-10	1.814074e+01	5.477082e+01
1.420000e-06	2.230891e-06	9.399588e-10	1.886337e+01	6.066095e+01
1.430000e-06	2.315978e-06	1.022630e-09	1.958282e+01	6.653902e+01
1.440000e-06	2.400640e-06	1.102303e-09	2.029868e+01	7.239036e+01
1.450000e-06	2.484877e-06	1.191627e-09	2.101095e+01	7.820032e+01
1.460000e-06	2.568739e-06	1.287618e-09	2.172004e+01	8.395465e+01
1.470000e-06	2.652340e-06	1.379216e-09	2.242694e+01	8.963992e+01
1.480000e-06	2.735618e-06	1.457327e-09	2.313110e+01	9.524387e+01
1.490000e-06	2.818390e-06	1.530677e-09	2.383098e+01	1.007557e+02
1.500000e-06	2.900630e-06	1.615770e-09	2.452636e+01	1.061663e+02
1.510000e-06	2.982329e-06	1.707037e-09	2.521717e+01	1.114683e+02
1.520000e-06	3.063382e-06	1.788167e-09	2.590251e+01	1.166565e+02
1.530000e-06	3.143903e-06	1.855624e-09	2.658337e+01	1.217272e+02
1.540000e-06	3.223915e-06	1.924662e-09	2.725990e+01	1.266786e+02
1.550000e-06	3.303309e-06	2.005486e-09	2.793122e+01	1.315104e+02
1.560000e-06	3.382093e-06	2.086818e-09	2.859739e+01	1.362237e+02
1.570000e-06	3.460224e-06	2.153778e-09	2.925802e+01	1.408203e+02
1.580000e-06	3.537747e-06	2.210211e-09	2.991352e+01	1.453028e+02
1.590000e-06	3.614702e-06	2.274242e-09	3.056422e+01	1.496744e+02
1.600000e-06	3.691027e-06	2.350685e-09	3.120959e+01	1.539381e+02
1.610000e-06	3.766640e-06	2.422622e-09	3.184893e+01	1.580967e+02
1.620000e-06	3.841494e-06	2.479101e-09	3.248187e+01	1.621530e+02
1.630000e-06	3.915416e-06	2.528728e-09	3.310691e+01	1.661091e+02
1.640000e-06	3.988292e-06	2.586786e-09	3.372312e+01	1.699666e+02
1.650000e-06	4.060370e-06	2.650001e-09	3.433257e+01	1.737267e+02
1.660000e-06	4.131829e-06	2.703905e-09	3.493680e+01	1.773902e+02
1.670000e-06	4.202629e-06	2.747942e-09	3.553545e+01	1.809575e+02
1.680000e-06	4.272690e-06	2.792540e-09	3.612786e+01	1.844289e+02
1.690000e-06	4.342000e-06	2.845082e-09	3.671391e+01	1.878048e+02
1.700000e-06	4.410607e-06	2.900381e-09	3.729401e+01	1.910858e+02
1.710000e-06	4.478540e-06	2.948527e-09	3.786842e+01	1.942727e+02
1.720000e-06	4.545826e-06	2.989958e-09	3.843736e+01	1.973668e+02
1.730000e-06	4.612205e-06	3.030669e-09	3.899864e+01	2.003701e+02
1.740000e-06	4.677439e-06	3.076318e-09	3.955022e+01	2.032849e+02
1.750000e-06	4.741771e-06	3.122783e-09	4.009418e+01	2.061140e+02
1.760000e-06	4.805420e-06	3.161156e-09	4.063237e+01	2.088607e+02
1.770000e-06	4.868347e-06	3.194430e-09	4.116445e+01	2.115285e+02
1.780000e-06	4.930460e-06	3.229039e-09	4.168965e+01	2.141211e+02
1.790000e-06	4.991745e-06	3.267299e-09	4.220785e+01	2.166418e+02
1.800000e-06	5.052262e-06	3.304836e-09	4.271955e+01	2.190941e+02
1.810000e-06	5.112053e-06	3.337930e-09	4.322511e+01	2.214805e+02
1.820000e-06	5.171003e-06	3.367874e-09	4.372357e+01	2.238035e+02
1.830000e-06	5.228786e-06	3.398587e-09	4.421215e+01	2.260644e+02
1.840000e-06	5.285352e-06	3.434396e-09	4.469045e+01	2.282641e+02
1.850000e-06	5.341053e-06	3.469233e-09	4.516143e+01	2.304027e+02
1.860000e-06	5.395958e-06	3.497561e-09	4.562568e+01	2.324798e+02
1.870000e-06	5.449937e-06	3.522712e-09	4.608210e+01	2.344944e+02
1.880000e-06	5.502915e-06	3.549755e-09	4.653006e+01	2.364451e+02
1.890000e-06	5.554812e-06	3.577295e-09	4.696888e+01	2.383306e+02
1.900000e-06	5.605485e-06	3.602091e-09	4.739734e+01	2.401496e+02
1.910000e-06	5.654797e-06	3.625405e-09	4.781430e+01	2.419010e+02
1.920000e-06	5.702918e-06	3.646553e-09	4.822119e+01	2.435844e+02
1.930000e-06	5.750068e-06	3.669436e-09	4.861987e+01	2.451999e+02
1.940000e-06	5.796306e-06	3.695434e-09	4.901083e+01	2.467484e+02
1.950000e-06	5.841549e-06	3.719284e-09	4.939339e+01	2.482314e+02
1.960000e-06	5.885849e-06	3.738593e-09	4.976797e+01	2.496515e+02
1.970000e-06	5.929312e-06	3.756695e-09	5.013547e+01	2.510116e+02
1.980000e-06	5.971641e-06	3.776065e-09	5.049339e+01	2.523153e+02
1.990000e-06	6.012617e-06	3.796434e-09	5.083986e+01	2.535663e+02
2.000000e-06	6.052486e-06	3.815111e-09	5.117698e+01	2.547686e+02
2.010000e-06	6.091374e-06	3.830816e-09	5.150579e+01	2.559259e+02
2.020000e-06	6.129240e-06	3.845960e-09	5.182597e+01	2.570415e+02
2.030000e-06	6.166125e-06	3.862777e-09	5.213785e+01	2.581182e+02
2.040000e-06	6.202111e-06	3.881009e-09	5.244213e+01	2.591580e+02
2.050000e-06	6.237178e-06	3.897264e-09	5.273864e+01	2.601621e+02
2.060000e-06	6.270903e-06	3.909812e-09	5.302381e+01	2.611307e+02
2.070000e-06	6.303270e-06	3.922150e-09	5.329748e+01	2.620632e+02
2.080000e-06	6.334622e-06	3.936234e-09	5.356258e+01	2.629586e+02
2.090000e-06	6.364966e-06	3.949738e-09	5.381915e+01	2.638149e+02
2.100000e-06	6.394264e-06	3.960680e-09	5.406689e+01	2.646300e+02
2.110000e-06	6.422592e-06	3.970625e-09	5.430641e+01	2.654018e+02
2.120000e-06	6.449889e-06	3.981687e-09	5.453722e+01	2.661283e+02
2.130000e-06	6.475793e-06	3.993913e-09	5.475626e+01	2.668081e+02
2.140000e-06	6.500284e-06	4.005726e-09	5.496334e+01	2.674402e+02
2.150000e-06	6.523633e-06	4.014267e-09	5.516077e+01	2.680248e+02
2.160000e-06	6.545924e-06	4.020672e-09	5.534925e+01	2.685629e+02
2.170000e-06	6.567118e-06	4.026925e-09	5.552845e+01	2.690563e+02
2.180000e-06	6.587331e-06	4.034176e-09	5.569937e+01	2.695079e+02
2.190000e-06	6.606638e-06	4.040967e-09	5.586262e+01	2.699212e+02
2.200000e-06	6.624746e-06	4.045657e-09	5.601574e+01	2.703006e+02
2.210000e-06	6.641530e-06	4.050173e-09	5.615765e+01	2.706502e+02
2.220000e-06	6.657087e-06	4.056744e-09	5.628920e+01	2.709745e+02
2.230000e-06	6.671421e-06	4.066178e-09	5.641040e+01	2.712775e+02
2.240000e-06	6.684543e-06	4.073764e-09	5.652135e+01	2.715624e+02
2.250000e-06	6.696409e-06	4.076566e-09	5.662168e+01	2.718317e+02
2.260000e-06	6.706781e-06	4.078271e-09	5.670938e+01	2.720867e+02
2.270000e-06	6.715608e-06	4.081764e-09	5.678402e+01	2.723273e+02
2.280000e-06	6.723234e-06	4.086636e-09	5.684850e+01	2.725525e+02
2.290000e-06	6.729838e-06	4.089791e-09	5.690434e+01	2.727596e+02
2.300000e-06	6.735309e-06	4.091534e-09	5.695060e+01	2.729456e+02
2.310000e-06	6.739744e-06	4.093510e-09	5.698810e+01	2.731062e+02
2.320000e-06	6.743230e-06	4.095190e-09	5.701758e+01	2.732371e+02
2.330000e-06	6.745371e-06	4.096994e-09	5.703568e+01	2.733340e+02
2.340000e-06	6.746059e-06	4.098131e-09	5.704150e+01	2.733931e+02
2.350000e-06	6.745656e-06	4.096597e-09	5.703809e+01	2.734116e+02
2.360000e-06	6.744239e-06	4.093215e-09	5.702611e+01	2.733879e+02
2.370000e-06	6.741707e-06	4.091340e-09	5.700470e+01	2.733219e+02
2.380000e-06	6.738159e-06	4.091198e-09	5.697470e+01	2.732155e+02
2.390000e-06	6.733726e-06	4.089379e-09	5.693721e+01	2.730724e+02
2.400000e-06	6.728024e-06	4.087185e-09	5.688900e+01	2.728981e+02
2.410000e-06	6.720832e-06	4.087955e-09	5.682819e+01	2.726998e+02
2.420000e-06	6.712573e-06	4.098171e-09	5.675835e+01	2.724859e+02
2.430000e-06	6.703456e-06	4.085843e-09	5.668127e+01	2.722658e+02
2.440000e-06	6.693172e-06	4.024285e-09	5.659431e+01	2.720492e+02
2.450000e-06	6.681064e-06	4.025013e-09	5.649193e+01	2.718454e+02
2.460000e-06	6.666776e-06	4.047621e-09	5.637112e+01	2.716632e+02
2.470000e-06	6.651072e-06	4.155246e-09	5.623833e+01	2.715097e+02
2.480000e-06	6.634961e-06	4.158098e-09	5.610211e+01	2.713903e+02
2.490000e-06	6.618347e-06	3.990248e-09	5.596163e+01	2.713077e+02
2.500000e-06	6.600280e-06	4.099111e-09	5.580886e+01	2.712622e+02
2.510000e-06	6.580818e-06	4.130117e-09	5.564430e+01	2.712511e+02
2.520000e-06	6.560800e-06	4.047812e-09	5.547504e+01	2.712689e+02
2.530000e-06	6.539645e-06	4.162312e-09	5.529616e+01	2.713076e+02
2.540000e-06	6.516711e-06	4.055092e-09	5.510224e+01	2.713565e+02
2.550000e-06	6.492647e-06	3.952220e-09	5.489876e+01	2.714035e+02
2.560000e-06	6.467686e-06	4.208644e-09	5.468770e+01	2.714348e+02
2.570000e-06	6.441748e-06	4.220060e-09	5.446839e+01	2.714363e+02
2.580000e-06	6.414707e-06	4.036615e-09	5.423974e+01	2.713939e+02
2.590000e-06	6.386413e-06	4.142568e-09	5.400050e+01	2.712943e+02
2.600000e-06	6.357214e-06	4.239828e-09	5.375361e+01	2.711257e+02
2.610000e-06	6.326791e-06	4.346652e-09	5.349637e+01	2.708784e+02
2.620000e-06	6.294860e-06	4.320427e-09	5.322637e+01	2.705451e+02
2.630000e-06	6.261873e-06	4.039325e-09	5.294745e+01	2.701214e+02
2.640000e-06	6.227813e-06	4.082767e-09	5.265945e+01	2.696058e+02
2.650000e-06	6.192617e-06	4.241900e-09	5.236185e+01	2.689996e+02
2.660000e-06	6.156593e-06	4.292132e-09	5.205725e+01	2.683070e+02
2.670000e-06	6.119458e-06	4.223239e-09	5.174326e+01	2.675345e+02
2.680000e-06	6.080855e-06	3.938427e-09	5.141684e+01	2.666903e+02
2.690000e-06	6.040986e-06	3.980343e-09	5.107973e+01	2.657842e+02
2.700000e-06	6.000174e-06	4.241983e-09	5.073464e+01	2.648265e+02
2.710000e-06	5.958540e-06	4.243387e-09	5.038261e+01	2.638276e+02
2.720000e-06	5.915823e-06	4.012554e-09	5.002142e+01	2.627976e+02
2.730000e-06	5.872089e-06	3.813128e-09	4.965162e+01	2.617450e+02
2.740000e-06	5.827570e-06	4.043260e-09	4.927519e+01	2.606773e+02
2.750000e-06	5.782058e-06	4.242117e-09	4.889036e+01	2.595999e+02
2.760000e-06	5.735445e-06	4.043270e-09	4.849622e+01	2.585160e+02
2.770000e-06	5.687695e-06	3.828210e-09	4.809247e+01	2.574269e+02
2.780000e-06	5.638890e-06	3.836756e-09	4.767980e+01	2.563318e+02
2.790000e-06	5.589105e-06	4.079594e-09	4.725884e+01	2.552282e+02
2.800000e-06	5.538282e-06	4.092573e-09	4.682911e+01	2.541121e+02
2.810000e-06	5.486464e-06	3.853924e-09	4.639095e+01	2.529784e+02
2.820000e-06	5.433462e-06	3.763439e-09	4.594280e+01	2.518214e+02
2.830000e-06	5.379089e-06	3.844987e-09	4.548305e+01	2.506353e+02
2.840000e-06	5.323561e-06	3.977858e-09	4.501352e+01	2.494147e+02
2.850000e-06	5.267214e-06	3.910618e-09	4.453708e+01	2.481547e+02
2.860000e-06	5.210008e-06	3.753111e-09	4.405337e+01	2.468516e+02
2.870000e-06	5.151846e-06	3.714292e-09	4.356158e+01	2.455028e+02
2.880000e-06	5.092799e-06	3.779481e-09	4.306231e+01	2.441070e+02
2.890000e-06	5.033040e-06	3.840637e-09	4.255701e+01	2.426644e+02
2.900000e-06	4.972577e-06	3.752840e-09	4.204577e+01	2.411764e+02
2.910000e-06	4.911014e-06	3.657318e-09	4.152522e+01	2.396453e+02
2.920000e-06	4.848155e-06	3.642196e-09	4.099372e+01	2.380743e+02
2.930000e-06	4.784347e-06	3.681496e-09	4.045419e+01	2.364671e+02
2.940000e-06	4.719883e-06	3.692908e-09	3.990911e+01	2.348274e+02
2.950000e-06	4.654713e-06	3.626841e-09	3.935806e+01	2.331587e+02
2.960000e-06	4.588730e-06	3.560042e-09	3.880014e+01	2.314640e+02
2.970000e-06	4.521896e-06	3.525594e-09	3.823503e+01	2.297456e+02
2.980000e-06	4.454314e-06	3.552590e-09	3.766358e+01	2.280047e+02
2.990000e-06	4.386073e-06	3.558771e-09	3.708657e+01	2.262415e+02
3.000000e-06	4.316992e-06	3.491862e-09	3.650245e+01	2.244553e+02
3.010000e-06	4.246820e-06	3.409685e-09	3.590911e+01	2.226441e+02
3.020000e-06	4.175684e-06	3.389940e-09	3.530762e+01	2.208055e+02
3.030000e-06	4.103848e-06	3.432558e-09	3.470021e+01	2.189360e+02
3.040000e-06	4.031430e-06	3.418815e-09	3.408788e+01	2.170321e+02
3.050000e-06	3.958388e-06	3.328257e-09	3.347027e+01	2.150899e+02
3.060000e-06	3.884671e-06	3.254076e-09	3.284695e+01	2.131060e+02
3.070000e-06	3.810295e-06	3.264160e-09	3.221806e+01	2.110770e+02
3.080000e-06	3.735264e-06	3.289477e-09	3.158363e+01	2.090005e+02
3.090000e-06	3.659496e-06	3.236619e-09	3.094297e+01	2.068745e+02
3.100000e-06	3.582959e-06	3.144926e-09	3.029581e+01	2.046982e+02
3.110000e-06	3.505735e-06	3.108039e-09	2.964284e+01	2.024715e+02
3.120000e-06	3.427709e-06	3.120556e-09	2.898309e+01	2.001949e+02
3.130000e-06	3.348791e-06	3.103498e-09	2.831580e+01	1.978699e+02
3.140000e-06	3.269176e-06	3.038967e-09	2.764261e+01	1.954982e+02
3.150000e-06	3.189084e-06	2.974967e-09	2.696539e+01	1.930821e+02
3.160000e-06	3.108524e-06	2.946864e-09	2.628422e+01	1.906236e+02
3.170000e-06	3.027445e-06	2.929946e-09	2.559865e+01	1.881249e+02
3.180000e-06	2.945864e-06	2.899818e-09	2.490884e+01	1.855875e+02
3.190000e-06	2.863772e-06	2.852816e-09	2.421471e+01	1.830126e+02
3.200000e-06	2.781159e-06	2.797173e-09	2.351617e+01	1.804007e+02
3.210000e-06	2.698081e-06	2.748671e-09	2.281370e+01	1.777515e+02
3.220000e-06	2.614634e-06	2.722251e-09	2.210811e+01	1.750640e+02
3.230000e-06	2.530842e-06	2.703863e-09	2.139961e+01	1.723366e+02
3.240000e-06	2.446713e-06	2.653742e-09	2.068825e+01	1.695671e+02
3.250000e-06	2.362240e-06	2.578744e-09	1.997399e+01	1.667529e+02
3.260000e-06	2.277380e-06	2.523804e-09	1.925645e+01	1.638911e+02
3.270000e-06	2.191966e-06	2.509189e-09	1.853423e+01	1.609789e+02
3.280000e-06	2.105865e-06	2.488668e-09	1.780620e+01	1.580133e+02
3.290000e-06	2.019213e-06	2.417660e-09	1.707352e+01	1.549920e+02
3.300000e-06	1.932164e-06	2.331168e-09	1.633747e+01	1.519129e+02
3.310000e-06	1.844778e-06	2.288898e-09	1.559857e+01	1.487745e+02
3.320000e-06	1.757084e-06	2.281322e-09	1.485707e+01	1.455761e+02
3.330000e-06	1.669125e-06	2.243592e-09	1.411333e+01	1.423171e+02
3.340000e-06	1.580998e-06	2.160646e-09	1.336817e+01	1.389980e+02
3.350000e-06	1.492706e-06	2.085503e-09	1.262162e+01	1.356193e+02
3.360000e-06	1.404184e-06	2.053840e-09	1.187312e+01	1.321821e+02
3.370000e-06	1.315399e-06	2.033571e-09	1.112240e+01	1.286875e+02
3.380000e-06	1.226388e-06	1.976322e-09	1.036976e+01	1.251368e+02
3.390000e-06	1.137261e-06	1.887931e-09	9.616144e+00	1.215310e+02
3.400000e-06	1.047954e-06	1.817027e-09	8.861008e+00	1.178709e+02
3.410000e-06	9.584273e-07	1.780928e-09	8.104010e+00	1.141571e+02
3.420000e-06	8.687648e-07	1.745479e-09	7.345866e+00	1.103894e+02
3.430000e-06	7.789346e-07	1.681394e-09	6.586304e+00	1.065676e+02
3.440000e-06	6.889771e-07	1.601109e-09	5.825666e+00	1.026907e+02
3.450000e-06	5.989081e-07	1.535839e-09	5.064085e+00	9.875751e+01
3.460000e-06	5.087276e-07	1.491551e-09	4.301561e+00	9.476646e+01
3.470000e-06	4.185444e-07	1.446441e-09	3.539014e+00	9.071579e+01
3.480000e-06	3.283765e-07	1.377987e-09	2.776597e+00	8.660365e+01
3.490000e-06	2.381049e-07	1.289231e-09	2.013303e+00	8.242821e+01
3.500000e-06	1.477558e-07	1.214667e-09	1.249354e+00	7.818778e+01
3.510000e-06	5.736699e-08	1.168978e-09	4.850682e-01	7.388086e+01
3.520000e-06	-3.304177e-08	1.121365e-09	-2.793857e-01	6.950621e+01
3.530000e-06	-1.234030e-07	1.044157e-09	-1.043437e+00	6.506286e+01
3.540000e-06	-2.137236e-07	9.512695e-10	-1.807146e+00	6.055010e+01
3.550000e-06	-3.039626e-07	8.797486e-10	-2.570164e+00	5.596743e+01
3.560000e-06	-3.941555e-07	8.309180e-10	-3.332793e+00	5.131452e+01
3.570000e-06	-4.843237e-07	7.689562e-10	-4.095214e+00	4.659110e+01
3.580000e-06	-5.743813e-07	6.780721e-10	-4.856698e+00	4.179687e+01
3.590000e-06	-6.643226e-07	5.849640e-10	-5.617199e+00	3.693148e+01
3.600000e-06	-7.541783e-07	5.182367e-10	-6.376977e+00	3.199442e+01
3.610000e-06	-8.438889e-07	4.636197e-10	-7.135527e+00	2.698507e+01
3.620000e-06	-9.334130e-07	3.889218e-10	-7.892501e+00	2.190266e+01
3.630000e-06	-1.022722e-06	2.920468e-10	-8.647653e+00	1.674639e+01
3.640000e-06	-1.111808e-06	2.013539e-10	-9.400928e+00	1.151556e+01
3.650000e-06	-1.200748e-06	1.311552e-10	-1.015296e+01	6.209666e+00
3.660000e-06	-1.289521e-06	6.115037e-11	-1.090358e+01	8.287006e-01
3.670000e-06	-1.378028e-06	-2.687863e-11	-1.165196e+01	-4.626696e+00
3.680000e-06	-1.466323e-06	-1.263790e-10	-1.239854e+01	-1.015497e+01
3.690000e-06	-1.554480e-06	-2.166428e-10	-1.314395e+01	-1.575343e+01
3.700000e-06	-1.642396e-06	-2.921219e-10	-1.388733e+01	-2.141806e+01
3.710000e-06	-1.729970e-06	-3.693238e-10	-1.462781e+01	-2.714332e+01
3.720000e-06	-1.817214e-06	-4.607896e-10	-1.536550e+01	-3.292211e+01
3.730000e-06	-1.904152e-06	-5.612364e-10	-1.610062e+01	-3.874569e+01
3.740000e-06	-1.990721e-06	-6.533036e-10	-1.683260e+01	-4.460375e+01
3.750000e-06	-2.076755e-06	-7.326606e-10	-1.756006e+01	-5.048455e+01
3.760000e-06	-2.162214e-06	-8.136864e-10	-1.828266e+01	-5.637512e+01
3.770000e-06	-2.247188e-06	-9.099276e-10	-1.900116e+01	-6.226155e+01
3.780000e-06	-2.331783e-06	-1.013257e-09	-1.971646e+01	-6.812935e+01
3.790000e-06	-2.416006e-06	-1.102703e-09	-2.042861e+01	-7.396379e+01
3.800000e-06	-2.499858e-06	-1.177648e-09	-2.113762e+01	-7.975037e+01
3.810000e-06	-2.583384e-06	-1.259355e-09	-2.184388e+01	-8.547515e+01
3.820000e-06	-2.666510e-06	-1.355947e-09	-2.254676e+01	-9.112519e+01
3.830000e-06	-2.749201e-06	-1.452077e-09	-2.324595e+01	-9.668885e+01
3.840000e-06	-2.831467e-06	-1.531974e-09	-2.394155e+01	-1.021561e+02
3.850000e-06	-2.913233e-06	-1.602596e-09	-2.463293e+01	-1.075185e+02
3.860000e-06	-2.994420e-06	-1.681839e-09	-2.531941e+01	-1.127698e+02
3.870000e-06	-3.075128e-06	-1.770689e-09	-2.600183e+01	-1.179054e+02
3.880000e-06	-3.155443e-06	-1.853801e-09	-2.668094e+01	-1.229225e+02
3.890000e-06	-3.235329e-06	-1.922211e-09	-2.735642e+01	-1.278200e+02
3.900000e-06	-3.314683e-06	-1.988559e-09	-2.802740e+01	-1.325982e+02
3.910000e-06	-3.393213e-06	-2.064530e-09	-2.869141e+01	-1.372585e+02
3.920000e-06	-3.470868e-06	-2.143823e-09	-2.934802e+01	-1.418034e+02
3.930000e-06	-3.547748e-06	-2.213746e-09	-2.999808e+01	-1.462356e+02
3.940000e-06	-3.623887e-06	-2.273336e-09	-3.064188e+01	-1.505581e+02
3.950000e-06	-3.699318e-06	-2.331782e-09	-3.127969e+01	-1.547741e+02
3.960000e-06	-3.774043e-06	-2.397271e-09	-3.191153e+01	-1.588864e+02
3.970000e-06	-3.848086e-06	-2.466074e-09	-3.253761e+01	-1.628972e+02
3.980000e-06	-3.921411e-06	-2.528856e-09	-3.315761e+01	-1.668087e+02
3.990000e-06	-3.994105e-06	-2.583291e-09	-3.377227e+01	-1.706222e+02
4.000000e-06	-4.066243e-06	-2.637265e-09	-3.438224e+01	-1.743387e+02
4.010000e-06	-4.137759e-06	-2.696110e-09	-3.498694e+01	-1.779587e+02
4.020000e-06	-4.208492e-06	-2.755441e-09	-3.558503e+01	-1.814828e+02
4.030000e-06	-4.278243e-06	-2.808166e-09	-3.617481e+01	-1.849111e+02
4.040000e-06	-4.346987e-06	-2.854284e-09	-3.675607e+01	-1.882441e+02
4.050000e-06	-4.414962e-06	-2.904039e-09	-3.733084e+01	-1.914826e+02
4.060000e-06	-4.482246e-06	-2.959307e-09	-3.789976e+01	-1.946275e+02
4.070000e-06	-4.548754e-06	-3.012588e-09	-3.846212e+01	-1.976804e+02
4.080000e-06	-4.614510e-06	-3.058810e-09	-3.901812e+01	-2.006434e+02
4.090000e-06	-4.679542e-06	-3.101434e-09	-3.956801e+01	-2.035192e+02
4.100000e-06	-4.743867e-06	-3.147147e-09	-4.011191e+01	-2.063107e+02
4.110000e-06	-4.807457e-06	-3.193746e-09	-4.064959e+01	-2.090214e+02
4.120000e-06	-4.870050e-06	-3.235079e-09	-4.117885e+01	-2.116549e+02
4.130000e-06	-4.931487e-06	-3.272037e-09	-4.169834e+01	-2.142146e+02
4.140000e-06	-4.991962e-06	-3.309436e-09	-4.220968e+01	-2.167041e+02
4.150000e-06	-5.051679e-06	-3.351331e-09	-4.271462e+01	-2.191264e+02
4.160000e-06	-5.110643e-06	-3.394620e-09	-4.321319e+01	-2.214839e+02
4.170000e-06	-5.168799e-06	-3.433460e-09	-4.370493e+01	-2.237787e+02
4.180000e-06	-5.226028e-06	-3.466697e-09	-4.418883e+01	-2.260120e+02
4.190000e-06	-5.282382e-06	-3.500219e-09	-4.466534e+01	-2.281842e+02
4.200000e-06	-5.337936e-06	-3.538771e-09	-4.513507e+01	-2.302951e+02
4.210000e-06	-5.392377e-06	-3.574611e-09	-4.559540e+01	-2.323441e+02
4.220000e-06	-5.445496e-06	-3.602216e-09	-4.604455e+01	-2.343301e+02
4.230000e-06	-5.497459e-06	-3.626239e-09	-4.648392e+01	-2.362516e+02
4.240000e-06	-5.548453e-06	-3.654303e-09	-4.691511e+01	-2.381072e+02
4.250000e-06	-5.598366e-06	-3.687926e-09	-4.733715e+01	-2.398958e+02
4.260000e-06	-5.646958e-06	-3.718545e-09	-4.774802e+01	-2.416166e+02
4.270000e-06	-5.694266e-06	-3.743413e-09	-4.814803e+01	-2.432693e+02
4.280000e-06	-5.740529e-06	-3.766621e-09	-4.853921e+01	-2.448544e+02
4.290000e-06	-5.785852e-06	-3.791193e-09	-4.892244e+01	-2.463731e+02
4.300000e-06	-5.830311e-06	-3.817736e-09	-4.929836e+01	-2.478274e+02
4.310000e-06	-5.874043e-06	-3.841649e-09	-4.966814e+01	-2.492200e+02
4.320000e-06	-5.916958e-06	-3.860869e-09	-5.003101e+01	-2.505542e+02
4.330000e-06	-5.958858e-06	-3.878200e-09	-5.038530e+01	-2.518337e+02
4.340000e-06	-5.999751e-06	-3.899245e-09	-5.073107e+01	-2.530622e+02
4.350000e-06	-6.039766e-06	-3.924456e-09	-5.106942e+01	-2.542437e+02
4.360000e-06	-6.078708e-06	-3.944452e-09	-5.139869e+01	-2.553818e+02
4.370000e-06	-6.116277e-06	-3.959198e-09	-5.171636e+01	-2.564795e+02
4.380000e-06	-6.152644e-06	-3.973603e-09	-5.202386e+01	-2.575394e+02
4.390000e-06	-6.188032e-06	-3.988922e-09	-5.232309e+01	-2.585629e+02
4.400000e-06	-6.222423e-06	-4.005792e-09	-5.261388e+01	-2.595510e+02
4.410000e-06	-6.255784e-06	-4.021030e-09	-5.289596e+01	-2.605034e+02
4.420000e-06	-6.288201e-06	-4.033400e-09	-5.317006e+01	-2.614193e+02
4.430000e-06	-6.319602e-06	-4.044660e-09	-5.343558e+01	-2.622972e+02
4.440000e-06	-6.349674e-06	-4.059185e-09	-5.368985e+01	-2.631352e+02
4.450000e-06	-6.378380e-06	-4.076118e-09	-5.393258e+01	-2.639310e+02
4.460000e-06	-6.406010e-06	-4.089392e-09	-5.416621e+01	-2.646826e+02
4.470000e-06	-6.432594e-06	-4.098501e-09	-5.439099e+01	-2.653882e+02
4.480000e-06	-6.458030e-06	-4.105728e-09	-5.460606e+01	-2.660465e+02
4.490000e-06	-6.482407e-06	-4.115275e-09	-5.481218e+01	-2.666571e+02
4.500000e-06	-6.505777e-06	-4.128066e-09	-5.500978e+01	-2.672205e+02
4.510000e-06	-6.527851e-06	-4.137840e-09	-5.519643e+01	-2.677381e+02
4.520000e-06	-6.548547e-06	-4.144205e-09	-5.537143e+01	-2.682122e+02
4.530000e-06	-6.568180e-06	-4.151093e-09	-5.553744e+01	-2.686460e+02
4.540000e-06	-6.586739e-06	-4.161231e-09	-5.569436e+01	-2.690435e+02
4.550000e-06	-6.604122e-06	-4.170360e-09	-5.584134e+01	-2.694088e+02
4.560000e-06	-6.620466e-06	-4.175853e-09	-5.597954e+01	-2.697465e+02
4.570000e-06	-6.635824e-06	-4.179871e-09	-5.610941e+01	-2.700606e+02
4.580000e-06	-6.649769e-06	-4.184405e-09	-5.622732e+01	-2.703551e+02
4.590000e-06	-6.662130e-06	-4.190554e-09	-5.633183e+01	-2.706327e+02
4.600000e-06	-6.673162e-06	-4.194611e-09	-5.642512e+01	-2.708954e+02
4.610000e-06	-6.683010e-06	-4.196175e-09	-5.650839e+01	-2.711439e+02
4.620000e-06	-6.691758e-06	-4.195917e-09	-5.658236e+01	-2.713777e+02
4.630000e-06	-6.699502e-06	-4.198391e-09	-5.664783e+01	-2.715951e+02
4.640000e-06	-6.706027e-06	-4.204488e-09	-5.670301e+01	-2.717931e+02
4.650000e-06	-6.711081e-06	-4.207874e-09	-5.674574e+01	-2.719681e+02
4.660000e-06	-6.714987e-06	-4.207288e-09	-5.677877e+01	-2.721158e+02
4.670000e-06	-6.717866e-06	-4.207210e-09	-5.680311e+01	-2.722318e+02
4.680000e-06	-6.719610e-06	-4.210518e-09	-5.681786e+01	-2.723121e+02
4.690000e-06	-6.720274e-06	-4.213693e-09	-5.682348e+01	-2.723532e+02
