# Temperatura_=_20.0
# Concentracion g/m^3_=_12600.0
# C_Vs_to_Am_M_A/Vsm_=_65563218390.804596
# pendiente_HvsI_1/m_=_3716.3
# ordenada_HvsI_A/m_=_1297.0
# frecuencia_Hz_=_213173.9679405291

Tiempo_(s)	Campo_(V.s)	Magnetizacion_(V.s)	Campo_(kA/m)	Magnetizacion_(A/m)
0.000000e+00	-6.738534e-06	-4.133006e-09	-5.683132e+01	-2.693703e+02
1.000000e-08	-6.738214e-06	-4.130921e-09	-5.682862e+01	-2.693568e+02
2.000000e-08	-6.736508e-06	-4.129524e-09	-5.681424e+01	-2.693134e+02
3.000000e-08	-6.733347e-06	-4.129064e-09	-5.678758e+01	-2.692413e+02
4.000000e-08	-6.729228e-06	-4.129301e-09	-5.675284e+01	-2.691419e+02
5.000000e-08	-6.724146e-06	-4.128904e-09	-5.670998e+01	-2.690174e+02
6.000000e-08	-6.717930e-06	-4.126790e-09	-5.665755e+01	-2.688705e+02
7.000000e-08	-6.710700e-06	-4.123564e-09	-5.659658e+01	-2.687043e+02
8.000000e-08	-6.702589e-06	-4.118964e-09	-5.652817e+01	-2.685221e+02
9.000000e-08	-6.693147e-06	-4.127216e-09	-5.644854e+01	-2.683270e+02
1.000000e-07	-6.681838e-06	-4.144258e-09	-5.635316e+01	-2.681224e+02
1.100000e-07	-6.668865e-06	-4.136748e-09	-5.624375e+01	-2.679111e+02
1.200000e-07	-6.654537e-06	-4.120708e-09	-5.612291e+01	-2.676952e+02
1.300000e-07	-6.638783e-06	-4.074783e-09	-5.599004e+01	-2.674765e+02
1.400000e-07	-6.621858e-06	-4.067270e-09	-5.584730e+01	-2.672556e+02
1.500000e-07	-6.603992e-06	-4.140167e-09	-5.569662e+01	-2.670325e+02
1.600000e-07	-6.585091e-06	-4.106204e-09	-5.553722e+01	-2.668060e+02
1.700000e-07	-6.565342e-06	-4.072087e-09	-5.537066e+01	-2.665741e+02
1.800000e-07	-6.544586e-06	-4.083623e-09	-5.519561e+01	-2.663338e+02
1.900000e-07	-6.522582e-06	-4.045279e-09	-5.501003e+01	-2.660817e+02
2.000000e-07	-6.499654e-06	-4.096615e-09	-5.481666e+01	-2.658135e+02
2.100000e-07	-6.475787e-06	-4.129095e-09	-5.461537e+01	-2.655246e+02
2.200000e-07	-6.450530e-06	-4.009385e-09	-5.440236e+01	-2.652105e+02
2.300000e-07	-6.423833e-06	-3.994852e-09	-5.417721e+01	-2.648663e+02
2.400000e-07	-6.396028e-06	-4.088043e-09	-5.394271e+01	-2.644878e+02
2.500000e-07	-6.367230e-06	-4.083844e-09	-5.369982e+01	-2.640712e+02
2.600000e-07	-6.337351e-06	-4.036301e-09	-5.344784e+01	-2.636131e+02
2.700000e-07	-6.306292e-06	-3.946147e-09	-5.318589e+01	-2.631111e+02
2.800000e-07	-6.274219e-06	-3.934454e-09	-5.291539e+01	-2.625637e+02
2.900000e-07	-6.241209e-06	-4.048176e-09	-5.263700e+01	-2.619700e+02
3.000000e-07	-6.206916e-06	-4.060678e-09	-5.234777e+01	-2.613302e+02
3.100000e-07	-6.171325e-06	-3.957232e-09	-5.204760e+01	-2.606450e+02
3.200000e-07	-6.134584e-06	-3.872232e-09	-5.173774e+01	-2.599162e+02
3.300000e-07	-6.096774e-06	-3.897645e-09	-5.141886e+01	-2.591456e+02
3.400000e-07	-6.057978e-06	-4.011481e-09	-5.109166e+01	-2.583356e+02
3.500000e-07	-6.018234e-06	-4.016796e-09	-5.075647e+01	-2.574889e+02
3.600000e-07	-5.977477e-06	-3.859696e-09	-5.041273e+01	-2.566080e+02
3.700000e-07	-5.935373e-06	-3.774397e-09	-5.005764e+01	-2.556953e+02
3.800000e-07	-5.891946e-06	-3.907582e-09	-4.969138e+01	-2.547529e+02
3.900000e-07	-5.847588e-06	-4.009323e-09	-4.931728e+01	-2.537827e+02
4.000000e-07	-5.802302e-06	-3.869909e-09	-4.893534e+01	-2.527859e+02
4.100000e-07	-5.755949e-06	-3.713101e-09	-4.854441e+01	-2.517634e+02
4.200000e-07	-5.708555e-06	-3.757669e-09	-4.814471e+01	-2.507155e+02
4.300000e-07	-5.660178e-06	-3.900860e-09	-4.773671e+01	-2.496423e+02
4.400000e-07	-5.610597e-06	-3.889470e-09	-4.731855e+01	-2.485432e+02
4.500000e-07	-5.559570e-06	-3.711322e-09	-4.688820e+01	-2.474175e+02
4.600000e-07	-5.507304e-06	-3.633511e-09	-4.644740e+01	-2.462645e+02
4.700000e-07	-5.454014e-06	-3.742058e-09	-4.599797e+01	-2.450831e+02
4.800000e-07	-5.399780e-06	-3.830934e-09	-4.554056e+01	-2.438725e+02
4.900000e-07	-5.344641e-06	-3.736544e-09	-4.507553e+01	-2.426318e+02
5.000000e-07	-5.288669e-06	-3.586806e-09	-4.460348e+01	-2.413604e+02
5.100000e-07	-5.231795e-06	-3.582486e-09	-4.412381e+01	-2.400578e+02
5.200000e-07	-5.173714e-06	-3.681949e-09	-4.363398e+01	-2.387238e+02
5.300000e-07	-5.114487e-06	-3.702071e-09	-4.313447e+01	-2.373583e+02
5.400000e-07	-5.054429e-06	-3.588879e-09	-4.262795e+01	-2.359616e+02
5.500000e-07	-4.993581e-06	-3.495263e-09	-4.211477e+01	-2.345337e+02
5.600000e-07	-4.931813e-06	-3.525671e-09	-4.159384e+01	-2.330750e+02
5.700000e-07	-4.869208e-06	-3.585003e-09	-4.106584e+01	-2.315857e+02
5.800000e-07	-4.805896e-06	-3.558132e-09	-4.053188e+01	-2.300659e+02
5.900000e-07	-4.741830e-06	-3.460459e-09	-3.999156e+01	-2.285158e+02
6.000000e-07	-4.676825e-06	-3.400852e-09	-3.944332e+01	-2.269350e+02
6.100000e-07	-4.610696e-06	-3.418089e-09	-3.888560e+01	-2.253232e+02
6.200000e-07	-4.543553e-06	-3.445915e-09	-3.831933e+01	-2.236797e+02
6.300000e-07	-4.475677e-06	-3.417377e-09	-3.774689e+01	-2.220037e+02
6.400000e-07	-4.407218e-06	-3.337055e-09	-3.716951e+01	-2.202941e+02
6.500000e-07	-4.338049e-06	-3.280818e-09	-3.658615e+01	-2.185498e+02
6.600000e-07	-4.268079e-06	-3.290518e-09	-3.599604e+01	-2.167695e+02
6.700000e-07	-4.197394e-06	-3.318863e-09	-3.539990e+01	-2.149520e+02
6.800000e-07	-4.126028e-06	-3.286987e-09	-3.479802e+01	-2.130963e+02
6.900000e-07	-4.054028e-06	-3.195660e-09	-3.419079e+01	-2.112014e+02
7.000000e-07	-3.981305e-06	-3.139978e-09	-3.357746e+01	-2.092664e+02
7.100000e-07	-3.907744e-06	-3.160826e-09	-3.295706e+01	-2.072908e+02
7.200000e-07	-3.833253e-06	-3.180026e-09	-3.232882e+01	-2.052744e+02
7.300000e-07	-3.757861e-06	-3.121802e-09	-3.169298e+01	-2.032171e+02
7.400000e-07	-3.681738e-06	-3.027479e-09	-3.105097e+01	-2.011190e+02
7.500000e-07	-3.604949e-06	-2.994065e-09	-3.040335e+01	-1.989806e+02
7.600000e-07	-3.527541e-06	-3.018544e-09	-2.975051e+01	-1.968022e+02
7.700000e-07	-3.449478e-06	-3.011653e-09	-2.909215e+01	-1.945844e+02
7.800000e-07	-3.370700e-06	-2.936145e-09	-2.842775e+01	-1.923275e+02
7.900000e-07	-3.291159e-06	-2.856388e-09	-2.775692e+01	-1.900320e+02
8.000000e-07	-3.210865e-06	-2.837222e-09	-2.707973e+01	-1.876980e+02
8.100000e-07	-3.129976e-06	-2.844070e-09	-2.639753e+01	-1.853255e+02
8.200000e-07	-3.048620e-06	-2.811633e-09	-2.571140e+01	-1.829141e+02
8.300000e-07	-2.966759e-06	-2.737479e-09	-2.502100e+01	-1.804633e+02
8.400000e-07	-2.884363e-06	-2.676594e-09	-2.432609e+01	-1.779723e+02
8.500000e-07	-2.801462e-06	-2.659960e-09	-2.362692e+01	-1.754400e+02
8.600000e-07	-2.718086e-06	-2.652627e-09	-2.292374e+01	-1.728653e+02
8.700000e-07	-2.634308e-06	-2.613698e-09	-2.221718e+01	-1.702468e+02
8.800000e-07	-2.550174e-06	-2.544968e-09	-2.150761e+01	-1.675831e+02
8.900000e-07	-2.465733e-06	-2.484231e-09	-2.079546e+01	-1.648731e+02
9.000000e-07	-2.380988e-06	-2.456174e-09	-2.008073e+01	-1.621154e+02
9.100000e-07	-2.295849e-06	-2.438621e-09	-1.936269e+01	-1.593089e+02
9.200000e-07	-2.210303e-06	-2.395470e-09	-1.864121e+01	-1.564529e+02
9.300000e-07	-2.124346e-06	-2.322333e-09	-1.791627e+01	-1.535467e+02
9.400000e-07	-2.037978e-06	-2.260805e-09	-1.718786e+01	-1.505897e+02
9.500000e-07	-1.951321e-06	-2.237308e-09	-1.645701e+01	-1.475818e+02
9.600000e-07	-1.864382e-06	-2.219153e-09	-1.572379e+01	-1.445228e+02
9.700000e-07	-1.777153e-06	-2.165154e-09	-1.498812e+01	-1.414127e+02
9.800000e-07	-1.689654e-06	-2.086086e-09	-1.425017e+01	-1.382514e+02
9.900000e-07	-1.601883e-06	-2.027733e-09	-1.350993e+01	-1.350389e+02
1.000000e-06	-1.513880e-06	-2.002739e-09	-1.276773e+01	-1.317749e+02
1.010000e-06	-1.425671e-06	-1.968228e-09	-1.202380e+01	-1.284591e+02
1.020000e-06	-1.337287e-06	-1.896397e-09	-1.127839e+01	-1.250907e+02
1.030000e-06	-1.248694e-06	-1.816491e-09	-1.053121e+01	-1.216689e+02
1.040000e-06	-1.159804e-06	-1.768795e-09	-9.781530e+00	-1.181924e+02
1.050000e-06	-1.070680e-06	-1.743530e-09	-9.029880e+00	-1.146598e+02
1.060000e-06	-9.814369e-07	-1.697964e-09	-8.277225e+00	-1.110695e+02
1.070000e-06	-8.919810e-07	-1.624464e-09	-7.522773e+00	-1.074196e+02
1.080000e-06	-8.022051e-07	-1.552059e-09	-6.765623e+00	-1.037084e+02
1.090000e-06	-7.121699e-07	-1.505103e-09	-6.006285e+00	-9.993394e+01
1.100000e-06	-6.219737e-07	-1.466448e-09	-5.245590e+00	-9.609465e+01
1.110000e-06	-5.316825e-07	-1.406298e-09	-4.484094e+00	-9.218907e+01
1.120000e-06	-4.413258e-07	-1.326783e-09	-3.722046e+00	-8.821602e+01
1.130000e-06	-3.507861e-07	-1.252250e-09	-2.958453e+00	-8.417469e+01
1.140000e-06	-2.600747e-07	-1.198058e-09	-2.193413e+00	-8.006463e+01
1.150000e-06	-1.693441e-07	-1.149377e-09	-1.428211e+00	-7.588575e+01
1.160000e-06	-7.865802e-08	-1.083468e-09	-6.633845e-01	-7.163827e+01
1.170000e-06	1.204824e-08	-1.000765e-09	1.016123e-01	-6.732271e+01
1.180000e-06	1.028472e-07	-9.220357e-10	8.673912e-01	-6.293975e+01
1.190000e-06	1.936260e-07	-8.657172e-10	1.632999e+00	-5.849014e+01
1.200000e-06	2.842959e-07	-8.146731e-10	2.397690e+00	-5.397461e+01
1.210000e-06	3.749155e-07	-7.423935e-10	3.161955e+00	-4.939372e+01
1.220000e-06	4.654816e-07	-6.530449e-10	3.925770e+00	-4.474782e+01
1.230000e-06	5.559338e-07	-5.724862e-10	4.688625e+00	-4.003693e+01
1.240000e-06	6.463221e-07	-5.129865e-10	5.450939e+00	-3.526072e+01
1.250000e-06	7.365604e-07	-4.521721e-10	6.211990e+00	-3.041851e+01
1.260000e-06	8.265209e-07	-3.691264e-10	6.970696e+00	-2.550929e+01
1.270000e-06	9.162279e-07	-2.773639e-10	7.727266e+00	-2.053185e+01
1.280000e-06	1.005723e-06	-2.016602e-10	8.482048e+00	-1.548490e+01
1.290000e-06	1.095006e-06	-1.405816e-10	9.235042e+00	-1.036720e+01
1.300000e-06	1.184056e-06	-6.764767e-11	9.986071e+00	-5.177841e+00
1.310000e-06	1.272872e-06	2.608966e-11	1.073512e+01	8.359373e-02
1.320000e-06	1.361435e-06	1.198011e-10	1.148204e+01	5.416769e+00
1.330000e-06	1.449761e-06	1.973529e-10	1.222697e+01	1.082038e+01
1.340000e-06	1.537827e-06	2.660699e-10	1.296970e+01	1.629196e+01
1.350000e-06	1.625606e-06	3.462066e-10	1.371000e+01	2.182771e+01
1.360000e-06	1.713140e-06	4.408290e-10	1.444825e+01	2.742237e+01
1.370000e-06	1.800399e-06	5.356235e-10	1.518417e+01	3.306921e+01
1.380000e-06	1.887355e-06	6.181953e-10	1.591754e+01	3.875997e+01
1.390000e-06	1.974003e-06	6.958199e-10	1.664831e+01	4.448502e+01
1.400000e-06	2.060365e-06	7.851109e-10	1.737667e+01	5.023344e+01
1.410000e-06	2.146363e-06	8.852227e-10	1.810196e+01	5.599326e+01
1.420000e-06	2.231936e-06	9.804339e-10	1.882366e+01	6.175172e+01
1.430000e-06	2.317140e-06	1.062436e-09	1.954225e+01	6.749556e+01
1.440000e-06	2.401979e-06	1.138970e-09	2.025776e+01	7.321136e+01
1.450000e-06	2.486488e-06	1.224325e-09	2.097050e+01	7.888586e+01
1.460000e-06	2.570653e-06	1.317142e-09	2.168033e+01	8.450632e+01
1.470000e-06	2.654469e-06	1.404206e-09	2.238721e+01	9.006078e+01
1.480000e-06	2.737884e-06	1.479522e-09	2.309071e+01	9.553834e+01
1.490000e-06	2.820780e-06	1.552313e-09	2.378984e+01	1.009294e+02
1.500000e-06	2.903163e-06	1.637323e-09	2.448464e+01	1.062258e+02
1.510000e-06	2.985029e-06	1.728514e-09	2.517508e+01	1.114208e+02
1.520000e-06	3.066375e-06	1.809017e-09	2.586114e+01	1.165094e+02
1.530000e-06	3.147139e-06	1.876506e-09	2.654228e+01	1.214879e+02
1.540000e-06	3.227309e-06	1.944542e-09	2.721842e+01	1.263540e+02
1.550000e-06	3.306894e-06	2.023246e-09	2.788962e+01	1.311069e+02
1.560000e-06	3.385849e-06	2.102995e-09	2.855551e+01	1.357464e+02
1.570000e-06	3.464175e-06	2.170167e-09	2.921609e+01	1.402735e+02
1.580000e-06	3.541877e-06	2.225933e-09	2.987142e+01	1.446898e+02
1.590000e-06	3.619011e-06	2.285036e-09	3.052195e+01	1.489971e+02
1.600000e-06	3.695518e-06	2.356209e-09	3.116719e+01	1.531976e+02
1.610000e-06	3.771352e-06	2.427113e-09	3.180676e+01	1.572935e+02
1.620000e-06	3.846409e-06	2.486207e-09	3.243977e+01	1.612869e+02
1.630000e-06	3.920571e-06	2.536972e-09	3.306524e+01	1.651796e+02
1.640000e-06	3.993815e-06	2.590253e-09	3.368297e+01	1.689734e+02
1.650000e-06	4.066233e-06	2.649994e-09	3.429372e+01	1.726698e+02
1.660000e-06	4.137955e-06	2.708340e-09	3.489861e+01	1.762699e+02
1.670000e-06	4.209006e-06	2.756612e-09	3.549783e+01	1.797749e+02
1.680000e-06	4.279379e-06	2.799405e-09	3.609134e+01	1.831857e+02
1.690000e-06	4.348980e-06	2.847997e-09	3.667835e+01	1.865034e+02
1.700000e-06	4.417835e-06	2.901888e-09	3.725905e+01	1.897289e+02
1.710000e-06	4.486028e-06	2.950395e-09	3.783418e+01	1.928635e+02
1.720000e-06	4.553584e-06	2.990585e-09	3.840394e+01	1.959086e+02
1.730000e-06	4.620346e-06	3.030301e-09	3.896699e+01	1.988658e+02
1.740000e-06	4.686009e-06	3.075011e-09	3.952078e+01	2.017369e+02
1.750000e-06	4.750586e-06	3.121644e-09	4.006540e+01	2.045239e+02
1.760000e-06	4.814379e-06	3.160776e-09	4.060342e+01	2.072292e+02
1.770000e-06	4.877508e-06	3.192801e-09	4.113584e+01	2.098550e+02
1.780000e-06	4.939836e-06	3.225429e-09	4.166150e+01	2.124038e+02
1.790000e-06	5.001341e-06	3.262306e-09	4.218022e+01	2.148778e+02
1.800000e-06	5.062055e-06	3.301438e-09	4.269226e+01	2.172793e+02
1.810000e-06	5.122056e-06	3.335720e-09	4.319830e+01	2.196102e+02
1.820000e-06	5.181281e-06	3.365035e-09	4.369779e+01	2.218722e+02
1.830000e-06	5.239289e-06	3.395822e-09	4.418701e+01	2.240670e+02
1.840000e-06	5.296007e-06	3.432703e-09	4.466537e+01	2.261955e+02
1.850000e-06	5.351827e-06	3.466703e-09	4.513614e+01	2.282586e+02
1.860000e-06	5.406850e-06	3.491900e-09	4.560020e+01	2.302571e+02
1.870000e-06	5.460989e-06	3.514011e-09	4.605679e+01	2.321913e+02
1.880000e-06	5.514199e-06	3.540041e-09	4.650555e+01	2.340616e+02
1.890000e-06	5.566376e-06	3.569021e-09	4.694560e+01	2.358683e+02
1.900000e-06	5.617281e-06	3.595293e-09	4.737492e+01	2.376120e+02
1.910000e-06	5.666747e-06	3.618048e-09	4.779211e+01	2.392932e+02
1.920000e-06	5.714993e-06	3.639083e-09	4.819900e+01	2.409127e+02
1.930000e-06	5.762283e-06	3.662930e-09	4.859784e+01	2.424717e+02
1.940000e-06	5.808619e-06	3.689057e-09	4.898862e+01	2.439717e+02
1.950000e-06	5.854014e-06	3.711088e-09	4.937148e+01	2.454145e+02
1.960000e-06	5.898523e-06	3.726879e-09	4.974685e+01	2.468020e+02
1.970000e-06	5.942170e-06	3.742671e-09	5.011496e+01	2.481366e+02
1.980000e-06	5.984710e-06	3.761753e-09	5.047374e+01	2.494208e+02
1.990000e-06	6.025842e-06	3.781820e-09	5.082064e+01	2.506569e+02
2.000000e-06	6.065864e-06	3.799745e-09	5.115817e+01	2.518475e+02
2.010000e-06	6.104910e-06	3.815546e-09	5.148748e+01	2.529947e+02
2.020000e-06	6.142951e-06	3.832571e-09	5.180831e+01	2.541007e+02
2.030000e-06	6.180036e-06	3.851235e-09	5.212107e+01	2.551671e+02
2.040000e-06	6.216166e-06	3.868865e-09	5.242579e+01	2.561952e+02
2.050000e-06	6.251315e-06	3.882518e-09	5.272222e+01	2.571858e+02
2.060000e-06	6.285133e-06	3.894034e-09	5.300744e+01	2.581394e+02
2.070000e-06	6.317642e-06	3.907097e-09	5.328161e+01	2.590560e+02
2.080000e-06	6.349103e-06	3.921873e-09	5.354694e+01	2.599354e+02
2.090000e-06	6.379549e-06	3.935952e-09	5.380373e+01	2.607770e+02
2.100000e-06	6.409005e-06	3.946367e-09	5.405214e+01	2.615801e+02
2.110000e-06	6.437468e-06	3.955773e-09	5.429220e+01	2.623440e+02
2.120000e-06	6.464917e-06	3.967883e-09	5.452369e+01	2.630682e+02
2.130000e-06	6.491013e-06	3.981690e-09	5.474379e+01	2.637522e+02
2.140000e-06	6.515652e-06	3.993162e-09	5.495158e+01	2.643957e+02
2.150000e-06	6.539125e-06	4.000044e-09	5.514955e+01	2.649992e+02
2.160000e-06	6.561520e-06	4.006184e-09	5.533843e+01	2.655630e+02
2.170000e-06	6.582836e-06	4.014397e-09	5.551820e+01	2.660883e+02
2.180000e-06	6.603160e-06	4.022255e-09	5.568961e+01	2.665762e+02
2.190000e-06	6.622581e-06	4.028099e-09	5.585340e+01	2.670283e+02
2.200000e-06	6.640760e-06	4.032740e-09	5.600672e+01	2.674465e+02
2.210000e-06	6.657596e-06	4.038828e-09	5.614871e+01	2.678327e+02
2.220000e-06	6.673235e-06	4.046907e-09	5.628061e+01	2.681887e+02
2.230000e-06	6.687611e-06	4.057226e-09	5.640185e+01	2.685161e+02
2.240000e-06	6.700733e-06	4.066046e-09	5.651252e+01	2.688166e+02
2.250000e-06	6.712655e-06	4.070134e-09	5.661307e+01	2.690912e+02
2.260000e-06	6.723203e-06	4.073618e-09	5.670203e+01	2.693407e+02
2.270000e-06	6.732233e-06	4.078095e-09	5.677818e+01	2.695653e+02
2.280000e-06	6.740047e-06	4.082067e-09	5.684408e+01	2.697649e+02
2.290000e-06	6.746748e-06	4.083032e-09	5.690060e+01	2.699391e+02
2.300000e-06	6.752308e-06	4.083046e-09	5.694749e+01	2.700871e+02
2.310000e-06	6.756874e-06	4.084657e-09	5.698600e+01	2.702078e+02
2.320000e-06	6.760457e-06	4.087887e-09	5.701622e+01	2.703003e+02
2.330000e-06	6.762690e-06	4.091086e-09	5.703505e+01	2.703636e+02
2.340000e-06	6.763455e-06	4.092767e-09	5.704150e+01	2.703970e+02
2.350000e-06	6.763085e-06	4.092140e-09	5.703838e+01	2.704002e+02
2.360000e-06	6.761714e-06	4.090720e-09	5.702682e+01	2.703732e+02
2.370000e-06	6.759279e-06	4.090614e-09	5.700628e+01	2.703167e+02
2.380000e-06	6.755819e-06	4.090219e-09	5.697710e+01	2.702320e+02
2.390000e-06	6.751403e-06	4.088034e-09	5.693986e+01	2.701211e+02
2.400000e-06	6.745737e-06	4.085697e-09	5.689207e+01	2.699862e+02
2.410000e-06	6.738703e-06	4.083732e-09	5.683275e+01	2.698302e+02
2.420000e-06	6.730627e-06	4.085695e-09	5.676463e+01	2.696564e+02
2.430000e-06	6.721625e-06	4.074413e-09	5.668871e+01	2.694680e+02
2.440000e-06	6.711438e-06	4.041554e-09	5.660280e+01	2.692683e+02
2.450000e-06	6.699494e-06	4.039985e-09	5.650207e+01	2.690603e+02
2.460000e-06	6.685465e-06	4.044210e-09	5.638375e+01	2.688467e+02
2.470000e-06	6.669934e-06	4.104944e-09	5.625276e+01	2.686294e+02
2.480000e-06	6.653876e-06	4.107398e-09	5.611734e+01	2.684097e+02
2.490000e-06	6.637328e-06	4.021638e-09	5.597777e+01	2.681879e+02
2.500000e-06	6.619368e-06	4.077680e-09	5.582630e+01	2.679635e+02
2.510000e-06	6.600040e-06	4.082291e-09	5.566330e+01	2.677348e+02
2.520000e-06	6.580107e-06	4.061553e-09	5.549518e+01	2.674996e+02
2.530000e-06	6.558960e-06	4.107686e-09	5.531684e+01	2.672545e+02
2.540000e-06	6.536065e-06	4.017851e-09	5.512374e+01	2.669957e+02
2.550000e-06	6.512047e-06	3.979531e-09	5.492118e+01	2.667188e+02
2.560000e-06	6.487055e-06	4.096922e-09	5.471041e+01	2.664191e+02
2.570000e-06	6.461089e-06	4.066753e-09	5.449141e+01	2.660920e+02
2.580000e-06	6.434023e-06	3.975471e-09	5.426314e+01	2.657330e+02
2.590000e-06	6.405627e-06	4.008222e-09	5.402366e+01	2.653378e+02
2.600000e-06	6.376306e-06	4.046636e-09	5.377637e+01	2.649028e+02
2.610000e-06	6.345888e-06	4.148980e-09	5.351984e+01	2.644253e+02
2.620000e-06	6.313998e-06	4.125878e-09	5.325088e+01	2.639030e+02
2.630000e-06	6.280955e-06	3.944857e-09	5.297220e+01	2.633348e+02
2.640000e-06	6.246853e-06	3.950124e-09	5.268459e+01	2.627203e+02
2.650000e-06	6.211664e-06	4.035970e-09	5.238782e+01	2.620600e+02
2.660000e-06	6.175531e-06	4.113819e-09	5.208308e+01	2.613549e+02
2.670000e-06	6.138244e-06	4.052895e-09	5.176861e+01	2.606070e+02
2.680000e-06	6.099651e-06	3.818863e-09	5.144312e+01	2.598184e+02
2.690000e-06	6.059860e-06	3.844705e-09	5.110754e+01	2.589916e+02
2.700000e-06	6.019066e-06	4.052243e-09	5.076349e+01	2.581292e+02
2.710000e-06	5.977397e-06	4.068565e-09	5.041206e+01	2.572337e+02
2.720000e-06	5.934686e-06	3.856313e-09	5.005185e+01	2.563074e+02
2.730000e-06	5.891002e-06	3.714821e-09	4.968342e+01	2.553524e+02
2.740000e-06	5.846418e-06	3.902292e-09	4.930742e+01	2.543701e+02
2.750000e-06	5.800802e-06	4.039089e-09	4.892270e+01	2.533616e+02
2.760000e-06	5.754062e-06	3.891641e-09	4.852850e+01	2.523277e+02
2.770000e-06	5.706111e-06	3.706720e-09	4.812410e+01	2.512685e+02
2.780000e-06	5.657088e-06	3.722644e-09	4.771064e+01	2.501836e+02
2.790000e-06	5.607184e-06	3.904638e-09	4.728976e+01	2.490727e+02
2.800000e-06	5.556323e-06	3.898376e-09	4.686081e+01	2.479348e+02
2.810000e-06	5.504366e-06	3.726646e-09	4.642262e+01	2.467692e+02
2.820000e-06	5.451236e-06	3.646094e-09	4.597454e+01	2.455748e+02
2.830000e-06	5.396824e-06	3.708881e-09	4.551563e+01	2.443507e+02
2.840000e-06	5.341266e-06	3.803081e-09	4.504707e+01	2.430963e+02
2.850000e-06	5.284879e-06	3.747151e-09	4.457152e+01	2.418109e+02
2.860000e-06	5.227649e-06	3.630563e-09	4.408885e+01	2.404942e+02
2.870000e-06	5.169434e-06	3.593164e-09	4.359787e+01	2.391461e+02
2.880000e-06	5.110301e-06	3.640978e-09	4.309916e+01	2.377665e+02
2.890000e-06	5.050429e-06	3.676292e-09	4.259422e+01	2.363557e+02
2.900000e-06	4.989798e-06	3.615541e-09	4.208287e+01	2.349139e+02
2.910000e-06	4.928130e-06	3.540007e-09	4.156277e+01	2.334414e+02
2.920000e-06	4.865261e-06	3.508600e-09	4.103255e+01	2.319384e+02
2.930000e-06	4.801405e-06	3.533117e-09	4.049400e+01	2.304050e+02
2.940000e-06	4.736815e-06	3.552408e-09	3.994926e+01	2.288412e+02
2.950000e-06	4.671444e-06	3.507778e-09	3.939794e+01	2.272465e+02
2.960000e-06	4.605262e-06	3.427392e-09	3.883977e+01	2.256205e+02
2.970000e-06	4.538287e-06	3.378938e-09	3.827492e+01	2.239625e+02
2.980000e-06	4.470555e-06	3.410462e-09	3.770368e+01	2.222716e+02
2.990000e-06	4.402105e-06	3.435439e-09	3.712639e+01	2.205465e+02
3.000000e-06	4.332843e-06	3.371413e-09	3.654225e+01	2.187861e+02
3.010000e-06	4.262566e-06	3.271797e-09	3.594955e+01	2.169893e+02
3.020000e-06	4.191267e-06	3.252207e-09	3.534823e+01	2.151548e+02
3.030000e-06	4.119232e-06	3.309194e-09	3.474070e+01	2.132815e+02
3.040000e-06	4.046629e-06	3.306491e-09	3.412839e+01	2.113686e+02
3.050000e-06	3.973426e-06	3.205383e-09	3.351101e+01	2.094155e+02
3.060000e-06	3.899586e-06	3.121601e-09	3.288826e+01	2.074216e+02
3.070000e-06	3.825132e-06	3.139434e-09	3.226033e+01	2.053867e+02
3.080000e-06	3.749937e-06	3.174933e-09	3.162615e+01	2.033111e+02
3.090000e-06	3.673910e-06	3.120165e-09	3.098495e+01	2.011948e+02
3.100000e-06	3.597136e-06	3.018044e-09	3.033746e+01	1.990384e+02
3.110000e-06	3.519665e-06	2.977386e-09	2.968409e+01	1.968422e+02
3.120000e-06	3.441391e-06	2.998030e-09	2.902394e+01	1.946067e+02
3.130000e-06	3.362265e-06	2.993948e-09	2.835661e+01	1.923325e+02
3.140000e-06	3.282485e-06	2.929957e-09	2.768376e+01	1.900197e+02
3.150000e-06	3.202224e-06	2.858765e-09	2.700686e+01	1.876683e+02
3.160000e-06	3.121549e-06	2.829773e-09	2.632647e+01	1.852784e+02
3.170000e-06	3.040363e-06	2.823484e-09	2.564176e+01	1.828494e+02
3.180000e-06	2.958593e-06	2.800390e-09	2.495212e+01	1.803806e+02
3.190000e-06	2.876297e-06	2.744101e-09	2.425806e+01	1.778711e+02
3.200000e-06	2.793570e-06	2.677289e-09	2.356036e+01	1.753199e+02
3.210000e-06	2.710414e-06	2.634041e-09	2.285904e+01	1.727257e+02
3.220000e-06	2.626835e-06	2.621562e-09	2.215415e+01	1.700870e+02
3.230000e-06	2.542869e-06	2.604251e-09	2.144601e+01	1.674027e+02
3.240000e-06	2.458505e-06	2.545916e-09	2.073449e+01	1.646713e+02
3.250000e-06	2.373724e-06	2.469382e-09	2.001947e+01	1.618918e+02
3.260000e-06	2.288520e-06	2.425930e-09	1.930088e+01	1.590632e+02
3.270000e-06	2.202855e-06	2.417976e-09	1.857840e+01	1.561847e+02
3.280000e-06	2.116613e-06	2.389137e-09	1.785105e+01	1.532556e+02
3.290000e-06	2.029805e-06	2.312254e-09	1.711894e+01	1.502758e+02
3.300000e-06	1.942566e-06	2.233217e-09	1.638318e+01	1.472449e+02
3.310000e-06	1.854952e-06	2.201719e-09	1.564426e+01	1.441629e+02
3.320000e-06	1.767033e-06	2.194279e-09	1.490277e+01	1.410298e+02
3.330000e-06	1.678883e-06	2.149708e-09	1.415933e+01	1.378455e+02
3.340000e-06	1.590526e-06	2.065397e-09	1.341415e+01	1.346099e+02
3.350000e-06	1.502012e-06	1.997359e-09	1.266764e+01	1.313227e+02
3.360000e-06	1.413313e-06	1.970148e-09	1.191957e+01	1.279833e+02
3.370000e-06	1.324379e-06	1.945346e-09	1.116952e+01	1.245910e+02
3.380000e-06	1.235254e-06	1.884125e-09	1.041786e+01	1.211448e+02
3.390000e-06	1.145901e-06	1.800905e-09	9.664282e+00	1.176433e+02
3.400000e-06	1.056366e-06	1.737674e-09	8.909157e+00	1.140849e+02
3.410000e-06	9.666786e-07	1.702152e-09	8.152756e+00	1.104680e+02
3.420000e-06	8.768141e-07	1.663472e-09	7.394859e+00	1.067908e+02
3.430000e-06	7.868239e-07	1.601046e-09	6.635901e+00	1.030513e+02
3.440000e-06	6.967193e-07	1.525374e-09	5.875978e+00	9.924789e+01
3.450000e-06	6.065388e-07	1.461785e-09	5.115415e+00	9.537894e+01
3.460000e-06	5.162461e-07	1.416474e-09	4.353907e+00	9.144314e+01
3.470000e-06	4.258121e-07	1.370641e-09	3.591206e+00	8.743946e+01
3.480000e-06	3.353728e-07	1.302885e-09	2.828461e+00	8.336725e+01
3.490000e-06	2.449688e-07	1.217150e-09	2.066014e+00	7.922622e+01
3.500000e-06	1.544752e-07	1.146384e-09	1.302810e+00	7.501643e+01
3.510000e-06	6.392144e-08	1.100695e-09	5.390995e-01	7.073826e+01
3.520000e-06	-2.660391e-08	1.052011e-09	-2.243716e-01	6.639229e+01
3.530000e-06	-1.171162e-07	9.743879e-10	-9.877327e-01	6.197925e+01
3.540000e-06	-2.076509e-07	8.849226e-10	-1.751282e+00	5.749990e+01
3.550000e-06	-2.982069e-07	8.217882e-10	-2.515012e+00	5.295491e+01
3.560000e-06	-3.886926e-07	7.781396e-10	-3.278148e+00	4.834476e+01
3.570000e-06	-4.790710e-07	7.138888e-10	-4.040380e+00	4.366965e+01
3.580000e-06	-5.693449e-07	6.191429e-10	-4.801731e+00	3.892944e+01
3.590000e-06	-6.595033e-07	5.295021e-10	-5.562106e+00	3.412364e+01
3.600000e-06	-7.495453e-07	4.680224e-10	-6.321502e+00	2.925142e+01
3.610000e-06	-8.394779e-07	4.124744e-10	-7.079973e+00	2.431168e+01
3.620000e-06	-9.292645e-07	3.340299e-10	-7.837214e+00	1.930313e+01
3.630000e-06	-1.018836e-06	2.382958e-10	-8.592640e+00	1.422449e+01
3.640000e-06	-1.108184e-06	1.550303e-10	-9.346180e+00	9.074647e+00
3.650000e-06	-1.197318e-06	9.001049e-11	-1.009792e+01	3.852877e+00
3.660000e-06	-1.286256e-06	2.100845e-11	-1.084800e+01	-1.440923e+00
3.670000e-06	-1.375007e-06	-6.630653e-11	-1.159651e+01	-6.806010e+00
3.680000e-06	-1.463526e-06	-1.608599e-10	-1.234306e+01	-1.224058e+01
3.690000e-06	-1.551833e-06	-2.453556e-10	-1.308782e+01	-1.774158e+01
3.700000e-06	-1.639973e-06	-3.198080e-10	-1.383117e+01	-2.330456e+01
3.710000e-06	-1.727850e-06	-3.980770e-10	-1.457231e+01	-2.892362e+01
3.720000e-06	-1.815410e-06	-4.889430e-10	-1.531077e+01	-3.459132e+01
3.730000e-06	-1.902626e-06	-5.856364e-10	-1.604633e+01	-4.029877e+01
3.740000e-06	-1.989498e-06	-6.732264e-10	-1.677899e+01	-4.603574e+01
3.750000e-06	-2.075974e-06	-7.513853e-10	-1.750831e+01	-5.179081e+01
3.760000e-06	-2.161886e-06	-8.322221e-10	-1.823287e+01	-5.755162e+01
3.770000e-06	-2.247196e-06	-9.265316e-10	-1.895236e+01	-6.330515e+01
3.780000e-06	-2.332032e-06	-1.028772e-09	-1.966785e+01	-6.903802e+01
3.790000e-06	-2.416469e-06	-1.117088e-09	-2.037997e+01	-7.473684e+01
3.800000e-06	-2.500520e-06	-1.190436e-09	-2.108884e+01	-8.038855e+01
3.810000e-06	-2.584196e-06	-1.268790e-09	-2.179454e+01	-8.598072e+01
3.820000e-06	-2.667474e-06	-1.361452e-09	-2.249690e+01	-9.150184e+01
3.830000e-06	-2.750352e-06	-1.452965e-09	-2.319587e+01	-9.694157e+01
3.840000e-06	-2.832858e-06	-1.527542e-09	-2.389171e+01	-1.022909e+02
3.850000e-06	-2.914919e-06	-1.596030e-09	-2.458379e+01	-1.075424e+02
3.860000e-06	-2.996443e-06	-1.674774e-09	-2.527135e+01	-1.126901e+02
3.870000e-06	-3.077410e-06	-1.763268e-09	-2.595420e+01	-1.177295e+02
3.880000e-06	-3.157885e-06	-1.845031e-09	-2.663291e+01	-1.226576e+02
3.890000e-06	-3.237908e-06	-1.913089e-09	-2.730781e+01	-1.274728e+02
3.900000e-06	-3.317482e-06	-1.980757e-09	-2.797892e+01	-1.321746e+02
3.910000e-06	-3.396502e-06	-2.056211e-09	-2.864535e+01	-1.367634e+02
3.920000e-06	-3.474626e-06	-2.132688e-09	-2.930424e+01	-1.412404e+02
3.930000e-06	-3.551815e-06	-2.199727e-09	-2.995523e+01	-1.456074e+02
3.940000e-06	-3.628227e-06	-2.258933e-09	-3.059967e+01	-1.498663e+02
3.950000e-06	-3.703896e-06	-2.319855e-09	-3.123785e+01	-1.540195e+02
3.960000e-06	-3.778860e-06	-2.385398e-09	-3.187008e+01	-1.580690e+02
3.970000e-06	-3.853102e-06	-2.452027e-09	-3.249622e+01	-1.620168e+02
3.980000e-06	-3.926608e-06	-2.513925e-09	-3.311615e+01	-1.658648e+02
3.990000e-06	-3.999438e-06	-2.569192e-09	-3.373038e+01	-1.696146e+02
4.000000e-06	-4.071692e-06	-2.623067e-09	-3.433976e+01	-1.732675e+02
4.010000e-06	-4.143389e-06	-2.681008e-09	-3.494444e+01	-1.768246e+02
4.020000e-06	-4.214365e-06	-2.740348e-09	-3.554303e+01	-1.802871e+02
4.030000e-06	-4.284488e-06	-2.792978e-09	-3.613444e+01	-1.836559e+02
4.040000e-06	-4.353668e-06	-2.839233e-09	-3.671789e+01	-1.869320e+02
4.050000e-06	-4.421934e-06	-2.887619e-09	-3.729362e+01	-1.901164e+02
4.060000e-06	-4.489479e-06	-2.942421e-09	-3.786329e+01	-1.932106e+02
4.070000e-06	-4.556305e-06	-2.994149e-09	-3.842688e+01	-1.962159e+02
4.080000e-06	-4.622314e-06	-3.038318e-09	-3.898359e+01	-1.991340e+02
4.090000e-06	-4.687544e-06	-3.080181e-09	-3.953372e+01	-2.019670e+02
4.100000e-06	-4.752032e-06	-3.125073e-09	-4.007760e+01	-2.047170e+02
4.110000e-06	-4.815845e-06	-3.171568e-09	-4.061578e+01	-2.073862e+02
4.120000e-06	-4.878819e-06	-3.213741e-09	-4.114689e+01	-2.099770e+02
4.130000e-06	-4.940617e-06	-3.251035e-09	-4.166809e+01	-2.124919e+02
4.140000e-06	-5.001340e-06	-3.287456e-09	-4.218021e+01	-2.149330e+02
4.150000e-06	-5.061302e-06	-3.327272e-09	-4.268591e+01	-2.173024e+02
4.160000e-06	-5.120493e-06	-3.369369e-09	-4.318512e+01	-2.196021e+02
4.170000e-06	-5.178775e-06	-3.408115e-09	-4.367666e+01	-2.218337e+02
4.180000e-06	-5.236161e-06	-3.439397e-09	-4.416064e+01	-2.239985e+02
4.190000e-06	-5.292721e-06	-3.470916e-09	-4.463766e+01	-2.260975e+02
4.200000e-06	-5.348481e-06	-3.505995e-09	-4.510792e+01	-2.281315e+02
4.210000e-06	-5.403181e-06	-3.539515e-09	-4.556925e+01	-2.301009e+02
4.220000e-06	-5.456550e-06	-3.566791e-09	-4.601935e+01	-2.320063e+02
4.230000e-06	-5.508675e-06	-3.588113e-09	-4.645896e+01	-2.338480e+02
4.240000e-06	-5.559764e-06	-3.612048e-09	-4.688983e+01	-2.356263e+02
4.250000e-06	-5.609863e-06	-3.641886e-09	-4.731236e+01	-2.373417e+02
4.260000e-06	-5.658856e-06	-3.672534e-09	-4.772556e+01	-2.389950e+02
4.270000e-06	-5.706538e-06	-3.697604e-09	-4.812770e+01	-2.405872e+02
4.280000e-06	-5.753072e-06	-3.718471e-09	-4.852015e+01	-2.421194e+02
4.290000e-06	-5.798618e-06	-3.742250e-09	-4.890428e+01	-2.435934e+02
4.300000e-06	-5.843187e-06	-3.768897e-09	-4.928016e+01	-2.450110e+02
4.310000e-06	-5.887013e-06	-3.795104e-09	-4.964978e+01	-2.463745e+02
4.320000e-06	-5.930027e-06	-3.814261e-09	-5.001255e+01	-2.476860e+02
4.330000e-06	-5.972072e-06	-3.826393e-09	-5.036715e+01	-2.489482e+02
4.340000e-06	-6.013116e-06	-3.842858e-09	-5.071331e+01	-2.501636e+02
4.350000e-06	-6.053256e-06	-3.865860e-09	-5.105184e+01	-2.513344e+02
4.360000e-06	-6.092451e-06	-3.886135e-09	-5.138240e+01	-2.524628e+02
4.370000e-06	-6.130278e-06	-3.900086e-09	-5.170143e+01	-2.535508e+02
4.380000e-06	-6.166804e-06	-3.912780e-09	-5.200947e+01	-2.545998e+02
4.390000e-06	-6.202391e-06	-3.927487e-09	-5.230961e+01	-2.556109e+02
4.400000e-06	-6.237004e-06	-3.943710e-09	-5.260153e+01	-2.565848e+02
4.410000e-06	-6.270502e-06	-3.959030e-09	-5.288404e+01	-2.575218e+02
4.420000e-06	-6.302946e-06	-3.971255e-09	-5.315767e+01	-2.584217e+02
4.430000e-06	-6.334428e-06	-3.982198e-09	-5.342318e+01	-2.592841e+02
4.440000e-06	-6.364622e-06	-3.995631e-09	-5.367783e+01	-2.601085e+02
4.450000e-06	-6.393415e-06	-4.009959e-09	-5.392066e+01	-2.608940e+02
4.460000e-06	-6.421164e-06	-4.021985e-09	-5.415470e+01	-2.616401e+02
4.470000e-06	-6.447926e-06	-4.030688e-09	-5.438040e+01	-2.623462e+02
4.480000e-06	-6.473595e-06	-4.039233e-09	-5.459688e+01	-2.630120e+02
4.490000e-06	-6.498207e-06	-4.049830e-09	-5.480446e+01	-2.636375e+02
4.500000e-06	-6.521809e-06	-4.062241e-09	-5.500352e+01	-2.642230e+02
4.510000e-06	-6.544040e-06	-4.072724e-09	-5.519101e+01	-2.647693e+02
4.520000e-06	-6.564826e-06	-4.077979e-09	-5.536630e+01	-2.652775e+02
4.530000e-06	-6.584548e-06	-4.082061e-09	-5.553264e+01	-2.657491e+02
4.540000e-06	-6.603265e-06	-4.088832e-09	-5.569050e+01	-2.661858e+02
4.550000e-06	-6.620838e-06	-4.097237e-09	-5.583870e+01	-2.665893e+02
4.560000e-06	-6.637342e-06	-4.103806e-09	-5.597789e+01	-2.669617e+02
4.570000e-06	-6.652776e-06	-4.106875e-09	-5.610806e+01	-2.673046e+02
4.580000e-06	-6.666757e-06	-4.109475e-09	-5.622597e+01	-2.676198e+02
4.590000e-06	-6.679225e-06	-4.114840e-09	-5.633113e+01	-2.679085e+02
4.600000e-06	-6.690346e-06	-4.120036e-09	-5.642492e+01	-2.681717e+02
4.610000e-06	-6.700289e-06	-4.121169e-09	-5.650877e+01	-2.684099e+02
4.620000e-06	-6.709190e-06	-4.119451e-09	-5.658385e+01	-2.686233e+02
4.630000e-06	-6.717009e-06	-4.120436e-09	-5.664979e+01	-2.688116e+02
4.640000e-06	-6.723538e-06	-4.124185e-09	-5.670485e+01	-2.689741e+02
4.650000e-06	-6.728666e-06	-4.126809e-09	-5.674810e+01	-2.691099e+02
4.660000e-06	-6.732677e-06	-4.126565e-09	-5.678193e+01	-2.692181e+02
4.670000e-06	-6.735652e-06	-4.126729e-09	-5.680702e+01	-2.692975e+02
4.680000e-06	-6.737520e-06	-4.129006e-09	-5.682278e+01	-2.693474e+02
4.690000e-06	-6.738319e-06	-4.131485e-09	-5.682951e+01	-2.693672e+02
