# Temperatura_=_20.0
# Concentracion g/m^3_=_9000.0
# C_Vs_to_Am_M_A/Vsm_=_65563218390.804596
# pendiente_HvsI_1/m_=_3716.3
# ordenada_HvsI_A/m_=_1297.0
# frecuencia_Hz_=_212863.1079135161

Tiempo_(s)	Campo_(V.s)	Magnetizacion_(V.s)	Campo_(kA/m)	Magnetizacion_(A/m)
0.000000e+00	-3.993941e-06	-3.468683e-09	-5.699061e+01	-2.298347e+02
1.000000e-08	-3.993708e-06	-3.471111e-09	-5.698729e+01	-2.297580e+02
2.000000e-08	-3.992611e-06	-3.473850e-09	-5.697164e+01	-2.296673e+02
3.000000e-08	-3.990408e-06	-3.473435e-09	-5.694020e+01	-2.295674e+02
4.000000e-08	-3.987283e-06	-3.470655e-09	-5.689561e+01	-2.294633e+02
5.000000e-08	-3.983711e-06	-3.467292e-09	-5.684465e+01	-2.293593e+02
6.000000e-08	-3.979719e-06	-3.463667e-09	-5.678768e+01	-2.292589e+02
7.000000e-08	-3.975046e-06	-3.456889e-09	-5.672100e+01	-2.291643e+02
8.000000e-08	-3.969614e-06	-3.455977e-09	-5.664349e+01	-2.290763e+02
9.000000e-08	-3.963271e-06	-3.486757e-09	-5.655297e+01	-2.289942e+02
1.000000e-07	-3.956070e-06	-3.505585e-09	-5.645022e+01	-2.289156e+02
1.100000e-07	-3.948454e-06	-3.433794e-09	-5.634155e+01	-2.288366e+02
1.200000e-07	-3.940495e-06	-3.377337e-09	-5.622797e+01	-2.287518e+02
1.300000e-07	-3.931700e-06	-3.441898e-09	-5.610247e+01	-2.286549e+02
1.400000e-07	-3.921898e-06	-3.539338e-09	-5.596261e+01	-2.285385e+02
1.500000e-07	-3.911433e-06	-3.459837e-09	-5.581328e+01	-2.283953e+02
1.600000e-07	-3.900116e-06	-3.440475e-09	-5.565180e+01	-2.282178e+02
1.700000e-07	-3.887646e-06	-3.468369e-09	-5.547386e+01	-2.279992e+02
1.800000e-07	-3.874670e-06	-3.469480e-09	-5.528870e+01	-2.277337e+02
1.900000e-07	-3.861359e-06	-3.497318e-09	-5.509877e+01	-2.274170e+02
2.000000e-07	-3.846654e-06	-3.481322e-09	-5.488893e+01	-2.270466e+02
2.100000e-07	-3.830564e-06	-3.393730e-09	-5.465934e+01	-2.266218e+02
2.200000e-07	-3.814145e-06	-3.360788e-09	-5.442506e+01	-2.261442e+02
2.300000e-07	-3.797315e-06	-3.539492e-09	-5.418491e+01	-2.256171e+02
2.400000e-07	-3.779723e-06	-3.495800e-09	-5.393388e+01	-2.250458e+02
2.500000e-07	-3.761523e-06	-3.338934e-09	-5.367417e+01	-2.244372e+02
2.600000e-07	-3.742760e-06	-3.394423e-09	-5.340645e+01	-2.237994e+02
2.700000e-07	-3.723436e-06	-3.528905e-09	-5.313071e+01	-2.231412e+02
2.800000e-07	-3.703606e-06	-3.449402e-09	-5.284774e+01	-2.224715e+02
2.900000e-07	-3.683213e-06	-3.360448e-09	-5.255675e+01	-2.217991e+02
3.000000e-07	-3.662124e-06	-3.412732e-09	-5.225582e+01	-2.211319e+02
3.100000e-07	-3.640334e-06	-3.404807e-09	-5.194490e+01	-2.204767e+02
3.200000e-07	-3.617863e-06	-3.408562e-09	-5.162426e+01	-2.198386e+02
3.300000e-07	-3.594775e-06	-3.413785e-09	-5.129481e+01	-2.192207e+02
3.400000e-07	-3.571243e-06	-3.371339e-09	-5.095903e+01	-2.186243e+02
3.500000e-07	-3.547234e-06	-3.333007e-09	-5.061644e+01	-2.180484e+02
3.600000e-07	-3.522600e-06	-3.365741e-09	-5.026492e+01	-2.174905e+02
3.700000e-07	-3.497206e-06	-3.409875e-09	-4.990256e+01	-2.169458e+02
3.800000e-07	-3.470685e-06	-3.352964e-09	-4.952413e+01	-2.164085e+02
3.900000e-07	-3.443299e-06	-3.261642e-09	-4.913335e+01	-2.158716e+02
4.000000e-07	-3.415656e-06	-3.326024e-09	-4.873891e+01	-2.153277e+02
4.100000e-07	-3.387604e-06	-3.393905e-09	-4.833862e+01	-2.147692e+02
4.200000e-07	-3.358796e-06	-3.297869e-09	-4.792756e+01	-2.141889e+02
4.300000e-07	-3.329387e-06	-3.242825e-09	-4.750792e+01	-2.135803e+02
4.400000e-07	-3.299533e-06	-3.302693e-09	-4.708192e+01	-2.129381e+02
4.500000e-07	-3.269066e-06	-3.319288e-09	-4.664718e+01	-2.122585e+02
4.600000e-07	-3.238025e-06	-3.256289e-09	-4.620424e+01	-2.115389e+02
4.700000e-07	-3.206608e-06	-3.236856e-09	-4.575595e+01	-2.107785e+02
4.800000e-07	-3.174865e-06	-3.244952e-09	-4.530300e+01	-2.099781e+02
4.900000e-07	-3.142626e-06	-3.228863e-09	-4.484296e+01	-2.091395e+02
5.000000e-07	-3.109672e-06	-3.221432e-09	-4.437275e+01	-2.082658e+02
5.100000e-07	-3.075826e-06	-3.203593e-09	-4.388979e+01	-2.073609e+02
5.200000e-07	-3.041119e-06	-3.176497e-09	-4.339454e+01	-2.064289e+02
5.300000e-07	-3.005866e-06	-3.167572e-09	-4.289150e+01	-2.054739e+02
5.400000e-07	-2.970308e-06	-3.169419e-09	-4.238411e+01	-2.045000e+02
5.500000e-07	-2.934421e-06	-3.158546e-09	-4.187204e+01	-2.035103e+02
5.600000e-07	-2.897976e-06	-3.119279e-09	-4.135199e+01	-2.025071e+02
5.700000e-07	-2.860965e-06	-3.097281e-09	-4.082387e+01	-2.014918e+02
5.800000e-07	-2.823552e-06	-3.107962e-09	-4.029002e+01	-2.004644e+02
5.900000e-07	-2.785589e-06	-3.097508e-09	-3.974831e+01	-1.994239e+02
6.000000e-07	-2.747038e-06	-3.053538e-09	-3.919822e+01	-1.983682e+02
6.100000e-07	-2.708063e-06	-3.029296e-09	-3.864208e+01	-1.972942e+02
6.200000e-07	-2.668812e-06	-3.045122e-09	-3.808199e+01	-1.961984e+02
6.300000e-07	-2.629324e-06	-3.025756e-09	-3.751853e+01	-1.950766e+02
6.400000e-07	-2.589448e-06	-2.979331e-09	-3.694953e+01	-1.939246e+02
6.500000e-07	-2.549071e-06	-2.971137e-09	-3.637338e+01	-1.927386e+02
6.600000e-07	-2.507970e-06	-2.967056e-09	-3.578689e+01	-1.915150e+02
6.700000e-07	-2.465988e-06	-2.941200e-09	-3.518784e+01	-1.902509e+02
6.800000e-07	-2.423316e-06	-2.914075e-09	-3.457895e+01	-1.889442e+02
6.900000e-07	-2.380176e-06	-2.893393e-09	-3.396336e+01	-1.875938e+02
7.000000e-07	-2.336703e-06	-2.870232e-09	-3.334305e+01	-1.861994e+02
7.100000e-07	-2.293015e-06	-2.849086e-09	-3.271965e+01	-1.847614e+02
7.200000e-07	-2.249055e-06	-2.835503e-09	-3.209237e+01	-1.832812e+02
7.300000e-07	-2.204670e-06	-2.803129e-09	-3.145902e+01	-1.817606e+02
7.400000e-07	-2.159840e-06	-2.769963e-09	-3.081934e+01	-1.802014e+02
7.500000e-07	-2.114604e-06	-2.758742e-09	-3.017386e+01	-1.786059e+02
7.600000e-07	-2.069062e-06	-2.740595e-09	-2.952400e+01	-1.769759e+02
7.700000e-07	-2.023192e-06	-2.702835e-09	-2.886946e+01	-1.753129e+02
7.800000e-07	-1.976955e-06	-2.662316e-09	-2.820970e+01	-1.736177e+02
7.900000e-07	-1.930384e-06	-2.643124e-09	-2.754516e+01	-1.718905e+02
8.000000e-07	-1.883412e-06	-2.626800e-09	-2.687491e+01	-1.701305e+02
8.100000e-07	-1.836141e-06	-2.590718e-09	-2.620039e+01	-1.683363e+02
8.200000e-07	-1.788690e-06	-2.554109e-09	-2.552330e+01	-1.665055e+02
8.300000e-07	-1.741023e-06	-2.529051e-09	-2.484313e+01	-1.646352e+02
8.400000e-07	-1.693158e-06	-2.508428e-09	-2.416012e+01	-1.627219e+02
8.500000e-07	-1.645032e-06	-2.476812e-09	-2.347341e+01	-1.607618e+02
8.600000e-07	-1.596416e-06	-2.438295e-09	-2.277969e+01	-1.587509e+02
8.700000e-07	-1.547242e-06	-2.404444e-09	-2.207801e+01	-1.566854e+02
8.800000e-07	-1.497682e-06	-2.371252e-09	-2.137082e+01	-1.545615e+02
8.900000e-07	-1.447737e-06	-2.341697e-09	-2.065814e+01	-1.523759e+02
9.000000e-07	-1.397380e-06	-2.306890e-09	-1.993959e+01	-1.501257e+02
9.100000e-07	-1.346637e-06	-2.261929e-09	-1.921552e+01	-1.478084e+02
9.200000e-07	-1.295496e-06	-2.223778e-09	-1.848578e+01	-1.454223e+02
9.300000e-07	-1.244119e-06	-2.192809e-09	-1.775266e+01	-1.429655e+02
9.400000e-07	-1.192624e-06	-2.156654e-09	-1.701788e+01	-1.404369e+02
9.500000e-07	-1.140961e-06	-2.107839e-09	-1.628068e+01	-1.378350e+02
9.600000e-07	-1.089047e-06	-2.061024e-09	-1.553991e+01	-1.351585e+02
9.700000e-07	-1.036904e-06	-2.024525e-09	-1.479586e+01	-1.324057e+02
9.800000e-07	-9.845786e-07	-1.982297e-09	-1.404922e+01	-1.295743e+02
9.900000e-07	-9.320875e-07	-1.933278e-09	-1.330021e+01	-1.266615e+02
1.000000e-06	-8.793292e-07	-1.883529e-09	-1.254738e+01	-1.236635e+02
1.010000e-06	-8.262829e-07	-1.837467e-09	-1.179045e+01	-1.205760e+02
1.020000e-06	-7.731262e-07	-1.791163e-09	-1.103195e+01	-1.173935e+02
1.030000e-06	-7.199348e-07	-1.738522e-09	-1.027294e+01	-1.141100e+02
1.040000e-06	-6.666382e-07	-1.686052e-09	-9.512439e+00	-1.107186e+02
1.050000e-06	-6.132242e-07	-1.632576e-09	-8.750260e+00	-1.072122e+02
1.060000e-06	-5.597928e-07	-1.575836e-09	-7.987833e+00	-1.035833e+02
1.070000e-06	-5.062881e-07	-1.518138e-09	-7.224361e+00	-9.982463e+01
1.080000e-06	-4.526563e-07	-1.457250e-09	-6.459074e+00	-9.592903e+01
1.090000e-06	-3.989800e-07	-1.393451e-09	-5.693153e+00	-9.189013e+01
1.100000e-06	-3.452615e-07	-1.325910e-09	-4.926628e+00	-8.770242e+01
1.110000e-06	-2.914983e-07	-1.258362e-09	-4.159467e+00	-8.336154e+01
1.120000e-06	-2.376107e-07	-1.189863e-09	-3.390531e+00	-7.886446e+01
1.130000e-06	-1.836597e-07	-1.117019e-09	-2.620689e+00	-7.420966e+01
1.140000e-06	-1.297764e-07	-1.045054e-09	-1.851814e+00	-6.939718e+01
1.150000e-06	-7.593251e-08	-9.716868e-10	-1.083501e+00	-6.442866e+01
1.160000e-06	-2.207402e-08	-8.944158e-10	-3.149800e-01	-5.930733e+01
1.170000e-06	3.179257e-08	-8.119005e-10	4.536566e-01	-5.403793e+01
1.180000e-06	8.562627e-08	-7.285018e-10	1.221824e+00	-4.862655e+01
1.190000e-06	1.394787e-07	-6.467234e-10	1.990259e+00	-4.308058e+01
1.200000e-06	1.932912e-07	-5.571248e-10	2.758124e+00	-3.740845e+01
1.210000e-06	2.470594e-07	-4.650991e-10	3.525356e+00	-3.161955e+01
1.220000e-06	3.007533e-07	-3.774506e-10	4.291530e+00	-2.572409e+01
1.230000e-06	3.543200e-07	-2.909127e-10	5.055887e+00	-1.973293e+01
1.240000e-06	4.078767e-07	-2.005621e-10	5.820102e+00	-1.365753e+01
1.250000e-06	4.614096e-07	-1.056068e-10	6.583978e+00	-7.509858e+00
1.260000e-06	5.148456e-07	-1.252371e-11	7.346470e+00	-1.302380e+00
1.270000e-06	5.682363e-07	8.119579e-11	8.108315e+00	4.951969e+00
1.280000e-06	6.215775e-07	1.781746e-10	8.869455e+00	1.123978e+01
1.290000e-06	6.747937e-07	2.761744e-10	9.628812e+00	1.754714e+01
1.300000e-06	7.278903e-07	3.743000e-10	1.038646e+01	2.385969e+01
1.310000e-06	7.808130e-07	4.684736e-10	1.114163e+01	3.016256e+01
1.320000e-06	8.335873e-07	5.606133e-10	1.189468e+01	3.644049e+01
1.330000e-06	8.862998e-07	6.553435e-10	1.264685e+01	4.267787e+01
1.340000e-06	9.388114e-07	7.503843e-10	1.339615e+01	4.885889e+01
1.350000e-06	9.910548e-07	8.431304e-10	1.414163e+01	5.496770e+01
1.360000e-06	1.043121e-06	9.331600e-10	1.488458e+01	6.098866e+01
1.370000e-06	1.095030e-06	1.022121e-09	1.562527e+01	6.690657e+01
1.380000e-06	1.146727e-06	1.111319e-09	1.636295e+01	7.270697e+01
1.390000e-06	1.198219e-06	1.199938e-09	1.709771e+01	7.837644e+01
1.400000e-06	1.249585e-06	1.286059e-09	1.783066e+01	8.390287e+01
1.410000e-06	1.300781e-06	1.367418e-09	1.856119e+01	8.927579e+01
1.420000e-06	1.351668e-06	1.447005e-09	1.928732e+01	9.448656e+01
1.430000e-06	1.402175e-06	1.524097e-09	2.000802e+01	9.952861e+01
1.440000e-06	1.452257e-06	1.597452e-09	2.072264e+01	1.043975e+02
1.450000e-06	1.501860e-06	1.667257e-09	2.143045e+01	1.090910e+02
1.460000e-06	1.550972e-06	1.734764e-09	2.213124e+01	1.136091e+02
1.470000e-06	1.599669e-06	1.801981e-09	2.282610e+01	1.179539e+02
1.480000e-06	1.647948e-06	1.866667e-09	2.351501e+01	1.221291e+02
1.490000e-06	1.695858e-06	1.928902e-09	2.419865e+01	1.261403e+02
1.500000e-06	1.743554e-06	1.988079e-09	2.487925e+01	1.299943e+02
1.510000e-06	1.791048e-06	2.044499e-09	2.555694e+01	1.336987e+02
1.520000e-06	1.838375e-06	2.099688e-09	2.623226e+01	1.372620e+02
1.530000e-06	1.885507e-06	2.153448e-09	2.690481e+01	1.406925e+02
1.540000e-06	1.932245e-06	2.204772e-09	2.757173e+01	1.439986e+02
1.550000e-06	1.978477e-06	2.252787e-09	2.823142e+01	1.471882e+02
1.560000e-06	2.024332e-06	2.297887e-09	2.888574e+01	1.502687e+02
1.570000e-06	2.069895e-06	2.341661e-09	2.953588e+01	1.532464e+02
1.580000e-06	2.115112e-06	2.384344e-09	3.018110e+01	1.561269e+02
1.590000e-06	2.159977e-06	2.426170e-09	3.082129e+01	1.589145e+02
1.600000e-06	2.204399e-06	2.466569e-09	3.145517e+01	1.616129e+02
1.610000e-06	2.248401e-06	2.506158e-09	3.208303e+01	1.642248e+02
1.620000e-06	2.292117e-06	2.545235e-09	3.270683e+01	1.667523e+02
1.630000e-06	2.335661e-06	2.582485e-09	3.332817e+01	1.691970e+02
1.640000e-06	2.379070e-06	2.618672e-09	3.394759e+01	1.715601e+02
1.650000e-06	2.422162e-06	2.653020e-09	3.456248e+01	1.738429e+02
1.660000e-06	2.464690e-06	2.683916e-09	3.516932e+01	1.760468e+02
1.670000e-06	2.506413e-06	2.713134e-09	3.576468e+01	1.781733e+02
1.680000e-06	2.547280e-06	2.743099e-09	3.634781e+01	1.802243e+02
1.690000e-06	2.587486e-06	2.774493e-09	3.692153e+01	1.822021e+02
1.700000e-06	2.627285e-06	2.802700e-09	3.748943e+01	1.841097e+02
1.710000e-06	2.666824e-06	2.827408e-09	3.805363e+01	1.859502e+02
1.720000e-06	2.706094e-06	2.854831e-09	3.861398e+01	1.877269e+02
1.730000e-06	2.744957e-06	2.884195e-09	3.916853e+01	1.894437e+02
1.740000e-06	2.783299e-06	2.912546e-09	3.971564e+01	1.911040e+02
1.750000e-06	2.821176e-06	2.937614e-09	4.025612e+01	1.927115e+02
1.760000e-06	2.858614e-06	2.960996e-09	4.079033e+01	1.942693e+02
1.770000e-06	2.895516e-06	2.984069e-09	4.131689e+01	1.957805e+02
1.780000e-06	2.931801e-06	3.006189e-09	4.183465e+01	1.972472e+02
1.790000e-06	2.967641e-06	3.027621e-09	4.234607e+01	1.986714e+02
1.800000e-06	3.003232e-06	3.047469e-09	4.285392e+01	2.000542e+02
1.810000e-06	3.038529e-06	3.067913e-09	4.335759e+01	2.013963e+02
1.820000e-06	3.073391e-06	3.089819e-09	4.385505e+01	2.026980e+02
1.830000e-06	3.107502e-06	3.110865e-09	4.434178e+01	2.039590e+02
1.840000e-06	3.140634e-06	3.130229e-09	4.481455e+01	2.051791e+02
1.850000e-06	3.172928e-06	3.147708e-09	4.527536e+01	2.063578e+02
1.860000e-06	3.204679e-06	3.165314e-09	4.572843e+01	2.074946e+02
1.870000e-06	3.236063e-06	3.183488e-09	4.617626e+01	2.085895e+02
1.880000e-06	3.267010e-06	3.199064e-09	4.661784e+01	2.096426e+02
1.890000e-06	3.297414e-06	3.214197e-09	4.705168e+01	2.106544e+02
1.900000e-06	3.327269e-06	3.230325e-09	4.747769e+01	2.116260e+02
1.910000e-06	3.356529e-06	3.247322e-09	4.789522e+01	2.125588e+02
1.920000e-06	3.385138e-06	3.261954e-09	4.830344e+01	2.134545e+02
1.930000e-06	3.413153e-06	3.274385e-09	4.870320e+01	2.143154e+02
1.940000e-06	3.440796e-06	3.287545e-09	4.909764e+01	2.151437e+02
1.950000e-06	3.468140e-06	3.300256e-09	4.948781e+01	2.159419e+02
1.960000e-06	3.494861e-06	3.312003e-09	4.986910e+01	2.167122e+02
1.970000e-06	3.520660e-06	3.322883e-09	5.023725e+01	2.174567e+02
1.980000e-06	3.545450e-06	3.335096e-09	5.059097e+01	2.181770e+02
1.990000e-06	3.569395e-06	3.347525e-09	5.093266e+01	2.188746e+02
2.000000e-06	3.592830e-06	3.360216e-09	5.126705e+01	2.195501e+02
2.010000e-06	3.615724e-06	3.370034e-09	5.159374e+01	2.202039e+02
2.020000e-06	3.637906e-06	3.377406e-09	5.191025e+01	2.208358e+02
2.030000e-06	3.659492e-06	3.388022e-09	5.221827e+01	2.214452e+02
2.040000e-06	3.680509e-06	3.398542e-09	5.251816e+01	2.220313e+02
2.050000e-06	3.700852e-06	3.407303e-09	5.280845e+01	2.225932e+02
2.060000e-06	3.720671e-06	3.415526e-09	5.309125e+01	2.231299e+02
2.070000e-06	3.740163e-06	3.424448e-09	5.336938e+01	2.236406e+02
2.080000e-06	3.759175e-06	3.433963e-09	5.364067e+01	2.241250e+02
2.090000e-06	3.777430e-06	3.442444e-09	5.390115e+01	2.245829e+02
2.100000e-06	3.794909e-06	3.450446e-09	5.415057e+01	2.250149e+02
2.110000e-06	3.811823e-06	3.458144e-09	5.439193e+01	2.254220e+02
2.120000e-06	3.828293e-06	3.465654e-09	5.462694e+01	2.258058e+02
2.130000e-06	3.844014e-06	3.474378e-09	5.485126e+01	2.261683e+02
2.140000e-06	3.858764e-06	3.482832e-09	5.506174e+01	2.265116e+02
2.150000e-06	3.872728e-06	3.491099e-09	5.526099e+01	2.268384e+02
2.160000e-06	3.885947e-06	3.497988e-09	5.544962e+01	2.271508e+02
2.170000e-06	3.898404e-06	3.503744e-09	5.562738e+01	2.274513e+02
2.180000e-06	3.910232e-06	3.510444e-09	5.579615e+01	2.277415e+02
2.190000e-06	3.921395e-06	3.516721e-09	5.595543e+01	2.280226e+02
2.200000e-06	3.931649e-06	3.522726e-09	5.610175e+01	2.282950e+02
2.210000e-06	3.940772e-06	3.529546e-09	5.623194e+01	2.285586e+02
2.220000e-06	3.948950e-06	3.537371e-09	5.634863e+01	2.288121e+02
2.230000e-06	3.956581e-06	3.542363e-09	5.645752e+01	2.290537e+02
2.240000e-06	3.963723e-06	3.544669e-09	5.655942e+01	2.292809e+02
2.250000e-06	3.970187e-06	3.547300e-09	5.665167e+01	2.294907e+02
2.260000e-06	3.975942e-06	3.550541e-09	5.673378e+01	2.296799e+02
2.270000e-06	3.981024e-06	3.552624e-09	5.680630e+01	2.298453e+02
2.280000e-06	3.985379e-06	3.553896e-09	5.686843e+01	2.299841e+02
2.290000e-06	3.989156e-06	3.557632e-09	5.692233e+01	2.300938e+02
2.300000e-06	3.992550e-06	3.562611e-09	5.697076e+01	2.301729e+02
2.310000e-06	3.995281e-06	3.564913e-09	5.700973e+01	2.302209e+02
2.320000e-06	3.996930e-06	3.565421e-09	5.703327e+01	2.302381e+02
2.330000e-06	3.997507e-06	3.566977e-09	5.704150e+01	2.302262e+02
2.340000e-06	3.997378e-06	3.569487e-09	5.703966e+01	2.301880e+02
2.350000e-06	3.996784e-06	3.569676e-09	5.703118e+01	2.301271e+02
2.360000e-06	3.995601e-06	3.568710e-09	5.701429e+01	2.300479e+02
2.370000e-06	3.993705e-06	3.565918e-09	5.698725e+01	2.299554e+02
2.380000e-06	3.991189e-06	3.563996e-09	5.695135e+01	2.298545e+02
2.390000e-06	3.988082e-06	3.562005e-09	5.690701e+01	2.297501e+02
2.400000e-06	3.984314e-06	3.560833e-09	5.685325e+01	2.296464e+02
2.410000e-06	3.980049e-06	3.565293e-09	5.679239e+01	2.295466e+02
2.420000e-06	3.975420e-06	3.572563e-09	5.672634e+01	2.294529e+02
2.430000e-06	3.970043e-06	3.536639e-09	5.664960e+01	2.293658e+02
2.440000e-06	3.963312e-06	3.490353e-09	5.655355e+01	2.292843e+02
2.450000e-06	3.955281e-06	3.549265e-09	5.643896e+01	2.292059e+02
2.460000e-06	3.946788e-06	3.629600e-09	5.631778e+01	2.291263e+02
2.470000e-06	3.938275e-06	3.577645e-09	5.619630e+01	2.290401e+02
2.480000e-06	3.929091e-06	3.455366e-09	5.606525e+01	2.289406e+02
2.490000e-06	3.918630e-06	3.503167e-09	5.591598e+01	2.288207e+02
2.500000e-06	3.907756e-06	3.535611e-09	5.576081e+01	2.286727e+02
2.510000e-06	3.896932e-06	3.504042e-09	5.560636e+01	2.284893e+02
2.520000e-06	3.884883e-06	3.500859e-09	5.543444e+01	2.282639e+02
2.530000e-06	3.871367e-06	3.499861e-09	5.524157e+01	2.279909e+02
2.540000e-06	3.857712e-06	3.440341e-09	5.504673e+01	2.276662e+02
2.550000e-06	3.843667e-06	3.509895e-09	5.484632e+01	2.272876e+02
2.560000e-06	3.828197e-06	3.600279e-09	5.462557e+01	2.268547e+02
2.570000e-06	3.811870e-06	3.401838e-09	5.439259e+01	2.263692e+02
2.580000e-06	3.795209e-06	3.375886e-09	5.415485e+01	2.258350e+02
2.590000e-06	3.777801e-06	3.562492e-09	5.390646e+01	2.252576e+02
2.600000e-06	3.759568e-06	3.471872e-09	5.364628e+01	2.246441e+02
2.610000e-06	3.740747e-06	3.229505e-09	5.337772e+01	2.240025e+02
2.620000e-06	3.721281e-06	3.353944e-09	5.309995e+01	2.233419e+02
2.630000e-06	3.701236e-06	3.423566e-09	5.281393e+01	2.226712e+02
2.640000e-06	3.680720e-06	3.262726e-09	5.252118e+01	2.219991e+02
2.650000e-06	3.659727e-06	3.313287e-09	5.222163e+01	2.213332e+02
2.660000e-06	3.638065e-06	3.355368e-09	5.191253e+01	2.206802e+02
2.670000e-06	3.615235e-06	3.259399e-09	5.158675e+01	2.200449e+02
2.680000e-06	3.591350e-06	3.277148e-09	5.124593e+01	2.194301e+02
2.690000e-06	3.567019e-06	3.348830e-09	5.089876e+01	2.188368e+02
2.700000e-06	3.542141e-06	3.300459e-09	5.054375e+01	2.182638e+02
2.710000e-06	3.516444e-06	3.208723e-09	5.017709e+01	2.177080e+02
2.720000e-06	3.490364e-06	3.244047e-09	4.980494e+01	2.171648e+02
2.730000e-06	3.463880e-06	3.334411e-09	4.942703e+01	2.166279e+02
2.740000e-06	3.436474e-06	3.265219e-09	4.903597e+01	2.160904e+02
2.750000e-06	3.408428e-06	3.153045e-09	4.863577e+01	2.155447e+02
2.760000e-06	3.380139e-06	3.233037e-09	4.823211e+01	2.149833e+02
2.770000e-06	3.351441e-06	3.290442e-09	4.782261e+01	2.143991e+02
2.780000e-06	3.321940e-06	3.191077e-09	4.740165e+01	2.137857e+02
2.790000e-06	3.291599e-06	3.168202e-09	4.696871e+01	2.131380e+02
2.800000e-06	3.260573e-06	3.211996e-09	4.652599e+01	2.124524e+02
2.810000e-06	3.228828e-06	3.195697e-09	4.607301e+01	2.117266e+02
2.820000e-06	3.196547e-06	3.166023e-09	4.561238e+01	2.109601e+02
2.830000e-06	3.163944e-06	3.153432e-09	4.514717e+01	2.101537e+02
2.840000e-06	3.130798e-06	3.159204e-09	4.467419e+01	2.093096e+02
2.850000e-06	3.096976e-06	3.137497e-09	4.419157e+01	2.084309e+02
2.860000e-06	3.062732e-06	3.107544e-09	4.370294e+01	2.075215e+02
2.870000e-06	3.028173e-06	3.127194e-09	4.320981e+01	2.065857e+02
2.880000e-06	2.993057e-06	3.104580e-09	4.270873e+01	2.056276e+02
2.890000e-06	2.957279e-06	3.066048e-09	4.219821e+01	2.046511e+02
2.900000e-06	2.921132e-06	3.075618e-09	4.168242e+01	2.036591e+02
2.910000e-06	2.884740e-06	3.075527e-09	4.116312e+01	2.026540e+02
2.920000e-06	2.847842e-06	3.039886e-09	4.063662e+01	2.016368e+02
2.930000e-06	2.810254e-06	3.007698e-09	4.010026e+01	2.006075e+02
2.940000e-06	2.771967e-06	3.028764e-09	3.955394e+01	1.995648e+02
2.950000e-06	2.732895e-06	3.019186e-09	3.899641e+01	1.985064e+02
2.960000e-06	2.693107e-06	2.959677e-09	3.842866e+01	1.974294e+02
2.970000e-06	2.652919e-06	2.960513e-09	3.785522e+01	1.963298e+02
2.980000e-06	2.612465e-06	2.971592e-09	3.727796e+01	1.952037e+02
2.990000e-06	2.571545e-06	2.938026e-09	3.669406e+01	1.940468e+02
3.000000e-06	2.530118e-06	2.903769e-09	3.610292e+01	1.928553e+02
3.010000e-06	2.488269e-06	2.896359e-09	3.550578e+01	1.916257e+02
3.020000e-06	2.446017e-06	2.890033e-09	3.490287e+01	1.903552e+02
3.030000e-06	2.403462e-06	2.855618e-09	3.429564e+01	1.890420e+02
3.040000e-06	2.360471e-06	2.836595e-09	3.368220e+01	1.876848e+02
3.050000e-06	2.316918e-06	2.823229e-09	3.306072e+01	1.862837e+02
3.060000e-06	2.272985e-06	2.793385e-09	3.243384e+01	1.848393e+02
3.070000e-06	2.228849e-06	2.779551e-09	3.180405e+01	1.833528e+02
3.080000e-06	2.184554e-06	2.765265e-09	3.117199e+01	1.818262e+02
3.090000e-06	2.139972e-06	2.735843e-09	3.053583e+01	1.802614e+02
3.100000e-06	2.095030e-06	2.702111e-09	2.989454e+01	1.786605e+02
3.110000e-06	2.049710e-06	2.683518e-09	2.924786e+01	1.770254e+02
3.120000e-06	2.003901e-06	2.671894e-09	2.859420e+01	1.753575e+02
3.130000e-06	1.957661e-06	2.633769e-09	2.793438e+01	1.736574e+02
3.140000e-06	1.911089e-06	2.593596e-09	2.726984e+01	1.719252e+02
3.150000e-06	1.864266e-06	2.573788e-09	2.660172e+01	1.701602e+02
3.160000e-06	1.817237e-06	2.558786e-09	2.593064e+01	1.683605e+02
3.170000e-06	1.769996e-06	2.527780e-09	2.525654e+01	1.665240e+02
3.180000e-06	1.722565e-06	2.486844e-09	2.457975e+01	1.646474e+02
3.190000e-06	1.674872e-06	2.461016e-09	2.389919e+01	1.627272e+02
3.200000e-06	1.626748e-06	2.434928e-09	2.321250e+01	1.607597e+02
3.210000e-06	1.578222e-06	2.402040e-09	2.252008e+01	1.587408e+02
3.220000e-06	1.529442e-06	2.370564e-09	2.182402e+01	1.566666e+02
3.230000e-06	1.480251e-06	2.333561e-09	2.112210e+01	1.545335e+02
3.240000e-06	1.430628e-06	2.298218e-09	2.041402e+01	1.523383e+02
3.250000e-06	1.380782e-06	2.268425e-09	1.970275e+01	1.500781e+02
3.260000e-06	1.330748e-06	2.239067e-09	1.898881e+01	1.477506e+02
3.270000e-06	1.280498e-06	2.200387e-09	1.827177e+01	1.453539e+02
3.280000e-06	1.229991e-06	2.157919e-09	1.755108e+01	1.428864e+02
3.290000e-06	1.179233e-06	2.125780e-09	1.682679e+01	1.403467e+02
3.300000e-06	1.128183e-06	2.088580e-09	1.609835e+01	1.377337e+02
3.310000e-06	1.076866e-06	2.043732e-09	1.536609e+01	1.350458e+02
3.320000e-06	1.025398e-06	1.997836e-09	1.463168e+01	1.322813e+02
3.330000e-06	9.737401e-07	1.954761e-09	1.389456e+01	1.294378e+02
3.340000e-06	9.218293e-07	1.914798e-09	1.315383e+01	1.265124e+02
3.350000e-06	8.697440e-07	1.867721e-09	1.241061e+01	1.235012e+02
3.360000e-06	8.175495e-07	1.822142e-09	1.166583e+01	1.203997e+02
3.370000e-06	7.652244e-07	1.775800e-09	1.091919e+01	1.172024e+02
3.380000e-06	7.128196e-07	1.726060e-09	1.017141e+01	1.139031e+02
3.390000e-06	6.603577e-07	1.677584e-09	9.422820e+00	1.104948e+02
3.400000e-06	6.077403e-07	1.627184e-09	8.672009e+00	1.069704e+02
3.410000e-06	5.549828e-07	1.574703e-09	7.919198e+00	1.033225e+02
3.420000e-06	5.020855e-07	1.514613e-09	7.164393e+00	9.954360e+01
3.430000e-06	4.490239e-07	1.453857e-09	6.407243e+00	9.562681e+01
3.440000e-06	3.958462e-07	1.394692e-09	5.648435e+00	9.156584e+01
3.450000e-06	3.425133e-07	1.329457e-09	4.887413e+00	8.735532e+01
3.460000e-06	2.890577e-07	1.262115e-09	4.124641e+00	8.299109e+01
3.470000e-06	2.354874e-07	1.193693e-09	3.360233e+00	7.847034e+01
3.480000e-06	1.818199e-07	1.126473e-09	2.594436e+00	7.379176e+01
3.490000e-06	1.281101e-07	1.058276e-09	1.828038e+00	6.895565e+01
3.500000e-06	7.440943e-08	9.843775e-10	1.061768e+00	6.396389e+01
3.510000e-06	2.068806e-08	9.075044e-10	2.952035e-01	5.881993e+01
3.520000e-06	-3.311792e-08	8.249419e-10	-4.725684e-01	5.352873e+01
3.530000e-06	-8.688100e-08	7.410384e-10	-1.239728e+00	4.809659e+01
3.540000e-06	-1.405408e-07	6.589851e-10	-2.005414e+00	4.253105e+01
3.550000e-06	-1.940680e-07	5.730738e-10	-2.769208e+00	3.684071e+01
3.560000e-06	-2.475238e-07	4.854060e-10	-3.531983e+00	3.103508e+01
3.570000e-06	-3.009031e-07	3.967202e-10	-4.293666e+00	2.512448e+01
3.580000e-06	-3.541550e-07	3.085186e-10	-5.053532e+00	1.911986e+01
3.590000e-06	-4.073034e-07	2.195346e-10	-5.811922e+00	1.303277e+01
3.600000e-06	-4.602845e-07	1.266080e-10	-6.567923e+00	6.875238e+00
3.610000e-06	-5.131348e-07	3.247293e-11	-7.322058e+00	6.598144e-01
3.620000e-06	-5.659039e-07	-6.456069e-11	-8.075034e+00	-5.600499e+00
3.630000e-06	-6.185297e-07	-1.611679e-10	-8.825966e+00	-1.189222e+01
3.640000e-06	-6.710131e-07	-2.569717e-10	-9.574866e+00	-1.820137e+01
3.650000e-06	-7.234565e-07	-3.531855e-10	-1.032319e+01	-2.451350e+01
3.660000e-06	-7.758535e-07	-4.494209e-10	-1.107086e+01	-3.081369e+01
3.670000e-06	-8.281405e-07	-5.463143e-10	-1.181696e+01	-3.708662e+01
3.680000e-06	-8.802882e-07	-6.391958e-10	-1.256107e+01	-4.331663e+01
3.690000e-06	-9.323346e-07	-7.309401e-10	-1.330373e+01	-4.948790e+01
3.700000e-06	-9.842871e-07	-8.249150e-10	-1.404506e+01	-5.558461e+01
3.710000e-06	-1.036066e-06	-9.183768e-10	-1.478391e+01	-6.159114e+01
3.720000e-06	-1.087637e-06	-1.009057e-09	-1.551978e+01	-6.749241e+01
3.730000e-06	-1.138991e-06	-1.096867e-09	-1.625256e+01	-7.327407e+01
3.740000e-06	-1.190081e-06	-1.184535e-09	-1.698158e+01	-7.892290e+01
3.750000e-06	-1.240883e-06	-1.269736e-09	-1.770650e+01	-8.442700e+01
3.760000e-06	-1.291443e-06	-1.350412e-09	-1.842795e+01	-8.977618e+01
3.770000e-06	-1.341739e-06	-1.427879e-09	-1.914564e+01	-9.496210e+01
3.780000e-06	-1.391787e-06	-1.502885e-09	-1.985978e+01	-9.997848e+01
3.790000e-06	-1.441551e-06	-1.579276e-09	-2.056987e+01	-1.048212e+02
3.800000e-06	-1.490884e-06	-1.652391e-09	-2.127382e+01	-1.094885e+02
3.810000e-06	-1.539796e-06	-1.720921e-09	-2.197176e+01	-1.139805e+02
3.820000e-06	-1.588214e-06	-1.785530e-09	-2.266265e+01	-1.182996e+02
3.830000e-06	-1.636156e-06	-1.848740e-09	-2.334675e+01	-1.224499e+02
3.840000e-06	-1.683702e-06	-1.913948e-09	-2.402519e+01	-1.264371e+02
3.850000e-06	-1.730863e-06	-1.974894e-09	-2.469814e+01	-1.302683e+02
3.860000e-06	-1.777807e-06	-2.029550e-09	-2.536800e+01	-1.339511e+02
3.870000e-06	-1.824562e-06	-2.083854e-09	-2.603516e+01	-1.374939e+02
3.880000e-06	-1.871081e-06	-2.139623e-09	-2.669895e+01	-1.409053e+02
3.890000e-06	-1.917405e-06	-2.192120e-09	-2.735996e+01	-1.441935e+02
3.900000e-06	-1.963443e-06	-2.239943e-09	-2.801689e+01	-1.473665e+02
3.910000e-06	-2.009079e-06	-2.287627e-09	-2.866808e+01	-1.504312e+02
3.920000e-06	-2.054342e-06	-2.335779e-09	-2.931395e+01	-1.533941e+02
3.930000e-06	-2.099218e-06	-2.380737e-09	-2.995431e+01	-1.562604e+02
3.940000e-06	-2.143767e-06	-2.424483e-09	-3.058998e+01	-1.590346e+02
3.950000e-06	-2.188103e-06	-2.467748e-09	-3.122263e+01	-1.617199e+02
3.960000e-06	-2.232242e-06	-2.509154e-09	-3.185245e+01	-1.643191e+02
3.970000e-06	-2.276137e-06	-2.549006e-09	-3.247881e+01	-1.668342e+02
3.980000e-06	-2.319648e-06	-2.587945e-09	-3.309967e+01	-1.692666e+02
3.990000e-06	-2.362626e-06	-2.625111e-09	-3.371294e+01	-1.716177e+02
4.000000e-06	-2.405176e-06	-2.661343e-09	-3.432010e+01	-1.738887e+02
4.010000e-06	-2.447346e-06	-2.697938e-09	-3.492184e+01	-1.760809e+02
4.020000e-06	-2.489086e-06	-2.731905e-09	-3.551743e+01	-1.781960e+02
4.030000e-06	-2.530430e-06	-2.762166e-09	-3.610738e+01	-1.802359e+02
4.040000e-06	-2.571336e-06	-2.790527e-09	-3.669108e+01	-1.822032e+02
4.050000e-06	-2.611854e-06	-2.819395e-09	-3.726924e+01	-1.841005e+02
4.060000e-06	-2.652111e-06	-2.847926e-09	-3.784369e+01	-1.859313e+02
4.070000e-06	-2.692115e-06	-2.874276e-09	-3.841452e+01	-1.876989e+02
4.080000e-06	-2.731714e-06	-2.899412e-09	-3.897956e+01	-1.894070e+02
4.090000e-06	-2.770698e-06	-2.925025e-09	-3.953584e+01	-1.910593e+02
4.100000e-06	-2.808869e-06	-2.950052e-09	-4.008050e+01	-1.926592e+02
4.110000e-06	-2.846182e-06	-2.973074e-09	-4.061293e+01	-1.942099e+02
4.120000e-06	-2.882872e-06	-2.994482e-09	-4.113648e+01	-1.957144e+02
4.130000e-06	-2.919211e-06	-3.015584e-09	-4.165500e+01	-1.971747e+02
4.140000e-06	-2.955245e-06	-3.034804e-09	-4.216919e+01	-1.985927e+02
4.150000e-06	-2.990821e-06	-3.052706e-09	-4.267682e+01	-1.999694e+02
4.160000e-06	-3.025862e-06	-3.071556e-09	-4.317683e+01	-2.013055e+02
4.170000e-06	-3.060386e-06	-3.089788e-09	-4.366946e+01	-2.026012e+02
4.180000e-06	-3.094410e-06	-3.107842e-09	-4.415496e+01	-2.038562e+02
4.190000e-06	-3.127897e-06	-3.125906e-09	-4.463280e+01	-2.050702e+02
4.200000e-06	-3.160826e-06	-3.143926e-09	-4.510268e+01	-2.062427e+02
4.210000e-06	-3.193355e-06	-3.160009e-09	-4.556683e+01	-2.073733e+02
4.220000e-06	-3.225577e-06	-3.174122e-09	-4.602663e+01	-2.084620e+02
4.230000e-06	-3.257273e-06	-3.187663e-09	-4.647890e+01	-2.095090e+02
4.240000e-06	-3.288127e-06	-3.199418e-09	-4.691917e+01	-2.105148e+02
4.250000e-06	-3.318054e-06	-3.212654e-09	-4.734620e+01	-2.114805e+02
4.260000e-06	-3.347110e-06	-3.226817e-09	-4.776081e+01	-2.124076e+02
4.270000e-06	-3.375566e-06	-3.239125e-09	-4.816685e+01	-2.132981e+02
4.280000e-06	-3.403710e-06	-3.251718e-09	-4.856845e+01	-2.141540e+02
4.290000e-06	-3.431400e-06	-3.264835e-09	-4.896356e+01	-2.149777e+02
4.300000e-06	-3.458453e-06	-3.277520e-09	-4.934959e+01	-2.157717e+02
4.310000e-06	-3.484882e-06	-3.288511e-09	-4.972671e+01	-2.165380e+02
4.320000e-06	-3.510633e-06	-3.299866e-09	-5.009416e+01	-2.172789e+02
4.330000e-06	-3.535622e-06	-3.311876e-09	-5.045074e+01	-2.179958e+02
4.340000e-06	-3.560085e-06	-3.322456e-09	-5.079981e+01	-2.186901e+02
4.350000e-06	-3.584276e-06	-3.330758e-09	-5.114500e+01	-2.193625e+02
4.360000e-06	-3.607927e-06	-3.338246e-09	-5.148247e+01	-2.200131e+02
4.370000e-06	-3.630720e-06	-3.346371e-09	-5.180772e+01	-2.206417e+02
4.380000e-06	-3.652547e-06	-3.355932e-09	-5.211917e+01	-2.212478e+02
4.390000e-06	-3.673472e-06	-3.364928e-09	-5.241775e+01	-2.218304e+02
4.400000e-06	-3.693834e-06	-3.371528e-09	-5.270831e+01	-2.223886e+02
4.410000e-06	-3.713817e-06	-3.377518e-09	-5.299346e+01	-2.229215e+02
4.420000e-06	-3.733267e-06	-3.384077e-09	-5.327099e+01	-2.234284e+02
4.430000e-06	-3.752020e-06	-3.391409e-09	-5.353857e+01	-2.239088e+02
4.440000e-06	-3.770162e-06	-3.397923e-09	-5.379745e+01	-2.243629e+02
4.450000e-06	-3.787716e-06	-3.403543e-09	-5.404793e+01	-2.247912e+02
4.460000e-06	-3.804575e-06	-3.410063e-09	-5.428850e+01	-2.251948e+02
4.470000e-06	-3.820915e-06	-3.415447e-09	-5.452166e+01	-2.255754e+02
4.480000e-06	-3.836784e-06	-3.421896e-09	-5.474810e+01	-2.259349e+02
4.490000e-06	-3.851817e-06	-3.427909e-09	-5.496261e+01	-2.262756e+02
4.500000e-06	-3.865666e-06	-3.431586e-09	-5.516022e+01	-2.266002e+02
4.510000e-06	-3.878546e-06	-3.436724e-09	-5.534401e+01	-2.269108e+02
4.520000e-06	-3.890781e-06	-3.441052e-09	-5.551860e+01	-2.272097e+02
4.530000e-06	-3.902311e-06	-3.444115e-09	-5.568312e+01	-2.274985e+02
4.540000e-06	-3.913096e-06	-3.446557e-09	-5.583701e+01	-2.277784e+02
4.550000e-06	-3.923230e-06	-3.448676e-09	-5.598162e+01	-2.280496e+02
4.560000e-06	-3.932683e-06	-3.450810e-09	-5.611650e+01	-2.283119e+02
4.570000e-06	-3.941503e-06	-3.454014e-09	-5.624237e+01	-2.285638e+02
4.580000e-06	-3.949889e-06	-3.457867e-09	-5.636203e+01	-2.288035e+02
4.590000e-06	-3.957762e-06	-3.460375e-09	-5.647437e+01	-2.290283e+02
4.600000e-06	-3.964724e-06	-3.462807e-09	-5.657371e+01	-2.292353e+02
4.610000e-06	-3.970648e-06	-3.465332e-09	-5.665824e+01	-2.294212e+02
4.620000e-06	-3.975679e-06	-3.468046e-09	-5.673003e+01	-2.295829e+02
4.630000e-06	-3.980063e-06	-3.471139e-09	-5.679258e+01	-2.297175e+02
4.640000e-06	-3.983949e-06	-3.471818e-09	-5.684803e+01	-2.298228e+02
4.650000e-06	-3.987220e-06	-3.470985e-09	-5.689472e+01	-2.298974e+02
4.660000e-06	-3.989832e-06	-3.471057e-09	-5.693198e+01	-2.299407e+02
4.670000e-06	-3.991811e-06	-3.469881e-09	-5.696022e+01	-2.299535e+02
4.680000e-06	-3.993090e-06	-3.468176e-09	-5.697847e+01	-2.299376e+02
4.690000e-06	-3.993707e-06	-3.467601e-09	-5.698728e+01	-2.298958e+02
