# Temperatura_=_20.0
# Concentracion g/m^3_=_9000.0
# C_Vs_to_Am_M_A/Vsm_=_65563218390.804596
# pendiente_HvsI_1/m_=_3716.3
# ordenada_HvsI_A/m_=_1297.0
# frecuencia_Hz_=_212873.7065419546

Tiempo_(s)	Campo_(V.s)	Magnetizacion_(V.s)	Campo_(kA/m)	Magnetizacion_(A/m)
0.000000e+00	-3.986163e-06	-3.490410e-09	-5.698484e+01	-2.331983e+02
1.000000e-08	-3.986119e-06	-3.492042e-09	-5.698421e+01	-2.332892e+02
2.000000e-08	-3.985387e-06	-3.492275e-09	-5.697375e+01	-2.333504e+02
3.000000e-08	-3.983811e-06	-3.492143e-09	-5.695121e+01	-2.333769e+02
4.000000e-08	-3.981341e-06	-3.492330e-09	-5.691591e+01	-2.333651e+02
5.000000e-08	-3.978146e-06	-3.490321e-09	-5.687024e+01	-2.333131e+02
6.000000e-08	-3.974372e-06	-3.484359e-09	-5.681628e+01	-2.332205e+02
7.000000e-08	-3.970002e-06	-3.488158e-09	-5.675381e+01	-2.330891e+02
8.000000e-08	-3.964921e-06	-3.523359e-09	-5.668117e+01	-2.329225e+02
9.000000e-08	-3.959058e-06	-3.528573e-09	-5.659735e+01	-2.327263e+02
1.000000e-07	-3.952394e-06	-3.461021e-09	-5.650209e+01	-2.325076e+02
1.100000e-07	-3.945113e-06	-3.447505e-09	-5.639800e+01	-2.322748e+02
1.200000e-07	-3.937414e-06	-3.550660e-09	-5.628794e+01	-2.320369e+02
1.300000e-07	-3.929083e-06	-3.536030e-09	-5.616884e+01	-2.318032e+02
1.400000e-07	-3.919880e-06	-3.403317e-09	-5.603728e+01	-2.315825e+02
1.500000e-07	-3.909847e-06	-3.474417e-09	-5.589386e+01	-2.313827e+02
1.600000e-07	-3.898923e-06	-3.549118e-09	-5.573768e+01	-2.312103e+02
1.700000e-07	-3.887096e-06	-3.497154e-09	-5.556861e+01	-2.310698e+02
1.800000e-07	-3.874555e-06	-3.504520e-09	-5.538933e+01	-2.309633e+02
1.900000e-07	-3.861360e-06	-3.560595e-09	-5.520070e+01	-2.308907e+02
2.000000e-07	-3.847339e-06	-3.417407e-09	-5.500027e+01	-2.308491e+02
2.100000e-07	-3.832343e-06	-3.483063e-09	-5.478588e+01	-2.308334e+02
2.200000e-07	-3.816419e-06	-3.700097e-09	-5.455823e+01	-2.308362e+02
2.300000e-07	-3.799842e-06	-3.522776e-09	-5.432125e+01	-2.308483e+02
2.400000e-07	-3.782716e-06	-3.392823e-09	-5.407643e+01	-2.308592e+02
2.500000e-07	-3.764970e-06	-3.609489e-09	-5.382274e+01	-2.308577e+02
2.600000e-07	-3.746585e-06	-3.730149e-09	-5.355992e+01	-2.308323e+02
2.700000e-07	-3.727599e-06	-3.482639e-09	-5.328850e+01	-2.307720e+02
2.800000e-07	-3.708124e-06	-3.501946e-09	-5.301008e+01	-2.306670e+02
2.900000e-07	-3.688137e-06	-3.649101e-09	-5.272437e+01	-2.305089e+02
3.000000e-07	-3.667526e-06	-3.593254e-09	-5.242971e+01	-2.302910e+02
3.100000e-07	-3.646253e-06	-3.537209e-09	-5.212560e+01	-2.300093e+02
3.200000e-07	-3.624356e-06	-3.548586e-09	-5.181256e+01	-2.296616e+02
3.300000e-07	-3.601854e-06	-3.563506e-09	-5.149089e+01	-2.292484e+02
3.400000e-07	-3.578766e-06	-3.502034e-09	-5.116083e+01	-2.287721e+02
3.500000e-07	-3.555128e-06	-3.514856e-09	-5.082291e+01	-2.282373e+02
3.600000e-07	-3.530907e-06	-3.607324e-09	-5.047666e+01	-2.276500e+02
3.700000e-07	-3.505948e-06	-3.507838e-09	-5.011985e+01	-2.270170e+02
3.800000e-07	-3.480074e-06	-3.366115e-09	-4.974996e+01	-2.263461e+02
3.900000e-07	-3.453340e-06	-3.563472e-09	-4.936779e+01	-2.256450e+02
4.000000e-07	-3.426011e-06	-3.623321e-09	-4.897710e+01	-2.249208e+02
4.100000e-07	-3.398217e-06	-3.352127e-09	-4.857976e+01	-2.241801e+02
4.200000e-07	-3.369871e-06	-3.371551e-09	-4.817454e+01	-2.234282e+02
4.300000e-07	-3.340946e-06	-3.586434e-09	-4.776104e+01	-2.226687e+02
4.400000e-07	-3.311501e-06	-3.457939e-09	-4.734010e+01	-2.219041e+02
4.500000e-07	-3.281557e-06	-3.323773e-09	-4.691203e+01	-2.211351e+02
4.600000e-07	-3.251028e-06	-3.435593e-09	-4.647560e+01	-2.203609e+02
4.700000e-07	-3.219915e-06	-3.437895e-09	-4.603082e+01	-2.195794e+02
4.800000e-07	-3.188408e-06	-3.358129e-09	-4.558040e+01	-2.187877e+02
4.900000e-07	-3.156571e-06	-3.369914e-09	-4.512527e+01	-2.179820e+02
5.000000e-07	-3.124185e-06	-3.374481e-09	-4.466229e+01	-2.171581e+02
5.100000e-07	-3.091004e-06	-3.327131e-09	-4.418795e+01	-2.163121e+02
5.200000e-07	-3.056961e-06	-3.321290e-09	-4.370129e+01	-2.154401e+02
5.300000e-07	-3.022182e-06	-3.347174e-09	-4.320410e+01	-2.145390e+02
5.400000e-07	-2.986912e-06	-3.312884e-09	-4.269988e+01	-2.136064e+02
5.500000e-07	-2.951264e-06	-3.255591e-09	-4.219027e+01	-2.126408e+02
5.600000e-07	-2.915192e-06	-3.260612e-09	-4.167460e+01	-2.116418e+02
5.700000e-07	-2.878617e-06	-3.292267e-09	-4.115174e+01	-2.106096e+02
5.800000e-07	-2.841544e-06	-3.256245e-09	-4.062175e+01	-2.095455e+02
5.900000e-07	-2.803977e-06	-3.177681e-09	-4.008471e+01	-2.084511e+02
6.000000e-07	-2.765886e-06	-3.196689e-09	-3.954018e+01	-2.073287e+02
6.100000e-07	-2.727315e-06	-3.235260e-09	-3.898877e+01	-2.061803e+02
6.200000e-07	-2.688314e-06	-3.167834e-09	-3.843123e+01	-2.050082e+02
6.300000e-07	-2.648953e-06	-3.118970e-09	-3.786853e+01	-2.038138e+02
6.400000e-07	-2.609293e-06	-3.143967e-09	-3.730157e+01	-2.025984e+02
6.500000e-07	-2.569256e-06	-3.137940e-09	-3.672922e+01	-2.013622e+02
6.600000e-07	-2.528652e-06	-3.085981e-09	-3.614876e+01	-2.001048e+02
6.700000e-07	-2.487285e-06	-3.070443e-09	-3.555739e+01	-1.988250e+02
6.800000e-07	-2.445239e-06	-3.068123e-09	-3.495631e+01	-1.975207e+02
6.900000e-07	-2.402593e-06	-3.027081e-09	-3.434665e+01	-1.961892e+02
7.000000e-07	-2.359429e-06	-3.008177e-09	-3.372960e+01	-1.948274e+02
7.100000e-07	-2.315963e-06	-3.004613e-09	-3.310823e+01	-1.934319e+02
7.200000e-07	-2.272256e-06	-2.964408e-09	-3.248341e+01	-1.919990e+02
7.300000e-07	-2.228240e-06	-2.929147e-09	-3.185416e+01	-1.905255e+02
7.400000e-07	-2.183749e-06	-2.925100e-09	-3.121814e+01	-1.890084e+02
7.500000e-07	-2.138857e-06	-2.911860e-09	-3.057638e+01	-1.874449e+02
7.600000e-07	-2.093643e-06	-2.864552e-09	-2.993001e+01	-1.858332e+02
7.700000e-07	-2.048021e-06	-2.831886e-09	-2.927782e+01	-1.841720e+02
7.800000e-07	-2.002006e-06	-2.827770e-09	-2.862000e+01	-1.824605e+02
7.900000e-07	-1.955648e-06	-2.800788e-09	-2.795729e+01	-1.806986e+02
8.000000e-07	-1.908956e-06	-2.754215e-09	-2.728979e+01	-1.788866e+02
8.100000e-07	-1.861959e-06	-2.724363e-09	-2.661794e+01	-1.770252e+02
8.200000e-07	-1.814747e-06	-2.712120e-09	-2.594301e+01	-1.751152e+02
8.300000e-07	-1.767330e-06	-2.681918e-09	-2.526516e+01	-1.731571e+02
8.400000e-07	-1.719659e-06	-2.634375e-09	-2.458366e+01	-1.711516e+02
8.500000e-07	-1.671774e-06	-2.605569e-09	-2.389912e+01	-1.690986e+02
8.600000e-07	-1.623520e-06	-2.582061e-09	-2.320929e+01	-1.669978e+02
8.700000e-07	-1.574684e-06	-2.545594e-09	-2.251115e+01	-1.648479e+02
8.800000e-07	-1.525416e-06	-2.508816e-09	-2.180683e+01	-1.626474e+02
8.900000e-07	-1.475759e-06	-2.474587e-09	-2.109696e+01	-1.603938e+02
9.000000e-07	-1.425662e-06	-2.438072e-09	-2.038079e+01	-1.580842e+02
9.100000e-07	-1.375184e-06	-2.401258e-09	-1.965917e+01	-1.557153e+02
9.200000e-07	-1.324363e-06	-2.370076e-09	-1.893265e+01	-1.532834e+02
9.300000e-07	-1.273294e-06	-2.328583e-09	-1.820258e+01	-1.507844e+02
9.400000e-07	-1.222032e-06	-2.276388e-09	-1.746976e+01	-1.482146e+02
9.500000e-07	-1.170566e-06	-2.239014e-09	-1.673401e+01	-1.455699e+02
9.600000e-07	-1.118848e-06	-2.205698e-09	-1.599468e+01	-1.428467e+02
9.700000e-07	-1.066926e-06	-2.156922e-09	-1.525242e+01	-1.400414e+02
9.800000e-07	-1.014864e-06	-2.100118e-09	-1.450815e+01	-1.371509e+02
9.900000e-07	-9.626406e-07	-2.055784e-09	-1.376159e+01	-1.341722e+02
1.000000e-06	-9.101896e-07	-2.019142e-09	-1.301176e+01	-1.311025e+02
1.010000e-06	-8.574425e-07	-1.968158e-09	-1.225771e+01	-1.279391e+02
1.020000e-06	-8.045310e-07	-1.911439e-09	-1.150130e+01	-1.246791e+02
1.030000e-06	-7.515197e-07	-1.859419e-09	-1.074347e+01	-1.213196e+02
1.040000e-06	-6.983884e-07	-1.807998e-09	-9.983924e+00	-1.178572e+02
1.050000e-06	-6.451583e-07	-1.753466e-09	-9.222965e+00	-1.142882e+02
1.060000e-06	-5.918316e-07	-1.692970e-09	-8.460624e+00	-1.106083e+02
1.070000e-06	-5.384192e-07	-1.631239e-09	-7.697059e+00	-1.068126e+02
1.080000e-06	-4.849251e-07	-1.567735e-09	-6.932326e+00	-1.028958e+02
1.090000e-06	-4.313862e-07	-1.505764e-09	-6.166952e+00	-9.885204e+01
1.100000e-06	-3.778175e-07	-1.444963e-09	-5.401151e+00	-9.467526e+01
1.110000e-06	-3.241786e-07	-1.374768e-09	-4.634347e+00	-9.035938e+01
1.120000e-06	-2.704588e-07	-1.301362e-09	-3.866388e+00	-8.589852e+01
1.130000e-06	-2.166743e-07	-1.233292e-09	-3.097503e+00	-8.128738e+01
1.140000e-06	-1.628755e-07	-1.165319e-09	-2.328413e+00	-7.652154e+01
1.150000e-06	-1.090981e-07	-1.086808e-09	-1.559630e+00	-7.159780e+01
1.160000e-06	-5.528038e-08	-1.002408e-09	-7.902696e-01	-6.651451e+01
1.170000e-06	-1.482582e-09	-9.228108e-10	-2.119449e-02	-6.127185e+01
1.180000e-06	5.226976e-08	-8.408798e-10	7.472309e-01	-5.587203e+01
1.190000e-06	1.060678e-07	-7.526456e-10	1.516309e+00	-5.031945e+01
1.200000e-06	1.598584e-07	-6.641061e-10	2.285282e+00	-4.462075e+01
1.210000e-06	2.135585e-07	-5.747307e-10	3.052961e+00	-3.878480e+01
1.220000e-06	2.671849e-07	-4.844116e-10	3.819586e+00	-3.282256e+01
1.230000e-06	3.207817e-07	-3.910752e-10	4.585787e+00	-2.674692e+01
1.240000e-06	3.743189e-07	-2.976891e-10	5.351136e+00	-2.057239e+01
1.250000e-06	4.278079e-07	-2.034043e-10	6.115798e+00	-1.431481e+01
1.260000e-06	4.812391e-07	-1.039149e-10	6.879632e+00	-7.990979e+00
1.270000e-06	5.345947e-07	-6.790326e-12	7.642386e+00	-1.618295e+00
1.280000e-06	5.878838e-07	9.006205e-11	8.404189e+00	4.785634e+00
1.290000e-06	6.410538e-07	1.884129e-10	9.164289e+00	1.120332e+01
1.300000e-06	6.940966e-07	2.875529e-10	9.922571e+00	1.761770e+01
1.310000e-06	7.470278e-07	3.848440e-10	1.067926e+01	2.401238e+01
1.320000e-06	7.998353e-07	4.809471e-10	1.143418e+01	3.037184e+01
1.330000e-06	8.524978e-07	5.817509e-10	1.218702e+01	3.668152e+01
1.340000e-06	9.049954e-07	6.784096e-10	1.293751e+01	4.292794e+01
1.350000e-06	9.572562e-07	7.729006e-10	1.368461e+01	4.909864e+01
1.360000e-06	1.009302e-06	8.678817e-10	1.442864e+01	5.518216e+01
1.370000e-06	1.061197e-06	9.612528e-10	1.517051e+01	6.116799e+01
1.380000e-06	1.112914e-06	1.049536e-09	1.590985e+01	6.704645e+01
1.390000e-06	1.164459e-06	1.132749e-09	1.664671e+01	7.280861e+01
1.400000e-06	1.215789e-06	1.218557e-09	1.738051e+01	7.844624e+01
1.410000e-06	1.266963e-06	1.304343e-09	1.811207e+01	8.395172e+01
1.420000e-06	1.318009e-06	1.385472e-09	1.884182e+01	8.931807e+01
1.430000e-06	1.368721e-06	1.464256e-09	1.956678e+01	9.453895e+01
1.440000e-06	1.418984e-06	1.541576e-09	2.028532e+01	9.960873e+01
1.450000e-06	1.468841e-06	1.617329e-09	2.099806e+01	1.045226e+02
1.460000e-06	1.518255e-06	1.689983e-09	2.170447e+01	1.092768e+02
1.470000e-06	1.567124e-06	1.758737e-09	2.240307e+01	1.138684e+02
1.480000e-06	1.615556e-06	1.824623e-09	2.309545e+01	1.182960e+02
1.490000e-06	1.663679e-06	1.888697e-09	2.378339e+01	1.225593e+02
1.500000e-06	1.711472e-06	1.952926e-09	2.446662e+01	1.266596e+02
1.510000e-06	1.759016e-06	2.012107e-09	2.514630e+01	1.305996e+02
1.520000e-06	1.806362e-06	2.067190e-09	2.582314e+01	1.343834e+02
1.530000e-06	1.853499e-06	2.121524e-09	2.649699e+01	1.380165e+02
1.540000e-06	1.900369e-06	2.174759e-09	2.716703e+01	1.415057e+02
1.550000e-06	1.946876e-06	2.226015e-09	2.783188e+01	1.448585e+02
1.560000e-06	1.992903e-06	2.273080e-09	2.848987e+01	1.480836e+02
1.570000e-06	2.038525e-06	2.318897e-09	2.914207e+01	1.511896e+02
1.580000e-06	2.083848e-06	2.363238e-09	2.978999e+01	1.541856e+02
1.590000e-06	2.128833e-06	2.404339e-09	3.043307e+01	1.570802e+02
1.600000e-06	2.173462e-06	2.445139e-09	3.107108e+01	1.598815e+02
1.610000e-06	2.217693e-06	2.486114e-09	3.170339e+01	1.625969e+02
1.620000e-06	2.261584e-06	2.527274e-09	3.233084e+01	1.652324e+02
1.630000e-06	2.305197e-06	2.566867e-09	3.295432e+01	1.677932e+02
1.640000e-06	2.348570e-06	2.604852e-09	3.357436e+01	1.702829e+02
1.650000e-06	2.391676e-06	2.640232e-09	3.419060e+01	1.727039e+02
1.660000e-06	2.434338e-06	2.673280e-09	3.480047e+01	1.750575e+02
1.670000e-06	2.476390e-06	2.705351e-09	3.540164e+01	1.773439e+02
1.680000e-06	2.517730e-06	2.737119e-09	3.599262e+01	1.795624e+02
1.690000e-06	2.558349e-06	2.768715e-09	3.657330e+01	1.817120e+02
1.700000e-06	2.598412e-06	2.799079e-09	3.714602e+01	1.837914e+02
1.710000e-06	2.638080e-06	2.827875e-09	3.771311e+01	1.857993e+02
1.720000e-06	2.677427e-06	2.856008e-09	3.827559e+01	1.877349e+02
1.730000e-06	2.716423e-06	2.884445e-09	3.883306e+01	1.895978e+02
1.740000e-06	2.754949e-06	2.912821e-09	3.938382e+01	1.913885e+02
1.750000e-06	2.793000e-06	2.941347e-09	3.992779e+01	1.931084e+02
1.760000e-06	2.830576e-06	2.967062e-09	4.046496e+01	1.947597e+02
1.770000e-06	2.867654e-06	2.990004e-09	4.099501e+01	1.963455e+02
1.780000e-06	2.904248e-06	3.012786e-09	4.151815e+01	1.978696e+02
1.790000e-06	2.940397e-06	3.035375e-09	4.203493e+01	1.993365e+02
1.800000e-06	2.976202e-06	3.057002e-09	4.254678e+01	2.007508e+02
1.810000e-06	3.011665e-06	3.077571e-09	4.305374e+01	2.021172e+02
1.820000e-06	3.046716e-06	3.099855e-09	4.355483e+01	2.034402e+02
1.830000e-06	3.081135e-06	3.122224e-09	4.404687e+01	2.047240e+02
1.840000e-06	3.114684e-06	3.141917e-09	4.452648e+01	2.059718e+02
1.850000e-06	3.147463e-06	3.160650e-09	4.499506e+01	2.071861e+02
1.860000e-06	3.179631e-06	3.179910e-09	4.545493e+01	2.083686e+02
1.870000e-06	3.211246e-06	3.198788e-09	4.590688e+01	2.095198e+02
1.880000e-06	3.242397e-06	3.215872e-09	4.635221e+01	2.106396e+02
1.890000e-06	3.273064e-06	3.232323e-09	4.679061e+01	2.117268e+02
1.900000e-06	3.303168e-06	3.248752e-09	4.722097e+01	2.127800e+02
1.910000e-06	3.332696e-06	3.266262e-09	4.764309e+01	2.137972e+02
1.920000e-06	3.361619e-06	3.283324e-09	4.805657e+01	2.147764e+02
1.930000e-06	3.389962e-06	3.298552e-09	4.846175e+01	2.157160e+02
1.940000e-06	3.417797e-06	3.313875e-09	4.885968e+01	2.166145e+02
1.950000e-06	3.445215e-06	3.328412e-09	4.925163e+01	2.174715e+02
1.960000e-06	3.472140e-06	3.341842e-09	4.963655e+01	2.182871e+02
1.970000e-06	3.498352e-06	3.355036e-09	5.001126e+01	2.190625e+02
1.980000e-06	3.523662e-06	3.366789e-09	5.037309e+01	2.197997e+02
1.990000e-06	3.548067e-06	3.376582e-09	5.072196e+01	2.205016e+02
2.000000e-06	3.571765e-06	3.388194e-09	5.106075e+01	2.211718e+02
2.010000e-06	3.594898e-06	3.401055e-09	5.139145e+01	2.218144e+02
2.020000e-06	3.617478e-06	3.411686e-09	5.171424e+01	2.224336e+02
2.030000e-06	3.639457e-06	3.422013e-09	5.202846e+01	2.230338e+02
2.040000e-06	3.660844e-06	3.433021e-09	5.233419e+01	2.236188e+02
2.050000e-06	3.681590e-06	3.443810e-09	5.263076e+01	2.241918e+02
2.060000e-06	3.701732e-06	3.454317e-09	5.291871e+01	2.247552e+02
2.070000e-06	3.721408e-06	3.464233e-09	5.320000e+01	2.253104e+02
2.080000e-06	3.740630e-06	3.473784e-09	5.347478e+01	2.258577e+02
2.090000e-06	3.759305e-06	3.483364e-09	5.374175e+01	2.263961e+02
2.100000e-06	3.777261e-06	3.492780e-09	5.399845e+01	2.269238e+02
2.110000e-06	3.794484e-06	3.501131e-09	5.424467e+01	2.274381e+02
2.120000e-06	3.811120e-06	3.508554e-09	5.448248e+01	2.279355e+02
2.130000e-06	3.827169e-06	3.515411e-09	5.471192e+01	2.284123e+02
2.140000e-06	3.842462e-06	3.522435e-09	5.493053e+01	2.288647e+02
2.150000e-06	3.856961e-06	3.529874e-09	5.513782e+01	2.292895e+02
2.160000e-06	3.870698e-06	3.537340e-09	5.533420e+01	2.296837e+02
2.170000e-06	3.883650e-06	3.545607e-09	5.551935e+01	2.300455e+02
2.180000e-06	3.895897e-06	3.552328e-09	5.569443e+01	2.303740e+02
2.190000e-06	3.907478e-06	3.557455e-09	5.585999e+01	2.306698e+02
2.200000e-06	3.918280e-06	3.562668e-09	5.601441e+01	2.309343e+02
2.210000e-06	3.928085e-06	3.567086e-09	5.615457e+01	2.311704e+02
2.220000e-06	3.936885e-06	3.570879e-09	5.628038e+01	2.313817e+02
2.230000e-06	3.944912e-06	3.575543e-09	5.639514e+01	2.315727e+02
2.240000e-06	3.952317e-06	3.581956e-09	5.650099e+01	2.317481e+02
2.250000e-06	3.959124e-06	3.587996e-09	5.659830e+01	2.319127e+02
2.260000e-06	3.965279e-06	3.592143e-09	5.668629e+01	2.320709e+02
2.270000e-06	3.970772e-06	3.596037e-09	5.676482e+01	2.322263e+02
2.280000e-06	3.975594e-06	3.600899e-09	5.683375e+01	2.323816e+02
2.290000e-06	3.979769e-06	3.605232e-09	5.689343e+01	2.325381e+02
2.300000e-06	3.983401e-06	3.607779e-09	5.694535e+01	2.326955e+02
2.310000e-06	3.986420e-06	3.610639e-09	5.698852e+01	2.328523e+02
2.320000e-06	3.988593e-06	3.614204e-09	5.701958e+01	2.330055e+02
2.330000e-06	3.989800e-06	3.616715e-09	5.703683e+01	2.331506e+02
2.340000e-06	3.990126e-06	3.618967e-09	5.704150e+01	2.332826e+02
2.350000e-06	3.989807e-06	3.619926e-09	5.703693e+01	2.333957e+02
2.360000e-06	3.988917e-06	3.620924e-09	5.702421e+01	2.334840e+02
2.370000e-06	3.987454e-06	3.624234e-09	5.700329e+01	2.335420e+02
2.380000e-06	3.985335e-06	3.623783e-09	5.697301e+01	2.335649e+02
2.390000e-06	3.982559e-06	3.621697e-09	5.693332e+01	2.335493e+02
2.400000e-06	3.979178e-06	3.627127e-09	5.688498e+01	2.334933e+02
2.410000e-06	3.975185e-06	3.635875e-09	5.682791e+01	2.333968e+02
2.420000e-06	3.970735e-06	3.598899e-09	5.676428e+01	2.332618e+02
2.430000e-06	3.965743e-06	3.565958e-09	5.669293e+01	2.330920e+02
2.440000e-06	3.959778e-06	3.638643e-09	5.660765e+01	2.328934e+02
2.450000e-06	3.952653e-06	3.667222e-09	5.650580e+01	2.326730e+02
2.460000e-06	3.944631e-06	3.558009e-09	5.639111e+01	2.324393e+02
2.470000e-06	3.936155e-06	3.551742e-09	5.626994e+01	2.322015e+02
2.480000e-06	3.927283e-06	3.656721e-09	5.614311e+01	2.319688e+02
2.490000e-06	3.917660e-06	3.622017e-09	5.600555e+01	2.317500e+02
2.500000e-06	3.907317e-06	3.507139e-09	5.585769e+01	2.315528e+02
2.510000e-06	3.896485e-06	3.577018e-09	5.570284e+01	2.313835e+02
2.520000e-06	3.884953e-06	3.559020e-09	5.553798e+01	2.312464e+02
2.530000e-06	3.872436e-06	3.441952e-09	5.535904e+01	2.311434e+02
2.540000e-06	3.859177e-06	3.609769e-09	5.516950e+01	2.310742e+02
2.550000e-06	3.845288e-06	3.597849e-09	5.497094e+01	2.310356e+02
2.560000e-06	3.830544e-06	3.322469e-09	5.476016e+01	2.310222e+02
2.570000e-06	3.814861e-06	3.451337e-09	5.453596e+01	2.310264e+02
2.580000e-06	3.798388e-06	3.728093e-09	5.430047e+01	2.310390e+02
2.590000e-06	3.781326e-06	3.437527e-09	5.405656e+01	2.310493e+02
2.600000e-06	3.763655e-06	3.283954e-09	5.380394e+01	2.310460e+02
2.610000e-06	3.745257e-06	3.658917e-09	5.354094e+01	2.310176e+02
2.620000e-06	3.726153e-06	3.578794e-09	5.326783e+01	2.309535e+02
2.630000e-06	3.706448e-06	3.309152e-09	5.298612e+01	2.308436e+02
2.640000e-06	3.686181e-06	3.499062e-09	5.269639e+01	2.306798e+02
2.650000e-06	3.665439e-06	3.551921e-09	5.239988e+01	2.304559e+02
2.660000e-06	3.644117e-06	3.360887e-09	5.209507e+01	2.301676e+02
2.670000e-06	3.621910e-06	3.428293e-09	5.177760e+01	2.298134e+02
2.680000e-06	3.598749e-06	3.525330e-09	5.144651e+01	2.293939e+02
2.690000e-06	3.574770e-06	3.425100e-09	5.110370e+01	2.289117e+02
2.700000e-06	3.550168e-06	3.350526e-09	5.075200e+01	2.283714e+02
2.710000e-06	3.525001e-06	3.406997e-09	5.039222e+01	2.277792e+02
2.720000e-06	3.499242e-06	3.539638e-09	5.002398e+01	2.271423e+02
2.730000e-06	3.472931e-06	3.384363e-09	4.964785e+01	2.264681e+02
2.740000e-06	3.446034e-06	3.213096e-09	4.926334e+01	2.257644e+02
2.750000e-06	3.418484e-06	3.492209e-09	4.886950e+01	2.250385e+02
2.760000e-06	3.390420e-06	3.491285e-09	4.846829e+01	2.242965e+02
2.770000e-06	3.361950e-06	3.192491e-09	4.806131e+01	2.235437e+02
2.780000e-06	3.332954e-06	3.325236e-09	4.764678e+01	2.227838e+02
2.790000e-06	3.303260e-06	3.451397e-09	4.722228e+01	2.220189e+02
2.800000e-06	3.272810e-06	3.297807e-09	4.678699e+01	2.212495e+02
2.810000e-06	3.241637e-06	3.266008e-09	4.634135e+01	2.204747e+02
2.820000e-06	3.209822e-06	3.323020e-09	4.588653e+01	2.196925e+02
2.830000e-06	3.177473e-06	3.328371e-09	4.542409e+01	2.188996e+02
2.840000e-06	3.144680e-06	3.258361e-09	4.495528e+01	2.180924e+02
2.850000e-06	3.111378e-06	3.243054e-09	4.447921e+01	2.172666e+02
2.860000e-06	3.077526e-06	3.301481e-09	4.399527e+01	2.164182e+02
2.870000e-06	3.043180e-06	3.235801e-09	4.350427e+01	2.155436e+02
2.880000e-06	3.008336e-06	3.180705e-09	4.300615e+01	2.146395e+02
2.890000e-06	2.972945e-06	3.244294e-09	4.250022e+01	2.137038e+02
2.900000e-06	2.937037e-06	3.238151e-09	4.198689e+01	2.127349e+02
2.910000e-06	2.900763e-06	3.143748e-09	4.146832e+01	2.117326e+02
2.920000e-06	2.864132e-06	3.135342e-09	4.094466e+01	2.106973e+02
2.930000e-06	2.827090e-06	3.199895e-09	4.041512e+01	2.096301e+02
2.940000e-06	2.789436e-06	3.149323e-09	3.987683e+01	2.085330e+02
2.950000e-06	2.750917e-06	3.063318e-09	3.932618e+01	2.074080e+02
2.960000e-06	2.711607e-06	3.107511e-09	3.876422e+01	2.062572e+02
2.970000e-06	2.671733e-06	3.121160e-09	3.819419e+01	2.050829e+02
2.980000e-06	2.631484e-06	3.042100e-09	3.761881e+01	2.038865e+02
2.990000e-06	2.590915e-06	3.025633e-09	3.703885e+01	2.026691e+02
3.000000e-06	2.549983e-06	3.051157e-09	3.645369e+01	2.014309e+02
3.010000e-06	2.508587e-06	3.017137e-09	3.586191e+01	2.001714e+02
3.020000e-06	2.466720e-06	2.969638e-09	3.526340e+01	1.988894e+02
3.030000e-06	2.424472e-06	2.976246e-09	3.465943e+01	1.975826e+02
3.040000e-06	2.381798e-06	2.972863e-09	3.404938e+01	1.962483e+02
3.050000e-06	2.338657e-06	2.922773e-09	3.343265e+01	1.948834e+02
3.060000e-06	2.295127e-06	2.902883e-09	3.281036e+01	1.934844e+02
3.070000e-06	2.251218e-06	2.906972e-09	3.218266e+01	1.920477e+02
3.080000e-06	2.207004e-06	2.869958e-09	3.155059e+01	1.905701e+02
3.090000e-06	2.162590e-06	2.830055e-09	3.091565e+01	1.890485e+02
3.100000e-06	2.117918e-06	2.825816e-09	3.027704e+01	1.874804e+02
3.110000e-06	2.072951e-06	2.813232e-09	2.963421e+01	1.858639e+02
3.120000e-06	2.027551e-06	2.764159e-09	2.898519e+01	1.841977e+02
3.130000e-06	1.981678e-06	2.727849e-09	2.832940e+01	1.824813e+02
3.140000e-06	1.935442e-06	2.728732e-09	2.766843e+01	1.807145e+02
3.150000e-06	1.888890e-06	2.704168e-09	2.700293e+01	1.788976e+02
3.160000e-06	1.842025e-06	2.649216e-09	2.633297e+01	1.770314e+02
3.170000e-06	1.794938e-06	2.625361e-09	2.565983e+01	1.751166e+02
3.180000e-06	1.747695e-06	2.619363e-09	2.498446e+01	1.731539e+02
3.190000e-06	1.700237e-06	2.586010e-09	2.430601e+01	1.711438e+02
3.200000e-06	1.652464e-06	2.541541e-09	2.362307e+01	1.690861e+02
3.210000e-06	1.604323e-06	2.515531e-09	2.293486e+01	1.669805e+02
3.220000e-06	1.555853e-06	2.489992e-09	2.224195e+01	1.648258e+02
3.230000e-06	1.507023e-06	2.450443e-09	2.154390e+01	1.626201e+02
3.240000e-06	1.457793e-06	2.419265e-09	2.084012e+01	1.603612e+02
3.250000e-06	1.408227e-06	2.389844e-09	2.013154e+01	1.580459e+02
3.260000e-06	1.358397e-06	2.345586e-09	1.941918e+01	1.556710e+02
3.270000e-06	1.308313e-06	2.309445e-09	1.870320e+01	1.532326e+02
3.280000e-06	1.258014e-06	2.284249e-09	1.798415e+01	1.507269e+02
3.290000e-06	1.207510e-06	2.243617e-09	1.726216e+01	1.481498e+02
3.300000e-06	1.156728e-06	2.189722e-09	1.653620e+01	1.454975e+02
3.310000e-06	1.105669e-06	2.149018e-09	1.580627e+01	1.427664e+02
3.320000e-06	1.054329e-06	2.119629e-09	1.507232e+01	1.399528e+02
3.330000e-06	1.002798e-06	2.072683e-09	1.433566e+01	1.370537e+02
3.340000e-06	9.511264e-07	2.018125e-09	1.359698e+01	1.340662e+02
3.350000e-06	8.993019e-07	1.978099e-09	1.285612e+01	1.309873e+02
3.360000e-06	8.473126e-07	1.938760e-09	1.211289e+01	1.278144e+02
3.370000e-06	7.951688e-07	1.888844e-09	1.136746e+01	1.245447e+02
3.380000e-06	7.428991e-07	1.835041e-09	1.062023e+01	1.211752e+02
3.390000e-06	6.904751e-07	1.787173e-09	9.870799e+00	1.177024e+02
3.400000e-06	6.379084e-07	1.735820e-09	9.119324e+00	1.141226e+02
3.410000e-06	5.852636e-07	1.679389e-09	8.366731e+00	1.104315e+02
3.420000e-06	5.325201e-07	1.627622e-09	7.612728e+00	1.066240e+02
3.430000e-06	4.796224e-07	1.570504e-09	6.856520e+00	1.026949e+02
3.440000e-06	4.266317e-07	1.506516e-09	6.098982e+00	9.863818e+01
3.450000e-06	3.735730e-07	1.442426e-09	5.340473e+00	9.444787e+01
3.460000e-06	3.204240e-07	1.381247e-09	4.580674e+00	9.011784e+01
3.470000e-06	2.671818e-07	1.315419e-09	3.819541e+00	8.564228e+01
3.480000e-06	2.138333e-07	1.241174e-09	3.056889e+00	8.101595e+01
3.490000e-06	1.603827e-07	1.168883e-09	2.292777e+00	7.623453e+01
3.500000e-06	1.069395e-07	1.096309e-09	1.528771e+00	7.129498e+01
3.510000e-06	5.345983e-08	1.018228e-09	7.642437e-01	6.619581e+01
3.520000e-06	-5.074635e-11	9.372847e-10	-7.254527e-04	6.093740e+01
3.530000e-06	-5.351607e-08	8.554522e-10	-7.650476e-01	5.552216e+01
3.540000e-06	-1.069238e-07	7.720444e-10	-1.528546e+00	4.995473e+01
3.550000e-06	-1.602386e-07	6.849272e-10	-2.290717e+00	4.424197e+01
3.560000e-06	-2.134911e-07	5.995049e-10	-3.051996e+00	3.839296e+01
3.570000e-06	-2.667505e-07	5.137098e-10	-3.813375e+00	3.241887e+01
3.580000e-06	-3.199163e-07	4.187665e-10	-4.573416e+00	2.633276e+01
3.590000e-06	-3.729895e-07	3.233657e-10	-5.332132e+00	2.014928e+01
3.600000e-06	-4.260130e-07	2.304381e-10	-6.090138e+00	1.388441e+01
3.610000e-06	-4.788831e-07	1.345495e-10	-6.845951e+00	7.555003e+00
3.620000e-06	-5.316027e-07	3.590173e-11	-7.599613e+00	1.178498e+00
3.630000e-06	-5.842224e-07	-6.233860e-11	-8.351846e+00	-5.227492e+00
3.640000e-06	-6.367586e-07	-1.576454e-10	-9.102885e+00	-1.164551e+01
3.650000e-06	-6.892132e-07	-2.545727e-10	-9.852759e+00	-1.805854e+01
3.660000e-06	-7.415593e-07	-3.519473e-10	-1.060108e+01	-2.445029e+01
3.670000e-06	-7.937876e-07	-4.476616e-10	-1.134772e+01	-3.080531e+01
3.680000e-06	-8.459167e-07	-5.434426e-10	-1.209294e+01	-3.710916e+01
3.690000e-06	-8.979287e-07	-6.376819e-10	-1.283649e+01	-4.334846e+01
3.700000e-06	-9.498265e-07	-7.323608e-10	-1.357840e+01	-4.951084e+01
3.710000e-06	-1.001562e-06	-8.254708e-10	-1.431800e+01	-5.558495e+01
3.720000e-06	-1.053110e-06	-9.165582e-10	-1.505491e+01	-6.156037e+01
3.730000e-06	-1.104455e-06	-1.006700e-09	-1.578891e+01	-6.742749e+01
3.740000e-06	-1.155600e-06	-1.093836e-09	-1.652007e+01	-7.317747e+01
3.750000e-06	-1.206496e-06	-1.180283e-09	-1.724766e+01	-7.880211e+01
3.760000e-06	-1.257100e-06	-1.262873e-09	-1.797108e+01	-8.429389e+01
3.770000e-06	-1.307514e-06	-1.345012e-09	-1.869179e+01	-8.964587e+01
3.780000e-06	-1.357690e-06	-1.423142e-09	-1.940907e+01	-9.485178e+01
3.790000e-06	-1.407536e-06	-1.498165e-09	-2.012166e+01	-9.990608e+01
3.800000e-06	-1.456988e-06	-1.575003e-09	-2.082861e+01	-1.048041e+02
3.810000e-06	-1.506033e-06	-1.647473e-09	-2.152974e+01	-1.095420e+02
3.820000e-06	-1.554730e-06	-1.718248e-09	-2.222590e+01	-1.141171e+02
3.830000e-06	-1.602917e-06	-1.786234e-09	-2.291477e+01	-1.185282e+02
3.840000e-06	-1.650596e-06	-1.851262e-09	-2.359636e+01	-1.227750e+02
3.850000e-06	-1.697972e-06	-1.914793e-09	-2.427363e+01	-1.268590e+02
3.860000e-06	-1.745126e-06	-1.976265e-09	-2.494774e+01	-1.307831e+02
3.870000e-06	-1.792011e-06	-2.033755e-09	-2.561799e+01	-1.345515e+02
3.880000e-06	-1.838655e-06	-2.090197e-09	-2.628479e+01	-1.381698e+02
3.890000e-06	-1.885092e-06	-2.146232e-09	-2.694863e+01	-1.416449e+02
3.900000e-06	-1.931277e-06	-2.199312e-09	-2.760888e+01	-1.449845e+02
3.910000e-06	-1.977131e-06	-2.249196e-09	-2.826439e+01	-1.481971e+02
3.920000e-06	-2.022599e-06	-2.297606e-09	-2.891439e+01	-1.512916e+02
3.930000e-06	-2.067685e-06	-2.342693e-09	-2.955893e+01	-1.542770e+02
3.940000e-06	-2.112410e-06	-2.385550e-09	-3.019830e+01	-1.571618e+02
3.950000e-06	-2.156868e-06	-2.429469e-09	-3.083386e+01	-1.599541e+02
3.960000e-06	-2.201104e-06	-2.471706e-09	-3.146625e+01	-1.626611e+02
3.970000e-06	-2.245053e-06	-2.512156e-09	-3.209452e+01	-1.652889e+02
3.980000e-06	-2.288634e-06	-2.552097e-09	-3.271753e+01	-1.678424e+02
3.990000e-06	-2.331888e-06	-2.592727e-09	-3.333588e+01	-1.703250e+02
4.000000e-06	-2.374752e-06	-2.632422e-09	-3.394865e+01	-1.727391e+02
4.010000e-06	-2.417164e-06	-2.670336e-09	-3.455496e+01	-1.750859e+02
4.020000e-06	-2.459179e-06	-2.707138e-09	-3.515559e+01	-1.773654e+02
4.030000e-06	-2.500702e-06	-2.743348e-09	-3.574919e+01	-1.795770e+02
4.040000e-06	-2.541758e-06	-2.777601e-09	-3.633611e+01	-1.817196e+02
4.050000e-06	-2.582482e-06	-2.808751e-09	-3.691829e+01	-1.837918e+02
4.060000e-06	-2.622892e-06	-2.835871e-09	-3.749598e+01	-1.857924e+02
4.070000e-06	-2.662972e-06	-2.865053e-09	-3.806894e+01	-1.877206e+02
4.080000e-06	-2.702675e-06	-2.896502e-09	-3.863653e+01	-1.895762e+02
4.090000e-06	-2.741813e-06	-2.924796e-09	-3.919604e+01	-1.913596e+02
4.100000e-06	-2.780222e-06	-2.950114e-09	-3.974511e+01	-1.930724e+02
4.110000e-06	-2.817891e-06	-2.974549e-09	-4.028362e+01	-1.947169e+02
4.120000e-06	-2.854918e-06	-2.999552e-09	-4.081294e+01	-1.962962e+02
4.130000e-06	-2.891501e-06	-3.023800e-09	-4.133592e+01	-1.978144e+02
4.140000e-06	-2.927730e-06	-3.045572e-09	-4.185384e+01	-1.992757e+02
4.150000e-06	-2.963585e-06	-3.064097e-09	-4.236642e+01	-2.006849e+02
4.160000e-06	-2.999002e-06	-3.082168e-09	-4.287271e+01	-2.020466e+02
4.170000e-06	-3.033909e-06	-3.101645e-09	-4.337174e+01	-2.033655e+02
4.180000e-06	-3.068266e-06	-3.121673e-09	-4.386289e+01	-2.046454e+02
4.190000e-06	-3.102084e-06	-3.140778e-09	-4.434634e+01	-2.058896e+02
4.200000e-06	-3.135364e-06	-3.160033e-09	-4.482210e+01	-2.071006e+02
4.210000e-06	-3.168143e-06	-3.179970e-09	-4.529070e+01	-2.082799e+02
4.220000e-06	-3.200488e-06	-3.198408e-09	-4.575309e+01	-2.094279e+02
4.230000e-06	-3.232324e-06	-3.212964e-09	-4.620821e+01	-2.105444e+02
4.240000e-06	-3.263442e-06	-3.225948e-09	-4.665306e+01	-2.116282e+02
4.250000e-06	-3.293726e-06	-3.239222e-09	-4.708600e+01	-2.126778e+02
4.260000e-06	-3.323225e-06	-3.251814e-09	-4.750770e+01	-2.136911e+02
4.270000e-06	-3.352061e-06	-3.264502e-09	-4.791993e+01	-2.146664e+02
4.280000e-06	-3.380344e-06	-3.275674e-09	-4.832426e+01	-2.156018e+02
4.290000e-06	-3.408101e-06	-3.287868e-09	-4.872107e+01	-2.164961e+02
4.300000e-06	-3.435354e-06	-3.302039e-09	-4.911066e+01	-2.173489e+02
4.310000e-06	-3.462087e-06	-3.314784e-09	-4.949283e+01	-2.181603e+02
4.320000e-06	-3.488138e-06	-3.325721e-09	-4.986524e+01	-2.189316e+02
4.330000e-06	-3.513488e-06	-3.335750e-09	-5.022764e+01	-2.196651e+02
4.340000e-06	-3.538323e-06	-3.345906e-09	-5.058267e+01	-2.203635e+02
4.350000e-06	-3.562669e-06	-3.355096e-09	-5.093071e+01	-2.210307e+02
4.360000e-06	-3.586482e-06	-3.363187e-09	-5.127113e+01	-2.216706e+02
4.370000e-06	-3.609659e-06	-3.371552e-09	-5.160246e+01	-2.222877e+02
4.380000e-06	-3.631973e-06	-3.379877e-09	-5.192146e+01	-2.228861e+02
4.390000e-06	-3.653373e-06	-3.387092e-09	-5.222739e+01	-2.234696e+02
4.400000e-06	-3.674119e-06	-3.394723e-09	-5.252396e+01	-2.240415e+02
4.410000e-06	-3.694378e-06	-3.403580e-09	-5.281357e+01	-2.246039e+02
4.420000e-06	-3.714098e-06	-3.410521e-09	-5.309550e+01	-2.251582e+02
4.430000e-06	-3.733233e-06	-3.416316e-09	-5.336904e+01	-2.257046e+02
4.440000e-06	-3.751752e-06	-3.423096e-09	-5.363378e+01	-2.262420e+02
4.450000e-06	-3.769618e-06	-3.429468e-09	-5.388918e+01	-2.267684e+02
4.460000e-06	-3.786829e-06	-3.435040e-09	-5.413523e+01	-2.272810e+02
4.470000e-06	-3.803501e-06	-3.441937e-09	-5.437356e+01	-2.277764e+02
4.480000e-06	-3.819667e-06	-3.447601e-09	-5.460467e+01	-2.282508e+02
4.490000e-06	-3.835123e-06	-3.451686e-09	-5.482563e+01	-2.287006e+02
4.500000e-06	-3.849648e-06	-3.457479e-09	-5.503326e+01	-2.291223e+02
4.510000e-06	-3.863173e-06	-3.464803e-09	-5.522662e+01	-2.295132e+02
4.520000e-06	-3.875809e-06	-3.470638e-09	-5.540726e+01	-2.298716e+02
4.530000e-06	-3.887720e-06	-3.472507e-09	-5.557753e+01	-2.301968e+02
4.540000e-06	-3.898982e-06	-3.474040e-09	-5.573853e+01	-2.304892e+02
4.550000e-06	-3.909584e-06	-3.477023e-09	-5.589009e+01	-2.307506e+02
4.560000e-06	-3.919454e-06	-3.479636e-09	-5.603119e+01	-2.309840e+02
4.570000e-06	-3.928635e-06	-3.480481e-09	-5.616245e+01	-2.311930e+02
4.580000e-06	-3.937336e-06	-3.481970e-09	-5.628683e+01	-2.313821e+02
4.590000e-06	-3.945550e-06	-3.486519e-09	-5.640426e+01	-2.315561e+02
4.600000e-06	-3.953046e-06	-3.491144e-09	-5.651141e+01	-2.317198e+02
4.610000e-06	-3.959598e-06	-3.491723e-09	-5.660507e+01	-2.318774e+02
4.620000e-06	-3.965177e-06	-3.490545e-09	-5.668484e+01	-2.320327e+02
4.630000e-06	-3.969996e-06	-3.491038e-09	-5.675372e+01	-2.321879e+02
4.640000e-06	-3.974203e-06	-3.490796e-09	-5.681386e+01	-2.323444e+02
4.650000e-06	-3.977787e-06	-3.489349e-09	-5.686510e+01	-2.325018e+02
4.660000e-06	-3.980729e-06	-3.488911e-09	-5.690716e+01	-2.326583e+02
4.670000e-06	-3.983065e-06	-3.489889e-09	-5.694055e+01	-2.328107e+02
4.680000e-06	-3.984677e-06	-3.490381e-09	-5.696360e+01	-2.329548e+02
4.690000e-06	-3.985645e-06	-3.490199e-09	-5.697744e+01	-2.330850e+02
