# Temperatura_=_20.0
# Concentracion g/m^3_=_9000.0
# C_Vs_to_Am_M_A/Vsm_=_65563218390.804596
# pendiente_HvsI_1/m_=_3716.3
# ordenada_HvsI_A/m_=_1297.0
# frecuencia_Hz_=_212877.06066576386

Tiempo_(s)	Campo_(V.s)	Magnetizacion_(V.s)	Campo_(kA/m)	Magnetizacion_(A/m)
0.000000e+00	-3.963704e-06	-3.512488e-09	-5.698469e+01	-2.341535e+02
1.000000e-08	-3.963688e-06	-3.515243e-09	-5.698447e+01	-2.342177e+02
2.000000e-08	-3.962922e-06	-3.516241e-09	-5.697345e+01	-2.342611e+02
3.000000e-08	-3.961201e-06	-3.516633e-09	-5.694870e+01	-2.342811e+02
4.000000e-08	-3.958483e-06	-3.516703e-09	-5.690963e+01	-2.342756e+02
5.000000e-08	-3.955066e-06	-3.514044e-09	-5.686051e+01	-2.342430e+02
6.000000e-08	-3.951244e-06	-3.502020e-09	-5.680556e+01	-2.341829e+02
7.000000e-08	-3.946884e-06	-3.489777e-09	-5.674288e+01	-2.340955e+02
8.000000e-08	-3.941789e-06	-3.526532e-09	-5.666962e+01	-2.339822e+02
9.000000e-08	-3.935855e-06	-3.589326e-09	-5.658431e+01	-2.338453e+02
1.000000e-07	-3.929054e-06	-3.572857e-09	-5.648655e+01	-2.336877e+02
1.100000e-07	-3.921641e-06	-3.438011e-09	-5.637997e+01	-2.335133e+02
1.200000e-07	-3.913845e-06	-3.433057e-09	-5.626789e+01	-2.333262e+02
1.300000e-07	-3.905439e-06	-3.515230e-09	-5.614704e+01	-2.331308e+02
1.400000e-07	-3.896150e-06	-3.555308e-09	-5.601349e+01	-2.329314e+02
1.500000e-07	-3.886092e-06	-3.547204e-09	-5.586890e+01	-2.327318e+02
1.600000e-07	-3.875276e-06	-3.498331e-09	-5.571340e+01	-2.325352e+02
1.700000e-07	-3.863376e-06	-3.496142e-09	-5.554232e+01	-2.323441e+02
1.800000e-07	-3.850641e-06	-3.477609e-09	-5.535923e+01	-2.321596e+02
1.900000e-07	-3.837598e-06	-3.645401e-09	-5.517172e+01	-2.319819e+02
2.000000e-07	-3.823724e-06	-3.540200e-09	-5.497225e+01	-2.318099e+02
2.100000e-07	-3.808400e-06	-3.430402e-09	-5.475195e+01	-2.316415e+02
2.200000e-07	-3.792245e-06	-3.589248e-09	-5.451970e+01	-2.314732e+02
2.300000e-07	-3.775732e-06	-3.668792e-09	-5.428230e+01	-2.313009e+02
2.400000e-07	-3.758631e-06	-3.596130e-09	-5.403643e+01	-2.311196e+02
2.500000e-07	-3.740817e-06	-3.503650e-09	-5.378034e+01	-2.309242e+02
2.600000e-07	-3.722423e-06	-3.644329e-09	-5.351588e+01	-2.307092e+02
2.700000e-07	-3.703446e-06	-3.613023e-09	-5.324306e+01	-2.304695e+02
2.800000e-07	-3.683905e-06	-3.613985e-09	-5.296212e+01	-2.302001e+02
2.900000e-07	-3.663917e-06	-3.585955e-09	-5.267477e+01	-2.298970e+02
3.000000e-07	-3.643281e-06	-3.509266e-09	-5.237809e+01	-2.295569e+02
3.100000e-07	-3.621892e-06	-3.522307e-09	-5.207059e+01	-2.291775e+02
3.200000e-07	-3.599854e-06	-3.567157e-09	-5.175376e+01	-2.287576e+02
3.300000e-07	-3.577229e-06	-3.601271e-09	-5.142848e+01	-2.282971e+02
3.400000e-07	-3.554054e-06	-3.495949e-09	-5.109531e+01	-2.277967e+02
3.500000e-07	-3.530352e-06	-3.435856e-09	-5.075455e+01	-2.272580e+02
3.600000e-07	-3.506145e-06	-3.535985e-09	-5.040654e+01	-2.266834e+02
3.700000e-07	-3.481370e-06	-3.582367e-09	-5.005036e+01	-2.260757e+02
3.800000e-07	-3.455514e-06	-3.449452e-09	-4.967864e+01	-2.254378e+02
3.900000e-07	-3.428518e-06	-3.416724e-09	-4.929053e+01	-2.247729e+02
4.000000e-07	-3.401028e-06	-3.504820e-09	-4.889532e+01	-2.240837e+02
4.100000e-07	-3.373276e-06	-3.500260e-09	-4.849633e+01	-2.233727e+02
4.200000e-07	-3.344961e-06	-3.412137e-09	-4.808926e+01	-2.226418e+02
4.300000e-07	-3.315952e-06	-3.427123e-09	-4.767220e+01	-2.218925e+02
4.400000e-07	-3.286485e-06	-3.430537e-09	-4.724857e+01	-2.211252e+02
4.500000e-07	-3.256575e-06	-3.398007e-09	-4.681857e+01	-2.203402e+02
4.600000e-07	-3.226022e-06	-3.414451e-09	-4.637932e+01	-2.195368e+02
4.700000e-07	-3.194897e-06	-3.385081e-09	-4.593184e+01	-2.187140e+02
4.800000e-07	-3.163418e-06	-3.350095e-09	-4.547928e+01	-2.178704e+02
4.900000e-07	-3.131630e-06	-3.343926e-09	-4.502228e+01	-2.170045e+02
5.000000e-07	-3.099357e-06	-3.358546e-09	-4.455830e+01	-2.161147e+02
5.100000e-07	-3.066315e-06	-3.340360e-09	-4.408327e+01	-2.151994e+02
5.200000e-07	-3.032297e-06	-3.280525e-09	-4.359420e+01	-2.142575e+02
5.300000e-07	-2.997443e-06	-3.280340e-09	-4.309312e+01	-2.132881e+02
5.400000e-07	-2.962136e-06	-3.300092e-09	-4.258552e+01	-2.122906e+02
5.500000e-07	-2.926561e-06	-3.275135e-09	-4.207408e+01	-2.112651e+02
5.600000e-07	-2.890664e-06	-3.230753e-09	-4.155800e+01	-2.102119e+02
5.700000e-07	-2.854285e-06	-3.209644e-09	-4.103500e+01	-2.091317e+02
5.800000e-07	-2.817351e-06	-3.228457e-09	-4.050401e+01	-2.080255e+02
5.900000e-07	-2.779858e-06	-3.197923e-09	-3.996498e+01	-2.068946e+02
6.000000e-07	-2.741848e-06	-3.159904e-09	-3.941853e+01	-2.057400e+02
6.100000e-07	-2.703357e-06	-3.156581e-09	-3.886516e+01	-2.045627e+02
6.200000e-07	-2.664386e-06	-3.138780e-09	-3.830488e+01	-2.033637e+02
6.300000e-07	-2.625050e-06	-3.122508e-09	-3.773936e+01	-2.021433e+02
6.400000e-07	-2.585463e-06	-3.099526e-09	-3.717024e+01	-2.009015e+02
6.500000e-07	-2.545635e-06	-3.081403e-09	-3.659764e+01	-1.996378e+02
6.600000e-07	-2.505345e-06	-3.055811e-09	-3.601842e+01	-1.983513e+02
6.700000e-07	-2.464302e-06	-3.033286e-09	-3.542835e+01	-1.970404e+02
6.800000e-07	-2.422535e-06	-3.029726e-09	-3.482789e+01	-1.957032e+02
6.900000e-07	-2.380072e-06	-2.993257e-09	-3.421741e+01	-1.943374e+02
7.000000e-07	-2.336964e-06	-2.959997e-09	-3.359766e+01	-1.929405e+02
7.100000e-07	-2.293507e-06	-2.951348e-09	-3.297290e+01	-1.915099e+02
7.200000e-07	-2.249854e-06	-2.936141e-09	-3.234531e+01	-1.900430e+02
7.300000e-07	-2.205936e-06	-2.905640e-09	-3.171391e+01	-1.885371e+02
7.400000e-07	-2.161587e-06	-2.866457e-09	-3.107632e+01	-1.869900e+02
7.500000e-07	-2.116773e-06	-2.855177e-09	-3.043205e+01	-1.853996e+02
7.600000e-07	-2.071611e-06	-2.837110e-09	-2.978279e+01	-1.837643e+02
7.700000e-07	-2.026139e-06	-2.797932e-09	-2.912905e+01	-1.820828e+02
7.800000e-07	-1.980378e-06	-2.768826e-09	-2.847115e+01	-1.803541e+02
7.900000e-07	-1.934331e-06	-2.743065e-09	-2.780916e+01	-1.785775e+02
8.000000e-07	-1.887907e-06	-2.720689e-09	-2.714173e+01	-1.767525e+02
8.100000e-07	-1.841067e-06	-2.687372e-09	-2.646833e+01	-1.748789e+02
8.200000e-07	-1.793937e-06	-2.653118e-09	-2.579076e+01	-1.729564e+02
8.300000e-07	-1.746622e-06	-2.622333e-09	-2.511054e+01	-1.709847e+02
8.400000e-07	-1.699111e-06	-2.585591e-09	-2.442749e+01	-1.689633e+02
8.500000e-07	-1.651393e-06	-2.562156e-09	-2.374146e+01	-1.668914e+02
8.600000e-07	-1.603484e-06	-2.532436e-09	-2.305270e+01	-1.647682e+02
8.700000e-07	-1.555238e-06	-2.491967e-09	-2.235908e+01	-1.625921e+02
8.800000e-07	-1.506495e-06	-2.459005e-09	-2.165832e+01	-1.603615e+02
8.900000e-07	-1.457349e-06	-2.429667e-09	-2.095177e+01	-1.580743e+02
9.000000e-07	-1.407891e-06	-2.397979e-09	-2.024073e+01	-1.557281e+02
9.100000e-07	-1.358017e-06	-2.350617e-09	-1.952370e+01	-1.533202e+02
9.200000e-07	-1.307652e-06	-2.309081e-09	-1.879962e+01	-1.508477e+02
9.300000e-07	-1.256886e-06	-2.276760e-09	-1.806978e+01	-1.483077e+02
9.400000e-07	-1.205841e-06	-2.234091e-09	-1.733592e+01	-1.456970e+02
9.500000e-07	-1.154591e-06	-2.190381e-09	-1.659912e+01	-1.430126e+02
9.600000e-07	-1.103110e-06	-2.143493e-09	-1.585901e+01	-1.402511e+02
9.700000e-07	-1.051404e-06	-2.101928e-09	-1.511564e+01	-1.374097e+02
9.800000e-07	-9.995840e-07	-2.059618e-09	-1.437065e+01	-1.344851e+02
9.900000e-07	-9.476464e-07	-2.011499e-09	-1.362396e+01	-1.314744e+02
1.000000e-06	-8.955221e-07	-1.967118e-09	-1.287459e+01	-1.283744e+02
1.010000e-06	-8.431387e-07	-1.914710e-09	-1.212149e+01	-1.251818e+02
1.020000e-06	-7.904813e-07	-1.864040e-09	-1.136445e+01	-1.218934e+02
1.030000e-06	-7.377351e-07	-1.815031e-09	-1.060614e+01	-1.185054e+02
1.040000e-06	-6.848604e-07	-1.761603e-09	-9.845983e+00	-1.150141e+02
1.050000e-06	-6.317736e-07	-1.705460e-09	-9.082773e+00	-1.114153e+02
1.060000e-06	-5.785980e-07	-1.644263e-09	-8.318288e+00	-1.077044e+02
1.070000e-06	-5.253771e-07	-1.589567e-09	-7.553151e+00	-1.038768e+02
1.080000e-06	-4.721040e-07	-1.528631e-09	-6.787263e+00	-9.992758e+01
1.090000e-06	-4.187930e-07	-1.459429e-09	-6.020832e+00	-9.585168e+01
1.100000e-06	-3.653971e-07	-1.395082e-09	-5.253177e+00	-9.164416e+01
1.110000e-06	-3.118891e-07	-1.328636e-09	-4.483913e+00	-8.730036e+01
1.120000e-06	-2.583319e-07	-1.260664e-09	-3.713941e+00	-8.281602e+01
1.130000e-06	-2.047582e-07	-1.187876e-09	-2.943732e+00	-7.818759e+01
1.140000e-06	-1.512106e-07	-1.113984e-09	-2.173898e+00	-7.341246e+01
1.150000e-06	-9.766710e-08	-1.038956e-09	-1.404124e+00	-6.848911e+01
1.160000e-06	-4.409483e-08	-9.579929e-10	-6.339349e-01	-6.341743e+01
1.170000e-06	9.450401e-09	-8.784310e-10	1.358649e-01	-5.819878e+01
1.180000e-06	6.296345e-08	-7.933893e-10	9.052021e-01	-5.283623e+01
1.190000e-06	1.164515e-07	-7.058089e-10	1.674180e+00	-4.733457e+01
1.200000e-06	1.699649e-07	-6.209813e-10	2.443523e+00	-4.170040e+01
1.210000e-06	2.234693e-07	-5.333412e-10	3.212735e+00	-3.594204e+01
1.220000e-06	2.768950e-07	-4.467538e-10	3.980816e+00	-3.006952e+01
1.230000e-06	3.302497e-07	-3.536371e-10	4.747876e+00	-2.409440e+01
1.240000e-06	3.835333e-07	-2.589494e-10	5.513915e+00	-1.802960e+01
1.250000e-06	4.367791e-07	-1.670869e-10	6.279410e+00	-1.188920e+01
1.260000e-06	4.899406e-07	-7.072793e-11	7.043694e+00	-5.688158e+00
1.270000e-06	5.429839e-07	2.420795e-11	7.806277e+00	5.578888e-01
1.280000e-06	5.959441e-07	1.217846e-10	8.567666e+00	6.832933e+00
1.290000e-06	6.488312e-07	2.189750e-10	9.328004e+00	1.312083e+01
1.300000e-06	7.016049e-07	3.166652e-10	1.008671e+01	1.940552e+01
1.310000e-06	7.542215e-07	4.143248e-10	1.084316e+01	2.567128e+01
1.320000e-06	8.066325e-07	5.074317e-10	1.159666e+01	3.190285e+01
1.330000e-06	8.588596e-07	6.057737e-10	1.234750e+01	3.808563e+01
1.340000e-06	9.109547e-07	7.017328e-10	1.309646e+01	4.420577e+01
1.350000e-06	9.628787e-07	7.962517e-10	1.384295e+01	5.025024e+01
1.360000e-06	1.014623e-06	8.890761e-10	1.458685e+01	5.620695e+01
1.370000e-06	1.066246e-06	9.792019e-10	1.532903e+01	6.206472e+01
1.380000e-06	1.117749e-06	1.067552e-09	1.606946e+01	6.781336e+01
1.390000e-06	1.169065e-06	1.149901e-09	1.680722e+01	7.344366e+01
1.400000e-06	1.220113e-06	1.232695e-09	1.754111e+01	7.894743e+01
1.410000e-06	1.270865e-06	1.315406e-09	1.827076e+01	8.431747e+01
1.420000e-06	1.321278e-06	1.394057e-09	1.899553e+01	8.954768e+01
1.430000e-06	1.371346e-06	1.471538e-09	1.971534e+01	9.463299e+01
1.440000e-06	1.421053e-06	1.547034e-09	2.042995e+01	9.956947e+01
1.450000e-06	1.470288e-06	1.619739e-09	2.113778e+01	1.043543e+02
1.460000e-06	1.518985e-06	1.687828e-09	2.183788e+01	1.089859e+02
1.470000e-06	1.567258e-06	1.753879e-09	2.253189e+01	1.134638e+02
1.480000e-06	1.615258e-06	1.821439e-09	2.322196e+01	1.177888e+02
1.490000e-06	1.663011e-06	1.884338e-09	2.390850e+01	1.219628e+02
1.500000e-06	1.710595e-06	1.945428e-09	2.459258e+01	1.259889e+02
1.510000e-06	1.758013e-06	2.004237e-09	2.527430e+01	1.298711e+02
1.520000e-06	1.805195e-06	2.061836e-09	2.595262e+01	1.336145e+02
1.530000e-06	1.851981e-06	2.116847e-09	2.662525e+01	1.372248e+02
1.540000e-06	1.898380e-06	2.167598e-09	2.729231e+01	1.407085e+02
1.550000e-06	1.944447e-06	2.216598e-09	2.795459e+01	1.440723e+02
1.560000e-06	1.990142e-06	2.262330e-09	2.861153e+01	1.473231e+02
1.570000e-06	2.035508e-06	2.307748e-09	2.926374e+01	1.504678e+02
1.580000e-06	2.080535e-06	2.353767e-09	2.991108e+01	1.535131e+02
1.590000e-06	2.125232e-06	2.395988e-09	3.055366e+01	1.564651e+02
1.600000e-06	2.169525e-06	2.436928e-09	3.119046e+01	1.593293e+02
1.610000e-06	2.213405e-06	2.479078e-09	3.182129e+01	1.621105e+02
1.620000e-06	2.257045e-06	2.521869e-09	3.244870e+01	1.648124e+02
1.630000e-06	2.300509e-06	2.562568e-09	3.307356e+01	1.674382e+02
1.640000e-06	2.343733e-06	2.599364e-09	3.369498e+01	1.699898e+02
1.650000e-06	2.386576e-06	2.634645e-09	3.431091e+01	1.724686e+02
1.660000e-06	2.428821e-06	2.668580e-09	3.491825e+01	1.748753e+02
1.670000e-06	2.470332e-06	2.701477e-09	3.551505e+01	1.772099e+02
1.680000e-06	2.511048e-06	2.733917e-09	3.610040e+01	1.794722e+02
1.690000e-06	2.551116e-06	2.764904e-09	3.667644e+01	1.816618e+02
1.700000e-06	2.590864e-06	2.794319e-09	3.724788e+01	1.837785e+02
1.710000e-06	2.630388e-06	2.823210e-09	3.781611e+01	1.858221e+02
1.720000e-06	2.669570e-06	2.852931e-09	3.837942e+01	1.877930e+02
1.730000e-06	2.708345e-06	2.881633e-09	3.893686e+01	1.896920e+02
1.740000e-06	2.746624e-06	2.907691e-09	3.948719e+01	1.915207e+02
1.750000e-06	2.784387e-06	2.933729e-09	4.003010e+01	1.932810e+02
1.760000e-06	2.821701e-06	2.958645e-09	4.056654e+01	1.949757e+02
1.770000e-06	2.858481e-06	2.982337e-09	4.109531e+01	1.966079e+02
1.780000e-06	2.894738e-06	3.005837e-09	4.161657e+01	1.981811e+02
1.790000e-06	2.930638e-06	3.029443e-09	4.213269e+01	1.996993e+02
1.800000e-06	2.966266e-06	3.053632e-09	4.264490e+01	2.011661e+02
1.810000e-06	3.001521e-06	3.076493e-09	4.315175e+01	2.025853e+02
1.820000e-06	3.036291e-06	3.098674e-09	4.365163e+01	2.039603e+02
1.830000e-06	3.070402e-06	3.120476e-09	4.414202e+01	2.052940e+02
1.840000e-06	3.103595e-06	3.142010e-09	4.461923e+01	2.065886e+02
1.850000e-06	3.135919e-06	3.163198e-09	4.508394e+01	2.078459e+02
1.860000e-06	3.167714e-06	3.181852e-09	4.554105e+01	2.090668e+02
1.870000e-06	3.199203e-06	3.198609e-09	4.599375e+01	2.102515e+02
1.880000e-06	3.230233e-06	3.215682e-09	4.643986e+01	2.113996e+02
1.890000e-06	3.260657e-06	3.233955e-09	4.687724e+01	2.125104e+02
1.900000e-06	3.290485e-06	3.250997e-09	4.730607e+01	2.135828e+02
1.910000e-06	3.319717e-06	3.267536e-09	4.772634e+01	2.146153e+02
1.920000e-06	3.348372e-06	3.285856e-09	4.813829e+01	2.156069e+02
1.930000e-06	3.376474e-06	3.303961e-09	4.854231e+01	2.165565e+02
1.940000e-06	3.404160e-06	3.319973e-09	4.894034e+01	2.174636e+02
1.950000e-06	3.431485e-06	3.332691e-09	4.933319e+01	2.183283e+02
1.960000e-06	3.458211e-06	3.346842e-09	4.971742e+01	2.191513e+02
1.970000e-06	3.483998e-06	3.361829e-09	5.008814e+01	2.199339e+02
1.980000e-06	3.508744e-06	3.374346e-09	5.044390e+01	2.206784e+02
1.990000e-06	3.532734e-06	3.386154e-09	5.078880e+01	2.213874e+02
2.000000e-06	3.556232e-06	3.399009e-09	5.112662e+01	2.220642e+02
2.010000e-06	3.579169e-06	3.411073e-09	5.145638e+01	2.227125e+02
2.020000e-06	3.601434e-06	3.420577e-09	5.177647e+01	2.233360e+02
2.030000e-06	3.623144e-06	3.431500e-09	5.208859e+01	2.239385e+02
2.040000e-06	3.644314e-06	3.441961e-09	5.239294e+01	2.245235e+02
2.050000e-06	3.664856e-06	3.450754e-09	5.268826e+01	2.250940e+02
2.060000e-06	3.684851e-06	3.460290e-09	5.297573e+01	2.256523e+02
2.070000e-06	3.704438e-06	3.470618e-09	5.325732e+01	2.262002e+02
2.080000e-06	3.723524e-06	3.480090e-09	5.353171e+01	2.267384e+02
2.090000e-06	3.741883e-06	3.488210e-09	5.379565e+01	2.272669e+02
2.100000e-06	3.759492e-06	3.496825e-09	5.404881e+01	2.277847e+02
2.110000e-06	3.776510e-06	3.506075e-09	5.429348e+01	2.282904e+02
2.120000e-06	3.793001e-06	3.515376e-09	5.453056e+01	2.287818e+02
2.130000e-06	3.808849e-06	3.524943e-09	5.475840e+01	2.292564e+02
2.140000e-06	3.823856e-06	3.533511e-09	5.497415e+01	2.297115e+02
2.150000e-06	3.837957e-06	3.541178e-09	5.517687e+01	2.301446e+02
2.160000e-06	3.851329e-06	3.548605e-09	5.536913e+01	2.305532e+02
2.170000e-06	3.864048e-06	3.556308e-09	5.555197e+01	2.309356e+02
2.180000e-06	3.876106e-06	3.564197e-09	5.572533e+01	2.312906e+02
2.190000e-06	3.887525e-06	3.569638e-09	5.588950e+01	2.316176e+02
2.200000e-06	3.898130e-06	3.573209e-09	5.604196e+01	2.319169e+02
2.210000e-06	3.907665e-06	3.579445e-09	5.617904e+01	2.321895e+02
2.220000e-06	3.916209e-06	3.586940e-09	5.630187e+01	2.324372e+02
2.230000e-06	3.924060e-06	3.591987e-09	5.641474e+01	2.326622e+02
2.240000e-06	3.931385e-06	3.595432e-09	5.652005e+01	2.328672e+02
2.250000e-06	3.938097e-06	3.599527e-09	5.661656e+01	2.330550e+02
2.260000e-06	3.944091e-06	3.603837e-09	5.670273e+01	2.332284e+02
2.270000e-06	3.949374e-06	3.606725e-09	5.677868e+01	2.333899e+02
2.280000e-06	3.953941e-06	3.610237e-09	5.684434e+01	2.335416e+02
2.290000e-06	3.957918e-06	3.615041e-09	5.690152e+01	2.336848e+02
2.300000e-06	3.961439e-06	3.618998e-09	5.695213e+01	2.338204e+02
2.310000e-06	3.964403e-06	3.621144e-09	5.699475e+01	2.339481e+02
2.320000e-06	3.966480e-06	3.623752e-09	5.702461e+01	2.340670e+02
2.330000e-06	3.967495e-06	3.626662e-09	5.703919e+01	2.341756e+02
2.340000e-06	3.967655e-06	3.629125e-09	5.704150e+01	2.342715e+02
2.350000e-06	3.967237e-06	3.629681e-09	5.703548e+01	2.343520e+02
2.360000e-06	3.966292e-06	3.629144e-09	5.702191e+01	2.344143e+02
2.370000e-06	3.964719e-06	3.630272e-09	5.699928e+01	2.344556e+02
2.380000e-06	3.962507e-06	3.630836e-09	5.696749e+01	2.344732e+02
2.390000e-06	3.959670e-06	3.631799e-09	5.692670e+01	2.344651e+02
2.400000e-06	3.956169e-06	3.639577e-09	5.687637e+01	2.344299e+02
2.410000e-06	3.952132e-06	3.659998e-09	5.681833e+01	2.343671e+02
2.420000e-06	3.947729e-06	3.639465e-09	5.675503e+01	2.342771e+02
2.430000e-06	3.942750e-06	3.552839e-09	5.668345e+01	2.341614e+02
2.440000e-06	3.936641e-06	3.546446e-09	5.659562e+01	2.340223e+02
2.450000e-06	3.929137e-06	3.676583e-09	5.648773e+01	2.338629e+02
2.460000e-06	3.920825e-06	3.698158e-09	5.636824e+01	2.336871e+02
2.470000e-06	3.912393e-06	3.648947e-09	5.624702e+01	2.334991e+02
2.480000e-06	3.903599e-06	3.560231e-09	5.612058e+01	2.333032e+02
2.490000e-06	3.893782e-06	3.562295e-09	5.597945e+01	2.331036e+02
2.500000e-06	3.883166e-06	3.559218e-09	5.582683e+01	2.329043e+02
2.510000e-06	3.872415e-06	3.616433e-09	5.567226e+01	2.327082e+02
2.520000e-06	3.860929e-06	3.634128e-09	5.550714e+01	2.325177e+02
2.530000e-06	3.848035e-06	3.431763e-09	5.532177e+01	2.323340e+02
2.540000e-06	3.834554e-06	3.526402e-09	5.512796e+01	2.321570e+02
2.550000e-06	3.820909e-06	3.660179e-09	5.493179e+01	2.319856e+02
2.560000e-06	3.806193e-06	3.550594e-09	5.472021e+01	2.318174e+02
2.570000e-06	3.790249e-06	3.364386e-09	5.449100e+01	2.316490e+02
2.580000e-06	3.773783e-06	3.473992e-09	5.425428e+01	2.314761e+02
2.590000e-06	3.756823e-06	3.529705e-09	5.401044e+01	2.312937e+02
2.600000e-06	3.739101e-06	3.375521e-09	5.375567e+01	2.310967e+02
2.610000e-06	3.720682e-06	3.449003e-09	5.349086e+01	2.308795e+02
2.620000e-06	3.701627e-06	3.478969e-09	5.321691e+01	2.306371e+02
2.630000e-06	3.681939e-06	3.414875e-09	5.293386e+01	2.303645e+02
2.640000e-06	3.661703e-06	3.444589e-09	5.264293e+01	2.300579e+02
2.650000e-06	3.641025e-06	3.516574e-09	5.234566e+01	2.297141e+02
2.660000e-06	3.619861e-06	3.424215e-09	5.204139e+01	2.293307e+02
2.670000e-06	3.597745e-06	3.353293e-09	5.172344e+01	2.289069e+02
2.680000e-06	3.574462e-06	3.469597e-09	5.138871e+01	2.284424e+02
2.690000e-06	3.550493e-06	3.483455e-09	5.104412e+01	2.279381e+02
2.700000e-06	3.526014e-06	3.405054e-09	5.069218e+01	2.273958e+02
2.710000e-06	3.500759e-06	3.325449e-09	5.032911e+01	2.268178e+02
2.720000e-06	3.474959e-06	3.407075e-09	4.995819e+01	2.262070e+02
2.730000e-06	3.448861e-06	3.486012e-09	4.958298e+01	2.255664e+02
2.740000e-06	3.422066e-06	3.327682e-09	4.919777e+01	2.248990e+02
2.750000e-06	3.394474e-06	3.329225e-09	4.880108e+01	2.242075e+02
2.760000e-06	3.366432e-06	3.406654e-09	4.839794e+01	2.234946e+02
2.770000e-06	3.338037e-06	3.331565e-09	4.798971e+01	2.227619e+02
2.780000e-06	3.309078e-06	3.330571e-09	4.757339e+01	2.220108e+02
2.790000e-06	3.279392e-06	3.342446e-09	4.714660e+01	2.212418e+02
2.800000e-06	3.248905e-06	3.307228e-09	4.670830e+01	2.204551e+02
2.810000e-06	3.217632e-06	3.298683e-09	4.625870e+01	2.196498e+02
2.820000e-06	3.185725e-06	3.288872e-09	4.579997e+01	2.188251e+02
2.830000e-06	3.153395e-06	3.311427e-09	4.533519e+01	2.179794e+02
2.840000e-06	3.120728e-06	3.267554e-09	4.486555e+01	2.171113e+02
2.850000e-06	3.087486e-06	3.222985e-09	4.438764e+01	2.162190e+02
2.860000e-06	3.053640e-06	3.259650e-09	4.390104e+01	2.153012e+02
2.870000e-06	3.019377e-06	3.247976e-09	4.340846e+01	2.143567e+02
2.880000e-06	2.984673e-06	3.198435e-09	4.290954e+01	2.133845e+02
2.890000e-06	2.949370e-06	3.179889e-09	4.240200e+01	2.123843e+02
2.900000e-06	2.913504e-06	3.204951e-09	4.188637e+01	2.113561e+02
2.910000e-06	2.877306e-06	3.183649e-09	4.136595e+01	2.103002e+02
2.920000e-06	2.840813e-06	3.131521e-09	4.084130e+01	2.092174e+02
2.930000e-06	2.803890e-06	3.138893e-09	4.031048e+01	2.081088e+02
2.940000e-06	2.766380e-06	3.134985e-09	3.977122e+01	2.069755e+02
2.950000e-06	2.728045e-06	3.096936e-09	3.922009e+01	2.058186e+02
2.960000e-06	2.688845e-06	3.074179e-09	3.865652e+01	2.046393e+02
2.970000e-06	2.649032e-06	3.071111e-09	3.808415e+01	2.034381e+02
2.980000e-06	2.608843e-06	3.054223e-09	3.750637e+01	2.022157e+02
2.990000e-06	2.568323e-06	3.021511e-09	3.692382e+01	2.009718e+02
3.000000e-06	2.527471e-06	3.016666e-09	3.633651e+01	1.997060e+02
3.010000e-06	2.486229e-06	2.998301e-09	3.574358e+01	1.984171e+02
3.020000e-06	2.444499e-06	2.965185e-09	3.514365e+01	1.971037e+02
3.030000e-06	2.402363e-06	2.955380e-09	3.453787e+01	1.957639e+02
3.040000e-06	2.359850e-06	2.946874e-09	3.392668e+01	1.943952e+02
3.050000e-06	2.316918e-06	2.918899e-09	3.330947e+01	1.929951e+02
3.060000e-06	2.273507e-06	2.877279e-09	3.268536e+01	1.915611e+02
3.070000e-06	2.229668e-06	2.868634e-09	3.205510e+01	1.900904e+02
3.080000e-06	2.185591e-06	2.861689e-09	3.142142e+01	1.885806e+02
3.090000e-06	2.141309e-06	2.823228e-09	3.078480e+01	1.870293e+02
3.100000e-06	2.096830e-06	2.795792e-09	3.014535e+01	1.854346e+02
3.110000e-06	2.052112e-06	2.780686e-09	2.950245e+01	1.837948e+02
3.120000e-06	2.006983e-06	2.764707e-09	2.885365e+01	1.821087e+02
3.130000e-06	1.961362e-06	2.731247e-09	2.819777e+01	1.803752e+02
3.140000e-06	1.915230e-06	2.697507e-09	2.753455e+01	1.785939e+02
3.150000e-06	1.868702e-06	2.678437e-09	2.686563e+01	1.767641e+02
3.160000e-06	1.821970e-06	2.646570e-09	2.619379e+01	1.748857e+02
3.170000e-06	1.775022e-06	2.618658e-09	2.551884e+01	1.729584e+02
3.180000e-06	1.727859e-06	2.592049e-09	2.484078e+01	1.709818e+02
3.190000e-06	1.680494e-06	2.556303e-09	2.415983e+01	1.689554e+02
3.200000e-06	1.632863e-06	2.524423e-09	2.347507e+01	1.668786e+02
3.210000e-06	1.584879e-06	2.495231e-09	2.278521e+01	1.647502e+02
3.220000e-06	1.536583e-06	2.471031e-09	2.209089e+01	1.625688e+02
3.230000e-06	1.487991e-06	2.431299e-09	2.139230e+01	1.603327e+02
3.240000e-06	1.438991e-06	2.391284e-09	2.068783e+01	1.580398e+02
3.250000e-06	1.389716e-06	2.368075e-09	1.997943e+01	1.556876e+02
3.260000e-06	1.340183e-06	2.332178e-09	1.926731e+01	1.532734e+02
3.270000e-06	1.290297e-06	2.289663e-09	1.855012e+01	1.507945e+02
3.280000e-06	1.240149e-06	2.248690e-09	1.782915e+01	1.482476e+02
3.290000e-06	1.189837e-06	2.211687e-09	1.710585e+01	1.456297e+02
3.300000e-06	1.139300e-06	2.173661e-09	1.637930e+01	1.429377e+02
3.310000e-06	1.088514e-06	2.127086e-09	1.564916e+01	1.401685e+02
3.320000e-06	1.037486e-06	2.086424e-09	1.491555e+01	1.373190e+02
3.330000e-06	9.861963e-07	2.039213e-09	1.417818e+01	1.343860e+02
3.340000e-06	9.346602e-07	1.991125e-09	1.343726e+01	1.313666e+02
3.350000e-06	8.829263e-07	1.948637e-09	1.269350e+01	1.282575e+02
3.360000e-06	8.310638e-07	1.897908e-09	1.194790e+01	1.250556e+02
3.370000e-06	7.790840e-07	1.846742e-09	1.120060e+01	1.217574e+02
3.380000e-06	7.270227e-07	1.793537e-09	1.045213e+01	1.183594e+02
3.390000e-06	6.748785e-07	1.747018e-09	9.702476e+00	1.148576e+02
3.400000e-06	6.226269e-07	1.697946e-09	8.951274e+00	1.112478e+02
3.410000e-06	5.702613e-07	1.636826e-09	8.198435e+00	1.075256e+02
3.420000e-06	5.178017e-07	1.582047e-09	7.444243e+00	1.036861e+02
3.430000e-06	4.652760e-07	1.526242e-09	6.689099e+00	9.972449e+01
3.440000e-06	4.126435e-07	1.466512e-09	5.932422e+00	9.563571e+01
3.450000e-06	3.598949e-07	1.398039e-09	5.174075e+00	9.141484e+01
3.460000e-06	3.070434e-07	1.326633e-09	4.414249e+00	8.705723e+01
3.470000e-06	2.540836e-07	1.263623e-09	3.652865e+00	8.255870e+01
3.480000e-06	2.010807e-07	1.193549e-09	2.890862e+00	7.791578e+01
3.490000e-06	1.481108e-07	1.119837e-09	2.129333e+00	7.312593e+01
3.500000e-06	9.517331e-08	1.045871e-09	1.368271e+00	6.818781e+01
3.510000e-06	4.221892e-08	9.707689e-10	6.069656e-01	6.310140e+01
3.520000e-06	-1.081794e-08	8.942119e-10	-1.555255e-01	5.786827e+01
3.530000e-06	-6.388617e-08	8.102984e-10	-9.184677e-01	5.249163e+01
3.540000e-06	-1.169011e-07	7.289258e-10	-1.680643e+00	4.697647e+01
3.550000e-06	-1.698284e-07	6.440791e-10	-2.441560e+00	4.132954e+01
3.560000e-06	-2.226559e-07	5.550682e-10	-3.201041e+00	3.555936e+01
3.570000e-06	-2.754207e-07	4.668535e-10	-3.959620e+00	2.967610e+01
3.580000e-06	-3.281540e-07	3.736713e-10	-4.717748e+00	2.369148e+01
3.590000e-06	-3.808578e-07	2.831461e-10	-5.475451e+00	1.761854e+01
3.600000e-06	-4.334319e-07	1.921942e-10	-6.231289e+00	1.147145e+01
3.610000e-06	-4.859281e-07	1.004979e-10	-6.986007e+00	5.265273e+00
3.620000e-06	-5.384014e-07	6.574128e-12	-7.740396e+00	-9.843299e-01
3.630000e-06	-5.907784e-07	-9.139698e-11	-8.493400e+00	-7.261317e+00
3.640000e-06	-6.430523e-07	-1.854412e-10	-9.244923e+00	-1.354954e+01
3.650000e-06	-6.952219e-07	-2.803094e-10	-9.994945e+00	-1.983297e+01
3.660000e-06	-7.472937e-07	-3.749773e-10	-1.074356e+01	-2.609592e+01
3.670000e-06	-7.992813e-07	-4.695929e-10	-1.149097e+01	-3.232319e+01
3.680000e-06	-8.511615e-07	-5.643256e-10	-1.223683e+01	-3.850025e+01
3.690000e-06	-9.029046e-07	-6.543592e-10	-1.298072e+01	-4.461332e+01
3.700000e-06	-9.544473e-07	-7.460350e-10	-1.372173e+01	-5.064948e+01
3.710000e-06	-1.005786e-06	-8.362208e-10	-1.445980e+01	-5.659671e+01
3.720000e-06	-1.056997e-06	-9.223955e-10	-1.519605e+01	-6.244394e+01
3.730000e-06	-1.107994e-06	-1.008723e-09	-1.592922e+01	-6.818107e+01
3.740000e-06	-1.158685e-06	-1.093713e-09	-1.665798e+01	-7.379901e+01
3.750000e-06	-1.209136e-06	-1.179551e-09	-1.738330e+01	-7.928964e+01
3.760000e-06	-1.259408e-06	-1.261441e-09	-1.810604e+01	-8.464589e+01
3.770000e-06	-1.309492e-06	-1.340942e-09	-1.882607e+01	-8.986175e+01
3.780000e-06	-1.359364e-06	-1.418548e-09	-1.954307e+01	-9.493227e+01
3.790000e-06	-1.408917e-06	-1.493449e-09	-2.025548e+01	-9.985362e+01
3.800000e-06	-1.457984e-06	-1.568721e-09	-2.096089e+01	-1.046231e+02
3.810000e-06	-1.506560e-06	-1.638159e-09	-2.165925e+01	-1.092393e+02
3.820000e-06	-1.554691e-06	-1.706457e-09	-2.235122e+01	-1.137018e+02
3.830000e-06	-1.602387e-06	-1.774729e-09	-2.303692e+01	-1.180115e+02
3.840000e-06	-1.649743e-06	-1.838605e-09	-2.371774e+01	-1.221705e+02
3.850000e-06	-1.696918e-06	-1.900753e-09	-2.439596e+01	-1.261819e+02
3.860000e-06	-1.743842e-06	-1.959840e-09	-2.507057e+01	-1.300499e+02
3.870000e-06	-1.790476e-06	-2.019447e-09	-2.574100e+01	-1.337797e+02
3.880000e-06	-1.836930e-06	-2.080067e-09	-2.640886e+01	-1.373770e+02
3.890000e-06	-1.883166e-06	-2.135735e-09	-2.707357e+01	-1.408483e+02
3.900000e-06	-1.929098e-06	-2.187300e-09	-2.773392e+01	-1.442004e+02
3.910000e-06	-1.974649e-06	-2.233080e-09	-2.838879e+01	-1.474402e+02
3.920000e-06	-2.019762e-06	-2.280835e-09	-2.903737e+01	-1.505746e+02
3.930000e-06	-2.064446e-06	-2.327165e-09	-2.967977e+01	-1.536103e+02
3.940000e-06	-2.108835e-06	-2.369476e-09	-3.031794e+01	-1.565532e+02
3.950000e-06	-2.153073e-06	-2.413726e-09	-3.095393e+01	-1.594088e+02
3.960000e-06	-2.197143e-06	-2.458160e-09	-3.158750e+01	-1.621818e+02
3.970000e-06	-2.240910e-06	-2.505062e-09	-3.221673e+01	-1.648759e+02
3.980000e-06	-2.284246e-06	-2.550657e-09	-3.283975e+01	-1.674941e+02
3.990000e-06	-2.327136e-06	-2.593269e-09	-3.345636e+01	-1.700384e+02
4.000000e-06	-2.369631e-06	-2.633378e-09	-3.406730e+01	-1.725099e+02
4.010000e-06	-2.411752e-06	-2.672507e-09	-3.467286e+01	-1.749093e+02
4.020000e-06	-2.453487e-06	-2.710405e-09	-3.527287e+01	-1.772366e+02
4.030000e-06	-2.494747e-06	-2.744955e-09	-3.586605e+01	-1.794916e+02
4.040000e-06	-2.535550e-06	-2.777251e-09	-3.645266e+01	-1.816739e+02
4.050000e-06	-2.576025e-06	-2.809121e-09	-3.703455e+01	-1.837831e+02
4.060000e-06	-2.616253e-06	-2.840197e-09	-3.761289e+01	-1.858194e+02
4.070000e-06	-2.656168e-06	-2.873032e-09	-3.818673e+01	-1.877830e+02
4.080000e-06	-2.695649e-06	-2.906203e-09	-3.875435e+01	-1.896748e+02
4.090000e-06	-2.734491e-06	-2.935130e-09	-3.931275e+01	-1.914965e+02
4.100000e-06	-2.772539e-06	-2.960222e-09	-3.985976e+01	-1.932500e+02
4.110000e-06	-2.809823e-06	-2.985174e-09	-4.039578e+01	-1.949382e+02
4.120000e-06	-2.846503e-06	-3.011310e-09	-4.092312e+01	-1.965643e+02
4.130000e-06	-2.882800e-06	-3.034425e-09	-4.144494e+01	-1.981318e+02
4.140000e-06	-2.918803e-06	-3.056136e-09	-4.196254e+01	-1.996446e+02
4.150000e-06	-2.954443e-06	-3.078973e-09	-4.247493e+01	-2.011064e+02
4.160000e-06	-2.989519e-06	-3.101009e-09	-4.297920e+01	-2.025210e+02
4.170000e-06	-3.024038e-06	-3.122009e-09	-4.347547e+01	-2.038917e+02
4.180000e-06	-3.058095e-06	-3.143191e-09	-4.396509e+01	-2.052213e+02
4.190000e-06	-3.091602e-06	-3.164982e-09	-4.444681e+01	-2.065121e+02
4.200000e-06	-3.124551e-06	-3.185417e-09	-4.492050e+01	-2.077656e+02
4.210000e-06	-3.157098e-06	-3.202486e-09	-4.538842e+01	-2.089828e+02
4.220000e-06	-3.189283e-06	-3.217221e-09	-4.585113e+01	-2.101638e+02
4.230000e-06	-3.220925e-06	-3.230638e-09	-4.630604e+01	-2.113082e+02
4.240000e-06	-3.251782e-06	-3.244039e-09	-4.674966e+01	-2.124151e+02
4.250000e-06	-3.281689e-06	-3.257216e-09	-4.717962e+01	-2.134835e+02
4.260000e-06	-3.310742e-06	-3.270735e-09	-4.759731e+01	-2.145119e+02
4.270000e-06	-3.339224e-06	-3.284504e-09	-4.800678e+01	-2.154992e+02
4.280000e-06	-3.367319e-06	-3.296664e-09	-4.841069e+01	-2.164446e+02
4.290000e-06	-3.394945e-06	-3.310502e-09	-4.880785e+01	-2.173474e+02
4.300000e-06	-3.421925e-06	-3.324685e-09	-4.919575e+01	-2.182078e+02
4.310000e-06	-3.448278e-06	-3.335918e-09	-4.957461e+01	-2.190266e+02
4.320000e-06	-3.473993e-06	-3.346053e-09	-4.994431e+01	-2.198052e+02
4.330000e-06	-3.499014e-06	-3.355369e-09	-5.030402e+01	-2.205459e+02
4.340000e-06	-3.523505e-06	-3.363966e-09	-5.065612e+01	-2.212514e+02
4.350000e-06	-3.547702e-06	-3.372488e-09	-5.100399e+01	-2.219252e+02
4.360000e-06	-3.571438e-06	-3.381335e-09	-5.134524e+01	-2.225707e+02
4.370000e-06	-3.594396e-06	-3.389996e-09	-5.167529e+01	-2.231919e+02
4.380000e-06	-3.616412e-06	-3.398885e-09	-5.199180e+01	-2.237925e+02
4.390000e-06	-3.637506e-06	-3.408345e-09	-5.229507e+01	-2.243758e+02
4.400000e-06	-3.657981e-06	-3.416517e-09	-5.258943e+01	-2.249449e+02
4.410000e-06	-3.678063e-06	-3.423583e-09	-5.287814e+01	-2.255021e+02
4.420000e-06	-3.697612e-06	-3.429289e-09	-5.315919e+01	-2.260489e+02
4.430000e-06	-3.716436e-06	-3.434702e-09	-5.342982e+01	-2.265861e+02
4.440000e-06	-3.734629e-06	-3.440809e-09	-5.369137e+01	-2.271135e+02
4.450000e-06	-3.752226e-06	-3.446374e-09	-5.394436e+01	-2.276301e+02
4.460000e-06	-3.769201e-06	-3.452599e-09	-5.418840e+01	-2.281344e+02
4.470000e-06	-3.785723e-06	-3.457759e-09	-5.442592e+01	-2.286242e+02
4.480000e-06	-3.801808e-06	-3.462893e-09	-5.465718e+01	-2.290969e+02
4.490000e-06	-3.817061e-06	-3.469675e-09	-5.487647e+01	-2.295498e+02
4.500000e-06	-3.831124e-06	-3.476337e-09	-5.507864e+01	-2.299805e+02
4.510000e-06	-3.844193e-06	-3.483180e-09	-5.526652e+01	-2.303865e+02
4.520000e-06	-3.856599e-06	-3.487616e-09	-5.544489e+01	-2.307662e+02
4.530000e-06	-3.868389e-06	-3.490503e-09	-5.561439e+01	-2.311183e+02
4.540000e-06	-3.879467e-06	-3.494514e-09	-5.577366e+01	-2.314424e+02
4.550000e-06	-3.889851e-06	-3.496970e-09	-5.592294e+01	-2.317389e+02
4.560000e-06	-3.899598e-06	-3.497513e-09	-5.606306e+01	-2.320088e+02
4.570000e-06	-3.908649e-06	-3.499033e-09	-5.619319e+01	-2.322541e+02
4.580000e-06	-3.917131e-06	-3.501811e-09	-5.631513e+01	-2.324769e+02
4.590000e-06	-3.925160e-06	-3.506172e-09	-5.643057e+01	-2.326800e+02
4.600000e-06	-3.932475e-06	-3.509599e-09	-5.653573e+01	-2.328662e+02
4.610000e-06	-3.938756e-06	-3.510614e-09	-5.662603e+01	-2.330382e+02
4.620000e-06	-3.944008e-06	-3.512037e-09	-5.670153e+01	-2.331986e+02
4.630000e-06	-3.948524e-06	-3.512832e-09	-5.676645e+01	-2.333493e+02
4.640000e-06	-3.952555e-06	-3.512054e-09	-5.682441e+01	-2.334917e+02
4.650000e-06	-3.956044e-06	-3.511111e-09	-5.687457e+01	-2.336264e+02
4.660000e-06	-3.958858e-06	-3.512166e-09	-5.691503e+01	-2.337532e+02
4.670000e-06	-3.961046e-06	-3.513162e-09	-5.694649e+01	-2.338711e+02
4.680000e-06	-3.962502e-06	-3.511797e-09	-5.696741e+01	-2.339785e+02
4.690000e-06	-3.963280e-06	-3.511066e-09	-5.697860e+01	-2.340729e+02
