# Temperatura_=_20.0
# Concentracion g/m^3_=_9000.0
# C_Vs_to_Am_M_A/Vsm_=_65563218390.804596
# pendiente_HvsI_1/m_=_3716.3
# ordenada_HvsI_A/m_=_1297.0
# frecuencia_Hz_=_301271.07545531227

Tiempo_(s)	Campo_(V.s)	Magnetizacion_(V.s)	Campo_(kA/m)	Magnetizacion_(A/m)
0.000000e+00	-8.106904e-06	-6.330202e-09	-5.698519e+01	-4.166161e+02
1.000000e-08	-8.104532e-06	-6.335776e-09	-5.696851e+01	-4.165219e+02
2.000000e-08	-8.099466e-06	-6.336024e-09	-5.693290e+01	-4.164192e+02
3.000000e-08	-8.091831e-06	-6.330809e-09	-5.687924e+01	-4.163085e+02
4.000000e-08	-8.081399e-06	-6.324916e-09	-5.680591e+01	-4.161855e+02
5.000000e-08	-8.068030e-06	-6.319964e-09	-5.671193e+01	-4.160424e+02
6.000000e-08	-8.051746e-06	-6.317329e-09	-5.659747e+01	-4.158692e+02
7.000000e-08	-8.032893e-06	-6.315302e-09	-5.646495e+01	-4.156552e+02
8.000000e-08	-8.011719e-06	-6.305451e-09	-5.631611e+01	-4.153912e+02
9.000000e-08	-7.987791e-06	-6.357139e-09	-5.614792e+01	-4.150710e+02
1.000000e-07	-7.960672e-06	-6.394460e-09	-5.595729e+01	-4.146923e+02
1.100000e-07	-7.930467e-06	-6.335723e-09	-5.574498e+01	-4.142572e+02
1.200000e-07	-7.897368e-06	-6.280673e-09	-5.551232e+01	-4.137714e+02
1.300000e-07	-7.861460e-06	-6.269430e-09	-5.525991e+01	-4.132436e+02
1.400000e-07	-7.823159e-06	-6.288582e-09	-5.499068e+01	-4.126832e+02
1.500000e-07	-7.782655e-06	-6.255162e-09	-5.470597e+01	-4.120989e+02
1.600000e-07	-7.739542e-06	-6.259614e-09	-5.440292e+01	-4.114969e+02
1.700000e-07	-7.693586e-06	-6.275220e-09	-5.407989e+01	-4.108796e+02
1.800000e-07	-7.644871e-06	-6.168036e-09	-5.373746e+01	-4.102450e+02
1.900000e-07	-7.593185e-06	-6.279602e-09	-5.337414e+01	-4.095867e+02
2.000000e-07	-7.538509e-06	-6.266429e-09	-5.298981e+01	-4.088952e+02
2.100000e-07	-7.481087e-06	-6.156086e-09	-5.258618e+01	-4.081589e+02
2.200000e-07	-7.421020e-06	-6.201639e-09	-5.216396e+01	-4.073663e+02
2.300000e-07	-7.358371e-06	-6.195399e-09	-5.172359e+01	-4.065075e+02
2.400000e-07	-7.293019e-06	-6.219086e-09	-5.126421e+01	-4.055759e+02
2.500000e-07	-7.224947e-06	-6.133549e-09	-5.078572e+01	-4.045694e+02
2.600000e-07	-7.154262e-06	-6.137030e-09	-5.028886e+01	-4.034902e+02
2.700000e-07	-7.080805e-06	-6.146028e-09	-4.977251e+01	-4.023444e+02
2.800000e-07	-7.004530e-06	-6.116908e-09	-4.923636e+01	-4.011407e+02
2.900000e-07	-6.925528e-06	-6.098510e-09	-4.868104e+01	-3.998887e+02
3.000000e-07	-6.843943e-06	-6.075319e-09	-4.810756e+01	-3.985972e+02
3.100000e-07	-6.760039e-06	-6.076185e-09	-4.751778e+01	-3.972717e+02
3.200000e-07	-6.673877e-06	-6.015189e-09	-4.691213e+01	-3.959141e+02
3.300000e-07	-6.585419e-06	-6.027503e-09	-4.629034e+01	-3.945212e+02
3.400000e-07	-6.494573e-06	-6.026417e-09	-4.565177e+01	-3.930856e+02
3.500000e-07	-6.401378e-06	-5.952244e-09	-4.499668e+01	-3.915962e+02
3.600000e-07	-6.305918e-06	-5.928808e-09	-4.432567e+01	-3.900404e+02
3.700000e-07	-6.208173e-06	-5.949596e-09	-4.363860e+01	-3.884056e+02
3.800000e-07	-6.108150e-06	-5.915865e-09	-4.293551e+01	-3.866815e+02
3.900000e-07	-6.005908e-06	-5.844810e-09	-4.221683e+01	-3.848618e+02
4.000000e-07	-5.901563e-06	-5.841583e-09	-4.148337e+01	-3.829449e+02
4.100000e-07	-5.795100e-06	-5.838577e-09	-4.073502e+01	-3.809342e+02
4.200000e-07	-5.686526e-06	-5.781117e-09	-3.997183e+01	-3.788375e+02
4.300000e-07	-5.575955e-06	-5.737515e-09	-3.919460e+01	-3.766651e+02
4.400000e-07	-5.463379e-06	-5.729282e-09	-3.840328e+01	-3.744276e+02
4.500000e-07	-5.348659e-06	-5.695300e-09	-3.759688e+01	-3.721341e+02
4.600000e-07	-5.231747e-06	-5.639351e-09	-3.677509e+01	-3.697896e+02
4.700000e-07	-5.112877e-06	-5.610406e-09	-3.593953e+01	-3.673935e+02
4.800000e-07	-4.992248e-06	-5.587297e-09	-3.509159e+01	-3.649394e+02
4.900000e-07	-4.869793e-06	-5.532269e-09	-3.423083e+01	-3.624146e+02
5.000000e-07	-4.745502e-06	-5.489242e-09	-3.335716e+01	-3.598025e+02
5.100000e-07	-4.619517e-06	-5.460926e-09	-3.247159e+01	-3.570836e+02
5.200000e-07	-4.491893e-06	-5.411465e-09	-3.157449e+01	-3.542389e+02
5.300000e-07	-4.362694e-06	-5.350764e-09	-3.066633e+01	-3.512521e+02
5.400000e-07	-4.231929e-06	-5.311071e-09	-2.974715e+01	-3.481115e+02
5.500000e-07	-4.099571e-06	-5.271628e-09	-2.881677e+01	-3.448113e+02
5.600000e-07	-3.965779e-06	-5.202933e-09	-2.787632e+01	-3.413518e+02
5.700000e-07	-3.830586e-06	-5.147041e-09	-2.692602e+01	-3.377379e+02
5.800000e-07	-3.693970e-06	-5.106179e-09	-2.596572e+01	-3.339771e+02
5.900000e-07	-3.555946e-06	-5.052422e-09	-2.499551e+01	-3.300767e+02
6.000000e-07	-3.416478e-06	-4.975556e-09	-2.401517e+01	-3.260400e+02
6.100000e-07	-3.275563e-06	-4.911943e-09	-2.302464e+01	-3.218639e+02
6.200000e-07	-3.133344e-06	-4.854473e-09	-2.202496e+01	-3.175364e+02
6.300000e-07	-2.989997e-06	-4.780498e-09	-2.101733e+01	-3.130359e+02
6.400000e-07	-2.845545e-06	-4.700043e-09	-2.000196e+01	-3.083315e+02
6.500000e-07	-2.700024e-06	-4.621876e-09	-1.897905e+01	-3.033853e+02
6.600000e-07	-2.553503e-06	-4.543501e-09	-1.794913e+01	-2.981546e+02
6.700000e-07	-2.406140e-06	-4.452152e-09	-1.691328e+01	-2.925965e+02
6.800000e-07	-2.258068e-06	-4.364550e-09	-1.587245e+01	-2.866703e+02
6.900000e-07	-2.109301e-06	-4.270435e-09	-1.482674e+01	-2.803410e+02
7.000000e-07	-1.959855e-06	-4.163475e-09	-1.377625e+01	-2.735795e+02
7.100000e-07	-1.809704e-06	-4.051864e-09	-1.272081e+01	-2.663624e+02
7.200000e-07	-1.658835e-06	-3.942558e-09	-1.166031e+01	-2.586685e+02
7.300000e-07	-1.507322e-06	-3.823331e-09	-1.059529e+01	-2.504737e+02
7.400000e-07	-1.355267e-06	-3.684723e-09	-9.526464e+00	-2.417452e+02
7.500000e-07	-1.202740e-06	-3.542309e-09	-8.454319e+00	-2.324345e+02
7.600000e-07	-1.049842e-06	-3.393741e-09	-7.379570e+00	-2.224711e+02
7.700000e-07	-8.965869e-07	-3.228819e-09	-6.302304e+00	-2.117595e+02
7.800000e-07	-7.429831e-07	-3.041458e-09	-5.222589e+00	-2.001773e+02
7.900000e-07	-5.891150e-07	-2.846474e-09	-4.141018e+00	-1.875792e+02
8.000000e-07	-4.350030e-07	-2.638383e-09	-3.057731e+00	-1.738038e+02
8.100000e-07	-2.806955e-07	-2.405940e-09	-1.973069e+00	-1.586861e+02
8.200000e-07	-1.262700e-07	-2.150151e-09	-8.875794e-01	-1.420719e+02
8.300000e-07	2.818950e-08	-1.872502e-09	1.981501e-01	-1.238363e+02
8.400000e-07	1.825863e-07	-1.569629e-09	1.283439e+00	-1.039007e+02
8.500000e-07	3.368858e-07	-1.238492e-09	2.368044e+00	-8.225038e+01
8.600000e-07	4.911071e-07	-8.868282e-10	3.452098e+00	-5.894702e+01
8.700000e-07	6.451134e-07	-5.108288e-10	4.534642e+00	-3.413697e+01
8.800000e-07	7.988332e-07	-1.138774e-10	5.615172e+00	-8.052660e+00
8.900000e-07	9.522777e-07	2.986189e-10	6.693767e+00	1.899329e+01
9.000000e-07	1.105392e-06	7.198776e-10	7.770038e+00	4.662107e+01
9.100000e-07	1.258119e-06	1.145459e-09	8.843590e+00	7.440311e+01
9.200000e-07	1.410347e-06	1.567761e-09	9.913638e+00	1.018884e+02
9.300000e-07	1.562048e-06	1.975981e-09	1.097998e+01	1.286294e+02
9.400000e-07	1.713203e-06	2.366963e-09	1.204247e+01	1.542095e+02
9.500000e-07	1.863734e-06	2.735641e-09	1.310059e+01	1.782678e+02
9.600000e-07	2.013605e-06	3.075503e-09	1.415407e+01	2.005200e+02
9.700000e-07	2.162742e-06	3.379289e-09	1.520238e+01	2.207723e+02
9.800000e-07	2.311085e-06	3.650015e-09	1.624512e+01	2.389281e+02
9.900000e-07	2.458641e-06	3.888313e-09	1.728232e+01	2.549864e+02
1.000000e-06	2.605350e-06	4.095695e-09	1.831357e+01	2.690333e+02
1.010000e-06	2.751111e-06	4.276967e-09	1.933816e+01	2.812270e+02
1.020000e-06	2.895877e-06	4.438525e-09	2.035575e+01	2.917776e+02
1.030000e-06	3.039574e-06	4.579504e-09	2.136582e+01	3.009259e+02
1.040000e-06	3.182132e-06	4.701551e-09	2.236790e+01	3.089211e+02
1.050000e-06	3.323507e-06	4.811574e-09	2.336165e+01	3.160009e+02
1.060000e-06	3.463627e-06	4.911780e-09	2.434658e+01	3.223762e+02
1.070000e-06	3.602359e-06	5.003363e-09	2.532176e+01	3.282192e+02
1.080000e-06	3.739718e-06	5.086190e-09	2.628729e+01	3.336590e+02
1.090000e-06	3.875732e-06	5.165747e-09	2.724336e+01	3.387812e+02
1.100000e-06	4.010311e-06	5.241101e-09	2.818935e+01	3.436330e+02
1.110000e-06	4.143503e-06	5.307523e-09	2.912558e+01	3.482309e+02
1.120000e-06	4.275242e-06	5.368439e-09	3.005161e+01	3.525715e+02
1.130000e-06	4.405321e-06	5.426402e-09	3.096596e+01	3.566414e+02
1.140000e-06	4.533780e-06	5.480207e-09	3.186893e+01	3.604271e+02
1.150000e-06	4.660670e-06	5.527752e-09	3.276086e+01	3.639218e+02
1.160000e-06	4.785962e-06	5.573055e-09	3.364157e+01	3.671304e+02
1.170000e-06	4.909639e-06	5.617373e-09	3.451092e+01	3.700706e+02
1.180000e-06	5.031568e-06	5.659467e-09	3.536798e+01	3.727714e+02
1.190000e-06	5.151623e-06	5.698654e-09	3.621188e+01	3.752700e+02
1.200000e-06	5.269809e-06	5.733789e-09	3.704263e+01	3.776066e+02
1.210000e-06	5.386073e-06	5.769034e-09	3.785987e+01	3.798194e+02
1.220000e-06	5.500200e-06	5.802756e-09	3.866210e+01	3.819402e+02
1.230000e-06	5.612132e-06	5.834438e-09	3.944889e+01	3.839910e+02
1.240000e-06	5.722072e-06	5.863197e-09	4.022168e+01	3.859828e+02
1.250000e-06	5.830133e-06	5.889747e-09	4.098127e+01	3.879160e+02
1.260000e-06	5.936121e-06	5.915348e-09	4.172628e+01	3.897822e+02
1.270000e-06	6.039849e-06	5.941185e-09	4.245541e+01	3.915679e+02
1.280000e-06	6.141425e-06	5.964549e-09	4.316941e+01	3.932583e+02
1.290000e-06	6.240835e-06	5.985736e-09	4.386818e+01	3.948407e+02
1.300000e-06	6.337877e-06	6.009051e-09	4.455032e+01	3.963081e+02
1.310000e-06	6.432626e-06	6.032595e-09	4.521632e+01	3.976603e+02
1.320000e-06	6.525210e-06	6.055066e-09	4.586712e+01	3.989051e+02
1.330000e-06	6.615550e-06	6.075038e-09	4.650214e+01	4.000567e+02
1.340000e-06	6.703496e-06	6.094273e-09	4.712033e+01	4.011338e+02
1.350000e-06	6.789087e-06	6.113239e-09	4.772197e+01	4.021567e+02
1.360000e-06	6.872356e-06	6.130972e-09	4.830728e+01	4.031443e+02
1.370000e-06	6.953188e-06	6.146962e-09	4.887547e+01	4.041111e+02
1.380000e-06	7.031537e-06	6.161280e-09	4.942620e+01	4.050655e+02
1.390000e-06	7.107301e-06	6.176615e-09	4.995876e+01	4.060088e+02
1.400000e-06	7.180348e-06	6.191762e-09	5.047222e+01	4.069359e+02
1.410000e-06	7.250782e-06	6.205340e-09	5.096732e+01	4.078361e+02
1.420000e-06	7.318683e-06	6.217298e-09	5.144462e+01	4.086961e+02
1.430000e-06	7.383898e-06	6.229374e-09	5.190303e+01	4.095022e+02
1.440000e-06	7.446473e-06	6.242181e-09	5.234287e+01	4.102432e+02
1.450000e-06	7.506581e-06	6.253662e-09	5.276539e+01	4.109122e+02
1.460000e-06	7.564055e-06	6.263824e-09	5.316938e+01	4.115084e+02
1.470000e-06	7.618793e-06	6.274684e-09	5.355415e+01	4.120369e+02
1.480000e-06	7.670564e-06	6.285827e-09	5.391806e+01	4.125081e+02
1.490000e-06	7.719123e-06	6.296240e-09	5.425939e+01	4.129361e+02
1.500000e-06	7.764805e-06	6.304774e-09	5.458050e+01	4.133362e+02
1.510000e-06	7.807884e-06	6.313104e-09	5.488331e+01	4.137225e+02
1.520000e-06	7.848161e-06	6.319189e-09	5.516643e+01	4.141058e+02
1.530000e-06	7.885619e-06	6.325023e-09	5.542973e+01	4.144917e+02
1.540000e-06	7.920383e-06	6.333701e-09	5.567409e+01	4.148803e+02
1.550000e-06	7.952349e-06	6.339627e-09	5.589879e+01	4.152658e+02
1.560000e-06	7.981554e-06	6.344699e-09	5.610407e+01	4.156380e+02
1.570000e-06	8.007961e-06	6.350399e-09	5.628970e+01	4.159839e+02
1.580000e-06	8.031418e-06	6.358019e-09	5.645458e+01	4.162902e+02
1.590000e-06	8.052093e-06	6.364415e-09	5.659991e+01	4.165451e+02
1.600000e-06	8.070009e-06	6.368985e-09	5.672585e+01	4.167406e+02
1.610000e-06	8.084961e-06	6.373083e-09	5.683095e+01	4.168734e+02
1.620000e-06	8.096856e-06	6.376044e-09	5.691456e+01	4.169453e+02
1.630000e-06	8.105642e-06	6.377493e-09	5.697632e+01	4.169629e+02
1.640000e-06	8.111520e-06	6.376549e-09	5.701764e+01	4.169362e+02
1.650000e-06	8.114625e-06	6.377349e-09	5.703946e+01	4.168766e+02
1.660000e-06	8.114915e-06	6.379948e-09	5.704150e+01	4.167952e+02
1.670000e-06	8.112467e-06	6.374237e-09	5.702429e+01	4.167006e+02
1.680000e-06	8.107335e-06	6.372909e-09	5.698822e+01	4.165976e+02
1.690000e-06	8.099496e-06	6.374550e-09	5.693312e+01	4.164865e+02
1.700000e-06	8.088969e-06	6.373223e-09	5.685912e+01	4.163629e+02
1.710000e-06	8.075587e-06	6.372085e-09	5.676505e+01	4.162189e+02
1.720000e-06	8.059406e-06	6.373959e-09	5.665131e+01	4.160444e+02
1.730000e-06	8.040813e-06	6.375593e-09	5.652062e+01	4.158287e+02
1.740000e-06	8.019805e-06	6.337117e-09	5.637295e+01	4.155628e+02
1.750000e-06	7.995729e-06	6.239949e-09	5.620372e+01	4.152405e+02
1.760000e-06	7.967940e-06	6.274473e-09	5.600838e+01	4.148596e+02
1.770000e-06	7.936596e-06	6.327672e-09	5.578805e+01	4.144225e+02
1.780000e-06	7.902553e-06	6.331135e-09	5.554876e+01	4.139351e+02
1.790000e-06	7.866303e-06	6.327625e-09	5.529395e+01	4.134059e+02
1.800000e-06	7.827667e-06	6.377660e-09	5.502237e+01	4.128445e+02
1.810000e-06	7.786881e-06	6.259639e-09	5.473568e+01	4.122594e+02
1.820000e-06	7.743799e-06	6.237188e-09	5.443284e+01	4.116568e+02
1.830000e-06	7.697872e-06	6.392692e-09	5.411002e+01	4.110389e+02
1.840000e-06	7.649188e-06	6.210793e-09	5.376780e+01	4.104036e+02
1.850000e-06	7.597599e-06	6.266727e-09	5.340517e+01	4.097443e+02
1.860000e-06	7.543021e-06	6.265135e-09	5.302154e+01	4.090513e+02
1.870000e-06	7.485596e-06	6.207954e-09	5.261788e+01	4.083132e+02
1.880000e-06	7.425495e-06	6.247962e-09	5.219542e+01	4.075183e+02
1.890000e-06	7.362783e-06	6.154768e-09	5.175460e+01	4.066569e+02
1.900000e-06	7.297237e-06	6.252095e-09	5.129386e+01	4.057227e+02
1.910000e-06	7.228903e-06	6.141688e-09	5.081353e+01	4.047135e+02
1.920000e-06	7.157829e-06	6.112697e-09	5.031393e+01	4.036317e+02
1.930000e-06	7.084100e-06	6.189302e-09	4.979567e+01	4.024836e+02
1.940000e-06	7.007691e-06	6.119705e-09	4.925858e+01	4.012780e+02
1.950000e-06	6.928482e-06	6.098899e-09	4.870180e+01	4.000245e+02
1.960000e-06	6.846823e-06	6.039143e-09	4.812780e+01	3.987316e+02
1.970000e-06	6.762778e-06	6.115645e-09	4.753704e+01	3.974050e+02
1.980000e-06	6.676151e-06	6.030582e-09	4.692812e+01	3.960461e+02
1.990000e-06	6.587126e-06	5.983224e-09	4.630234e+01	3.946519e+02
2.000000e-06	6.495900e-06	6.025987e-09	4.566109e+01	3.932145e+02
2.010000e-06	6.402436e-06	5.964675e-09	4.500411e+01	3.917229e+02
2.020000e-06	6.306596e-06	5.936834e-09	4.433044e+01	3.901644e+02
2.030000e-06	6.208504e-06	5.909978e-09	4.364092e+01	3.885266e+02
2.040000e-06	6.108290e-06	5.934094e-09	4.293650e+01	3.867991e+02
2.050000e-06	6.005786e-06	5.848635e-09	4.221598e+01	3.849759e+02
2.060000e-06	5.901015e-06	5.815227e-09	4.147952e+01	3.830555e+02
2.070000e-06	5.794282e-06	5.820213e-09	4.072926e+01	3.810416e+02
2.080000e-06	5.685591e-06	5.786773e-09	3.996525e+01	3.789420e+02
2.090000e-06	5.574767e-06	5.724506e-09	3.918624e+01	3.767669e+02
2.100000e-06	5.461821e-06	5.693332e-09	3.839232e+01	3.745273e+02
2.110000e-06	5.346809e-06	5.694831e-09	3.758388e+01	3.722319e+02
2.120000e-06	5.229715e-06	5.636947e-09	3.676081e+01	3.698855e+02
2.130000e-06	5.110569e-06	5.598865e-09	3.592330e+01	3.674875e+02
2.140000e-06	4.989527e-06	5.571741e-09	3.507247e+01	3.650310e+02
2.150000e-06	4.866660e-06	5.535452e-09	3.420881e+01	3.625035e+02
2.160000e-06	4.742068e-06	5.472859e-09	3.333303e+01	3.598878e+02
2.170000e-06	4.615807e-06	5.441830e-09	3.244551e+01	3.571647e+02
2.180000e-06	4.487873e-06	5.407059e-09	3.154624e+01	3.543152e+02
2.190000e-06	4.358298e-06	5.345946e-09	3.063543e+01	3.513230e+02
2.200000e-06	4.227198e-06	5.289952e-09	2.971390e+01	3.481768e+02
2.210000e-06	4.094662e-06	5.258259e-09	2.878227e+01	3.448708e+02
2.220000e-06	3.960645e-06	5.213076e-09	2.784023e+01	3.414056e+02
2.230000e-06	3.825171e-06	5.145304e-09	2.688796e+01	3.377863e+02
2.240000e-06	3.688269e-06	5.093121e-09	2.592565e+01	3.340204e+02
2.250000e-06	3.549993e-06	5.045811e-09	2.495367e+01	3.301150e+02
2.260000e-06	3.410347e-06	4.982204e-09	2.397207e+01	3.260734e+02
2.270000e-06	3.269497e-06	4.911078e-09	2.298201e+01	3.218921e+02
2.280000e-06	3.127439e-06	4.850690e-09	2.198345e+01	3.175588e+02
2.290000e-06	2.984079e-06	4.781426e-09	2.097574e+01	3.130516e+02
2.300000e-06	2.839602e-06	4.700894e-09	1.996018e+01	3.083393e+02
2.310000e-06	2.694234e-06	4.623109e-09	1.893836e+01	3.033836e+02
2.320000e-06	2.547943e-06	4.551195e-09	1.791005e+01	2.981419e+02
2.330000e-06	2.400698e-06	4.461103e-09	1.687503e+01	2.925713e+02
2.340000e-06	2.252654e-06	4.366865e-09	1.583439e+01	2.866313e+02
2.350000e-06	2.103842e-06	4.279716e-09	1.478836e+01	2.802869e+02
2.360000e-06	1.954227e-06	4.184586e-09	1.373669e+01	2.735095e+02
2.370000e-06	1.803930e-06	4.070559e-09	1.268022e+01	2.662757e+02
2.380000e-06	1.653031e-06	3.951481e-09	1.161951e+01	2.585643e+02
2.390000e-06	1.501515e-06	3.833940e-09	1.055447e+01	2.503511e+02
2.400000e-06	1.349487e-06	3.701083e-09	9.485840e+00	2.416027e+02
2.410000e-06	1.196938e-06	3.555143e-09	8.413535e+00	2.322699e+02
2.420000e-06	1.043960e-06	3.405296e-09	7.338219e+00	2.222817e+02
2.430000e-06	8.906934e-07	3.245264e-09	6.260878e+00	2.115412e+02
2.440000e-06	7.371303e-07	3.062319e-09	5.181449e+00	1.999253e+02
2.450000e-06	5.832931e-07	2.864886e-09	4.100094e+00	1.872879e+02
2.460000e-06	4.292615e-07	2.655533e-09	3.017372e+00	1.734674e+02
2.470000e-06	2.750356e-07	2.423194e-09	1.933285e+00	1.582987e+02
2.480000e-06	1.206630e-07	2.166301e-09	8.481664e-01	1.416285e+02
2.490000e-06	-3.372406e-08	1.890289e-09	-2.370537e-01	1.233331e+02
2.500000e-06	-1.880669e-07	1.591793e-09	-1.321963e+00	1.033362e+02
2.510000e-06	-3.422838e-07	1.263683e-09	-2.405987e+00	8.162520e+01
2.520000e-06	-4.963238e-07	9.120569e-10	-3.488768e+00	5.826495e+01
2.530000e-06	-6.501732e-07	5.405023e-10	-4.570209e+00	3.340486e+01
2.540000e-06	-8.037533e-07	1.462770e-10	-5.649757e+00	7.280338e+00
2.550000e-06	-9.571081e-07	-2.682185e-10	-6.727720e+00	-1.979331e+01
2.560000e-06	-1.110200e-06	-6.907044e-10	-7.803833e+00	-4.743421e+01
2.570000e-06	-1.262872e-06	-1.117377e-09	-8.877002e+00	-7.521352e+01
2.580000e-06	-1.415037e-06	-1.544691e-09	-9.946601e+00	-1.026799e+02
2.590000e-06	-1.566625e-06	-1.958477e-09	-1.101214e+01	-1.293864e+02
2.600000e-06	-1.717676e-06	-2.351560e-09	-1.207392e+01	-1.549179e+02
2.610000e-06	-1.868100e-06	-2.722586e-09	-1.313128e+01	-1.789162e+02
2.620000e-06	-2.017793e-06	-3.065469e-09	-1.418350e+01	-2.010998e+02
2.630000e-06	-2.166838e-06	-3.372106e-09	-1.523117e+01	-2.212783e+02
2.640000e-06	-2.315151e-06	-3.641947e-09	-1.627370e+01	-2.393587e+02
2.650000e-06	-2.462638e-06	-3.880026e-09	-1.731042e+01	-2.553432e+02
2.660000e-06	-2.609240e-06	-4.091146e-09	-1.834092e+01	-2.693209e+02
2.670000e-06	-2.754922e-06	-4.275350e-09	-1.936494e+01	-2.814521e+02
2.680000e-06	-2.899641e-06	-4.435973e-09	-2.038221e+01	-2.919484e+02
2.690000e-06	-3.043230e-06	-4.578813e-09	-2.139153e+01	-3.010512e+02
2.700000e-06	-3.185627e-06	-4.705905e-09	-2.239247e+01	-3.090098e+02
2.710000e-06	-3.326781e-06	-4.818643e-09	-2.338467e+01	-3.160611e+02
2.720000e-06	-3.466645e-06	-4.919017e-09	-2.436780e+01	-3.224146e+02
2.730000e-06	-3.605243e-06	-5.009136e-09	-2.534204e+01	-3.282413e+02
2.740000e-06	-3.742577e-06	-5.090782e-09	-2.630739e+01	-3.336686e+02
2.750000e-06	-3.878547e-06	-5.169018e-09	-2.726315e+01	-3.387806e+02
2.760000e-06	-4.013058e-06	-5.244190e-09	-2.820866e+01	-3.436232e+02
2.770000e-06	-4.146103e-06	-5.314124e-09	-2.914386e+01	-3.482121e+02
2.780000e-06	-4.277669e-06	-5.379204e-09	-3.006867e+01	-3.525433e+02
2.790000e-06	-4.407748e-06	-5.441101e-09	-3.098302e+01	-3.566034e+02
2.800000e-06	-4.536286e-06	-5.499055e-09	-3.188654e+01	-3.603787e+02
2.810000e-06	-4.663229e-06	-5.551027e-09	-3.277885e+01	-3.638631e+02
2.820000e-06	-4.788498e-06	-5.599684e-09	-3.365939e+01	-3.670617e+02
2.830000e-06	-4.912063e-06	-5.647001e-09	-3.452796e+01	-3.699928e+02
2.840000e-06	-5.033938e-06	-5.691002e-09	-3.538464e+01	-3.726858e+02
2.850000e-06	-5.154016e-06	-5.733142e-09	-3.622870e+01	-3.751780e+02
2.860000e-06	-5.272138e-06	-5.774944e-09	-3.705900e+01	-3.775096e+02
2.870000e-06	-5.388105e-06	-5.814454e-09	-3.787416e+01	-3.797186e+02
2.880000e-06	-5.501832e-06	-5.851735e-09	-3.867357e+01	-3.818366e+02
2.890000e-06	-5.613436e-06	-5.885138e-09	-3.945806e+01	-3.838852e+02
2.900000e-06	-5.723027e-06	-5.916040e-09	-4.022840e+01	-3.858751e+02
2.910000e-06	-5.830658e-06	-5.943727e-09	-4.098496e+01	-3.878060e+02
2.920000e-06	-5.936309e-06	-5.968739e-09	-4.172760e+01	-3.896696e+02
2.930000e-06	-6.039832e-06	-5.990994e-09	-4.245529e+01	-3.914523e+02
2.940000e-06	-6.141108e-06	-6.013341e-09	-4.316718e+01	-3.931390e+02
2.950000e-06	-6.240203e-06	-6.038355e-09	-4.386374e+01	-3.947175e+02
2.960000e-06	-6.337181e-06	-6.063227e-09	-4.454542e+01	-3.961807e+02
2.970000e-06	-6.431967e-06	-6.085264e-09	-4.521169e+01	-3.975290e+02
2.980000e-06	-6.524478e-06	-6.105005e-09	-4.586197e+01	-3.987702e+02
2.990000e-06	-6.614719e-06	-6.124946e-09	-4.649630e+01	-3.999188e+02
3.000000e-06	-6.702688e-06	-6.143283e-09	-4.711465e+01	-4.009936e+02
3.010000e-06	-6.788207e-06	-6.157257e-09	-4.771578e+01	-4.020150e+02
3.020000e-06	-6.871263e-06	-6.167764e-09	-4.829960e+01	-4.030017e+02
3.030000e-06	-6.951963e-06	-6.179998e-09	-4.886686e+01	-4.039680e+02
3.040000e-06	-7.030049e-06	-6.193075e-09	-4.941574e+01	-4.049220e+02
3.050000e-06	-7.105375e-06	-6.206536e-09	-4.994522e+01	-4.058650e+02
3.060000e-06	-7.178090e-06	-6.218607e-09	-5.045636e+01	-4.067913e+02
3.070000e-06	-7.248158e-06	-6.232045e-09	-5.094887e+01	-4.076904e+02
3.080000e-06	-7.315634e-06	-6.245196e-09	-5.142318e+01	-4.085487e+02
3.090000e-06	-7.380630e-06	-6.258264e-09	-5.188005e+01	-4.093527e+02
3.100000e-06	-7.442979e-06	-6.267728e-09	-5.231832e+01	-4.100912e+02
3.110000e-06	-7.502627e-06	-6.273538e-09	-5.273760e+01	-4.107576e+02
3.120000e-06	-7.559616e-06	-6.277448e-09	-5.313818e+01	-4.113513e+02
3.130000e-06	-7.613824e-06	-6.281657e-09	-5.351922e+01	-4.118776e+02
3.140000e-06	-7.665036e-06	-6.289579e-09	-5.387921e+01	-4.123471e+02
3.150000e-06	-7.713143e-06	-6.296919e-09	-5.421736e+01	-4.127739e+02
3.160000e-06	-7.758450e-06	-6.302753e-09	-5.453583e+01	-4.131733e+02
3.170000e-06	-7.801256e-06	-6.307930e-09	-5.483672e+01	-4.135593e+02
3.180000e-06	-7.841484e-06	-6.314940e-09	-5.511949e+01	-4.139427e+02
3.190000e-06	-7.878947e-06	-6.323173e-09	-5.538283e+01	-4.143288e+02
3.200000e-06	-7.913683e-06	-6.327975e-09	-5.562700e+01	-4.147174e+02
3.210000e-06	-7.945664e-06	-6.328328e-09	-5.585180e+01	-4.151027e+02
3.220000e-06	-7.974711e-06	-6.328649e-09	-5.605597e+01	-4.154742e+02
3.230000e-06	-8.000986e-06	-6.331049e-09	-5.624067e+01	-4.158189e+02
3.240000e-06	-8.024414e-06	-6.333095e-09	-5.640535e+01	-4.161236e+02
3.250000e-06	-8.044918e-06	-6.332917e-09	-5.654947e+01	-4.163766e+02
3.260000e-06	-8.062663e-06	-6.333254e-09	-5.667421e+01	-4.165699e+02
3.270000e-06	-8.077414e-06	-6.334682e-09	-5.677790e+01	-4.167005e+02
3.280000e-06	-8.089031e-06	-6.336692e-09	-5.685956e+01	-4.167703e+02
3.290000e-06	-8.097703e-06	-6.336939e-09	-5.692052e+01	-4.167862e+02
3.300000e-06	-8.103513e-06	-6.336727e-09	-5.696135e+01	-4.167582e+02
3.310000e-06	-8.106539e-06	-6.334387e-09	-5.698262e+01	-4.166977e+02
