# Temperatura_=_20.0
# Concentracion g/m^3_=_9000.0
# C_Vs_to_Am_M_A/Vsm_=_65563218390.804596
# pendiente_HvsI_1/m_=_3716.3
# ordenada_HvsI_A/m_=_1297.0
# frecuencia_Hz_=_212868.8403739092

Tiempo_(s)	Campo_(V.s)	Magnetizacion_(V.s)	Campo_(kA/m)	Magnetizacion_(A/m)
0.000000e+00	-3.952505e-06	-2.105201e-11	-2.913679e+01	-3.128830e+00
1.000000e-08	-3.952483e-06	-2.244169e-11	-2.913663e+01	-3.209947e+00
2.000000e-08	-3.951696e-06	-2.470188e-11	-2.913083e+01	-3.274282e+00
3.000000e-08	-3.949960e-06	-2.415344e-11	-2.911803e+01	-3.316007e+00
4.000000e-08	-3.947313e-06	-2.250526e-11	-2.909852e+01	-3.330526e+00
5.000000e-08	-3.944013e-06	-2.129742e-11	-2.907419e+01	-3.314921e+00
6.000000e-08	-3.940208e-06	-1.529011e-11	-2.904614e+01	-3.268301e+00
7.000000e-08	-3.935849e-06	5.363753e-12	-2.901401e+01	-3.192034e+00
8.000000e-08	-3.930796e-06	-4.181619e-12	-2.897676e+01	-3.089847e+00
9.000000e-08	-3.924925e-06	-8.060462e-11	-2.893348e+01	-2.967773e+00
1.000000e-07	-3.918236e-06	-1.207754e-10	-2.888417e+01	-2.833934e+00
1.100000e-07	-3.910928e-06	2.949069e-11	-2.883030e+01	-2.698190e+00
1.200000e-07	-3.903159e-06	1.356489e-10	-2.877303e+01	-2.571647e+00
1.300000e-07	-3.894735e-06	-2.109977e-11	-2.871093e+01	-2.466067e+00
1.400000e-07	-3.885556e-06	-1.473161e-10	-2.864326e+01	-2.393201e+00
1.500000e-07	-3.875610e-06	-2.140487e-11	-2.856994e+01	-2.364105e+00
1.600000e-07	-3.864785e-06	4.283903e-11	-2.849015e+01	-2.388458e+00
1.700000e-07	-3.853072e-06	1.109058e-12	-2.840380e+01	-2.473941e+00
1.800000e-07	-3.840558e-06	1.561174e-11	-2.831155e+01	-2.625715e+00
1.900000e-07	-3.827377e-06	-8.816126e-11	-2.821438e+01	-2.846031e+00
2.000000e-07	-3.813309e-06	-1.310089e-10	-2.811068e+01	-3.133997e+00
2.100000e-07	-3.798141e-06	8.956058e-11	-2.799886e+01	-3.485522e+00
2.200000e-07	-3.782107e-06	6.889901e-11	-2.788066e+01	-3.893449e+00
2.300000e-07	-3.765520e-06	-2.791576e-10	-2.775839e+01	-4.347854e+00
2.400000e-07	-3.748446e-06	-2.370706e-10	-2.763252e+01	-4.836516e+00
2.500000e-07	-3.730745e-06	4.772456e-11	-2.750204e+01	-5.345516e+00
2.600000e-07	-3.712375e-06	-9.002160e-11	-2.736662e+01	-5.859936e+00
2.700000e-07	-3.693445e-06	-3.207620e-10	-2.722707e+01	-6.364612e+00
2.800000e-07	-3.674012e-06	-1.937453e-10	-2.708382e+01	-6.844899e+00
2.900000e-07	-3.654046e-06	-8.156115e-11	-2.693663e+01	-7.287400e+00
3.000000e-07	-3.633508e-06	-1.162756e-10	-2.678523e+01	-7.680620e+00
3.100000e-07	-3.612297e-06	-1.307344e-10	-2.662887e+01	-8.015498e+00
3.200000e-07	-3.590398e-06	-1.577593e-10	-2.646744e+01	-8.285795e+00
3.300000e-07	-3.567889e-06	-1.917870e-10	-2.630151e+01	-8.488314e+00
3.400000e-07	-3.544835e-06	-1.535732e-10	-2.613156e+01	-8.622943e+00
3.500000e-07	-3.521277e-06	-5.205748e-11	-2.595790e+01	-8.692516e+00
3.600000e-07	-3.497152e-06	-9.583401e-11	-2.578005e+01	-8.702523e+00
3.700000e-07	-3.472356e-06	-2.713887e-10	-2.559727e+01	-8.660663e+00
3.800000e-07	-3.446701e-06	-1.878550e-10	-2.540814e+01	-8.576304e+00
3.900000e-07	-3.420039e-06	2.330857e-11	-2.521160e+01	-8.459859e+00
4.000000e-07	-3.392690e-06	-1.246799e-10	-2.500999e+01	-8.322138e+00
4.100000e-07	-3.364987e-06	-2.991969e-10	-2.480577e+01	-8.173708e+00
4.200000e-07	-3.336810e-06	-1.129855e-10	-2.459806e+01	-8.024306e+00
4.300000e-07	-3.308001e-06	-2.297597e-11	-2.438568e+01	-7.882337e+00
4.400000e-07	-3.278622e-06	-1.809465e-10	-2.416911e+01	-7.754486e+00
4.500000e-07	-3.248740e-06	-1.863027e-10	-2.394882e+01	-7.645465e+00
4.600000e-07	-3.218328e-06	-9.553791e-11	-2.372464e+01	-7.557902e+00
4.700000e-07	-3.187352e-06	-1.187236e-10	-2.349629e+01	-7.492373e+00
4.800000e-07	-3.155955e-06	-1.408587e-10	-2.326484e+01	-7.447573e+00
4.900000e-07	-3.124293e-06	-1.232237e-10	-2.303144e+01	-7.420599e+00
5.000000e-07	-3.092139e-06	-1.341112e-10	-2.279441e+01	-7.407317e+00
5.100000e-07	-3.059202e-06	-1.369458e-10	-2.255161e+01	-7.402799e+00
5.200000e-07	-3.025414e-06	-1.048417e-10	-2.230253e+01	-7.401780e+00
5.300000e-07	-2.990859e-06	-1.049503e-10	-2.204780e+01	-7.399102e+00
5.400000e-07	-2.955756e-06	-1.423518e-10	-2.178903e+01	-7.390129e+00
5.500000e-07	-2.920269e-06	-1.372418e-10	-2.152743e+01	-7.371087e+00
5.600000e-07	-2.884420e-06	-9.073139e-11	-2.126316e+01	-7.339315e+00
5.700000e-07	-2.848118e-06	-8.695621e-11	-2.099555e+01	-7.293422e+00
5.800000e-07	-2.811289e-06	-1.442404e-10	-2.072406e+01	-7.233329e+00
5.900000e-07	-2.773967e-06	-1.478599e-10	-2.044893e+01	-7.160210e+00
6.000000e-07	-2.736182e-06	-7.708770e-11	-2.017039e+01	-7.076332e+00
6.100000e-07	-2.697899e-06	-7.946005e-11	-1.988818e+01	-6.984827e+00
6.200000e-07	-2.659128e-06	-1.467293e-10	-1.960237e+01	-6.889398e+00
6.300000e-07	-2.619949e-06	-1.377230e-10	-1.931355e+01	-6.793999e+00
6.400000e-07	-2.580472e-06	-8.231544e-11	-1.902254e+01	-6.702507e+00
6.500000e-07	-2.540731e-06	-8.837780e-11	-1.872958e+01	-6.618417e+00
6.600000e-07	-2.500503e-06	-1.245949e-10	-1.843303e+01	-6.544580e+00
6.700000e-07	-2.459607e-06	-1.216420e-10	-1.813155e+01	-6.483003e+00
6.800000e-07	-2.418070e-06	-1.066989e-10	-1.782536e+01	-6.434719e+00
6.900000e-07	-2.375828e-06	-9.831537e-11	-1.751396e+01	-6.399745e+00
7.000000e-07	-2.332940e-06	-9.180116e-11	-1.719780e+01	-6.377118e+00
7.100000e-07	-2.289667e-06	-1.123154e-10	-1.687880e+01	-6.365004e+00
7.200000e-07	-2.246119e-06	-1.311789e-10	-1.655778e+01	-6.360872e+00
7.300000e-07	-2.202308e-06	-1.057739e-10	-1.623481e+01	-6.361710e+00
7.400000e-07	-2.158214e-06	-7.879998e-11	-1.590977e+01	-6.364274e+00
7.500000e-07	-2.113722e-06	-1.021141e-10	-1.558179e+01	-6.365337e+00
7.600000e-07	-2.068773e-06	-1.331510e-10	-1.525043e+01	-6.361926e+00
7.700000e-07	-2.023423e-06	-1.124453e-10	-1.491612e+01	-6.351525e+00
7.800000e-07	-1.977739e-06	-7.997273e-11	-1.457935e+01	-6.332234e+00
7.900000e-07	-1.931749e-06	-9.094793e-11	-1.424033e+01	-6.302862e+00
8.000000e-07	-1.885402e-06	-1.191077e-10	-1.389867e+01	-6.262967e+00
8.100000e-07	-1.838706e-06	-1.145765e-10	-1.355444e+01	-6.212824e+00
8.200000e-07	-1.791803e-06	-8.853947e-11	-1.320869e+01	-6.153340e+00
8.300000e-07	-1.744670e-06	-8.710442e-11	-1.286124e+01	-6.085925e+00
8.400000e-07	-1.697240e-06	-1.034839e-10	-1.251159e+01	-6.012317e+00
8.500000e-07	-1.649599e-06	-1.071200e-10	-1.216039e+01	-5.934402e+00
8.600000e-07	-1.601743e-06	-9.876630e-11	-1.180761e+01	-5.854029e+00
8.700000e-07	-1.553557e-06	-8.996085e-11	-1.145240e+01	-5.772833e+00
8.800000e-07	-1.505071e-06	-8.916462e-11	-1.109497e+01	-5.692101e+00
8.900000e-07	-1.456279e-06	-9.652573e-11	-1.073529e+01	-5.612668e+00
9.000000e-07	-1.407052e-06	-1.012454e-10	-1.037240e+01	-5.534869e+00
9.100000e-07	-1.357347e-06	-9.262052e-11	-1.000599e+01	-5.458537e+00
9.200000e-07	-1.307164e-06	-8.219172e-11	-9.636060e+00	-5.383061e+00
9.300000e-07	-1.256564e-06	-8.855697e-11	-9.263051e+00	-5.307475e+00
9.400000e-07	-1.205682e-06	-9.551440e-11	-8.887957e+00	-5.230590e+00
9.500000e-07	-1.154554e-06	-8.907181e-11	-8.511056e+00	-5.151147e+00
9.600000e-07	-1.103177e-06	-8.137495e-11	-8.132320e+00	-5.067975e+00
9.700000e-07	-1.051641e-06	-8.304449e-11	-7.752413e+00	-4.980138e+00
9.800000e-07	-9.999662e-07	-8.669341e-11	-7.371479e+00	-4.887068e+00
9.900000e-07	-9.481145e-07	-8.152235e-11	-6.989242e+00	-4.788655e+00
1.000000e-06	-8.960551e-07	-7.862336e-11	-6.605474e+00	-4.685298e+00
1.010000e-06	-8.437770e-07	-8.246170e-11	-6.220095e+00	-4.577910e+00
1.020000e-06	-7.913112e-07	-8.237450e-11	-5.833331e+00	-4.467872e+00
1.030000e-06	-7.386732e-07	-7.828157e-11	-5.445298e+00	-4.356937e+00
1.040000e-06	-6.858516e-07	-7.716402e-11	-5.055911e+00	-4.247109e+00
1.050000e-06	-6.328809e-07	-7.733874e-11	-4.665426e+00	-4.140479e+00
1.060000e-06	-5.798087e-07	-7.314671e-11	-4.274192e+00	-4.039064e+00
1.070000e-06	-5.266351e-07	-6.844358e-11	-3.882211e+00	-3.944636e+00
1.080000e-06	-4.733613e-07	-6.791124e-11	-3.489491e+00	-3.858568e+00
1.090000e-06	-4.199999e-07	-6.712443e-11	-3.096125e+00	-3.781719e+00
1.100000e-06	-3.666037e-07	-6.600343e-11	-2.702502e+00	-3.714346e+00
1.110000e-06	-3.131979e-07	-6.669709e-11	-2.308810e+00	-3.656075e+00
1.120000e-06	-2.597573e-07	-6.548458e-11	-1.914860e+00	-3.605917e+00
1.130000e-06	-2.062496e-07	-6.234132e-11	-1.520416e+00	-3.562339e+00
1.140000e-06	-1.526871e-07	-6.306251e-11	-1.125568e+00	-3.523378e+00
1.150000e-06	-9.912353e-08	-6.456359e-11	-7.307117e-01	-3.486795e+00
1.160000e-06	-4.557974e-08	-5.934915e-11	-3.360014e-01	-3.450251e+00
1.170000e-06	7.963550e-09	-5.317649e-11	5.870513e-02	-3.411498e+00
1.180000e-06	6.148936e-08	-5.463964e-11	4.532829e-01	-3.368556e+00
1.190000e-06	1.150143e-07	-5.778414e-11	8.478541e-01	-3.319885e+00
1.200000e-06	1.685179e-07	-5.558234e-11	1.242268e+00	-3.264506e+00
1.210000e-06	2.219519e-07	-5.334112e-11	1.636169e+00	-3.202090e+00
1.220000e-06	2.753629e-07	-5.510857e-11	2.029901e+00	-3.132993e+00
1.230000e-06	3.286989e-07	-5.815446e-11	2.423079e+00	-3.058228e+00
1.240000e-06	3.819863e-07	-5.751463e-11	2.815899e+00	-2.979387e+00
1.250000e-06	4.352869e-07	-5.464852e-11	3.208817e+00	-2.898522e+00
1.260000e-06	4.885125e-07	-5.193662e-11	3.601181e+00	-2.817973e+00
1.270000e-06	5.415989e-07	-4.949088e-11	3.992520e+00	-2.740180e+00
1.280000e-06	5.945866e-07	-4.832308e-11	4.383131e+00	-2.667478e+00
1.290000e-06	6.474669e-07	-4.845963e-11	4.772950e+00	-2.601903e+00
1.300000e-06	7.001799e-07	-4.625297e-11	5.161536e+00	-2.545016e+00
1.310000e-06	7.527119e-07	-4.304014e-11	5.548788e+00	-2.497760e+00
1.320000e-06	8.051015e-07	-4.369063e-11	5.934989e+00	-2.460365e+00
1.330000e-06	8.573698e-07	-4.493909e-11	6.320297e+00	-2.432316e+00
1.340000e-06	9.094830e-07	-4.128708e-11	6.704461e+00	-2.412362e+00
1.350000e-06	9.614356e-07	-3.837487e-11	7.087442e+00	-2.398604e+00
1.360000e-06	1.013196e-06	-3.993367e-11	7.469006e+00	-2.388613e+00
1.370000e-06	1.064752e-06	-4.088183e-11	7.849059e+00	-2.379608e+00
1.380000e-06	1.116171e-06	-3.893078e-11	8.228112e+00	-2.368651e+00
1.390000e-06	1.167405e-06	-3.740690e-11	8.605789e+00	-2.352859e+00
1.400000e-06	1.218327e-06	-3.868701e-11	8.981174e+00	-2.329617e+00
1.410000e-06	1.268951e-06	-3.950273e-11	9.354359e+00	-2.296760e+00
1.420000e-06	1.319294e-06	-3.889741e-11	9.725475e+00	-2.252736e+00
1.430000e-06	1.369291e-06	-3.706126e-11	1.009404e+01	-2.196707e+00
1.440000e-06	1.418809e-06	-3.597826e-11	1.045907e+01	-2.128606e+00
1.450000e-06	1.467786e-06	-3.488094e-11	1.082012e+01	-2.049128e+00
1.460000e-06	1.516350e-06	-3.218668e-11	1.117812e+01	-1.959669e+00
1.470000e-06	1.564521e-06	-2.899000e-11	1.153322e+01	-1.862204e+00
1.480000e-06	1.612332e-06	-2.693474e-11	1.188567e+01	-1.759129e+00
1.490000e-06	1.659974e-06	-2.603228e-11	1.223687e+01	-1.653066e+00
1.500000e-06	1.707475e-06	-2.531253e-11	1.258704e+01	-1.546659e+00
1.510000e-06	1.754789e-06	-2.336288e-11	1.293583e+01	-1.442366e+00
1.520000e-06	1.801792e-06	-2.058899e-11	1.328232e+01	-1.342270e+00
1.530000e-06	1.848393e-06	-1.978796e-11	1.362585e+01	-1.247926e+00
1.540000e-06	1.894663e-06	-2.034373e-11	1.396694e+01	-1.160249e+00
1.550000e-06	1.940582e-06	-1.827095e-11	1.430544e+01	-1.079460e+00
1.560000e-06	1.986140e-06	-1.297721e-11	1.464129e+01	-1.005086e+00
1.570000e-06	2.031380e-06	-9.995090e-12	1.497478e+01	-9.360172e-01
1.580000e-06	2.076273e-06	-9.176074e-12	1.530572e+01	-8.706250e-01
1.590000e-06	2.120799e-06	-7.651448e-12	1.563395e+01	-8.069117e-01
1.600000e-06	2.164924e-06	-5.441025e-12	1.595923e+01	-7.426990e-01
1.610000e-06	2.208740e-06	-3.412118e-12	1.628223e+01	-6.758278e-01
1.620000e-06	2.252310e-06	-2.814371e-12	1.660342e+01	-6.043582e-01
1.630000e-06	2.295614e-06	-3.368965e-12	1.692264e+01	-5.267501e-01
1.640000e-06	2.338638e-06	-3.706185e-12	1.723980e+01	-4.420127e-01
1.650000e-06	2.381159e-06	-1.731119e-12	1.755326e+01	-3.498073e-01
1.660000e-06	2.422985e-06	7.589794e-13	1.786158e+01	-2.504967e-01
1.670000e-06	2.464111e-06	2.014881e-12	1.816476e+01	-1.451367e-01
1.680000e-06	2.504557e-06	4.177051e-12	1.846291e+01	-3.540958e-02
1.690000e-06	2.544487e-06	7.309711e-12	1.875727e+01	7.649541e-02
1.700000e-06	2.584114e-06	9.605218e-12	1.904939e+01	1.880444e-01
1.710000e-06	2.623462e-06	1.108966e-11	1.933945e+01	2.965520e-01
1.720000e-06	2.662448e-06	1.259566e-11	1.962684e+01	3.993889e-01
1.730000e-06	2.701017e-06	1.417250e-11	1.991116e+01	4.941882e-01
1.740000e-06	2.739132e-06	1.420515e-11	2.019213e+01	5.790330e-01
1.750000e-06	2.776771e-06	1.389171e-11	2.046960e+01	6.526110e-01
1.760000e-06	2.813943e-06	1.476988e-11	2.074362e+01	7.143230e-01
1.770000e-06	2.850620e-06	1.677322e-11	2.101400e+01	7.643366e-01
1.780000e-06	2.886817e-06	1.855895e-11	2.128083e+01	8.035807e-01
1.790000e-06	2.922617e-06	2.045561e-11	2.154474e+01	8.336825e-01
1.800000e-06	2.958091e-06	2.260690e-11	2.180624e+01	8.568490e-01
1.810000e-06	2.993179e-06	2.393870e-11	2.206490e+01	8.757064e-01
1.820000e-06	3.027712e-06	2.396236e-11	2.231947e+01	8.931064e-01
1.830000e-06	3.061578e-06	2.335005e-11	2.256912e+01	9.119185e-01
1.840000e-06	3.094645e-06	2.312272e-11	2.281288e+01	9.348220e-01
1.850000e-06	3.126937e-06	2.335640e-11	2.305093e+01	9.641157e-01
1.860000e-06	3.158701e-06	2.429214e-11	2.328508e+01	1.001560e+00
1.870000e-06	3.190054e-06	2.495139e-11	2.351621e+01	1.048266e+00
1.880000e-06	3.220946e-06	2.591287e-11	2.374394e+01	1.104631e+00
1.890000e-06	3.251265e-06	2.723761e-11	2.396744e+01	1.170343e+00
1.900000e-06	3.280984e-06	2.827975e-11	2.418652e+01	1.244430e+00
1.910000e-06	3.310093e-06	2.836067e-11	2.440111e+01	1.325368e+00
1.920000e-06	3.338604e-06	2.795145e-11	2.461128e+01	1.411230e+00
1.930000e-06	3.366639e-06	2.915323e-11	2.481794e+01	1.499860e+00
1.940000e-06	3.394259e-06	3.058187e-11	2.502156e+01	1.589064e+00
1.950000e-06	3.421417e-06	3.158625e-11	2.522176e+01	1.676796e+00
1.960000e-06	3.447991e-06	3.277918e-11	2.541766e+01	1.761325e+00
1.970000e-06	3.473703e-06	3.533317e-11	2.560719e+01	1.841367e+00
1.980000e-06	3.498478e-06	3.800358e-11	2.578983e+01	1.916172e+00
1.990000e-06	3.522572e-06	4.001482e-11	2.596744e+01	1.985559e+00
2.000000e-06	3.546068e-06	4.257731e-11	2.614065e+01	2.049891e+00
2.010000e-06	3.568918e-06	4.397799e-11	2.630909e+01	2.110004e+00
2.020000e-06	3.591176e-06	4.610622e-11	2.647317e+01	2.167080e+00
2.030000e-06	3.612909e-06	4.914107e-11	2.663339e+01	2.222493e+00
2.040000e-06	3.634026e-06	5.079961e-11	2.678905e+01	2.277628e+00
2.050000e-06	3.654502e-06	5.108808e-11	2.693999e+01	2.333699e+00
2.060000e-06	3.674464e-06	5.104292e-11	2.708715e+01	2.391576e+00
2.070000e-06	3.693971e-06	5.197545e-11	2.723095e+01	2.451654e+00
2.080000e-06	3.712964e-06	5.387894e-11	2.737096e+01	2.513746e+00
2.090000e-06	3.731339e-06	5.567517e-11	2.750642e+01	2.577056e+00
2.100000e-06	3.749078e-06	5.752305e-11	2.763718e+01	2.640192e+00
2.110000e-06	3.766172e-06	5.929349e-11	2.776319e+01	2.701254e+00
2.120000e-06	3.782670e-06	5.988980e-11	2.788482e+01	2.757977e+00
2.130000e-06	3.798510e-06	5.916292e-11	2.800159e+01	2.807918e+00
2.140000e-06	3.813513e-06	5.919076e-11	2.811218e+01	2.848685e+00
2.150000e-06	3.827686e-06	5.954731e-11	2.821666e+01	2.878167e+00
2.160000e-06	3.841078e-06	5.929565e-11	2.831539e+01	2.894773e+00
2.170000e-06	3.853786e-06	5.821338e-11	2.840906e+01	2.897631e+00
2.180000e-06	3.865859e-06	5.853650e-11	2.849806e+01	2.886751e+00
2.190000e-06	3.877243e-06	6.101629e-11	2.858198e+01	2.863115e+00
2.200000e-06	3.887708e-06	6.251046e-11	2.865913e+01	2.828698e+00
2.210000e-06	3.897166e-06	6.226230e-11	2.872885e+01	2.786404e+00
2.220000e-06	3.905756e-06	6.115557e-11	2.879217e+01	2.739917e+00
2.230000e-06	3.913602e-06	6.090731e-11	2.885001e+01	2.693478e+00
2.240000e-06	3.920846e-06	6.122149e-11	2.890341e+01	2.651600e+00
2.250000e-06	3.927494e-06	6.133585e-11	2.895242e+01	2.618739e+00
2.260000e-06	3.933470e-06	6.136793e-11	2.899647e+01	2.598939e+00
2.270000e-06	3.938752e-06	6.264007e-11	2.903541e+01	2.595496e+00
2.280000e-06	3.943383e-06	6.456995e-11	2.906955e+01	2.610642e+00
2.290000e-06	3.947426e-06	6.528654e-11	2.909935e+01	2.645304e+00
2.300000e-06	3.950986e-06	6.523647e-11	2.912559e+01	2.698933e+00
2.310000e-06	3.953897e-06	6.512823e-11	2.914706e+01	2.769447e+00
2.320000e-06	3.955850e-06	6.732584e-11	2.916145e+01	2.853278e+00
2.330000e-06	3.956784e-06	6.896105e-11	2.916834e+01	2.945542e+00
2.340000e-06	3.956908e-06	6.837431e-11	2.916925e+01	3.040313e+00
2.350000e-06	3.956459e-06	6.882686e-11	2.916594e+01	3.131003e+00
2.360000e-06	3.955461e-06	6.875396e-11	2.915859e+01	3.210807e+00
2.370000e-06	3.953828e-06	6.779417e-11	2.914654e+01	3.273206e+00
2.380000e-06	3.951550e-06	6.845010e-11	2.912975e+01	3.312470e+00
2.390000e-06	3.948641e-06	7.028391e-11	2.910831e+01	3.324155e+00
2.400000e-06	3.945124e-06	7.371773e-11	2.908238e+01	3.305531e+00
2.410000e-06	3.941094e-06	9.328986e-11	2.905267e+01	3.255924e+00
2.420000e-06	3.936587e-06	1.087573e-10	2.901945e+01	3.176936e+00
2.430000e-06	3.931378e-06	3.342183e-11	2.898105e+01	3.072531e+00
2.440000e-06	3.925146e-06	-4.596237e-11	2.893511e+01	2.948961e+00
2.450000e-06	3.917841e-06	9.484993e-11	2.888126e+01	2.814541e+00
2.460000e-06	3.909752e-06	2.287603e-10	2.882163e+01	2.679280e+00
2.470000e-06	3.901229e-06	1.147476e-10	2.875880e+01	2.554377e+00
2.480000e-06	3.892205e-06	-5.000674e-11	2.869228e+01	2.451623e+00
2.490000e-06	3.882404e-06	3.851542e-11	2.862003e+01	2.382733e+00
2.500000e-06	3.871969e-06	1.026863e-10	2.854310e+01	2.358653e+00
2.510000e-06	3.861123e-06	6.429255e-11	2.846315e+01	2.388889e+00
2.520000e-06	3.849551e-06	1.244777e-10	2.837785e+01	2.480892e+00
2.530000e-06	3.837008e-06	1.919401e-11	2.828538e+01	2.639548e+00
2.540000e-06	3.823733e-06	-1.159327e-10	2.818752e+01	2.866800e+00
2.550000e-06	3.809840e-06	1.278366e-10	2.808511e+01	3.161436e+00
2.560000e-06	3.795109e-06	2.562492e-10	2.797651e+01	3.519051e+00
2.570000e-06	3.779403e-06	-1.236502e-10	2.786073e+01	3.932192e+00
2.580000e-06	3.762927e-06	-1.338835e-10	2.773928e+01	4.390684e+00
2.590000e-06	3.745830e-06	2.375614e-10	2.761324e+01	4.882106e+00
2.600000e-06	3.728110e-06	6.501080e-11	2.748261e+01	5.392408e+00
2.610000e-06	3.709769e-06	-1.866075e-10	2.734741e+01	5.906612e+00
2.620000e-06	3.690759e-06	1.055804e-10	2.720728e+01	6.409571e+00
2.630000e-06	3.671149e-06	1.885299e-10	2.706271e+01	6.886733e+00
2.640000e-06	3.651042e-06	7.232968e-12	2.691449e+01	7.324865e+00
2.650000e-06	3.630476e-06	1.358602e-10	2.676288e+01	7.712693e+00
2.660000e-06	3.609283e-06	1.902867e-10	2.660665e+01	8.041422e+00
2.670000e-06	3.587157e-06	1.553517e-11	2.644355e+01	8.305112e+00
2.680000e-06	3.564034e-06	5.973465e-11	2.627309e+01	8.500875e+00
2.690000e-06	3.540113e-06	2.076023e-10	2.609675e+01	8.628902e+00
2.700000e-06	3.515565e-06	1.726403e-10	2.591579e+01	8.692310e+00
2.710000e-06	3.490408e-06	3.662841e-12	2.573034e+01	8.696830e+00
2.720000e-06	3.464714e-06	1.995129e-11	2.554093e+01	8.650355e+00
2.730000e-06	3.438497e-06	2.607534e-10	2.534766e+01	8.562385e+00
2.740000e-06	3.411678e-06	1.683955e-10	2.514996e+01	8.443403e+00
2.750000e-06	3.384226e-06	-6.181172e-11	2.494759e+01	8.304223e+00
2.760000e-06	3.356241e-06	1.344816e-10	2.474129e+01	8.155354e+00
2.770000e-06	3.327809e-06	2.363630e-10	2.453171e+01	8.006420e+00
2.780000e-06	3.298833e-06	3.801255e-11	2.431810e+01	7.865672e+00
2.790000e-06	3.269286e-06	5.302179e-11	2.410029e+01	7.739604e+00
2.800000e-06	3.239080e-06	1.663439e-10	2.387762e+01	7.632723e+00
2.810000e-06	3.208113e-06	1.272276e-10	2.364934e+01	7.547448e+00
2.820000e-06	3.176405e-06	6.170821e-11	2.341559e+01	7.484158e+00
2.830000e-06	3.144122e-06	8.619956e-11	2.317761e+01	7.441373e+00
2.840000e-06	3.111430e-06	1.415345e-10	2.293661e+01	7.416049e+00
2.850000e-06	3.078258e-06	1.033192e-10	2.269208e+01	7.403952e+00
2.860000e-06	3.044514e-06	7.729143e-11	2.244333e+01	7.400101e+00
2.870000e-06	3.010262e-06	1.236632e-10	2.219083e+01	7.399221e+00
2.880000e-06	2.975550e-06	1.028303e-10	2.193495e+01	7.396188e+00
2.890000e-06	2.940319e-06	7.138128e-11	2.167524e+01	7.386440e+00
2.900000e-06	2.904586e-06	1.183578e-10	2.141181e+01	7.366302e+00
2.910000e-06	2.868477e-06	1.360162e-10	2.114564e+01	7.333237e+00
2.920000e-06	2.832027e-06	6.968440e-11	2.087694e+01	7.285984e+00
2.930000e-06	2.795185e-06	5.865310e-11	2.060535e+01	7.224595e+00
2.940000e-06	2.757812e-06	1.462656e-10	2.032984e+01	7.150359e+00
2.950000e-06	2.719684e-06	1.437732e-10	2.004877e+01	7.065644e+00
2.960000e-06	2.680743e-06	5.258140e-11	1.976171e+01	6.973652e+00
2.970000e-06	2.641086e-06	6.832532e-11	1.946937e+01	6.878125e+00
2.980000e-06	2.600927e-06	1.344379e-10	1.917333e+01	6.783024e+00
2.990000e-06	2.560449e-06	1.171495e-10	1.887493e+01	6.692201e+00
3.000000e-06	2.519705e-06	7.695605e-11	1.857458e+01	6.609099e+00
3.010000e-06	2.478593e-06	8.126272e-11	1.827152e+01	6.536492e+00
3.020000e-06	2.437001e-06	9.631519e-11	1.796491e+01	6.476292e+00
3.030000e-06	2.394969e-06	9.688168e-11	1.765506e+01	6.429433e+00
3.040000e-06	2.352539e-06	1.053264e-10	1.734227e+01	6.395831e+00
3.050000e-06	2.309688e-06	9.674253e-11	1.702639e+01	6.374429e+00
3.060000e-06	2.266431e-06	6.418456e-11	1.670752e+01	6.363315e+00
3.070000e-06	2.222754e-06	7.518779e-11	1.638554e+01	6.359899e+00
3.080000e-06	2.178736e-06	1.101922e-10	1.606105e+01	6.361135e+00
3.090000e-06	2.134477e-06	9.752259e-11	1.573479e+01	6.363770e+00
3.100000e-06	2.089997e-06	6.134565e-11	1.540689e+01	6.364592e+00
3.110000e-06	2.045286e-06	6.817467e-11	1.507729e+01	6.360664e+00
3.120000e-06	2.000249e-06	1.049635e-10	1.474529e+01	6.349527e+00
3.130000e-06	1.954804e-06	1.026592e-10	1.441028e+01	6.329347e+00
3.140000e-06	1.908934e-06	7.318874e-11	1.407214e+01	6.299009e+00
3.150000e-06	1.862693e-06	7.641656e-11	1.373127e+01	6.258143e+00
3.160000e-06	1.816137e-06	9.552984e-11	1.338807e+01	6.207093e+00
3.170000e-06	1.769348e-06	9.283162e-11	1.304315e+01	6.146825e+00
3.180000e-06	1.722284e-06	8.236814e-11	1.269621e+01	6.078786e+00
3.190000e-06	1.674969e-06	8.367614e-11	1.234741e+01	6.004740e+00
3.200000e-06	1.627538e-06	8.466034e-11	1.199777e+01	5.926576e+00
3.210000e-06	1.579879e-06	8.131448e-11	1.164644e+01	5.846130e+00
3.220000e-06	1.531881e-06	8.606093e-11	1.129261e+01	5.765008e+00
3.230000e-06	1.483461e-06	8.644333e-11	1.093567e+01	5.684454e+00
3.240000e-06	1.434690e-06	7.510080e-11	1.057615e+01	5.605256e+00
3.250000e-06	1.385604e-06	7.378746e-11	1.021430e+01	5.527697e+00
3.260000e-06	1.336243e-06	8.197198e-11	9.850418e+00	5.451564e+00
3.270000e-06	1.286642e-06	7.702012e-11	9.484776e+00	5.376203e+00
3.280000e-06	1.236696e-06	6.528784e-11	9.116590e+00	5.300621e+00
3.290000e-06	1.186539e-06	6.535720e-11	8.746843e+00	5.223614e+00
3.300000e-06	1.136200e-06	6.968862e-11	8.375758e+00	5.143927e+00
3.310000e-06	1.085616e-06	6.447867e-11	8.002864e+00	5.060403e+00
3.320000e-06	1.034842e-06	6.191708e-11	7.628576e+00	4.972140e+00
3.330000e-06	9.838733e-07	6.643308e-11	7.252847e+00	4.878611e+00
3.340000e-06	9.326079e-07	6.359848e-11	6.874932e+00	4.779754e+00
3.350000e-06	8.810554e-07	5.679451e-11	6.494901e+00	4.676023e+00
3.360000e-06	8.293324e-07	5.711061e-11	6.113613e+00	4.568379e+00
3.370000e-06	7.774760e-07	6.094882e-11	5.731342e+00	4.458245e+00
3.380000e-06	7.254942e-07	5.663669e-11	5.348146e+00	4.347406e+00
3.390000e-06	6.733693e-07	4.879923e-11	4.963895e+00	4.237882e+00
3.400000e-06	6.211197e-07	4.979349e-11	4.578726e+00	4.131764e+00
3.410000e-06	5.688131e-07	5.268533e-11	4.193135e+00	4.031052e+00
3.420000e-06	5.164353e-07	5.069667e-11	3.807021e+00	3.937483e+00
3.430000e-06	4.639559e-07	4.772797e-11	3.420157e+00	3.852386e+00
3.440000e-06	4.114224e-07	4.670846e-11	3.032894e+00	3.776561e+00
3.450000e-06	3.588609e-07	4.778649e-11	2.645425e+00	3.710204e+00
3.460000e-06	3.062561e-07	4.947167e-11	2.257637e+00	3.652876e+00
3.470000e-06	2.536048e-07	5.129756e-11	1.869506e+00	3.603532e+00
3.480000e-06	2.008836e-07	4.791745e-11	1.480859e+00	3.560588e+00
3.490000e-06	1.481299e-07	4.108264e-11	1.091974e+00	3.522046e+00
3.500000e-06	9.536223e-08	4.193981e-11	7.029844e-01	3.485651e+00
3.510000e-06	4.257666e-08	4.635526e-11	3.138636e-01	3.449063e+00
3.520000e-06	-1.021397e-08	4.418696e-11	-7.529459e-02	3.410051e+00
3.530000e-06	-6.298017e-08	4.009730e-11	-4.642727e-01	3.366676e+00
3.540000e-06	-1.157417e-07	4.309160e-11	-8.532162e-01	3.317446e+00
3.550000e-06	-1.684654e-07	4.842786e-11	-1.241881e+00	3.261444e+00
3.560000e-06	-2.210977e-07	4.456301e-11	-1.629872e+00	3.198412e+00
3.570000e-06	-2.736895e-07	3.733215e-11	-2.017564e+00	3.128770e+00
3.580000e-06	-3.262061e-07	3.447071e-11	-2.404703e+00	3.053595e+00
3.590000e-06	-3.786805e-07	3.299391e-11	-2.791530e+00	2.974532e+00
3.600000e-06	-4.311511e-07	3.324920e-11	-3.178329e+00	2.893668e+00
3.610000e-06	-4.835466e-07	3.414640e-11	-3.564574e+00	2.813363e+00
3.620000e-06	-5.358667e-07	3.441044e-11	-3.950264e+00	2.736055e+00
3.630000e-06	-5.881324e-07	3.398094e-11	-4.335552e+00	2.664059e+00
3.640000e-06	-6.402964e-07	3.484954e-11	-4.720091e+00	2.599370e+00
3.650000e-06	-6.923601e-07	3.553343e-11	-5.103891e+00	2.543493e+00
3.660000e-06	-7.443478e-07	3.184868e-11	-5.487130e+00	2.497303e+00
3.670000e-06	-7.962573e-07	2.945466e-11	-5.869792e+00	2.460957e+00
3.680000e-06	-8.479829e-07	3.096480e-11	-6.251100e+00	2.433862e+00
3.690000e-06	-8.994697e-07	3.204832e-11	-6.630646e+00	2.414702e+00
3.700000e-06	-9.508308e-07	3.103526e-11	-7.009266e+00	2.401515e+00
3.710000e-06	-1.001971e-06	2.976810e-11	-7.386255e+00	2.391830e+00
3.720000e-06	-1.052845e-06	3.174779e-11	-7.761290e+00	2.382841e+00
3.730000e-06	-1.103522e-06	3.435895e-11	-8.134867e+00	2.371605e+00
3.740000e-06	-1.154021e-06	3.520833e-11	-8.507129e+00	2.355259e+00
3.750000e-06	-1.204276e-06	3.410482e-11	-8.877595e+00	2.331221e+00
3.760000e-06	-1.254316e-06	3.183418e-11	-9.246477e+00	2.297385e+00
3.770000e-06	-1.304106e-06	2.890224e-11	-9.613511e+00	2.252264e+00
3.780000e-06	-1.353520e-06	2.618965e-11	-9.977781e+00	2.195096e+00
3.790000e-06	-1.402629e-06	2.759548e-11	-1.033980e+01	2.125892e+00
3.800000e-06	-1.451343e-06	2.852526e-11	-1.069891e+01	2.045420e+00
3.810000e-06	-1.499530e-06	2.651705e-11	-1.105413e+01	1.955142e+00
3.820000e-06	-1.547254e-06	2.488384e-11	-1.140593e+01	1.857080e+00
3.830000e-06	-1.594668e-06	2.462380e-11	-1.175546e+01	1.753665e+00
3.840000e-06	-1.641866e-06	2.364996e-11	-1.210339e+01	1.647528e+00
3.850000e-06	-1.688835e-06	2.297506e-11	-1.244963e+01	1.541305e+00
3.860000e-06	-1.735557e-06	2.259580e-11	-1.279405e+01	1.437423e+00
3.870000e-06	-1.782122e-06	2.170423e-11	-1.313732e+01	1.337920e+00
3.880000e-06	-1.828519e-06	2.062825e-11	-1.347934e+01	1.244291e+00
3.890000e-06	-1.874657e-06	1.934847e-11	-1.381946e+01	1.157383e+00
3.900000e-06	-1.920439e-06	1.753825e-11	-1.415696e+01	1.077346e+00
3.910000e-06	-1.965782e-06	1.637062e-11	-1.449121e+01	1.003640e+00
3.920000e-06	-2.010724e-06	1.587990e-11	-1.482251e+01	9.350979e-01
3.930000e-06	-2.055343e-06	1.510409e-11	-1.515143e+01	8.700461e-01
3.940000e-06	-2.099764e-06	1.544642e-11	-1.547889e+01	8.064603e-01
3.950000e-06	-2.144022e-06	1.589445e-11	-1.580515e+01	7.421549e-01
3.960000e-06	-2.188026e-06	1.550178e-11	-1.612953e+01	6.749841e-01
3.970000e-06	-2.231691e-06	1.312583e-11	-1.645142e+01	6.030399e-01
3.980000e-06	-2.274914e-06	1.161190e-11	-1.677005e+01	5.248316e-01
3.990000e-06	-2.317717e-06	1.206300e-11	-1.708558e+01	4.394294e-01
4.000000e-06	-2.360150e-06	1.095235e-11	-1.739838e+01	3.465635e-01
4.010000e-06	-2.402188e-06	7.693194e-12	-1.770828e+01	2.466675e-01
4.020000e-06	-2.443836e-06	5.393947e-12	-1.801529e+01	1.408638e-01
4.030000e-06	-2.485053e-06	4.496599e-12	-1.831913e+01	3.089139e-02
4.040000e-06	-2.525845e-06	3.395820e-12	-1.861984e+01	-8.101799e-02
4.050000e-06	-2.566325e-06	1.980835e-12	-1.891825e+01	-1.923063e-01
4.060000e-06	-2.606558e-06	8.500499e-13	-1.921483e+01	-3.002843e-01
4.070000e-06	-2.646435e-06	-1.639356e-13	-1.950880e+01	-4.023398e-01
4.080000e-06	-2.685873e-06	-1.378362e-12	-1.979952e+01	-4.961428e-01
4.090000e-06	-2.724683e-06	-2.237859e-12	-2.008563e+01	-5.798308e-01
4.100000e-06	-2.762654e-06	-2.650840e-12	-2.036553e+01	-6.521587e-01
4.110000e-06	-2.799914e-06	-2.727827e-12	-2.064021e+01	-7.126024e-01
4.120000e-06	-2.836681e-06	-3.137265e-12	-2.091124e+01	-7.614068e-01
4.130000e-06	-2.873055e-06	-4.265604e-12	-2.117938e+01	-7.995748e-01
4.140000e-06	-2.909061e-06	-5.139083e-12	-2.144481e+01	-8.287973e-01
4.150000e-06	-2.944669e-06	-5.712354e-12	-2.170730e+01	-8.513313e-01
4.160000e-06	-2.979743e-06	-5.458855e-12	-2.196585e+01	-8.698345e-01
4.170000e-06	-3.014261e-06	-4.563637e-12	-2.222031e+01	-8.871700e-01
4.180000e-06	-3.048229e-06	-4.599542e-12	-2.247072e+01	-9.061975e-01
4.190000e-06	-3.081612e-06	-5.537389e-12	-2.271680e+01	-9.295662e-01
4.200000e-06	-3.114503e-06	-5.735304e-12	-2.295927e+01	-9.595276e-01
4.210000e-06	-3.146982e-06	-6.073170e-12	-2.319869e+01	-9.977817e-01
4.220000e-06	-3.179011e-06	-8.671402e-12	-2.343481e+01	-1.045369e+00
4.230000e-06	-3.210477e-06	-1.049609e-11	-2.366676e+01	-1.102617e+00
4.240000e-06	-3.241162e-06	-1.176400e-11	-2.389296e+01	-1.169142e+00
4.250000e-06	-3.270926e-06	-1.297053e-11	-2.411238e+01	-1.243912e+00
4.260000e-06	-3.299927e-06	-1.387503e-11	-2.432616e+01	-1.325357e+00
4.270000e-06	-3.328409e-06	-1.592230e-11	-2.453613e+01	-1.411516e+00
4.280000e-06	-3.356481e-06	-1.608767e-11	-2.474306e+01	-1.500223e+00
4.290000e-06	-3.384058e-06	-1.479251e-11	-2.494636e+01	-1.589289e+00
4.300000e-06	-3.411045e-06	-1.434245e-11	-2.514529e+01	-1.676695e+00
4.310000e-06	-3.437402e-06	-1.626552e-11	-2.533960e+01	-1.760746e+00
4.320000e-06	-3.463090e-06	-1.848362e-11	-2.552896e+01	-1.840211e+00
4.330000e-06	-3.488178e-06	-1.889944e-11	-2.571390e+01	-1.914395e+00
4.340000e-06	-3.512789e-06	-1.820719e-11	-2.589533e+01	-1.983174e+00
4.350000e-06	-3.536954e-06	-1.881455e-11	-2.607347e+01	-2.046961e+00
4.360000e-06	-3.560568e-06	-2.180405e-11	-2.624754e+01	-2.106634e+00
4.370000e-06	-3.583345e-06	-2.253152e-11	-2.641545e+01	-2.163403e+00
4.380000e-06	-3.605167e-06	-2.073306e-11	-2.657631e+01	-2.218649e+00
4.390000e-06	-3.626185e-06	-1.994551e-11	-2.673125e+01	-2.273749e+00
4.400000e-06	-3.646641e-06	-2.190913e-11	-2.688205e+01	-2.329890e+00
4.410000e-06	-3.666621e-06	-2.455359e-11	-2.702934e+01	-2.387901e+00
4.420000e-06	-3.686048e-06	-2.539916e-11	-2.717254e+01	-2.448120e+00
4.430000e-06	-3.704891e-06	-2.546646e-11	-2.731145e+01	-2.510302e+00
4.440000e-06	-3.723120e-06	-2.628621e-11	-2.744583e+01	-2.573589e+00
4.450000e-06	-3.740723e-06	-2.693504e-11	-2.757559e+01	-2.636532e+00
4.460000e-06	-3.757771e-06	-2.639427e-11	-2.770127e+01	-2.697188e+00
4.470000e-06	-3.774310e-06	-2.518179e-11	-2.782318e+01	-2.753265e+00
4.480000e-06	-3.790250e-06	-2.366223e-11	-2.794069e+01	-2.802316e+00
4.490000e-06	-3.805330e-06	-2.352926e-11	-2.805186e+01	-2.841965e+00
4.500000e-06	-3.819396e-06	-2.452264e-11	-2.815555e+01	-2.870142e+00
4.510000e-06	-3.832591e-06	-2.421403e-11	-2.825282e+01	-2.885321e+00
4.520000e-06	-3.844986e-06	-2.281259e-11	-2.834419e+01	-2.886711e+00
4.530000e-06	-3.856713e-06	-2.307318e-11	-2.843064e+01	-2.874417e+00
4.540000e-06	-3.867782e-06	-2.485360e-11	-2.851224e+01	-2.849519e+00
4.550000e-06	-3.878131e-06	-2.542688e-11	-2.858853e+01	-2.814092e+00
4.560000e-06	-3.887846e-06	-2.447999e-11	-2.866015e+01	-2.771123e+00
4.570000e-06	-3.896946e-06	-2.303208e-11	-2.872722e+01	-2.724365e+00
4.580000e-06	-3.905479e-06	-2.244760e-11	-2.879013e+01	-2.678099e+00
4.590000e-06	-3.913476e-06	-2.221023e-11	-2.884908e+01	-2.636849e+00
4.600000e-06	-3.920721e-06	-2.108905e-11	-2.890249e+01	-2.605043e+00
4.610000e-06	-3.926981e-06	-1.970205e-11	-2.894864e+01	-2.586668e+00
4.620000e-06	-3.932300e-06	-1.989282e-11	-2.898784e+01	-2.584924e+00
4.630000e-06	-3.936924e-06	-2.153675e-11	-2.902193e+01	-2.601926e+00
4.640000e-06	-3.941016e-06	-2.201931e-11	-2.905210e+01	-2.638456e+00
4.650000e-06	-3.944518e-06	-2.136872e-11	-2.907791e+01	-2.693815e+00
4.660000e-06	-3.947366e-06	-2.070854e-11	-2.909891e+01	-2.765766e+00
4.670000e-06	-3.949580e-06	-2.067259e-11	-2.911523e+01	-2.850602e+00
4.680000e-06	-3.951120e-06	-2.105785e-11	-2.912659e+01	-2.943319e+00
4.690000e-06	-3.952029e-06	-2.102308e-11	-2.913328e+01	-3.037908e+00
