# Temperatura_=_20.0
# Concentracion g/m^3_=_9000.0
# C_Vs_to_Am_M_A/Vsm_=_65563218390.804596
# pendiente_HvsI_1/m_=_3716.3
# ordenada_HvsI_A/m_=_1297.0
# frecuencia_Hz_=_212892.34355386667

Tiempo_(s)	Campo_(V.s)	Magnetizacion_(V.s)	Campo_(kA/m)	Magnetizacion_(A/m)
0.000000e+00	-5.267701e-06	-3.987290e-09	-3.840985e+01	-2.604554e+02
1.000000e-08	-5.266856e-06	-3.986799e-09	-3.840369e+01	-2.604678e+02
2.000000e-08	-5.264809e-06	-3.986093e-09	-3.838876e+01	-2.604793e+02
3.000000e-08	-5.261714e-06	-3.985136e-09	-3.836619e+01	-2.604886e+02
4.000000e-08	-5.257837e-06	-3.986279e-09	-3.833792e+01	-2.604933e+02
5.000000e-08	-5.253197e-06	-3.986014e-09	-3.830409e+01	-2.604901e+02
6.000000e-08	-5.247692e-06	-3.981997e-09	-3.826395e+01	-2.604751e+02
7.000000e-08	-5.241285e-06	-3.973587e-09	-3.821724e+01	-2.604440e+02
8.000000e-08	-5.234041e-06	-3.970172e-09	-3.816442e+01	-2.603924e+02
9.000000e-08	-5.225921e-06	-4.003402e-09	-3.810521e+01	-2.603157e+02
1.000000e-07	-5.216530e-06	-4.036378e-09	-3.803674e+01	-2.602101e+02
1.100000e-07	-5.205767e-06	-4.010975e-09	-3.795825e+01	-2.600722e+02
1.200000e-07	-5.194028e-06	-3.895761e-09	-3.787266e+01	-2.598994e+02
1.300000e-07	-5.181474e-06	-3.859202e-09	-3.778112e+01	-2.596902e+02
1.400000e-07	-5.168084e-06	-4.005884e-09	-3.768349e+01	-2.594444e+02
1.500000e-07	-5.153907e-06	-4.040055e-09	-3.758011e+01	-2.591625e+02
1.600000e-07	-5.138711e-06	-3.945358e-09	-3.746931e+01	-2.588464e+02
1.700000e-07	-5.122181e-06	-3.896504e-09	-3.734878e+01	-2.584991e+02
1.800000e-07	-5.104578e-06	-3.895648e-09	-3.722043e+01	-2.581240e+02
1.900000e-07	-5.086465e-06	-3.936183e-09	-3.708836e+01	-2.577254e+02
2.000000e-07	-5.067680e-06	-4.017926e-09	-3.695138e+01	-2.573078e+02
2.100000e-07	-5.047930e-06	-3.925589e-09	-3.680737e+01	-2.568756e+02
2.200000e-07	-5.027453e-06	-3.761928e-09	-3.665806e+01	-2.564331e+02
2.300000e-07	-5.006278e-06	-3.893884e-09	-3.650366e+01	-2.559840e+02
2.400000e-07	-4.984101e-06	-4.017927e-09	-3.634196e+01	-2.555315e+02
2.500000e-07	-4.960983e-06	-3.897567e-09	-3.617339e+01	-2.550776e+02
2.600000e-07	-4.937190e-06	-3.799540e-09	-3.599990e+01	-2.546235e+02
2.700000e-07	-4.912536e-06	-3.867641e-09	-3.582014e+01	-2.541693e+02
2.800000e-07	-4.886781e-06	-3.939168e-09	-3.563234e+01	-2.537142e+02
2.900000e-07	-4.859881e-06	-3.916787e-09	-3.543620e+01	-2.532565e+02
3.000000e-07	-4.832083e-06	-3.843354e-09	-3.523351e+01	-2.527936e+02
3.100000e-07	-4.803540e-06	-3.811206e-09	-3.502538e+01	-2.523227e+02
3.200000e-07	-4.774107e-06	-3.842503e-09	-3.481077e+01	-2.518403e+02
3.300000e-07	-4.743780e-06	-3.875489e-09	-3.458964e+01	-2.513431e+02
3.400000e-07	-4.712734e-06	-3.876136e-09	-3.436327e+01	-2.508278e+02
3.500000e-07	-4.681062e-06	-3.786976e-09	-3.413233e+01	-2.502916e+02
3.600000e-07	-4.648627e-06	-3.733458e-09	-3.389583e+01	-2.497322e+02
3.700000e-07	-4.615365e-06	-3.833821e-09	-3.365329e+01	-2.491478e+02
3.800000e-07	-4.580980e-06	-3.871061e-09	-3.340257e+01	-2.485375e+02
3.900000e-07	-4.545455e-06	-3.733847e-09	-3.314354e+01	-2.479011e+02
4.000000e-07	-4.509225e-06	-3.687162e-09	-3.287937e+01	-2.472391e+02
4.100000e-07	-4.472367e-06	-3.789484e-09	-3.261061e+01	-2.465525e+02
4.200000e-07	-4.434688e-06	-3.805799e-09	-3.233587e+01	-2.458429e+02
4.300000e-07	-4.396063e-06	-3.713354e-09	-3.205423e+01	-2.451122e+02
4.400000e-07	-4.356789e-06	-3.681988e-09	-3.176787e+01	-2.443622e+02
4.500000e-07	-4.317120e-06	-3.719801e-09	-3.147861e+01	-2.435949e+02
4.600000e-07	-4.276809e-06	-3.723555e-09	-3.118469e+01	-2.428118e+02
4.700000e-07	-4.235464e-06	-3.701675e-09	-3.088321e+01	-2.420142e+02
4.800000e-07	-4.192967e-06	-3.665884e-09	-3.057334e+01	-2.412027e+02
4.900000e-07	-4.149664e-06	-3.629068e-09	-3.025760e+01	-2.403774e+02
5.000000e-07	-4.105824e-06	-3.644162e-09	-2.993794e+01	-2.395377e+02
5.100000e-07	-4.061368e-06	-3.663921e-09	-2.961378e+01	-2.386826e+02
5.200000e-07	-4.016239e-06	-3.618553e-09	-2.928472e+01	-2.378102e+02
5.300000e-07	-3.970352e-06	-3.562072e-09	-2.895013e+01	-2.369184e+02
5.400000e-07	-3.923706e-06	-3.574649e-09	-2.861000e+01	-2.360048e+02
5.500000e-07	-3.876483e-06	-3.605528e-09	-2.826568e+01	-2.350667e+02
5.600000e-07	-3.828757e-06	-3.571284e-09	-2.791768e+01	-2.341015e+02
5.700000e-07	-3.780254e-06	-3.515400e-09	-2.756401e+01	-2.331065e+02
5.800000e-07	-3.730741e-06	-3.503934e-09	-2.720299e+01	-2.320796e+02
5.900000e-07	-3.680227e-06	-3.524109e-09	-2.683466e+01	-2.310186e+02
6.000000e-07	-3.628851e-06	-3.512840e-09	-2.646005e+01	-2.299221e+02
6.100000e-07	-3.576751e-06	-3.457840e-09	-2.608016e+01	-2.287889e+02
6.200000e-07	-3.523948e-06	-3.432251e-09	-2.569514e+01	-2.276185e+02
6.300000e-07	-3.470540e-06	-3.442720e-09	-2.530571e+01	-2.264104e+02
6.400000e-07	-3.416475e-06	-3.435446e-09	-2.491149e+01	-2.251649e+02
6.500000e-07	-3.361778e-06	-3.400555e-09	-2.451267e+01	-2.238822e+02
6.600000e-07	-3.306567e-06	-3.363566e-09	-2.411009e+01	-2.225628e+02
6.700000e-07	-3.250940e-06	-3.343273e-09	-2.370448e+01	-2.212073e+02
6.800000e-07	-3.194913e-06	-3.334097e-09	-2.329596e+01	-2.198161e+02
6.900000e-07	-3.138133e-06	-3.320653e-09	-2.288194e+01	-2.183894e+02
7.000000e-07	-3.080377e-06	-3.283861e-09	-2.246081e+01	-2.169274e+02
7.100000e-07	-3.021885e-06	-3.242921e-09	-2.203431e+01	-2.154298e+02
7.200000e-07	-2.962884e-06	-3.234394e-09	-2.160410e+01	-2.138961e+02
7.300000e-07	-2.903465e-06	-3.229623e-09	-2.117084e+01	-2.123255e+02
7.400000e-07	-2.843618e-06	-3.193336e-09	-2.073446e+01	-2.107168e+02
7.500000e-07	-2.783255e-06	-3.151762e-09	-2.029432e+01	-2.090686e+02
7.600000e-07	-2.722383e-06	-3.134108e-09	-1.985046e+01	-2.073793e+02
7.700000e-07	-2.661082e-06	-3.120167e-09	-1.940349e+01	-2.056472e+02
7.800000e-07	-2.599358e-06	-3.084550e-09	-1.895342e+01	-2.038704e+02
7.900000e-07	-2.537108e-06	-3.046902e-09	-1.849952e+01	-2.020470e+02
8.000000e-07	-2.474365e-06	-3.023840e-09	-1.804202e+01	-2.001752e+02
8.100000e-07	-2.411289e-06	-3.002244e-09	-1.758210e+01	-1.982530e+02
8.200000e-07	-2.347910e-06	-2.971417e-09	-1.711997e+01	-1.962785e+02
8.300000e-07	-2.284171e-06	-2.931838e-09	-1.665521e+01	-1.942499e+02
8.400000e-07	-2.220165e-06	-2.897020e-09	-1.618851e+01	-1.921650e+02
8.500000e-07	-2.155946e-06	-2.868595e-09	-1.572024e+01	-1.900220e+02
8.600000e-07	-2.091389e-06	-2.834802e-09	-1.524952e+01	-1.878186e+02
8.700000e-07	-2.026382e-06	-2.793956e-09	-1.477552e+01	-1.855523e+02
8.800000e-07	-1.960773e-06	-2.751522e-09	-1.429713e+01	-1.832205e+02
8.900000e-07	-1.894646e-06	-2.719007e-09	-1.381496e+01	-1.808203e+02
9.000000e-07	-1.828170e-06	-2.688873e-09	-1.333024e+01	-1.783483e+02
9.100000e-07	-1.761300e-06	-2.646143e-09	-1.284265e+01	-1.758009e+02
9.200000e-07	-1.694064e-06	-2.599169e-09	-1.235240e+01	-1.731741e+02
9.300000e-07	-1.626583e-06	-2.559857e-09	-1.186036e+01	-1.704635e+02
9.400000e-07	-1.558988e-06	-2.524432e-09	-1.136748e+01	-1.676645e+02
9.500000e-07	-1.491283e-06	-2.475128e-09	-1.087381e+01	-1.647721e+02
9.600000e-07	-1.423365e-06	-2.416230e-09	-1.037857e+01	-1.617810e+02
9.700000e-07	-1.355185e-06	-2.367755e-09	-9.881436e+00	-1.586856e+02
9.800000e-07	-1.286806e-06	-2.327394e-09	-9.382843e+00	-1.554803e+02
9.900000e-07	-1.218201e-06	-2.281320e-09	-8.882610e+00	-1.521590e+02
1.000000e-06	-1.149361e-06	-2.222531e-09	-8.380653e+00	-1.487152e+02
1.010000e-06	-1.080300e-06	-2.162240e-09	-7.877089e+00	-1.451424e+02
1.020000e-06	-1.010977e-06	-2.109087e-09	-7.371615e+00	-1.414333e+02
1.030000e-06	-9.414640e-07	-2.056153e-09	-6.864757e+00	-1.375804e+02
1.040000e-06	-8.718058e-07	-1.996020e-09	-6.356840e+00	-1.335754e+02
1.050000e-06	-8.019493e-07	-1.925775e-09	-5.847476e+00	-1.294096e+02
1.060000e-06	-7.319054e-07	-1.855352e-09	-5.336745e+00	-1.250735e+02
1.070000e-06	-6.617630e-07	-1.789320e-09	-4.825296e+00	-1.205570e+02
1.080000e-06	-5.915082e-07	-1.718415e-09	-4.313028e+00	-1.158492e+02
1.090000e-06	-5.211338e-07	-1.637131e-09	-3.799888e+00	-1.109391e+02
1.100000e-06	-4.506534e-07	-1.551529e-09	-3.285974e+00	-1.058152e+02
1.110000e-06	-3.801101e-07	-1.472362e-09	-2.771603e+00	-1.004658e+02
1.120000e-06	-3.095104e-07	-1.393725e-09	-2.256819e+00	-9.487992e+01
1.130000e-06	-2.388713e-07	-1.303470e-09	-1.741748e+00	-8.904708e+01
1.140000e-06	-1.681688e-07	-1.204125e-09	-1.226216e+00	-8.295819e+01
1.150000e-06	-9.740690e-08	-1.105542e-09	-7.102500e-01	-7.660593e+01
1.160000e-06	-2.667768e-08	-1.008774e-09	-1.945224e-01	-6.998539e+01
1.170000e-06	4.400530e-08	-9.065058e-10	3.208681e-01	-6.309459e+01
1.180000e-06	1.146070e-07	-7.956861e-10	8.356661e-01	-5.593501e+01
1.190000e-06	1.851777e-07	-6.818930e-10	1.350238e+00	-4.851214e+01
1.200000e-06	2.556936e-07	-5.671030e-10	1.864409e+00	-4.083575e+01
1.210000e-06	3.261329e-07	-4.493958e-10	2.378024e+00	-3.292028e+01
1.220000e-06	3.965202e-07	-3.270302e-10	2.891258e+00	-2.478485e+01
1.230000e-06	4.668656e-07	-1.996210e-10	3.404186e+00	-1.645331e+01
1.240000e-06	5.371528e-07	-6.958515e-11	3.916692e+00	-7.953974e+00
1.250000e-06	6.072763e-07	6.168789e-11	4.428002e+00	6.807452e-01
1.260000e-06	6.772806e-07	1.945951e-10	4.938444e+00	9.414879e+00
1.270000e-06	7.472257e-07	3.307109e-10	5.448454e+00	1.820961e+01
1.280000e-06	8.169978e-07	4.669085e-10	5.957203e+00	2.702412e+01
1.290000e-06	8.865636e-07	5.997815e-10	6.464447e+00	3.581650e+01
1.300000e-06	9.559530e-07	7.314470e-10	6.970405e+00	4.454471e+01
1.310000e-06	1.025189e-06	8.639041e-10	7.475245e+00	5.316767e+01
1.320000e-06	1.094264e-06	9.964831e-10	7.978908e+00	6.164616e+01
1.330000e-06	1.163167e-06	1.125759e-09	8.481326e+00	6.994376e+01
1.340000e-06	1.231910e-06	1.251772e-09	8.982566e+00	7.802771e+01
1.350000e-06	1.300434e-06	1.372489e-09	9.482213e+00	8.586952e+01
1.360000e-06	1.368699e-06	1.487477e-09	9.979976e+00	9.344552e+01
1.370000e-06	1.436714e-06	1.596020e-09	1.047591e+01	1.007372e+02
1.380000e-06	1.504579e-06	1.697871e-09	1.097076e+01	1.077313e+02
1.390000e-06	1.572296e-06	1.794457e-09	1.146452e+01	1.144198e+02
1.400000e-06	1.639810e-06	1.886835e-09	1.195680e+01	1.207997e+02
1.410000e-06	1.707111e-06	1.978126e-09	1.244753e+01	1.268725e+02
1.420000e-06	1.774111e-06	2.066078e-09	1.293607e+01	1.326440e+02
1.430000e-06	1.840802e-06	2.149942e-09	1.342235e+01	1.381232e+02
1.440000e-06	1.907109e-06	2.230086e-09	1.390583e+01	1.433219e+02
1.450000e-06	1.972877e-06	2.306766e-09	1.438539e+01	1.482541e+02
1.460000e-06	2.038123e-06	2.379295e-09	1.486113e+01	1.529349e+02
1.470000e-06	2.102917e-06	2.446143e-09	1.533358e+01	1.573802e+02
1.480000e-06	2.167284e-06	2.508038e-09	1.580292e+01	1.616057e+02
1.490000e-06	2.231284e-06	2.568904e-09	1.626958e+01	1.656270e+02
1.500000e-06	2.294973e-06	2.628045e-09	1.673397e+01	1.694586e+02
1.510000e-06	2.358353e-06	2.684429e-09	1.719612e+01	1.731140e+02
1.520000e-06	2.421329e-06	2.738391e-09	1.765530e+01	1.766053e+02
1.530000e-06	2.483844e-06	2.789934e-09	1.811114e+01	1.799433e+02
1.540000e-06	2.546012e-06	2.838707e-09	1.856445e+01	1.831377e+02
1.550000e-06	2.607801e-06	2.880952e-09	1.901498e+01	1.861968e+02
1.560000e-06	2.669124e-06	2.920162e-09	1.946213e+01	1.891280e+02
1.570000e-06	2.729986e-06	2.958764e-09	1.990590e+01	1.919380e+02
1.580000e-06	2.790358e-06	2.997251e-09	2.034611e+01	1.946328e+02
1.590000e-06	2.850300e-06	3.036318e-09	2.078319e+01	1.972183e+02
1.600000e-06	2.909900e-06	3.073527e-09	2.121776e+01	1.997000e+02
1.610000e-06	2.969069e-06	3.109887e-09	2.164920e+01	2.020835e+02
1.620000e-06	3.027541e-06	3.145827e-09	2.207555e+01	2.043742e+02
1.630000e-06	3.085166e-06	3.180658e-09	2.249573e+01	2.065777e+02
1.640000e-06	3.142052e-06	3.212028e-09	2.291051e+01	2.086997e+02
1.650000e-06	3.198320e-06	3.240373e-09	2.332080e+01	2.107457e+02
1.660000e-06	3.254009e-06	3.269122e-09	2.372686e+01	2.127209e+02
1.670000e-06	3.309258e-06	3.296183e-09	2.412972e+01	2.146303e+02
1.680000e-06	3.364070e-06	3.321867e-09	2.452938e+01	2.164784e+02
1.690000e-06	3.418317e-06	3.348189e-09	2.492493e+01	2.182692e+02
1.700000e-06	3.472010e-06	3.372860e-09	2.531643e+01	2.200058e+02
1.710000e-06	3.525086e-06	3.397262e-09	2.570344e+01	2.216907e+02
1.720000e-06	3.577528e-06	3.422399e-09	2.608582e+01	2.233256e+02
1.730000e-06	3.629286e-06	3.446070e-09	2.646322e+01	2.249115e+02
1.740000e-06	3.680225e-06	3.468006e-09	2.683465e+01	2.264487e+02
1.750000e-06	3.730257e-06	3.490108e-09	2.719946e+01	2.279369e+02
1.760000e-06	3.779372e-06	3.512336e-09	2.755759e+01	2.293756e+02
1.770000e-06	3.827674e-06	3.532013e-09	2.790978e+01	2.307639e+02
1.780000e-06	3.875316e-06	3.549765e-09	2.825717e+01	2.321012e+02
1.790000e-06	3.922408e-06	3.567752e-09	2.860054e+01	2.333868e+02
1.800000e-06	3.968888e-06	3.586094e-09	2.893946e+01	2.346205e+02
1.810000e-06	4.014644e-06	3.604987e-09	2.927309e+01	2.358025e+02
1.820000e-06	4.059713e-06	3.624728e-09	2.960171e+01	2.369338e+02
1.830000e-06	4.104123e-06	3.643147e-09	2.992553e+01	2.380157e+02
1.840000e-06	4.147953e-06	3.660527e-09	3.024512e+01	2.390504e+02
1.850000e-06	4.191278e-06	3.677563e-09	3.056103e+01	2.400405e+02
1.860000e-06	4.233835e-06	3.692997e-09	3.087134e+01	2.409890e+02
1.870000e-06	4.275370e-06	3.707187e-09	3.117419e+01	2.418994e+02
1.880000e-06	4.315861e-06	3.721760e-09	3.146944e+01	2.427750e+02
1.890000e-06	4.355533e-06	3.735417e-09	3.175871e+01	2.436193e+02
1.900000e-06	4.394559e-06	3.746342e-09	3.204327e+01	2.444357e+02
1.910000e-06	4.432921e-06	3.758985e-09	3.232299e+01	2.452270e+02
1.920000e-06	4.470522e-06	3.773722e-09	3.259716e+01	2.459955e+02
1.930000e-06	4.507286e-06	3.785911e-09	3.286523e+01	2.467431e+02
1.940000e-06	4.543368e-06	3.796000e-09	3.312832e+01	2.474710e+02
1.950000e-06	4.578858e-06	3.807236e-09	3.338710e+01	2.481799e+02
1.960000e-06	4.613519e-06	3.819073e-09	3.363983e+01	2.488696e+02
1.970000e-06	4.647104e-06	3.828578e-09	3.388472e+01	2.495400e+02
1.980000e-06	4.679622e-06	3.836745e-09	3.412183e+01	2.501902e+02
1.990000e-06	4.711275e-06	3.845706e-09	3.435262e+01	2.508193e+02
2.000000e-06	4.742195e-06	3.855241e-09	3.457809e+01	2.514264e+02
2.010000e-06	4.772394e-06	3.865774e-09	3.479828e+01	2.520107e+02
2.020000e-06	4.801864e-06	3.876478e-09	3.501316e+01	2.525715e+02
2.030000e-06	4.830541e-06	3.886834e-09	3.522226e+01	2.531087e+02
2.040000e-06	4.858454e-06	3.896007e-09	3.542580e+01	2.536224e+02
2.050000e-06	4.885683e-06	3.904154e-09	3.562434e+01	2.541133e+02
2.060000e-06	4.911967e-06	3.913333e-09	3.581599e+01	2.545822e+02
2.070000e-06	4.937053e-06	3.922570e-09	3.599891e+01	2.550307e+02
2.080000e-06	4.961075e-06	3.929877e-09	3.617407e+01	2.554601e+02
2.090000e-06	4.984307e-06	3.936491e-09	3.634346e+01	2.558722e+02
2.100000e-06	5.006775e-06	3.944847e-09	3.650729e+01	2.562685e+02
2.110000e-06	5.028396e-06	3.951655e-09	3.666494e+01	2.566505e+02
2.120000e-06	5.049190e-06	3.955760e-09	3.681656e+01	2.570194e+02
2.130000e-06	5.069209e-06	3.962678e-09	3.696253e+01	2.573757e+02
2.140000e-06	5.088571e-06	3.970022e-09	3.710371e+01	2.577196e+02
2.150000e-06	5.107125e-06	3.974681e-09	3.723900e+01	2.580509e+02
2.160000e-06	5.124670e-06	3.979509e-09	3.736693e+01	2.583686e+02
2.170000e-06	5.141332e-06	3.985372e-09	3.748842e+01	2.586714e+02
2.180000e-06	5.157155e-06	3.991365e-09	3.760380e+01	2.589576e+02
2.190000e-06	5.171941e-06	3.994836e-09	3.771161e+01	2.592255e+02
2.200000e-06	5.185645e-06	3.998257e-09	3.781153e+01	2.594731e+02
2.210000e-06	5.198429e-06	4.004593e-09	3.790475e+01	2.596987e+02
2.220000e-06	5.210346e-06	4.008621e-09	3.799164e+01	2.599009e+02
2.230000e-06	5.221247e-06	4.011548e-09	3.807113e+01	2.600788e+02
2.240000e-06	5.230858e-06	4.013804e-09	3.814120e+01	2.602320e+02
2.250000e-06	5.239199e-06	4.015318e-09	3.820203e+01	2.603609e+02
2.260000e-06	5.246641e-06	4.017556e-09	3.825629e+01	2.604667e+02
2.270000e-06	5.253302e-06	4.020408e-09	3.830486e+01	2.605509e+02
2.280000e-06	5.259080e-06	4.022757e-09	3.834699e+01	2.606162e+02
2.290000e-06	5.263919e-06	4.023688e-09	3.838227e+01	2.606652e+02
2.300000e-06	5.267901e-06	4.027032e-09	3.841131e+01	2.607013e+02
2.310000e-06	5.271197e-06	4.031034e-09	3.843534e+01	2.607274e+02
2.320000e-06	5.273548e-06	4.033887e-09	3.845248e+01	2.607469e+02
2.330000e-06	5.274579e-06	4.035605e-09	3.846000e+01	2.607622e+02
2.340000e-06	5.274532e-06	4.036539e-09	3.845966e+01	2.607755e+02
2.350000e-06	5.273756e-06	4.037830e-09	3.845400e+01	2.607881e+02
2.360000e-06	5.272192e-06	4.036530e-09	3.844259e+01	2.608004e+02
2.370000e-06	5.269749e-06	4.031974e-09	3.842478e+01	2.608118e+02
2.380000e-06	5.266483e-06	4.028924e-09	3.840097e+01	2.608206e+02
2.390000e-06	5.262501e-06	4.031669e-09	3.837193e+01	2.608243e+02
2.400000e-06	5.257889e-06	4.035669e-09	3.833830e+01	2.608196e+02
2.410000e-06	5.252381e-06	4.039523e-09	3.829814e+01	2.608025e+02
2.420000e-06	5.245665e-06	4.051320e-09	3.824917e+01	2.607686e+02
2.430000e-06	5.237817e-06	4.025376e-09	3.819195e+01	2.607135e+02
2.440000e-06	5.228963e-06	3.972376e-09	3.812739e+01	2.606328e+02
2.450000e-06	5.218890e-06	3.955659e-09	3.805394e+01	2.605226e+02
2.460000e-06	5.207608e-06	4.059568e-09	3.797168e+01	2.603796e+02
2.470000e-06	5.195801e-06	4.150302e-09	3.788559e+01	2.602014e+02
2.480000e-06	5.183668e-06	4.056158e-09	3.779712e+01	2.599867e+02
2.490000e-06	5.170300e-06	3.955590e-09	3.769964e+01	2.597354e+02
2.500000e-06	5.155307e-06	4.031854e-09	3.759032e+01	2.594483e+02
2.510000e-06	5.139490e-06	4.081566e-09	3.747499e+01	2.591273e+02
2.520000e-06	5.123123e-06	4.064394e-09	3.735565e+01	2.587756e+02
2.530000e-06	5.105705e-06	4.081377e-09	3.722865e+01	2.583967e+02
2.540000e-06	5.087370e-06	3.938828e-09	3.709495e+01	2.579950e+02
2.550000e-06	5.068547e-06	3.879183e-09	3.695771e+01	2.575749e+02
2.560000e-06	5.048971e-06	4.006807e-09	3.681496e+01	2.571409e+02
2.570000e-06	5.028488e-06	3.912135e-09	3.666561e+01	2.566972e+02
2.580000e-06	5.007160e-06	3.717369e-09	3.651009e+01	2.562475e+02
2.590000e-06	4.984599e-06	3.834615e-09	3.634559e+01	2.557947e+02
2.600000e-06	4.960859e-06	3.939415e-09	3.617249e+01	2.553407e+02
2.610000e-06	4.936181e-06	3.814452e-09	3.599254e+01	2.548866e+02
2.620000e-06	4.910606e-06	3.783462e-09	3.580607e+01	2.544324e+02
2.630000e-06	4.884444e-06	3.792123e-09	3.561530e+01	2.539771e+02
2.640000e-06	4.857507e-06	3.806818e-09	3.541889e+01	2.535187e+02
2.650000e-06	4.829620e-06	3.827449e-09	3.521555e+01	2.530549e+02
2.660000e-06	4.801097e-06	3.782009e-09	3.500757e+01	2.525825e+02
2.670000e-06	4.771554e-06	3.774397e-09	3.479216e+01	2.520981e+02
2.680000e-06	4.740586e-06	3.719968e-09	3.456635e+01	2.515984e+02
2.690000e-06	4.708724e-06	3.735334e-09	3.433403e+01	2.510802e+02
2.700000e-06	4.676307e-06	3.852493e-09	3.409765e+01	2.505406e+02
2.710000e-06	4.643043e-06	3.733361e-09	3.385511e+01	2.499776e+02
2.720000e-06	4.608901e-06	3.624688e-09	3.360616e+01	2.493893e+02
2.730000e-06	4.574108e-06	3.755065e-09	3.335246e+01	2.487751e+02
2.740000e-06	4.538627e-06	3.800004e-09	3.309375e+01	2.481348e+02
2.750000e-06	4.502400e-06	3.690399e-09	3.282960e+01	2.474691e+02
2.760000e-06	4.465435e-06	3.624560e-09	3.256007e+01	2.467790e+02
2.770000e-06	4.427560e-06	3.694583e-09	3.228390e+01	2.460661e+02
2.780000e-06	4.388484e-06	3.724044e-09	3.199897e+01	2.453324e+02
2.790000e-06	4.348486e-06	3.646379e-09	3.170732e+01	2.445797e+02
2.800000e-06	4.307985e-06	3.633308e-09	3.141201e+01	2.438099e+02
2.810000e-06	4.266871e-06	3.634064e-09	3.111222e+01	2.430246e+02
2.820000e-06	4.224993e-06	3.625315e-09	3.080687e+01	2.422249e+02
2.830000e-06	4.182383e-06	3.633838e-09	3.049617e+01	2.414114e+02
2.840000e-06	4.139141e-06	3.610819e-09	3.018087e+01	2.405840e+02
2.850000e-06	4.095306e-06	3.578742e-09	2.986124e+01	2.397421e+02
2.860000e-06	4.050991e-06	3.553548e-09	2.953811e+01	2.388845e+02
2.870000e-06	4.006190e-06	3.580907e-09	2.921144e+01	2.380094e+02
2.880000e-06	3.960626e-06	3.584107e-09	2.887921e+01	2.371145e+02
2.890000e-06	3.914138e-06	3.511107e-09	2.854024e+01	2.361974e+02
2.900000e-06	3.866978e-06	3.491294e-09	2.819637e+01	2.352555e+02
2.910000e-06	3.819386e-06	3.523798e-09	2.784935e+01	2.342859e+02
2.920000e-06	3.770992e-06	3.526129e-09	2.749648e+01	2.332863e+02
2.930000e-06	3.721561e-06	3.470633e-09	2.713605e+01	2.322544e+02
2.940000e-06	3.671395e-06	3.439043e-09	2.677026e+01	2.311882e+02
2.950000e-06	3.620661e-06	3.461850e-09	2.640033e+01	2.300863e+02
2.960000e-06	3.569259e-06	3.443313e-09	2.602553e+01	2.289476e+02
2.970000e-06	3.517231e-06	3.407593e-09	2.564616e+01	2.277715e+02
2.980000e-06	3.464593e-06	3.391338e-09	2.526235e+01	2.265578e+02
2.990000e-06	3.411049e-06	3.378877e-09	2.487193e+01	2.253067e+02
3.000000e-06	3.356418e-06	3.360305e-09	2.447359e+01	2.240185e+02
3.010000e-06	3.300933e-06	3.342288e-09	2.406901e+01	2.226937e+02
3.020000e-06	3.244953e-06	3.328028e-09	2.366083e+01	2.213328e+02
3.030000e-06	3.188562e-06	3.290450e-09	2.324964e+01	2.199362e+02
3.040000e-06	3.131613e-06	3.271272e-09	2.283440e+01	2.185043e+02
3.050000e-06	3.074043e-06	3.272001e-09	2.241463e+01	2.170370e+02
3.060000e-06	3.015909e-06	3.244662e-09	2.199073e+01	2.155341e+02
3.070000e-06	2.957286e-06	3.205327e-09	2.156328e+01	2.139949e+02
3.080000e-06	2.898206e-06	3.184220e-09	2.113249e+01	2.124187e+02
3.090000e-06	2.838611e-06	3.176206e-09	2.069795e+01	2.108041e+02
3.100000e-06	2.778577e-06	3.143168e-09	2.026021e+01	2.091499e+02
3.110000e-06	2.718255e-06	3.105781e-09	1.982037e+01	2.074543e+02
3.120000e-06	2.657574e-06	3.090700e-09	1.937790e+01	2.057156e+02
3.130000e-06	2.596355e-06	3.070398e-09	1.893152e+01	2.039320e+02
3.140000e-06	2.534374e-06	3.037641e-09	1.847958e+01	2.021015e+02
3.150000e-06	2.471574e-06	3.003050e-09	1.802167e+01	2.002223e+02
3.160000e-06	2.408209e-06	2.981326e-09	1.755964e+01	1.982923e+02
3.170000e-06	2.344499e-06	2.959712e-09	1.709509e+01	1.963099e+02
3.180000e-06	2.280495e-06	2.925527e-09	1.662840e+01	1.942729e+02
3.190000e-06	2.216229e-06	2.892742e-09	1.615981e+01	1.921795e+02
3.200000e-06	2.151732e-06	2.861717e-09	1.568952e+01	1.900276e+02
3.210000e-06	2.086908e-06	2.832104e-09	1.521685e+01	1.878149e+02
3.220000e-06	2.021745e-06	2.803219e-09	1.474171e+01	1.855390e+02
3.230000e-06	1.956209e-06	2.768378e-09	1.426385e+01	1.831972e+02
3.240000e-06	1.890233e-06	2.726418e-09	1.378278e+01	1.807864e+02
3.250000e-06	1.823925e-06	2.688868e-09	1.329929e+01	1.783034e+02
3.260000e-06	1.757400e-06	2.661480e-09	1.281421e+01	1.757444e+02
3.270000e-06	1.690597e-06	2.625324e-09	1.232712e+01	1.731053e+02
3.280000e-06	1.623471e-06	2.575426e-09	1.183766e+01	1.703818e+02
3.290000e-06	1.556045e-06	2.533774e-09	1.134603e+01	1.675691e+02
3.300000e-06	1.488352e-06	2.502343e-09	1.085243e+01	1.646622e+02
3.310000e-06	1.420456e-06	2.462825e-09	1.035737e+01	1.616558e+02
3.320000e-06	1.352405e-06	2.408444e-09	9.861168e+00	1.585444e+02
3.330000e-06	1.284205e-06	2.353992e-09	9.363880e+00	1.553221e+02
3.340000e-06	1.215837e-06	2.307537e-09	8.865368e+00	1.519828e+02
3.350000e-06	1.147342e-06	2.256993e-09	8.365931e+00	1.485201e+02
3.360000e-06	1.078702e-06	2.200697e-09	7.865438e+00	1.449273e+02
3.370000e-06	1.009724e-06	2.141802e-09	7.362484e+00	1.411972e+02
3.380000e-06	9.403719e-07	2.083110e-09	6.856795e+00	1.373220e+02
3.390000e-06	8.708294e-07	2.026967e-09	6.349720e+00	1.332935e+02
3.400000e-06	8.011560e-07	1.966616e-09	5.841691e+00	1.291028e+02
3.410000e-06	7.311965e-07	1.898508e-09	5.331576e+00	1.247403e+02
3.420000e-06	6.609933e-07	1.824888e-09	4.819684e+00	1.201958e+02
3.430000e-06	5.906321e-07	1.752828e-09	4.306640e+00	1.154585e+02
3.440000e-06	5.200354e-07	1.682550e-09	3.791878e+00	1.105170e+02
3.450000e-06	4.493243e-07	1.604081e-09	3.276283e+00	1.053600e+02
3.460000e-06	3.785342e-07	1.517621e-09	2.760111e+00	9.997589e+01
3.470000e-06	3.076541e-07	1.430029e-09	2.243284e+00	9.435360e+01
3.480000e-06	2.367332e-07	1.344553e-09	1.726158e+00	8.848291e+01
3.490000e-06	1.657240e-07	1.256192e-09	1.208389e+00	8.235494e+01
3.500000e-06	9.462491e-08	1.159115e-09	6.899649e-01	7.596271e+01
3.510000e-06	2.353790e-08	1.056070e-09	1.716284e-01	6.930169e+01
3.520000e-06	-4.747326e-08	9.494680e-10	-3.461549e-01	6.237040e+01
3.530000e-06	-1.184604e-07	8.392506e-10	-8.637631e-01	5.517090e+01
3.540000e-06	-1.893501e-07	7.245531e-10	-1.380661e+00	4.770927e+01
3.550000e-06	-2.601360e-07	6.049296e-10	-1.896802e+00	3.999601e+01
3.560000e-06	-3.308286e-07	4.815675e-10	-2.412262e+00	3.204622e+01
3.570000e-06	-4.013685e-07	3.564026e-10	-2.926610e+00	2.387976e+01
3.580000e-06	-4.717708e-07	2.317885e-10	-3.439953e+00	1.552116e+01
3.590000e-06	-5.420225e-07	1.039887e-10	-3.952199e+00	6.999369e+00
3.600000e-06	-6.121265e-07	-2.877147e-11	-4.463368e+00	-1.652618e+00
3.610000e-06	-6.820533e-07	-1.620385e-10	-4.973244e+00	-1.039836e+01
3.620000e-06	-7.517717e-07	-2.940229e-10	-5.481602e+00	-1.919868e+01
3.630000e-06	-8.212681e-07	-4.262073e-10	-5.988340e+00	-2.801254e+01
3.640000e-06	-8.905645e-07	-5.616149e-10	-6.493620e+00	-3.679794e+01
3.650000e-06	-9.596164e-07	-6.974868e-10	-6.997118e+00	-4.551294e+01
3.660000e-06	-1.028457e-06	-8.286568e-10	-7.499071e+00	-5.411665e+01
3.670000e-06	-1.097134e-06	-9.566013e-10	-7.999836e+00	-6.257023e+01
3.680000e-06	-1.165659e-06	-1.081359e-09	-8.499497e+00	-7.083777e+01
3.690000e-06	-1.234071e-06	-1.203889e-09	-8.998327e+00	-7.888708e+01
3.700000e-06	-1.302352e-06	-1.325852e-09	-9.496203e+00	-8.669038e+01
3.710000e-06	-1.370462e-06	-1.443356e-09	-9.992828e+00	-9.422477e+01
3.720000e-06	-1.438343e-06	-1.553488e-09	-1.048779e+01	-1.014725e+02
3.730000e-06	-1.506015e-06	-1.657743e-09	-1.098123e+01	-1.084211e+02
3.740000e-06	-1.573490e-06	-1.760673e-09	-1.147323e+01	-1.150634e+02
3.750000e-06	-1.640691e-06	-1.860193e-09	-1.196323e+01	-1.213970e+02
3.760000e-06	-1.707610e-06	-1.951317e-09	-1.245117e+01	-1.274242e+02
3.770000e-06	-1.774276e-06	-2.037662e-09	-1.293727e+01	-1.331512e+02
3.780000e-06	-1.840665e-06	-2.119621e-09	-1.342135e+01	-1.385875e+02
3.790000e-06	-1.906762e-06	-2.197284e-09	-1.390330e+01	-1.437453e+02
3.800000e-06	-1.972497e-06	-2.273198e-09	-1.438261e+01	-1.486387e+02
3.810000e-06	-2.037829e-06	-2.346382e-09	-1.485899e+01	-1.532832e+02
3.820000e-06	-2.102845e-06	-2.414553e-09	-1.533306e+01	-1.576944e+02
3.830000e-06	-2.167585e-06	-2.478192e-09	-1.580511e+01	-1.618884e+02
3.840000e-06	-2.232046e-06	-2.540458e-09	-1.627514e+01	-1.658803e+02
3.850000e-06	-2.296233e-06	-2.602719e-09	-1.674316e+01	-1.696846e+02
3.860000e-06	-2.360019e-06	-2.659874e-09	-1.720826e+01	-1.733146e+02
3.870000e-06	-2.423335e-06	-2.713102e-09	-1.766993e+01	-1.767823e+02
3.880000e-06	-2.486144e-06	-2.764983e-09	-1.812791e+01	-1.800982e+02
3.890000e-06	-2.548245e-06	-2.814874e-09	-1.858072e+01	-1.832717e+02
3.900000e-06	-2.609690e-06	-2.861255e-09	-1.902876e+01	-1.863111e+02
3.910000e-06	-2.670623e-06	-2.902639e-09	-1.947306e+01	-1.892237e+02
3.920000e-06	-2.731057e-06	-2.943539e-09	-1.991371e+01	-1.920160e+02
3.930000e-06	-2.791027e-06	-2.986950e-09	-2.035099e+01	-1.946941e+02
3.940000e-06	-2.850559e-06	-3.032546e-09	-2.078507e+01	-1.972637e+02
3.950000e-06	-2.909616e-06	-3.073745e-09	-2.121569e+01	-1.997303e+02
3.960000e-06	-2.968151e-06	-3.109899e-09	-2.164250e+01	-2.020994e+02
3.970000e-06	-3.026155e-06	-3.145751e-09	-2.206545e+01	-2.043767e+02
3.980000e-06	-3.083616e-06	-3.183094e-09	-2.248442e+01	-2.065677e+02
3.990000e-06	-3.140596e-06	-3.219115e-09	-2.289990e+01	-2.086779e+02
4.000000e-06	-3.197143e-06	-3.250189e-09	-2.331222e+01	-2.107129e+02
4.010000e-06	-3.253184e-06	-3.278446e-09	-2.372084e+01	-2.126779e+02
4.020000e-06	-3.308673e-06	-3.309479e-09	-2.412545e+01	-2.145778e+02
4.030000e-06	-3.363460e-06	-3.342597e-09	-2.452493e+01	-2.164171e+02
4.040000e-06	-3.417328e-06	-3.372763e-09	-2.491771e+01	-2.181995e+02
4.050000e-06	-3.470350e-06	-3.398659e-09	-2.530433e+01	-2.199282e+02
4.060000e-06	-3.522698e-06	-3.425221e-09	-2.568603e+01	-2.216055e+02
4.070000e-06	-3.574364e-06	-3.454313e-09	-2.606275e+01	-2.232330e+02
4.080000e-06	-3.625398e-06	-3.480882e-09	-2.643487e+01	-2.248116e+02
4.090000e-06	-3.675831e-06	-3.503598e-09	-2.680261e+01	-2.263414e+02
4.100000e-06	-3.725477e-06	-3.524760e-09	-2.716461e+01	-2.278223e+02
4.110000e-06	-3.774235e-06	-3.546317e-09	-2.752012e+01	-2.292534e+02
4.120000e-06	-3.822104e-06	-3.568194e-09	-2.786916e+01	-2.306341e+02
4.130000e-06	-3.869183e-06	-3.589437e-09	-2.821245e+01	-2.319637e+02
4.140000e-06	-3.915654e-06	-3.610562e-09	-2.855129e+01	-2.332414e+02
4.150000e-06	-3.961617e-06	-3.631203e-09	-2.888643e+01	-2.344673e+02
4.160000e-06	-4.007013e-06	-3.650516e-09	-2.921744e+01	-2.356417e+02
4.170000e-06	-4.051766e-06	-3.667250e-09	-2.954377e+01	-2.367654e+02
4.180000e-06	-4.095945e-06	-3.683973e-09	-2.986590e+01	-2.378401e+02
4.190000e-06	-4.139586e-06	-3.701593e-09	-3.018411e+01	-2.388680e+02
4.200000e-06	-4.182582e-06	-3.716615e-09	-3.049762e+01	-2.398516e+02
4.210000e-06	-4.224900e-06	-3.729954e-09	-3.080619e+01	-2.407941e+02
4.220000e-06	-4.266537e-06	-3.742630e-09	-3.110979e+01	-2.416990e+02
4.230000e-06	-4.307470e-06	-3.755018e-09	-3.140825e+01	-2.425697e+02
4.240000e-06	-4.347741e-06	-3.767775e-09	-3.170189e+01	-2.434097e+02
4.250000e-06	-4.387272e-06	-3.779617e-09	-3.199013e+01	-2.442221e+02
4.260000e-06	-4.425822e-06	-3.790900e-09	-3.227122e+01	-2.450098e+02
4.270000e-06	-4.463291e-06	-3.803653e-09	-3.254443e+01	-2.457750e+02
4.280000e-06	-4.499864e-06	-3.817340e-09	-3.281111e+01	-2.465196e+02
4.290000e-06	-4.535791e-06	-3.827512e-09	-3.307307e+01	-2.472446e+02
4.300000e-06	-4.571036e-06	-3.835927e-09	-3.333006e+01	-2.479506e+02
4.310000e-06	-4.605438e-06	-3.846934e-09	-3.358091e+01	-2.486375e+02
4.320000e-06	-4.638989e-06	-3.857284e-09	-3.382555e+01	-2.493048e+02
4.330000e-06	-4.671831e-06	-3.866353e-09	-3.406502e+01	-2.499519e+02
4.340000e-06	-4.704063e-06	-3.875329e-09	-3.430004e+01	-2.505778e+02
4.350000e-06	-4.735461e-06	-3.883909e-09	-3.452898e+01	-2.511815e+02
4.360000e-06	-4.765763e-06	-3.891355e-09	-3.474993e+01	-2.517622e+02
4.370000e-06	-4.795016e-06	-3.896652e-09	-3.496323e+01	-2.523195e+02
4.380000e-06	-4.823412e-06	-3.902448e-09	-3.517028e+01	-2.528532e+02
4.390000e-06	-4.851063e-06	-3.909829e-09	-3.537190e+01	-2.533634e+02
4.400000e-06	-4.877906e-06	-3.917558e-09	-3.556763e+01	-2.538509e+02
4.410000e-06	-4.903845e-06	-3.923891e-09	-3.575677e+01	-2.543167e+02
4.420000e-06	-4.928979e-06	-3.929709e-09	-3.594003e+01	-2.547621e+02
4.430000e-06	-4.953446e-06	-3.935624e-09	-3.611844e+01	-2.551888e+02
4.440000e-06	-4.977236e-06	-3.940545e-09	-3.629190e+01	-2.555984e+02
4.450000e-06	-5.000060e-06	-3.945643e-09	-3.645832e+01	-2.559925e+02
4.460000e-06	-5.021647e-06	-3.950445e-09	-3.661573e+01	-2.563725e+02
4.470000e-06	-5.042233e-06	-3.954006e-09	-3.676584e+01	-2.567394e+02
4.480000e-06	-5.062136e-06	-3.957064e-09	-3.691096e+01	-2.570938e+02
4.490000e-06	-5.081300e-06	-3.960611e-09	-3.705069e+01	-2.574359e+02
4.500000e-06	-5.099618e-06	-3.965343e-09	-3.718426e+01	-2.577652e+02
4.510000e-06	-5.117085e-06	-3.969982e-09	-3.731162e+01	-2.580807e+02
4.520000e-06	-5.133752e-06	-3.973367e-09	-3.743315e+01	-2.583811e+02
4.530000e-06	-5.149677e-06	-3.975852e-09	-3.754927e+01	-2.586647e+02
4.540000e-06	-5.164584e-06	-3.979150e-09	-3.765797e+01	-2.589297e+02
4.550000e-06	-5.178131e-06	-3.983163e-09	-3.775675e+01	-2.591741e+02
4.560000e-06	-5.190502e-06	-3.985368e-09	-3.784695e+01	-2.593962e+02
4.570000e-06	-5.201950e-06	-3.987598e-09	-3.793042e+01	-2.595948e+02
4.580000e-06	-5.212480e-06	-3.990354e-09	-3.800720e+01	-2.597690e+02
4.590000e-06	-5.222109e-06	-3.991574e-09	-3.807741e+01	-2.599185e+02
4.600000e-06	-5.230876e-06	-3.990432e-09	-3.814134e+01	-2.600438e+02
4.610000e-06	-5.238918e-06	-3.988792e-09	-3.819998e+01	-2.601462e+02
4.620000e-06	-5.245995e-06	-3.988091e-09	-3.825158e+01	-2.602274e+02
4.630000e-06	-5.251776e-06	-3.988276e-09	-3.829374e+01	-2.602900e+02
4.640000e-06	-5.256483e-06	-3.989650e-09	-3.832805e+01	-2.603369e+02
4.650000e-06	-5.260414e-06	-3.990347e-09	-3.835672e+01	-2.603712e+02
4.660000e-06	-5.263530e-06	-3.990205e-09	-3.837944e+01	-2.603962e+02
4.670000e-06	-5.265786e-06	-3.989994e-09	-3.839588e+01	-2.604148e+02
4.680000e-06	-5.267155e-06	-3.988353e-09	-3.840587e+01	-2.604297e+02
4.690000e-06	-5.267707e-06	-3.987679e-09	-3.840989e+01	-2.604429e+02
