# Temperatura_=_20.0
# Concentracion g/m^3_=_9000.0
# C_Vs_to_Am_M_A/Vsm_=_65563218390.804596
# pendiente_HvsI_1/m_=_3716.3
# ordenada_HvsI_A/m_=_1297.0
# frecuencia_Hz_=_212994.45076501003

Tiempo_(s)	Campo_(V.s)	Magnetizacion_(V.s)	Campo_(kA/m)	Magnetizacion_(A/m)
0.000000e+00	-8.022107e-06	-4.703612e-09	-5.692049e+01	-3.091153e+02
1.000000e-08	-8.021608e-06	-4.699554e-09	-5.691695e+01	-3.091090e+02
2.000000e-08	-8.019506e-06	-4.698983e-09	-5.690204e+01	-3.090926e+02
3.000000e-08	-8.015909e-06	-4.697355e-09	-5.687652e+01	-3.090639e+02
4.000000e-08	-8.011150e-06	-4.697570e-09	-5.684275e+01	-3.090206e+02
5.000000e-08	-8.005090e-06	-4.696603e-09	-5.679975e+01	-3.089612e+02
6.000000e-08	-7.997791e-06	-4.691893e-09	-5.674796e+01	-3.088847e+02
7.000000e-08	-7.989318e-06	-4.689576e-09	-5.668784e+01	-3.087910e+02
8.000000e-08	-7.979254e-06	-4.687141e-09	-5.661643e+01	-3.086812e+02
9.000000e-08	-7.967420e-06	-4.682203e-09	-5.653247e+01	-3.085573e+02
1.000000e-07	-7.953865e-06	-4.713173e-09	-5.643628e+01	-3.084223e+02
1.100000e-07	-7.938253e-06	-4.730608e-09	-5.632551e+01	-3.082796e+02
1.200000e-07	-7.920949e-06	-4.712166e-09	-5.620274e+01	-3.081332e+02
1.300000e-07	-7.902364e-06	-4.683043e-09	-5.607087e+01	-3.079871e+02
1.400000e-07	-7.882734e-06	-4.622866e-09	-5.593158e+01	-3.078449e+02
1.500000e-07	-7.862271e-06	-4.632356e-09	-5.578638e+01	-3.077092e+02
1.600000e-07	-7.840628e-06	-4.723802e-09	-5.563282e+01	-3.075818e+02
1.700000e-07	-7.817774e-06	-4.669961e-09	-5.547066e+01	-3.074628e+02
1.800000e-07	-7.793773e-06	-4.630313e-09	-5.530036e+01	-3.073509e+02
1.900000e-07	-7.768064e-06	-4.651931e-09	-5.511795e+01	-3.072430e+02
2.000000e-07	-7.740836e-06	-4.619775e-09	-5.492475e+01	-3.071345e+02
2.100000e-07	-7.712620e-06	-4.701040e-09	-5.472455e+01	-3.070195e+02
2.200000e-07	-7.683054e-06	-4.698061e-09	-5.451476e+01	-3.068909e+02
2.300000e-07	-7.652148e-06	-4.597830e-09	-5.429546e+01	-3.067410e+02
2.400000e-07	-7.620148e-06	-4.631234e-09	-5.406842e+01	-3.065621e+02
2.500000e-07	-7.586685e-06	-4.686234e-09	-5.383098e+01	-3.063465e+02
2.600000e-07	-7.551708e-06	-4.675642e-09	-5.358280e+01	-3.060878e+02
2.700000e-07	-7.515314e-06	-4.637653e-09	-5.332457e+01	-3.057808e+02
2.800000e-07	-7.477439e-06	-4.588727e-09	-5.305583e+01	-3.054220e+02
2.900000e-07	-7.438386e-06	-4.614657e-09	-5.277873e+01	-3.050098e+02
3.000000e-07	-7.398223e-06	-4.652155e-09	-5.249375e+01	-3.045449e+02
3.100000e-07	-7.356443e-06	-4.625347e-09	-5.219730e+01	-3.040299e+02
3.200000e-07	-7.313035e-06	-4.570226e-09	-5.188930e+01	-3.034693e+02
3.300000e-07	-7.268307e-06	-4.559650e-09	-5.157194e+01	-3.028691e+02
3.400000e-07	-7.222195e-06	-4.603373e-09	-5.124476e+01	-3.022364e+02
3.500000e-07	-7.174879e-06	-4.603489e-09	-5.090903e+01	-3.015790e+02
3.600000e-07	-7.126111e-06	-4.571317e-09	-5.056300e+01	-3.009043e+02
3.700000e-07	-7.075377e-06	-4.530203e-09	-5.020301e+01	-3.002194e+02
3.800000e-07	-7.023065e-06	-4.533978e-09	-4.983184e+01	-2.995301e+02
3.900000e-07	-6.969643e-06	-4.576693e-09	-4.945279e+01	-2.988405e+02
4.000000e-07	-6.915012e-06	-4.546496e-09	-4.906516e+01	-2.981530e+02
4.100000e-07	-6.859240e-06	-4.494743e-09	-4.866943e+01	-2.974678e+02
4.200000e-07	-6.802264e-06	-4.489930e-09	-4.826516e+01	-2.967829e+02
4.300000e-07	-6.743824e-06	-4.516476e-09	-4.785049e+01	-2.960945e+02
4.400000e-07	-6.684113e-06	-4.509935e-09	-4.742682e+01	-2.953971e+02
4.500000e-07	-6.623323e-06	-4.470618e-09	-4.699548e+01	-2.946841e+02
4.600000e-07	-6.561439e-06	-4.450705e-09	-4.655639e+01	-2.939482e+02
4.700000e-07	-6.498481e-06	-4.452585e-09	-4.610968e+01	-2.931821e+02
4.800000e-07	-6.434479e-06	-4.464504e-09	-4.565555e+01	-2.923788e+02
4.900000e-07	-6.369288e-06	-4.438610e-09	-4.519299e+01	-2.915329e+02
5.000000e-07	-6.302707e-06	-4.392503e-09	-4.472057e+01	-2.906400e+02
5.100000e-07	-6.235007e-06	-4.383291e-09	-4.424021e+01	-2.896979e+02
5.200000e-07	-6.166473e-06	-4.399844e-09	-4.375393e+01	-2.887063e+02
5.300000e-07	-6.096969e-06	-4.387269e-09	-4.326077e+01	-2.876671e+02
5.400000e-07	-6.026431e-06	-4.342827e-09	-4.276027e+01	-2.865840e+02
5.500000e-07	-5.954940e-06	-4.320662e-09	-4.225301e+01	-2.854621e+02
5.600000e-07	-5.882517e-06	-4.322473e-09	-4.173913e+01	-2.843077e+02
5.700000e-07	-5.808871e-06	-4.319881e-09	-4.121658e+01	-2.831278e+02
5.800000e-07	-5.733762e-06	-4.289707e-09	-4.068364e+01	-2.819290e+02
5.900000e-07	-5.657470e-06	-4.247050e-09	-4.014232e+01	-2.807175e+02
6.000000e-07	-5.580146e-06	-4.233714e-09	-3.959367e+01	-2.794979e+02
6.100000e-07	-5.501773e-06	-4.237850e-09	-3.903758e+01	-2.782735e+02
6.200000e-07	-5.422151e-06	-4.225053e-09	-3.847263e+01	-2.770452e+02
6.300000e-07	-5.341288e-06	-4.185643e-09	-3.789887e+01	-2.758120e+02
6.400000e-07	-5.259486e-06	-4.155485e-09	-3.731844e+01	-2.745706e+02
6.500000e-07	-5.176895e-06	-4.147587e-09	-3.673242e+01	-2.733158e+02
6.600000e-07	-5.093547e-06	-4.135361e-09	-3.614103e+01	-2.720406e+02
6.700000e-07	-5.009394e-06	-4.107894e-09	-3.554393e+01	-2.707373e+02
6.800000e-07	-4.924399e-06	-4.073349e-09	-3.494085e+01	-2.693974e+02
6.900000e-07	-4.838596e-06	-4.056159e-09	-3.433204e+01	-2.680127e+02
7.000000e-07	-4.752100e-06	-4.049493e-09	-3.371831e+01	-2.665757e+02
7.100000e-07	-4.664732e-06	-4.027689e-09	-3.309840e+01	-2.650802e+02
7.200000e-07	-4.576480e-06	-3.989599e-09	-3.247221e+01	-2.635219e+02
7.300000e-07	-4.487468e-06	-3.957070e-09	-3.184062e+01	-2.618984e+02
7.400000e-07	-4.397522e-06	-3.939394e-09	-3.120242e+01	-2.602095e+02
7.500000e-07	-4.306536e-06	-3.917493e-09	-3.055683e+01	-2.584570e+02
7.600000e-07	-4.214667e-06	-3.885311e-09	-2.990498e+01	-2.566445e+02
7.700000e-07	-4.122077e-06	-3.851766e-09	-2.924801e+01	-2.547767e+02
7.800000e-07	-4.028830e-06	-3.824784e-09	-2.858638e+01	-2.528590e+02
7.900000e-07	-3.935000e-06	-3.804327e-09	-2.792061e+01	-2.508968e+02
8.000000e-07	-3.840582e-06	-3.777758e-09	-2.725068e+01	-2.488945e+02
8.100000e-07	-3.745436e-06	-3.743089e-09	-2.657557e+01	-2.468552e+02
8.200000e-07	-3.649584e-06	-3.710533e-09	-2.589546e+01	-2.447799e+02
8.300000e-07	-3.553206e-06	-3.681386e-09	-2.521161e+01	-2.426667e+02
8.400000e-07	-3.456340e-06	-3.649485e-09	-2.452430e+01	-2.405115e+02
8.500000e-07	-3.358658e-06	-3.610895e-09	-2.383120e+01	-2.383068e+02
8.600000e-07	-3.260147e-06	-3.573129e-09	-2.313223e+01	-2.360430e+02
8.700000e-07	-3.161103e-06	-3.542667e-09	-2.242946e+01	-2.337081e+02
8.800000e-07	-3.061563e-06	-3.508261e-09	-2.172318e+01	-2.312887e+02
8.900000e-07	-2.961591e-06	-3.465349e-09	-2.101384e+01	-2.287706e+02
9.000000e-07	-2.861177e-06	-3.419874e-09	-2.030135e+01	-2.261398e+02
9.100000e-07	-2.760354e-06	-3.377748e-09	-1.958597e+01	-2.233834e+02
9.200000e-07	-2.659150e-06	-3.335541e-09	-1.886788e+01	-2.204903e+02
9.300000e-07	-2.557469e-06	-3.286099e-09	-1.814640e+01	-2.174516e+02
9.400000e-07	-2.455306e-06	-3.233742e-09	-1.742151e+01	-2.142617e+02
9.500000e-07	-2.352760e-06	-3.183851e-09	-1.669390e+01	-2.109175e+02
9.600000e-07	-2.249890e-06	-3.136864e-09	-1.596399e+01	-2.074189e+02
9.700000e-07	-2.146685e-06	-3.085921e-09	-1.523171e+01	-2.037680e+02
9.800000e-07	-2.043063e-06	-3.027041e-09	-1.449646e+01	-1.999681e+02
9.900000e-07	-1.939013e-06	-2.966564e-09	-1.375818e+01	-1.960228e+02
1.000000e-06	-1.834626e-06	-2.906915e-09	-1.301751e+01	-1.919342e+02
1.010000e-06	-1.729874e-06	-2.843160e-09	-1.227424e+01	-1.877023e+02
1.020000e-06	-1.624712e-06	-2.772910e-09	-1.152807e+01	-1.833223e+02
1.030000e-06	-1.519263e-06	-2.701113e-09	-1.077986e+01	-1.787842e+02
1.040000e-06	-1.413484e-06	-2.631616e-09	-1.002931e+01	-1.740715e+02
1.050000e-06	-1.307330e-06	-2.560467e-09	-9.276097e+00	-1.691598e+02
1.060000e-06	-1.200828e-06	-2.482385e-09	-8.520423e+00	-1.640173e+02
1.070000e-06	-1.094019e-06	-2.396119e-09	-7.762562e+00	-1.586043e+02
1.080000e-06	-9.869352e-07	-2.304763e-09	-7.002754e+00	-1.528744e+02
1.090000e-06	-8.795887e-07	-2.213727e-09	-6.241082e+00	-1.467756e+02
1.100000e-06	-7.720353e-07	-2.113852e-09	-5.477941e+00	-1.402523e+02
1.110000e-06	-6.642908e-07	-2.001634e-09	-4.713445e+00	-1.332475e+02
1.120000e-06	-5.564240e-07	-1.881881e-09	-3.948081e+00	-1.257059e+02
1.130000e-06	-4.485181e-07	-1.760848e-09	-3.182440e+00	-1.175765e+02
1.140000e-06	-3.406164e-07	-1.633189e-09	-2.416828e+00	-1.088161e+02
1.150000e-06	-2.326524e-07	-1.491170e-09	-1.650775e+00	-9.939186e+01
1.160000e-06	-1.246371e-07	-1.340248e-09	-8.843571e-01	-8.928452e+01
1.170000e-06	-1.660474e-08	-1.177560e-09	-1.178182e-01	-7.849047e+01
1.180000e-06	9.141043e-08	-1.006975e-09	6.485985e-01	-6.702358e+01
1.190000e-06	1.994095e-07	-8.277896e-10	1.414901e+00	-5.491627e+01
1.200000e-06	3.073831e-07	-6.367760e-10	2.181023e+00	-4.221976e+01
1.210000e-06	4.152597e-07	-4.331440e-10	2.946456e+00	-2.900347e+01
1.220000e-06	5.230456e-07	-2.239528e-10	3.711246e+00	-1.535363e+01
1.230000e-06	6.306862e-07	-1.393388e-11	4.475005e+00	-1.371043e+00
1.240000e-06	7.381719e-07	2.019783e-10	5.237665e+00	1.283186e+01
1.250000e-06	8.454433e-07	4.230933e-10	5.998804e+00	2.713449e+01
1.260000e-06	9.525250e-07	6.427776e-10	6.758597e+00	4.141202e+01
1.270000e-06	1.059401e-06	8.550510e-10	7.516929e+00	5.553949e+01
1.280000e-06	1.166012e-06	1.066456e-09	8.273383e+00	6.939599e+01
1.290000e-06	1.272318e-06	1.275499e-09	9.027671e+00	8.286856e+01
1.300000e-06	1.378266e-06	1.480257e-09	9.779422e+00	9.585579e+01
1.310000e-06	1.483935e-06	1.670702e-09	1.052919e+01	1.082708e+02
1.320000e-06	1.589270e-06	1.847530e-09	1.127660e+01	1.200437e+02
1.330000e-06	1.694248e-06	2.014548e-09	1.202146e+01	1.311229e+02
1.340000e-06	1.798912e-06	2.170993e-09	1.276409e+01	1.414761e+02
1.350000e-06	1.903272e-06	2.314262e-09	1.350458e+01	1.510897e+02
1.360000e-06	2.007306e-06	2.438401e-09	1.424275e+01	1.599685e+02
1.370000e-06	2.111008e-06	2.554275e-09	1.497856e+01	1.681333e+02
1.380000e-06	2.214367e-06	2.662220e-09	1.571194e+01	1.756192e+02
1.390000e-06	2.317301e-06	2.763747e-09	1.644230e+01	1.824724e+02
1.400000e-06	2.419893e-06	2.856566e-09	1.717024e+01	1.887474e+02
1.410000e-06	2.522164e-06	2.941308e-09	1.789590e+01	1.945038e+02
1.420000e-06	2.624013e-06	3.026957e-09	1.861857e+01	1.998033e+02
1.430000e-06	2.725387e-06	3.106624e-09	1.933786e+01	2.047065e+02
1.440000e-06	2.826305e-06	3.178631e-09	2.005392e+01	2.092708e+02
1.450000e-06	2.926819e-06	3.245784e-09	2.076711e+01	2.135482e+02
1.460000e-06	3.026901e-06	3.309234e-09	2.147724e+01	2.175838e+02
1.470000e-06	3.126557e-06	3.368606e-09	2.218434e+01	2.214148e+02
1.480000e-06	3.225765e-06	3.421672e-09	2.288827e+01	2.250702e+02
1.490000e-06	3.324274e-06	3.472407e-09	2.358724e+01	2.285713e+02
1.500000e-06	3.421950e-06	3.520080e-09	2.428029e+01	2.319321e+02
1.510000e-06	3.518889e-06	3.567772e-09	2.496812e+01	2.351603e+02
1.520000e-06	3.615193e-06	3.613456e-09	2.565144e+01	2.382589e+02
1.530000e-06	3.710883e-06	3.654039e-09	2.633040e+01	2.412275e+02
1.540000e-06	3.805884e-06	3.690644e-09	2.700448e+01	2.440637e+02
1.550000e-06	3.900118e-06	3.723860e-09	2.767311e+01	2.467650e+02
1.560000e-06	3.993599e-06	3.758010e-09	2.833640e+01	2.493294e+02
1.570000e-06	4.086496e-06	3.790356e-09	2.899555e+01	2.517567e+02
1.580000e-06	4.178816e-06	3.820053e-09	2.965060e+01	2.540492e+02
1.590000e-06	4.270413e-06	3.852400e-09	3.030052e+01	2.562120e+02
1.600000e-06	4.361230e-06	3.883180e-09	3.094491e+01	2.582530e+02
1.610000e-06	4.451065e-06	3.912289e-09	3.158233e+01	2.601824e+02
1.620000e-06	4.539874e-06	3.942186e-09	3.221247e+01	2.620124e+02
1.630000e-06	4.627857e-06	3.969777e-09	3.283675e+01	2.637566e+02
1.640000e-06	4.715080e-06	3.994300e-09	3.345564e+01	2.654287e+02
1.650000e-06	4.801519e-06	4.018160e-09	3.406896e+01	2.670422e+02
1.660000e-06	4.887171e-06	4.042533e-09	3.467670e+01	2.686091e+02
1.670000e-06	4.972030e-06	4.065390e-09	3.527881e+01	2.701396e+02
1.680000e-06	5.056104e-06	4.085345e-09	3.587536e+01	2.716415e+02
1.690000e-06	5.139426e-06	4.105085e-09	3.646656e+01	2.731196e+02
1.700000e-06	5.221848e-06	4.127123e-09	3.705138e+01	2.745761e+02
1.710000e-06	5.303315e-06	4.150613e-09	3.762943e+01	2.760103e+02
1.720000e-06	5.383879e-06	4.172058e-09	3.820107e+01	2.774195e+02
1.730000e-06	5.463501e-06	4.190476e-09	3.876603e+01	2.787988e+02
1.740000e-06	5.542176e-06	4.207323e-09	3.932426e+01	2.801426e+02
1.750000e-06	5.619881e-06	4.223855e-09	3.987561e+01	2.814445e+02
1.760000e-06	5.696551e-06	4.238714e-09	4.041962e+01	2.826984e+02
1.770000e-06	5.772291e-06	4.254129e-09	4.095703e+01	2.838992e+02
1.780000e-06	5.846925e-06	4.271417e-09	4.148659e+01	2.850431e+02
1.790000e-06	5.920194e-06	4.289290e-09	4.200646e+01	2.861282e+02
1.800000e-06	5.992333e-06	4.308006e-09	4.251833e+01	2.871547e+02
1.810000e-06	6.063421e-06	4.325258e-09	4.302273e+01	2.881245e+02
1.820000e-06	6.133496e-06	4.341083e-09	4.351994e+01	2.890418e+02
1.830000e-06	6.202567e-06	4.354689e-09	4.401003e+01	2.899120e+02
1.840000e-06	6.270622e-06	4.367618e-09	4.449291e+01	2.907420e+02
1.850000e-06	6.337634e-06	4.378830e-09	4.496839e+01	2.915390e+02
1.860000e-06	6.403359e-06	4.390238e-09	4.543474e+01	2.923104e+02
1.870000e-06	6.467778e-06	4.403767e-09	4.589182e+01	2.930631e+02
1.880000e-06	6.531003e-06	4.419125e-09	4.634043e+01	2.938029e+02
1.890000e-06	6.593154e-06	4.435104e-09	4.678142e+01	2.945343e+02
1.900000e-06	6.654256e-06	4.447804e-09	4.721497e+01	2.952599e+02
1.910000e-06	6.714374e-06	4.460977e-09	4.764154e+01	2.959810e+02
1.920000e-06	6.773331e-06	4.473073e-09	4.805986e+01	2.966965e+02
1.930000e-06	6.830887e-06	4.483385e-09	4.846825e+01	2.974043e+02
1.940000e-06	6.887109e-06	4.491418e-09	4.886717e+01	2.981007e+02
1.950000e-06	6.942170e-06	4.500410e-09	4.925785e+01	2.987813e+02
1.960000e-06	6.996087e-06	4.513215e-09	4.964042e+01	2.994411e+02
1.970000e-06	7.048688e-06	4.524486e-09	5.001364e+01	3.000753e+02
1.980000e-06	7.099802e-06	4.536166e-09	5.037632e+01	3.006798e+02
1.990000e-06	7.149208e-06	4.547325e-09	5.072688e+01	3.012513e+02
2.000000e-06	7.197026e-06	4.557898e-09	5.106617e+01	3.017876e+02
2.010000e-06	7.243574e-06	4.568130e-09	5.139645e+01	3.022882e+02
2.020000e-06	7.289013e-06	4.576304e-09	5.171886e+01	3.027540e+02
2.030000e-06	7.333334e-06	4.583043e-09	5.203334e+01	3.031873e+02
2.040000e-06	7.376418e-06	4.590020e-09	5.233904e+01	3.035916e+02
2.050000e-06	7.417982e-06	4.599446e-09	5.263395e+01	3.039714e+02
2.060000e-06	7.458075e-06	4.608885e-09	5.291843e+01	3.043318e+02
2.070000e-06	7.497006e-06	4.615448e-09	5.319467e+01	3.046779e+02
2.080000e-06	7.534718e-06	4.621948e-09	5.346225e+01	3.050145e+02
2.090000e-06	7.571188e-06	4.631519e-09	5.372102e+01	3.053459e+02
2.100000e-06	7.606462e-06	4.641241e-09	5.397131e+01	3.056752e+02
2.110000e-06	7.640329e-06	4.646490e-09	5.421160e+01	3.060044e+02
2.120000e-06	7.672712e-06	4.649829e-09	5.444138e+01	3.063340e+02
2.130000e-06	7.703836e-06	4.654939e-09	5.466221e+01	3.066634e+02
2.140000e-06	7.733717e-06	4.661710e-09	5.487424e+01	3.069905e+02
2.150000e-06	7.762354e-06	4.667378e-09	5.507743e+01	3.073123e+02
2.160000e-06	7.789857e-06	4.672481e-09	5.527258e+01	3.076248e+02
2.170000e-06	7.815823e-06	4.679056e-09	5.545681e+01	3.079241e+02
2.180000e-06	7.840120e-06	4.683807e-09	5.562921e+01	3.082057e+02
2.190000e-06	7.863092e-06	4.687845e-09	5.579221e+01	3.084660e+02
2.200000e-06	7.884729e-06	4.692243e-09	5.594574e+01	3.087017e+02
2.210000e-06	7.905102e-06	4.695872e-09	5.609029e+01	3.089105e+02
2.220000e-06	7.924423e-06	4.699296e-09	5.622739e+01	3.090913e+02
2.230000e-06	7.942382e-06	4.701927e-09	5.635481e+01	3.092442e+02
2.240000e-06	7.958779e-06	4.706048e-09	5.647116e+01	3.093703e+02
2.250000e-06	7.973720e-06	4.709690e-09	5.657717e+01	3.094717e+02
2.260000e-06	7.987128e-06	4.711600e-09	5.667230e+01	3.095513e+02
2.270000e-06	7.998972e-06	4.713784e-09	5.675634e+01	3.096126e+02
2.280000e-06	8.009115e-06	4.714331e-09	5.682831e+01	3.096590e+02
2.290000e-06	8.017536e-06	4.715609e-09	5.688806e+01	3.096941e+02
2.300000e-06	8.024523e-06	4.719319e-09	5.693764e+01	3.097207e+02
2.310000e-06	8.030169e-06	4.721888e-09	5.697770e+01	3.097410e+02
2.320000e-06	8.034513e-06	4.723486e-09	5.700852e+01	3.097564e+02
2.330000e-06	8.037626e-06	4.725358e-09	5.703061e+01	3.097674e+02
2.340000e-06	8.039161e-06	4.726789e-09	5.704150e+01	3.097733e+02
2.350000e-06	8.039106e-06	4.729305e-09	5.704111e+01	3.097730e+02
2.360000e-06	8.037738e-06	4.727267e-09	5.703140e+01	3.097643e+02
2.370000e-06	8.035076e-06	4.721333e-09	5.701252e+01	3.097451e+02
2.380000e-06	8.031264e-06	4.719787e-09	5.698546e+01	3.097129e+02
2.390000e-06	8.026252e-06	4.717967e-09	5.694991e+01	3.096658e+02
2.400000e-06	8.019626e-06	4.717708e-09	5.690289e+01	3.096021e+02
2.410000e-06	8.011530e-06	4.717639e-09	5.684545e+01	3.095213e+02
2.420000e-06	8.002322e-06	4.716997e-09	5.678011e+01	3.094234e+02
2.430000e-06	7.991945e-06	4.728246e-09	5.670648e+01	3.093099e+02
2.440000e-06	7.980133e-06	4.679336e-09	5.662267e+01	3.091829e+02
2.450000e-06	7.966223e-06	4.651538e-09	5.652397e+01	3.090456e+02
2.460000e-06	7.949976e-06	4.663614e-09	5.640869e+01	3.089016e+02
2.470000e-06	7.932044e-06	4.682858e-09	5.628146e+01	3.087549e+02
2.480000e-06	7.913161e-06	4.777914e-09	5.614747e+01	3.086095e+02
2.490000e-06	7.893707e-06	4.736533e-09	5.600944e+01	3.084687e+02
2.500000e-06	7.873179e-06	4.636792e-09	5.586378e+01	3.083349e+02
2.510000e-06	7.850705e-06	4.706664e-09	5.570432e+01	3.082097e+02
2.520000e-06	7.826824e-06	4.673134e-09	5.553487e+01	3.080926e+02
2.530000e-06	7.802080e-06	4.678162e-09	5.535930e+01	3.079821e+02
2.540000e-06	7.775774e-06	4.750253e-09	5.517265e+01	3.078745e+02
2.550000e-06	7.748076e-06	4.637925e-09	5.497612e+01	3.077651e+02
2.560000e-06	7.719483e-06	4.694335e-09	5.477324e+01	3.076473e+02
2.570000e-06	7.689428e-06	4.794753e-09	5.455999e+01	3.075142e+02
2.580000e-06	7.657673e-06	4.690654e-09	5.433467e+01	3.073577e+02
2.590000e-06	7.624382e-06	4.683583e-09	5.409846e+01	3.071703e+02
2.600000e-06	7.589886e-06	4.685084e-09	5.385369e+01	3.069445e+02
2.610000e-06	7.554397e-06	4.703200e-09	5.360188e+01	3.066742e+02
2.620000e-06	7.517588e-06	4.762002e-09	5.334070e+01	3.063545e+02
2.630000e-06	7.479096e-06	4.668923e-09	5.306759e+01	3.059824e+02
2.640000e-06	7.438996e-06	4.667545e-09	5.278306e+01	3.055569e+02
2.650000e-06	7.397679e-06	4.675574e-09	5.248990e+01	3.050791e+02
2.660000e-06	7.355115e-06	4.690248e-09	5.218789e+01	3.045522e+02
2.670000e-06	7.311378e-06	4.711044e-09	5.187755e+01	3.039811e+02
2.680000e-06	7.266571e-06	4.608358e-09	5.155962e+01	3.033721e+02
2.690000e-06	7.220266e-06	4.630454e-09	5.123107e+01	3.027325e+02
2.700000e-06	7.172600e-06	4.653953e-09	5.089285e+01	3.020700e+02
2.710000e-06	7.123708e-06	4.663205e-09	5.054595e+01	3.013922e+02
2.720000e-06	7.073250e-06	4.637995e-09	5.018792e+01	3.007057e+02
2.730000e-06	7.021297e-06	4.553325e-09	4.981929e+01	3.000160e+02
2.740000e-06	6.967962e-06	4.612440e-09	4.944086e+01	2.993268e+02
2.750000e-06	6.913202e-06	4.619303e-09	4.905231e+01	2.986400e+02
2.760000e-06	6.857026e-06	4.594550e-09	4.865372e+01	2.979551e+02
2.770000e-06	6.799637e-06	4.550095e-09	4.824651e+01	2.972697e+02
2.780000e-06	6.741138e-06	4.522935e-09	4.783144e+01	2.965797e+02
2.790000e-06	6.681547e-06	4.571114e-09	4.740861e+01	2.958790e+02
2.800000e-06	6.620906e-06	4.552836e-09	4.697833e+01	2.951610e+02
2.810000e-06	6.558976e-06	4.526727e-09	4.653891e+01	2.944182e+02
2.820000e-06	6.495608e-06	4.473252e-09	4.608929e+01	2.936434e+02
2.830000e-06	6.431088e-06	4.486729e-09	4.563149e+01	2.928300e+02
2.840000e-06	6.365586e-06	4.514357e-09	4.516673e+01	2.919726e+02
2.850000e-06	6.299050e-06	4.478756e-09	4.469462e+01	2.910675e+02
2.860000e-06	6.231412e-06	4.440174e-09	4.421470e+01	2.901130e+02
2.870000e-06	6.162777e-06	4.411559e-09	4.372770e+01	2.891093e+02
2.880000e-06	6.093076e-06	4.433502e-09	4.323314e+01	2.880587e+02
2.890000e-06	6.022040e-06	4.422834e-09	4.272911e+01	2.869653e+02
2.900000e-06	5.949847e-06	4.390715e-09	4.221687e+01	2.858347e+02
2.910000e-06	5.876748e-06	4.353993e-09	4.169820e+01	2.846733e+02
2.920000e-06	5.802708e-06	4.351178e-09	4.117285e+01	2.834880e+02
2.930000e-06	5.727609e-06	4.360712e-09	4.063999e+01	2.822855e+02
2.940000e-06	5.651411e-06	4.330524e-09	4.009933e+01	2.810716e+02
2.950000e-06	5.573996e-06	4.296603e-09	3.955003e+01	2.798506e+02
2.960000e-06	5.495367e-06	4.273978e-09	3.899213e+01	2.786252e+02
2.970000e-06	5.415610e-06	4.273893e-09	3.842621e+01	2.773959e+02
2.980000e-06	5.334905e-06	4.257328e-09	3.785358e+01	2.761610e+02
2.990000e-06	5.253389e-06	4.226078e-09	3.727519e+01	2.749168e+02
3.000000e-06	5.170940e-06	4.193998e-09	3.669017e+01	2.736576e+02
3.010000e-06	5.087559e-06	4.180411e-09	3.609854e+01	2.723762e+02
3.020000e-06	5.003310e-06	4.169323e-09	3.550076e+01	2.710645e+02
3.030000e-06	4.918214e-06	4.141218e-09	3.489696e+01	2.697141e+02
3.040000e-06	4.832034e-06	4.110148e-09	3.428548e+01	2.683170e+02
3.050000e-06	4.744687e-06	4.089361e-09	3.366571e+01	2.668659e+02
3.060000e-06	4.656442e-06	4.077323e-09	3.303957e+01	2.653550e+02
3.070000e-06	4.567519e-06	4.052701e-09	3.240862e+01	2.637806e+02
3.080000e-06	4.477841e-06	4.022111e-09	3.177231e+01	2.621406e+02
3.090000e-06	4.387449e-06	3.993078e-09	3.113095e+01	2.604356e+02
3.100000e-06	4.296423e-06	3.971808e-09	3.048508e+01	2.586677e+02
3.110000e-06	4.204661e-06	3.949633e-09	2.983398e+01	2.568409e+02
3.120000e-06	4.112192e-06	3.920094e-09	2.917787e+01	2.549601e+02
3.130000e-06	4.019046e-06	3.886896e-09	2.851696e+01	2.530308e+02
3.140000e-06	3.925141e-06	3.857777e-09	2.785066e+01	2.510582e+02
3.150000e-06	3.830385e-06	3.829823e-09	2.717832e+01	2.490465e+02
3.160000e-06	3.734802e-06	3.797959e-09	2.650012e+01	2.469982e+02
3.170000e-06	3.638506e-06	3.765513e-09	2.581686e+01	2.449136e+02
3.180000e-06	3.541645e-06	3.735299e-09	2.512958e+01	2.427905e+02
3.190000e-06	3.444276e-06	3.706931e-09	2.443870e+01	2.406237e+02
3.200000e-06	3.346419e-06	3.673151e-09	2.374436e+01	2.384053e+02
3.210000e-06	3.248055e-06	3.631936e-09	2.304643e+01	2.361249e+02
3.220000e-06	3.149196e-06	3.590409e-09	2.234498e+01	2.337702e+02
3.230000e-06	3.049905e-06	3.552452e-09	2.164046e+01	2.313274e+02
3.240000e-06	2.950183e-06	3.511758e-09	2.093289e+01	2.287824e+02
3.250000e-06	2.850009e-06	3.468985e-09	2.022211e+01	2.261214e+02
3.260000e-06	2.749343e-06	3.426432e-09	1.950784e+01	2.233318e+02
3.270000e-06	2.648169e-06	3.385654e-09	1.878996e+01	2.204029e+02
3.280000e-06	2.546613e-06	3.342149e-09	1.806937e+01	2.173269e+02
3.290000e-06	2.444589e-06	3.293283e-09	1.734547e+01	2.140985e+02
3.300000e-06	2.341935e-06	3.243183e-09	1.661709e+01	2.107157e+02
3.310000e-06	2.238704e-06	3.192939e-09	1.588462e+01	2.071788e+02
3.320000e-06	2.134998e-06	3.141519e-09	1.514878e+01	2.034903e+02
3.330000e-06	2.030921e-06	3.084995e-09	1.441031e+01	1.996537e+02
3.340000e-06	1.926444e-06	3.023799e-09	1.366899e+01	1.956724e+02
3.350000e-06	1.821641e-06	2.961966e-09	1.292537e+01	1.915482e+02
3.360000e-06	1.716525e-06	2.901491e-09	1.217952e+01	1.872798e+02
3.370000e-06	1.611169e-06	2.838453e-09	1.143198e+01	1.828615e+02
3.380000e-06	1.505567e-06	2.769114e-09	1.068268e+01	1.782816e+02
3.390000e-06	1.399598e-06	2.695967e-09	9.930785e+00	1.735217e+02
3.400000e-06	1.293382e-06	2.620790e-09	9.177130e+00	1.685557e+02
3.410000e-06	1.186917e-06	2.540591e-09	8.421712e+00	1.633495e+02
3.420000e-06	1.080171e-06	2.451543e-09	7.664302e+00	1.578619e+02
3.430000e-06	9.732636e-07	2.355772e-09	6.905747e+00	1.520448e+02
3.440000e-06	8.662807e-07	2.259198e-09	6.146655e+00	1.458452e+02
3.450000e-06	7.591283e-07	2.158069e-09	5.386361e+00	1.392068e+02
3.460000e-06	6.518595e-07	2.048960e-09	4.625239e+00	1.320729e+02
3.470000e-06	5.444976e-07	1.931447e-09	3.863458e+00	1.243889e+02
3.480000e-06	4.370088e-07	1.803433e-09	3.100776e+00	1.161055e+02
3.490000e-06	3.294846e-07	1.667677e-09	2.337843e+00	1.071817e+02
3.500000e-06	2.219155e-07	1.525476e-09	1.574591e+00	9.758789e+01
3.510000e-06	1.143000e-07	1.374347e-09	8.110106e-01	8.730855e+01
3.520000e-06	6.721412e-09	1.209247e-09	4.769147e-02	7.634427e+01
3.530000e-06	-1.007652e-07	1.031764e-09	-7.149748e-01	6.471350e+01
3.540000e-06	-2.081687e-07	8.468512e-10	-1.477052e+00	5.245336e+01
3.550000e-06	-3.155550e-07	6.536619e-10	-2.239006e+00	3.961971e+01
3.560000e-06	-4.229125e-07	4.504809e-10	-3.000756e+00	2.628634e+01
3.570000e-06	-5.301456e-07	2.379966e-10	-3.761624e+00	1.254336e+01
3.580000e-06	-6.372696e-07	2.240903e-11	-4.521717e+00	-1.505236e+00
3.590000e-06	-7.442775e-07	-1.938576e-10	-5.280987e+00	-1.574461e+01
3.600000e-06	-8.511240e-07	-4.135843e-10	-6.039111e+00	-3.005274e+01
3.610000e-06	-9.578229e-07	-6.360979e-10	-6.796189e+00	-4.430438e+01
3.620000e-06	-1.064279e-06	-8.575164e-10	-7.551544e+00	-5.837520e+01
3.630000e-06	-1.170442e-06	-1.073598e-09	-8.304816e+00	-7.214592e+01
3.640000e-06	-1.276456e-06	-1.283047e-09	-9.057039e+00	-8.550614e+01
3.650000e-06	-1.382262e-06	-1.484604e-09	-9.807777e+00	-9.835783e+01
3.660000e-06	-1.487813e-06	-1.676253e-09	-1.055671e+01	-1.106182e+02
3.670000e-06	-1.593134e-06	-1.854693e-09	-1.130401e+01	-1.222218e+02
3.680000e-06	-1.698189e-06	-2.018041e-09	-1.204942e+01	-1.331217e+02
3.690000e-06	-1.803029e-06	-2.169663e-09	-1.279331e+01	-1.432905e+02
3.700000e-06	-1.907615e-06	-2.312181e-09	-1.353539e+01	-1.527194e+02
3.710000e-06	-2.011877e-06	-2.446556e-09	-1.427518e+01	-1.614171e+02
3.720000e-06	-2.115756e-06	-2.570000e-09	-1.501225e+01	-1.694084e+02
3.730000e-06	-2.219189e-06	-2.680794e-09	-1.574616e+01	-1.767314e+02
3.740000e-06	-2.322103e-06	-2.783198e-09	-1.647637e+01	-1.834347e+02
3.750000e-06	-2.424446e-06	-2.880127e-09	-1.720254e+01	-1.895743e+02
3.760000e-06	-2.526316e-06	-2.968526e-09	-1.792536e+01	-1.952107e+02
3.770000e-06	-2.627810e-06	-3.048622e-09	-1.864551e+01	-2.004055e+02
3.780000e-06	-2.728844e-06	-3.126835e-09	-1.936239e+01	-2.052188e+02
3.790000e-06	-2.829419e-06	-3.202333e-09	-2.007602e+01	-2.097068e+02
3.800000e-06	-2.929590e-06	-3.272402e-09	-2.078677e+01	-2.139198e+02
3.810000e-06	-3.029333e-06	-3.336627e-09	-2.149450e+01	-2.179011e+02
3.820000e-06	-3.128527e-06	-3.398451e-09	-2.219832e+01	-2.216857e+02
3.830000e-06	-3.227103e-06	-3.457602e-09	-2.289776e+01	-2.253009e+02
3.840000e-06	-3.325138e-06	-3.511705e-09	-2.359337e+01	-2.287659e+02
3.850000e-06	-3.422652e-06	-3.562744e-09	-2.428527e+01	-2.320930e+02
3.860000e-06	-3.519666e-06	-3.613223e-09	-2.497363e+01	-2.352887e+02
3.870000e-06	-3.616243e-06	-3.663229e-09	-2.565889e+01	-2.383549e+02
3.880000e-06	-3.712315e-06	-3.710039e-09	-2.634057e+01	-2.412906e+02
3.890000e-06	-3.807561e-06	-3.754216e-09	-2.701637e+01	-2.440934e+02
3.900000e-06	-3.901848e-06	-3.796180e-09	-2.768538e+01	-2.467606e+02
3.910000e-06	-3.995342e-06	-3.837569e-09	-2.834877e+01	-2.492906e+02
3.920000e-06	-4.088184e-06	-3.872681e-09	-2.900752e+01	-2.516839e+02
3.930000e-06	-4.180332e-06	-3.902762e-09	-2.966136e+01	-2.539434e+02
3.940000e-06	-4.271673e-06	-3.933379e-09	-3.030946e+01	-2.560750e+02
3.950000e-06	-4.362183e-06	-3.964680e-09	-3.095167e+01	-2.580870e+02
3.960000e-06	-4.451957e-06	-3.994263e-09	-3.158866e+01	-2.599903e+02
3.970000e-06	-4.541029e-06	-4.022998e-09	-3.222067e+01	-2.617976e+02
3.980000e-06	-4.629447e-06	-4.055182e-09	-3.284803e+01	-2.635224e+02
3.990000e-06	-4.717129e-06	-4.086586e-09	-3.347017e+01	-2.651787e+02
4.000000e-06	-4.803623e-06	-4.116134e-09	-3.408389e+01	-2.667795e+02
4.010000e-06	-4.888995e-06	-4.143338e-09	-3.468964e+01	-2.683364e+02
4.020000e-06	-4.973623e-06	-4.168974e-09	-3.529012e+01	-2.698592e+02
4.030000e-06	-5.057475e-06	-4.195940e-09	-3.588508e+01	-2.713547e+02
4.040000e-06	-5.140454e-06	-4.218810e-09	-3.647386e+01	-2.728273e+02
4.050000e-06	-5.222605e-06	-4.236581e-09	-3.705676e+01	-2.742784e+02
4.060000e-06	-5.303970e-06	-4.253788e-09	-3.763408e+01	-2.757067e+02
4.070000e-06	-5.384541e-06	-4.274880e-09	-3.820577e+01	-2.771089e+02
4.080000e-06	-5.464158e-06	-4.298175e-09	-3.877068e+01	-2.784800e+02
4.090000e-06	-5.542642e-06	-4.319189e-09	-3.932756e+01	-2.798139e+02
4.100000e-06	-5.619949e-06	-4.338986e-09	-3.987609e+01	-2.811043e+02
4.110000e-06	-5.696145e-06	-4.357257e-09	-4.041673e+01	-2.823453e+02
4.120000e-06	-5.771209e-06	-4.374490e-09	-4.094935e+01	-2.835322e+02
4.130000e-06	-5.845121e-06	-4.391199e-09	-4.147379e+01	-2.846615e+02
4.140000e-06	-5.918078e-06	-4.406611e-09	-4.199145e+01	-2.857319e+02
4.150000e-06	-5.990173e-06	-4.419558e-09	-4.250300e+01	-2.867439e+02
4.160000e-06	-6.061122e-06	-4.433524e-09	-4.300642e+01	-2.877002e+02
4.170000e-06	-6.130869e-06	-4.449834e-09	-4.350130e+01	-2.886051e+02
4.180000e-06	-6.199533e-06	-4.465989e-09	-4.398851e+01	-2.894646e+02
4.190000e-06	-6.267083e-06	-4.479919e-09	-4.446780e+01	-2.902857e+02
4.200000e-06	-6.333567e-06	-4.491730e-09	-4.493953e+01	-2.910756e+02
4.210000e-06	-6.398949e-06	-4.503465e-09	-4.540345e+01	-2.918417e+02
4.220000e-06	-6.463374e-06	-4.516430e-09	-4.586058e+01	-2.925907e+02
4.230000e-06	-6.526697e-06	-4.531441e-09	-4.630988e+01	-2.933280e+02
4.240000e-06	-6.588561e-06	-4.542050e-09	-4.674883e+01	-2.940578e+02
4.250000e-06	-6.649204e-06	-4.547884e-09	-4.717913e+01	-2.947823e+02
4.260000e-06	-6.708816e-06	-4.554726e-09	-4.760210e+01	-2.955020e+02
4.270000e-06	-6.767211e-06	-4.563702e-09	-4.801644e+01	-2.962159e+02
4.280000e-06	-6.824441e-06	-4.573478e-09	-4.842251e+01	-2.969213e+02
4.290000e-06	-6.880643e-06	-4.579776e-09	-4.882129e+01	-2.976142e+02
4.300000e-06	-6.935452e-06	-4.586390e-09	-4.921018e+01	-2.982900e+02
4.310000e-06	-6.988596e-06	-4.595744e-09	-4.958726e+01	-2.989438e+02
4.320000e-06	-7.040342e-06	-4.607047e-09	-4.995442e+01	-2.995710e+02
4.330000e-06	-7.090631e-06	-4.616734e-09	-5.031125e+01	-3.001675e+02
4.340000e-06	-7.139257e-06	-4.622162e-09	-5.065627e+01	-3.007303e+02
4.350000e-06	-7.186372e-06	-4.629346e-09	-5.099057e+01	-3.012577e+02
4.360000e-06	-7.232263e-06	-4.637267e-09	-5.131619e+01	-3.017495e+02
4.370000e-06	-7.277151e-06	-4.642636e-09	-5.163469e+01	-3.022068e+02
4.380000e-06	-7.321048e-06	-4.643285e-09	-5.194616e+01	-3.026325e+02
4.390000e-06	-7.363840e-06	-4.647128e-09	-5.224979e+01	-3.030303e+02
4.400000e-06	-7.405431e-06	-4.654957e-09	-5.254490e+01	-3.034048e+02
4.410000e-06	-7.445908e-06	-4.661163e-09	-5.283210e+01	-3.037611e+02
4.420000e-06	-7.485147e-06	-4.666687e-09	-5.311052e+01	-3.041044e+02
4.430000e-06	-7.522837e-06	-4.670662e-09	-5.337795e+01	-3.044393e+02
4.440000e-06	-7.559120e-06	-4.678218e-09	-5.363539e+01	-3.047699e+02
4.450000e-06	-7.594189e-06	-4.685165e-09	-5.388422e+01	-3.050991e+02
4.460000e-06	-7.627984e-06	-4.687773e-09	-5.412402e+01	-3.054284e+02
4.470000e-06	-7.660575e-06	-4.686852e-09	-5.435526e+01	-3.057581e+02
4.480000e-06	-7.691838e-06	-4.687386e-09	-5.457709e+01	-3.060871e+02
4.490000e-06	-7.721475e-06	-4.692299e-09	-5.478738e+01	-3.064132e+02
4.500000e-06	-7.749715e-06	-4.695995e-09	-5.498775e+01	-3.067330e+02
4.510000e-06	-7.776770e-06	-4.697843e-09	-5.517972e+01	-3.070427e+02
4.520000e-06	-7.802419e-06	-4.701486e-09	-5.536171e+01	-3.073379e+02
4.530000e-06	-7.826806e-06	-4.705475e-09	-5.553475e+01	-3.076146e+02
4.540000e-06	-7.849852e-06	-4.708787e-09	-5.569827e+01	-3.078690e+02
4.550000e-06	-7.871273e-06	-4.710204e-09	-5.585026e+01	-3.080981e+02
4.560000e-06	-7.891336e-06	-4.711000e-09	-5.599262e+01	-3.083000e+02
4.570000e-06	-7.910142e-06	-4.712925e-09	-5.612605e+01	-3.084738e+02
4.580000e-06	-7.927591e-06	-4.712622e-09	-5.624986e+01	-3.086198e+02
4.590000e-06	-7.943778e-06	-4.712303e-09	-5.636471e+01	-3.087394e+02
4.600000e-06	-7.958377e-06	-4.711379e-09	-5.646830e+01	-3.088351e+02
4.610000e-06	-7.971162e-06	-4.711845e-09	-5.655902e+01	-3.089098e+02
4.620000e-06	-7.982455e-06	-4.712607e-09	-5.663915e+01	-3.089671e+02
4.630000e-06	-7.992354e-06	-4.710957e-09	-5.670938e+01	-3.090104e+02
4.640000e-06	-8.000887e-06	-4.711485e-09	-5.676993e+01	-3.090430e+02
4.650000e-06	-8.007985e-06	-4.712652e-09	-5.682029e+01	-3.090679e+02
4.660000e-06	-8.013472e-06	-4.712871e-09	-5.685922e+01	-3.090869e+02
4.670000e-06	-8.017518e-06	-4.711421e-09	-5.688793e+01	-3.091012e+02
4.680000e-06	-8.020299e-06	-4.708898e-09	-5.690767e+01	-3.091110e+02
4.690000e-06	-8.021702e-06	-4.707039e-09	-5.691762e+01	-3.091155e+02
