# Temperatura_=_20.0
# Concentracion g/m^3_=_9000.0
# C_Vs_to_Am_M_A/Vsm_=_65563218390.804596
# pendiente_HvsI_1/m_=_3716.3
# ordenada_HvsI_A/m_=_1297.0
# frecuencia_Hz_=_212985.41782882527

Tiempo_(s)	Campo_(V.s)	Magnetizacion_(V.s)	Campo_(kA/m)	Magnetizacion_(A/m)
0.000000e+00	-8.111166e-06	-5.048926e-09	-5.691967e+01	-3.312951e+02
1.000000e-08	-8.110450e-06	-5.047008e-09	-5.691464e+01	-3.313469e+02
2.000000e-08	-8.108134e-06	-5.046848e-09	-5.689839e+01	-3.313927e+02
3.000000e-08	-8.104495e-06	-5.044963e-09	-5.687286e+01	-3.314246e+02
4.000000e-08	-8.099689e-06	-5.043152e-09	-5.683914e+01	-3.314344e+02
5.000000e-08	-8.093570e-06	-5.042551e-09	-5.679620e+01	-3.314142e+02
6.000000e-08	-8.086137e-06	-5.042580e-09	-5.674403e+01	-3.313575e+02
7.000000e-08	-8.077344e-06	-5.044003e-09	-5.668233e+01	-3.312592e+02
8.000000e-08	-8.066980e-06	-5.036782e-09	-5.660960e+01	-3.311168e+02
9.000000e-08	-8.054985e-06	-5.048025e-09	-5.652543e+01	-3.309301e+02
1.000000e-07	-8.041124e-06	-5.084039e-09	-5.642816e+01	-3.307017e+02
1.100000e-07	-8.025253e-06	-5.088189e-09	-5.631678e+01	-3.304368e+02
1.200000e-07	-8.007735e-06	-5.065598e-09	-5.619385e+01	-3.301427e+02
1.300000e-07	-7.988939e-06	-5.018863e-09	-5.606195e+01	-3.298286e+02
1.400000e-07	-7.969195e-06	-4.966502e-09	-5.592340e+01	-3.295048e+02
1.500000e-07	-7.948496e-06	-5.028015e-09	-5.577815e+01	-3.291820e+02
1.600000e-07	-7.926538e-06	-5.076749e-09	-5.562406e+01	-3.288702e+02
1.700000e-07	-7.903404e-06	-5.008440e-09	-5.546171e+01	-3.285783e+02
1.800000e-07	-7.878953e-06	-4.997448e-09	-5.529013e+01	-3.283134e+02
1.900000e-07	-7.852826e-06	-4.999035e-09	-5.510679e+01	-3.280799e+02
2.000000e-07	-7.825411e-06	-5.026371e-09	-5.491440e+01	-3.278790e+02
2.100000e-07	-7.796903e-06	-5.083587e-09	-5.471435e+01	-3.277093e+02
2.200000e-07	-7.766962e-06	-4.988362e-09	-5.450424e+01	-3.275657e+02
2.300000e-07	-7.735756e-06	-4.949343e-09	-5.428526e+01	-3.274408e+02
2.400000e-07	-7.703203e-06	-5.034080e-09	-5.405682e+01	-3.273245e+02
2.500000e-07	-7.669057e-06	-5.048491e-09	-5.381719e+01	-3.272050e+02
2.600000e-07	-7.633552e-06	-5.010278e-09	-5.356804e+01	-3.270696e+02
2.700000e-07	-7.596665e-06	-4.945517e-09	-5.330919e+01	-3.269055e+02
2.800000e-07	-7.558349e-06	-4.958098e-09	-5.304031e+01	-3.267005e+02
2.900000e-07	-7.518838e-06	-5.015294e-09	-5.276304e+01	-3.264439e+02
3.000000e-07	-7.477927e-06	-4.987710e-09	-5.247595e+01	-3.261272e+02
3.100000e-07	-7.435385e-06	-4.930903e-09	-5.217741e+01	-3.257446e+02
3.200000e-07	-7.391367e-06	-4.921264e-09	-5.186852e+01	-3.252930e+02
3.300000e-07	-7.345964e-06	-4.959578e-09	-5.154991e+01	-3.247726e+02
3.400000e-07	-7.299305e-06	-4.958365e-09	-5.122248e+01	-3.241863e+02
3.500000e-07	-7.251341e-06	-4.919276e-09	-5.088590e+01	-3.235397e+02
3.600000e-07	-7.201649e-06	-4.892451e-09	-5.053719e+01	-3.228402e+02
3.700000e-07	-7.150162e-06	-4.886812e-09	-5.017588e+01	-3.220967e+02
3.800000e-07	-7.097304e-06	-4.920229e-09	-4.980495e+01	-3.213187e+02
3.900000e-07	-7.043247e-06	-4.902700e-09	-4.942561e+01	-3.205154e+02
4.000000e-07	-6.988022e-06	-4.843182e-09	-4.903807e+01	-3.196955e+02
4.100000e-07	-6.931459e-06	-4.840718e-09	-4.864114e+01	-3.188658e+02
4.200000e-07	-6.873484e-06	-4.868275e-09	-4.823430e+01	-3.180315e+02
4.300000e-07	-6.814329e-06	-4.859845e-09	-4.781918e+01	-3.171952e+02
4.400000e-07	-6.753984e-06	-4.804812e-09	-4.739572e+01	-3.163575e+02
4.500000e-07	-6.692461e-06	-4.787842e-09	-4.696399e+01	-3.155164e+02
4.600000e-07	-6.629864e-06	-4.802702e-09	-4.652472e+01	-3.146681e+02
4.700000e-07	-6.566310e-06	-4.791196e-09	-4.607873e+01	-3.138073e+02
4.800000e-07	-6.501504e-06	-4.756992e-09	-4.562396e+01	-3.129276e+02
4.900000e-07	-6.435278e-06	-4.730994e-09	-4.515922e+01	-3.120222e+02
5.000000e-07	-6.367967e-06	-4.734319e-09	-4.468687e+01	-3.110846e+02
5.100000e-07	-6.299605e-06	-4.730154e-09	-4.420714e+01	-3.101092e+02
5.200000e-07	-6.230217e-06	-4.705574e-09	-4.372022e+01	-3.090915e+02
5.300000e-07	-6.159855e-06	-4.676416e-09	-4.322645e+01	-3.080289e+02
5.400000e-07	-6.088553e-06	-4.667014e-09	-4.272610e+01	-3.069207e+02
5.500000e-07	-6.016175e-06	-4.665056e-09	-4.221818e+01	-3.057679e+02
5.600000e-07	-5.942489e-06	-4.640879e-09	-4.170110e+01	-3.045733e+02
5.700000e-07	-5.867558e-06	-4.604642e-09	-4.117528e+01	-3.033410e+02
5.800000e-07	-5.791471e-06	-4.580675e-09	-4.064133e+01	-3.020762e+02
5.900000e-07	-5.714190e-06	-4.578508e-09	-4.009902e+01	-3.007843e+02
6.000000e-07	-5.635741e-06	-4.564464e-09	-3.954851e+01	-2.994705e+02
6.100000e-07	-5.556216e-06	-4.526688e-09	-3.899045e+01	-2.981391e+02
6.200000e-07	-5.475594e-06	-4.496656e-09	-3.842468e+01	-2.967932e+02
6.300000e-07	-5.393873e-06	-4.492525e-09	-3.785121e+01	-2.954341e+02
6.400000e-07	-5.311247e-06	-4.483604e-09	-3.727139e+01	-2.940612e+02
6.500000e-07	-5.227894e-06	-4.445556e-09	-3.668647e+01	-2.926718e+02
6.600000e-07	-5.143695e-06	-4.406435e-09	-3.609560e+01	-2.912614e+02
6.700000e-07	-5.058590e-06	-4.391934e-09	-3.549839e+01	-2.898236e+02
6.800000e-07	-4.972656e-06	-4.386997e-09	-3.489535e+01	-2.883512e+02
6.900000e-07	-4.886021e-06	-4.362084e-09	-3.428739e+01	-2.868359e+02
7.000000e-07	-4.798616e-06	-4.322581e-09	-3.367403e+01	-2.852698e+02
7.100000e-07	-4.710056e-06	-4.293471e-09	-3.305257e+01	-2.836453e+02
7.200000e-07	-4.620387e-06	-4.279744e-09	-3.242332e+01	-2.819560e+02
7.300000e-07	-4.529989e-06	-4.258451e-09	-3.178896e+01	-2.801971e+02
7.400000e-07	-4.438957e-06	-4.219143e-09	-3.115015e+01	-2.783660e+02
7.500000e-07	-4.347117e-06	-4.180739e-09	-3.050566e+01	-2.764620e+02
7.600000e-07	-4.254364e-06	-4.158332e-09	-2.985477e+01	-2.744865e+02
7.700000e-07	-4.160833e-06	-4.141437e-09	-2.919843e+01	-2.724427e+02
7.800000e-07	-4.066698e-06	-4.109999e-09	-2.853784e+01	-2.703353e+02
7.900000e-07	-3.972012e-06	-4.067599e-09	-2.787338e+01	-2.681696e+02
8.000000e-07	-3.876650e-06	-4.035906e-09	-2.720419e+01	-2.659512e+02
8.100000e-07	-3.780382e-06	-4.014174e-09	-2.652863e+01	-2.636850e+02
8.200000e-07	-3.683227e-06	-3.981658e-09	-2.584685e+01	-2.613748e+02
8.300000e-07	-3.585415e-06	-3.935479e-09	-2.516045e+01	-2.590223e+02
8.400000e-07	-3.487116e-06	-3.893292e-09	-2.447065e+01	-2.566268e+02
8.500000e-07	-3.388272e-06	-3.863656e-09	-2.377702e+01	-2.541850e+02
8.600000e-07	-3.288822e-06	-3.831150e-09	-2.307913e+01	-2.516909e+02
8.700000e-07	-3.188859e-06	-3.787030e-09	-2.237765e+01	-2.491357e+02
8.800000e-07	-3.088370e-06	-3.737780e-09	-2.167247e+01	-2.465086e+02
8.900000e-07	-2.987347e-06	-3.693972e-09	-2.096355e+01	-2.437971e+02
9.000000e-07	-2.885776e-06	-3.655049e-09	-2.025078e+01	-2.409875e+02
9.100000e-07	-2.783765e-06	-3.609716e-09	-1.953492e+01	-2.380663e+02
9.200000e-07	-2.681445e-06	-3.557874e-09	-1.881689e+01	-2.350203e+02
9.300000e-07	-2.578808e-06	-3.507059e-09	-1.809664e+01	-2.318379e+02
9.400000e-07	-2.475773e-06	-3.460696e-09	-1.737360e+01	-2.285092e+02
9.500000e-07	-2.372272e-06	-3.410769e-09	-1.664729e+01	-2.250266e+02
9.600000e-07	-2.268245e-06	-3.352044e-09	-1.591729e+01	-2.213848e+02
9.700000e-07	-2.163668e-06	-3.292259e-09	-1.518342e+01	-2.175803e+02
9.800000e-07	-2.058633e-06	-3.235788e-09	-1.444635e+01	-2.136112e+02
9.900000e-07	-1.953153e-06	-3.176536e-09	-1.370615e+01	-2.094762e+02
1.000000e-06	-1.847245e-06	-3.107833e-09	-1.296294e+01	-2.051733e+02
1.010000e-06	-1.740989e-06	-3.036633e-09	-1.221730e+01	-2.006986e+02
1.020000e-06	-1.634451e-06	-2.968032e-09	-1.146967e+01	-1.960452e+02
1.030000e-06	-1.527608e-06	-2.896168e-09	-1.071991e+01	-1.912013e+02
1.040000e-06	-1.420476e-06	-2.816159e-09	-9.968112e+00	-1.861496e+02
1.050000e-06	-1.313118e-06	-2.729549e-09	-9.214737e+00	-1.808661e+02
1.060000e-06	-1.205503e-06	-2.643262e-09	-8.459555e+00	-1.753197e+02
1.070000e-06	-1.097595e-06	-2.555355e-09	-7.702314e+00	-1.694722e+02
1.080000e-06	-9.894389e-07	-2.459512e-09	-6.943334e+00	-1.632786e+02
1.090000e-06	-8.810689e-07	-2.355821e-09	-6.182854e+00	-1.566886e+02
1.100000e-06	-7.724760e-07	-2.247976e-09	-5.420809e+00	-1.496478e+02
1.110000e-06	-6.637078e-07	-2.135468e-09	-4.657534e+00	-1.421002e+02
1.120000e-06	-5.548730e-07	-2.013773e-09	-3.893792e+00	-1.339910e+02
1.130000e-06	-4.459422e-07	-1.880155e-09	-3.129376e+00	-1.252690e+02
1.140000e-06	-3.369163e-07	-1.733423e-09	-2.364292e+00	-1.158903e+02
1.150000e-06	-2.278424e-07	-1.577407e-09	-1.598872e+00	-1.058208e+02
1.160000e-06	-1.187289e-07	-1.413375e-09	-8.331736e-01	-9.503982e+01
1.170000e-06	-9.614167e-09	-1.237593e-09	-6.746690e-02	-8.354202e+01
1.180000e-06	9.946978e-08	-1.053250e-09	6.980238e-01	-7.133975e+01
1.190000e-06	2.085204e-07	-8.617367e-10	1.463281e+00	-5.846428e+01
1.200000e-06	3.175475e-07	-6.628132e-10	2.228372e+00	-4.496630e+01
1.210000e-06	4.264561e-07	-4.514829e-10	2.992633e+00	-3.091562e+01
1.220000e-06	5.352421e-07	-2.314282e-10	3.756032e+00	-1.639992e+01
1.230000e-06	6.439066e-07	-4.370933e-12	4.518580e+00	-1.522668e+00
1.240000e-06	7.524209e-07	2.265701e-10	5.280073e+00	1.359976e+01
1.250000e-06	8.607412e-07	4.584722e-10	6.040205e+00	2.884160e+01
1.260000e-06	9.688379e-07	6.981616e-10	6.798768e+00	4.407170e+01
1.270000e-06	1.076744e-06	9.344435e-10	7.555993e+00	5.915784e+01
1.280000e-06	1.184387e-06	1.164842e-09	8.311375e+00	7.397118e+01
1.290000e-06	1.291774e-06	1.385087e-09	9.064958e+00	8.839041e+01
1.300000e-06	1.398924e-06	1.597089e-09	9.816875e+00	1.023058e+02
1.310000e-06	1.505797e-06	1.801186e-09	1.056685e+01	1.156224e+02
1.320000e-06	1.612431e-06	1.990337e-09	1.131515e+01	1.282630e+02
1.330000e-06	1.718839e-06	2.167078e-09	1.206186e+01	1.401696e+02
1.340000e-06	1.824974e-06	2.331358e-09	1.280666e+01	1.513045e+02
1.350000e-06	1.930745e-06	2.487108e-09	1.354890e+01	1.616507e+02
1.360000e-06	2.036176e-06	2.630158e-09	1.428876e+01	1.712103e+02
1.370000e-06	2.141278e-06	2.758956e-09	1.502630e+01	1.800035e+02
1.380000e-06	2.245943e-06	2.876328e-09	1.576079e+01	1.880658e+02
1.390000e-06	2.350141e-06	2.983726e-09	1.649199e+01	1.954454e+02
1.400000e-06	2.453899e-06	3.084529e-09	1.722010e+01	2.021996e+02
1.410000e-06	2.557288e-06	3.176244e-09	1.794563e+01	2.083917e+02
1.420000e-06	2.660235e-06	3.260871e-09	1.866805e+01	2.140875e+02
1.430000e-06	2.762696e-06	3.342378e-09	1.938707e+01	2.193520e+02
1.440000e-06	2.864699e-06	3.420747e-09	2.010287e+01	2.242468e+02
1.450000e-06	2.966279e-06	3.494198e-09	2.081570e+01	2.288279e+02
1.460000e-06	3.067425e-06	3.561640e-09	2.152549e+01	2.331437e+02
1.470000e-06	3.168030e-06	3.625549e-09	2.223148e+01	2.372342e+02
1.480000e-06	3.268071e-06	3.688284e-09	2.293351e+01	2.411306e+02
1.490000e-06	3.367553e-06	3.748375e-09	2.363162e+01	2.448555e+02
1.500000e-06	3.466430e-06	3.802604e-09	2.432548e+01	2.484236e+02
1.510000e-06	3.564656e-06	3.851498e-09	2.501478e+01	2.518431e+02
1.520000e-06	3.662256e-06	3.897287e-09	2.569969e+01	2.551167e+02
1.530000e-06	3.759121e-06	3.941070e-09	2.637943e+01	2.582441e+02
1.540000e-06	3.855061e-06	3.982104e-09	2.705268e+01	2.612228e+02
1.550000e-06	3.950220e-06	4.020892e-09	2.772046e+01	2.640504e+02
1.560000e-06	4.044748e-06	4.058615e-09	2.838380e+01	2.667255e+02
1.570000e-06	4.138619e-06	4.095252e-09	2.904253e+01	2.692492e+02
1.580000e-06	4.231785e-06	4.130228e-09	2.969632e+01	2.716254e+02
1.590000e-06	4.324192e-06	4.162291e-09	3.034478e+01	2.738613e+02
1.600000e-06	4.415893e-06	4.192692e-09	3.098829e+01	2.759674e+02
1.610000e-06	4.506840e-06	4.221690e-09	3.162651e+01	2.779570e+02
1.620000e-06	4.596912e-06	4.250585e-09	3.225858e+01	2.798456e+02
1.630000e-06	4.686006e-06	4.279930e-09	3.288379e+01	2.816497e+02
1.640000e-06	4.774044e-06	4.307139e-09	3.350160e+01	2.833862e+02
1.650000e-06	4.861189e-06	4.333673e-09	3.411313e+01	2.850709e+02
1.660000e-06	4.947604e-06	4.358485e-09	3.471955e+01	2.867179e+02
1.670000e-06	5.033260e-06	4.382317e-09	3.532063e+01	2.883384e+02
1.680000e-06	5.118113e-06	4.405891e-09	3.591608e+01	2.899407e+02
1.690000e-06	5.202104e-06	4.428425e-09	3.650549e+01	2.915291e+02
1.700000e-06	5.285252e-06	4.449387e-09	3.708897e+01	2.931046e+02
1.710000e-06	5.367586e-06	4.468984e-09	3.766674e+01	2.946647e+02
1.720000e-06	5.449055e-06	4.489258e-09	3.823845e+01	2.962040e+02
1.730000e-06	5.529520e-06	4.510021e-09	3.880311e+01	2.977152e+02
1.740000e-06	5.608993e-06	4.530622e-09	3.936081e+01	2.991895e+02
1.750000e-06	5.687429e-06	4.549971e-09	3.991123e+01	3.006178e+02
1.760000e-06	5.764789e-06	4.568108e-09	4.045409e+01	3.019919e+02
1.770000e-06	5.841173e-06	4.585413e-09	4.099012e+01	3.033046e+02
1.780000e-06	5.916577e-06	4.602112e-09	4.151926e+01	3.045511e+02
1.790000e-06	5.990844e-06	4.618563e-09	4.204043e+01	3.057291e+02
1.800000e-06	6.063815e-06	4.634785e-09	4.255250e+01	3.068391e+02
1.810000e-06	6.135565e-06	4.651635e-09	4.305600e+01	3.078846e+02
1.820000e-06	6.206223e-06	4.667049e-09	4.355183e+01	3.088714e+02
1.830000e-06	6.275866e-06	4.681910e-09	4.404055e+01	3.098075e+02
1.840000e-06	6.344502e-06	4.697667e-09	4.452220e+01	3.107024e+02
1.850000e-06	6.412130e-06	4.711736e-09	4.499678e+01	3.115662e+02
1.860000e-06	6.478684e-06	4.723480e-09	4.546382e+01	3.124089e+02
1.870000e-06	6.543888e-06	4.735570e-09	4.592138e+01	3.132397e+02
1.880000e-06	6.607722e-06	4.749289e-09	4.636933e+01	3.140660e+02
1.890000e-06	6.670487e-06	4.762399e-09	4.680978e+01	3.148933e+02
1.900000e-06	6.732214e-06	4.775471e-09	4.724295e+01	3.157244e+02
1.910000e-06	6.792842e-06	4.788817e-09	4.766840e+01	3.165595e+02
1.920000e-06	6.852384e-06	4.801441e-09	4.808624e+01	3.173963e+02
1.930000e-06	6.910746e-06	4.813979e-09	4.849579e+01	3.182301e+02
1.940000e-06	6.967648e-06	4.826542e-09	4.889509e+01	3.190546e+02
1.950000e-06	7.023120e-06	4.838433e-09	4.928436e+01	3.198621e+02
1.960000e-06	7.077413e-06	4.848854e-09	4.966536e+01	3.206445e+02
1.970000e-06	7.130468e-06	4.860465e-09	5.003767e+01	3.213939e+02
1.980000e-06	7.182064e-06	4.872855e-09	5.039974e+01	3.221034e+02
1.990000e-06	7.232094e-06	4.883085e-09	5.075083e+01	3.227676e+02
2.000000e-06	7.280515e-06	4.891774e-09	5.109062e+01	3.233831e+02
2.010000e-06	7.327465e-06	4.901062e-09	5.142009e+01	3.239490e+02
2.020000e-06	7.373203e-06	4.911889e-09	5.174106e+01	3.244664e+02
2.030000e-06	7.417758e-06	4.921456e-09	5.205372e+01	3.249390e+02
2.040000e-06	7.461130e-06	4.928304e-09	5.235808e+01	3.253724e+02
2.050000e-06	7.503180e-06	4.934626e-09	5.265316e+01	3.257734e+02
2.060000e-06	7.543724e-06	4.941936e-09	5.293768e+01	3.261501e+02
2.070000e-06	7.582933e-06	4.948819e-09	5.321283e+01	3.265105e+02
2.080000e-06	7.620949e-06	4.955074e-09	5.347960e+01	3.268622e+02
2.090000e-06	7.657735e-06	4.962552e-09	5.373774e+01	3.272119e+02
2.100000e-06	7.693340e-06	4.969970e-09	5.398760e+01	3.275645e+02
2.110000e-06	7.727609e-06	4.976983e-09	5.422808e+01	3.279229e+02
2.120000e-06	7.760255e-06	4.984144e-09	5.445718e+01	3.282879e+02
2.130000e-06	7.791499e-06	4.990852e-09	5.467642e+01	3.286580e+02
2.140000e-06	7.821575e-06	4.997060e-09	5.488748e+01	3.290297e+02
2.150000e-06	7.850435e-06	5.003092e-09	5.509001e+01	3.293977e+02
2.160000e-06	7.878096e-06	5.010646e-09	5.528412e+01	3.297556e+02
2.170000e-06	7.904315e-06	5.016933e-09	5.546811e+01	3.300962e+02
2.180000e-06	7.928819e-06	5.021167e-09	5.564006e+01	3.304126e+02
2.190000e-06	7.951848e-06	5.025143e-09	5.580166e+01	3.306984e+02
2.200000e-06	7.973645e-06	5.029802e-09	5.595463e+01	3.309484e+02
2.210000e-06	7.994205e-06	5.033948e-09	5.609890e+01	3.311592e+02
2.220000e-06	8.013572e-06	5.037287e-09	5.623481e+01	3.313294e+02
2.230000e-06	8.031588e-06	5.042223e-09	5.636123e+01	3.314599e+02
2.240000e-06	8.048030e-06	5.047543e-09	5.647662e+01	3.315535e+02
2.250000e-06	8.062984e-06	5.051768e-09	5.658155e+01	3.316152e+02
2.260000e-06	8.076500e-06	5.055312e-09	5.667641e+01	3.316513e+02
2.270000e-06	8.088497e-06	5.057439e-09	5.676059e+01	3.316691e+02
2.280000e-06	8.098815e-06	5.058672e-09	5.683300e+01	3.316761e+02
2.290000e-06	8.107332e-06	5.060573e-09	5.689277e+01	3.316798e+02
2.300000e-06	8.114321e-06	5.062860e-09	5.694181e+01	3.316864e+02
2.310000e-06	8.119930e-06	5.064498e-09	5.698117e+01	3.317009e+02
2.320000e-06	8.124183e-06	5.065864e-09	5.701101e+01	3.317259e+02
2.330000e-06	8.127136e-06	5.068142e-09	5.703174e+01	3.317622e+02
2.340000e-06	8.128527e-06	5.070535e-09	5.704150e+01	3.318080e+02
2.350000e-06	8.128388e-06	5.071864e-09	5.704053e+01	3.318595e+02
2.360000e-06	8.126939e-06	5.070553e-09	5.703036e+01	3.319108e+02
2.370000e-06	8.124162e-06	5.067219e-09	5.701087e+01	3.319545e+02
2.380000e-06	8.120196e-06	5.065092e-09	5.698304e+01	3.319828e+02
2.390000e-06	8.114963e-06	5.064675e-09	5.694631e+01	3.319873e+02
2.400000e-06	8.108142e-06	5.065762e-09	5.689845e+01	3.319604e+02
2.410000e-06	8.099923e-06	5.067629e-09	5.684078e+01	3.318958e+02
2.420000e-06	8.090524e-06	5.073971e-09	5.677482e+01	3.317889e+02
2.430000e-06	8.079864e-06	5.060675e-09	5.670001e+01	3.316376e+02
2.440000e-06	8.067673e-06	5.009167e-09	5.661446e+01	3.314424e+02
2.450000e-06	8.053339e-06	4.996143e-09	5.651388e+01	3.312063e+02
2.460000e-06	8.036763e-06	5.004494e-09	5.639755e+01	3.309349e+02
2.470000e-06	8.018561e-06	5.062940e-09	5.626982e+01	3.306361e+02
2.480000e-06	7.999466e-06	5.128684e-09	5.613583e+01	3.303194e+02
2.490000e-06	7.979788e-06	5.029134e-09	5.599773e+01	3.299950e+02
2.500000e-06	7.958892e-06	4.989234e-09	5.585110e+01	3.296737e+02
2.510000e-06	7.936112e-06	5.032893e-09	5.569124e+01	3.293653e+02
2.520000e-06	7.912011e-06	5.019635e-09	5.552211e+01	3.290785e+02
2.530000e-06	7.886868e-06	5.057258e-09	5.534568e+01	3.288197e+02
2.540000e-06	7.860167e-06	4.972345e-09	5.515830e+01	3.285927e+02
2.550000e-06	7.832191e-06	4.893754e-09	5.496198e+01	3.283984e+02
2.560000e-06	7.803113e-06	5.034771e-09	5.475793e+01	3.282344e+02
2.570000e-06	7.772464e-06	5.014088e-09	5.454285e+01	3.280954e+02
2.580000e-06	7.740262e-06	4.918370e-09	5.431688e+01	3.279732e+02
2.590000e-06	7.706622e-06	4.954937e-09	5.408081e+01	3.278573e+02
2.600000e-06	7.671726e-06	4.981490e-09	5.383593e+01	3.277358e+02
2.610000e-06	7.635772e-06	5.057524e-09	5.358362e+01	3.275958e+02
2.620000e-06	7.598318e-06	4.999364e-09	5.332079e+01	3.274245e+02
2.630000e-06	7.559200e-06	4.937625e-09	5.304628e+01	3.272101e+02
2.640000e-06	7.518692e-06	5.019907e-09	5.276202e+01	3.269421e+02
2.650000e-06	7.476904e-06	5.001518e-09	5.246878e+01	3.266127e+02
2.660000e-06	7.433785e-06	5.009986e-09	5.216618e+01	3.262165e+02
2.670000e-06	7.389480e-06	4.968174e-09	5.185528e+01	3.257512e+02
2.680000e-06	7.343915e-06	4.929943e-09	5.153553e+01	3.252173e+02
2.690000e-06	7.296850e-06	4.970686e-09	5.120526e+01	3.246186e+02
2.700000e-06	7.248526e-06	4.956287e-09	5.086614e+01	3.239608e+02
2.710000e-06	7.198881e-06	4.961983e-09	5.051776e+01	3.232518e+02
2.720000e-06	7.147705e-06	4.882977e-09	5.015864e+01	3.225008e+02
2.730000e-06	7.095052e-06	4.897065e-09	4.978915e+01	3.217171e+02
2.740000e-06	7.040836e-06	4.953510e-09	4.940869e+01	3.209099e+02
2.750000e-06	6.985210e-06	4.886100e-09	4.901834e+01	3.200876e+02
2.760000e-06	6.928343e-06	4.858756e-09	4.861927e+01	3.192568e+02
2.770000e-06	6.870271e-06	4.844349e-09	4.821176e+01	3.184220e+02
2.780000e-06	6.811127e-06	4.885238e-09	4.779672e+01	3.175856e+02
2.790000e-06	6.750869e-06	4.845173e-09	4.737386e+01	3.167474e+02
2.800000e-06	6.689264e-06	4.791969e-09	4.694155e+01	3.159054e+02
2.810000e-06	6.626297e-06	4.815059e-09	4.649968e+01	3.150552e+02
2.820000e-06	6.562272e-06	4.810524e-09	4.605039e+01	3.141912e+02
2.830000e-06	6.497141e-06	4.802595e-09	4.559334e+01	3.133070e+02
2.840000e-06	6.430847e-06	4.755038e-09	4.512813e+01	3.123958e+02
2.850000e-06	6.363579e-06	4.755992e-09	4.465608e+01	3.114511e+02
2.860000e-06	6.295284e-06	4.752316e-09	4.417682e+01	3.104676e+02
2.870000e-06	6.225692e-06	4.732590e-09	4.368846e+01	3.094412e+02
2.880000e-06	6.154796e-06	4.707931e-09	4.319095e+01	3.083696e+02
2.890000e-06	6.082897e-06	4.673925e-09	4.268640e+01	3.072524e+02
2.900000e-06	6.009964e-06	4.674861e-09	4.217460e+01	3.060910e+02
2.910000e-06	5.935997e-06	4.668066e-09	4.165554e+01	3.048886e+02
2.920000e-06	5.861011e-06	4.656595e-09	4.112933e+01	3.036495e+02
2.930000e-06	5.784890e-06	4.612334e-09	4.059516e+01	3.023790e+02
2.940000e-06	5.707454e-06	4.600574e-09	4.005175e+01	3.010823e+02
2.950000e-06	5.628743e-06	4.610554e-09	3.949940e+01	2.997648e+02
2.960000e-06	5.549080e-06	4.589935e-09	3.894037e+01	2.984303e+02
2.970000e-06	5.468403e-06	4.542806e-09	3.837423e+01	2.970818e+02
2.980000e-06	5.386733e-06	4.512013e-09	3.780111e+01	2.957202e+02
2.990000e-06	5.304185e-06	4.517862e-09	3.722183e+01	2.943444e+02
3.000000e-06	5.220779e-06	4.503481e-09	3.663654e+01	2.929513e+02
3.010000e-06	5.136545e-06	4.466690e-09	3.604543e+01	2.915360e+02
3.020000e-06	5.051336e-06	4.430956e-09	3.544748e+01	2.900921e+02
3.030000e-06	4.964945e-06	4.422253e-09	3.484123e+01	2.886118e+02
3.040000e-06	4.877569e-06	4.409989e-09	3.422808e+01	2.870871e+02
3.050000e-06	4.789440e-06	4.380888e-09	3.360964e+01	2.855100e+02
3.060000e-06	4.700450e-06	4.341328e-09	3.298516e+01	2.838730e+02
3.070000e-06	4.610567e-06	4.310693e-09	3.235441e+01	2.821702e+02
3.080000e-06	4.519835e-06	4.295211e-09	3.171770e+01	2.803972e+02
3.090000e-06	4.428433e-06	4.276378e-09	3.107629e+01	2.785516e+02
3.100000e-06	4.336426e-06	4.240757e-09	3.043064e+01	2.766332e+02
3.110000e-06	4.243672e-06	4.197530e-09	2.977974e+01	2.746438e+02
3.120000e-06	4.149949e-06	4.174950e-09	2.912205e+01	2.725869e+02
3.130000e-06	4.055289e-06	4.158762e-09	2.845778e+01	2.704675e+02
3.140000e-06	3.959937e-06	4.124310e-09	2.778865e+01	2.682909e+02
3.150000e-06	3.863989e-06	4.074070e-09	2.711534e+01	2.660627e+02
3.160000e-06	3.767475e-06	4.037790e-09	2.643805e+01	2.637876e+02
3.170000e-06	3.670267e-06	4.012597e-09	2.575590e+01	2.614689e+02
3.180000e-06	3.572334e-06	3.977452e-09	2.506866e+01	2.591080e+02
3.190000e-06	3.473869e-06	3.932042e-09	2.437769e+01	2.567037e+02
3.200000e-06	3.374947e-06	3.888800e-09	2.368351e+01	2.542521e+02
3.210000e-06	3.275560e-06	3.852148e-09	2.298606e+01	2.517467e+02
3.220000e-06	3.175722e-06	3.814710e-09	2.228546e+01	2.491781e+02
3.230000e-06	3.075409e-06	3.773627e-09	2.158152e+01	2.465353e+02
3.240000e-06	2.974581e-06	3.732745e-09	2.087396e+01	2.438053e+02
3.250000e-06	2.873101e-06	3.694277e-09	2.016183e+01	2.409746e+02
3.260000e-06	2.770958e-06	3.653511e-09	1.944505e+01	2.380295e+02
3.270000e-06	2.668298e-06	3.606072e-09	1.872464e+01	2.349572e+02
3.280000e-06	2.565216e-06	3.553230e-09	1.800126e+01	2.317464e+02
3.290000e-06	2.461790e-06	3.500013e-09	1.727548e+01	2.283875e+02
3.300000e-06	2.357998e-06	3.447608e-09	1.654713e+01	2.248735e+02
3.310000e-06	2.253757e-06	3.392385e-09	1.581562e+01	2.211994e+02
3.320000e-06	2.149035e-06	3.333159e-09	1.508074e+01	2.173623e+02
3.330000e-06	2.043832e-06	3.275634e-09	1.434248e+01	2.133602e+02
3.340000e-06	1.938178e-06	3.220035e-09	1.360106e+01	2.091919e+02
3.350000e-06	1.832133e-06	3.158653e-09	1.285690e+01	2.048551e+02
3.360000e-06	1.725814e-06	3.087948e-09	1.211081e+01	2.003455e+02
3.370000e-06	1.619242e-06	3.014134e-09	1.136295e+01	1.956551e+02
3.380000e-06	1.512433e-06	2.942296e-09	1.061342e+01	1.907713e+02
3.390000e-06	1.405398e-06	2.866836e-09	9.862305e+00	1.856755e+02
3.400000e-06	1.298102e-06	2.782666e-09	9.109362e+00	1.803423e+02
3.410000e-06	1.190585e-06	2.694291e-09	8.354867e+00	1.747390e+02
3.420000e-06	1.082879e-06	2.604200e-09	7.599044e+00	1.688262e+02
3.430000e-06	9.749969e-07	2.509866e-09	6.841989e+00	1.625576e+02
3.440000e-06	8.669236e-07	2.407626e-09	6.083590e+00	1.558819e+02
3.450000e-06	7.587142e-07	2.294546e-09	5.324236e+00	1.487443e+02
3.460000e-06	6.504148e-07	2.174206e-09	4.564251e+00	1.410888e+02
3.470000e-06	5.420561e-07	2.049222e-09	3.803850e+00	1.328611e+02
3.480000e-06	4.336263e-07	1.916562e-09	3.042949e+00	1.240111e+02
3.490000e-06	3.251101e-07	1.770189e-09	2.281443e+00	1.144966e+02
3.500000e-06	2.165682e-07	1.613006e-09	1.519755e+00	1.042861e+02
3.510000e-06	1.079933e-07	1.449778e-09	7.578374e-01	9.336173e+01
3.520000e-06	-5.813903e-10	1.278703e-09	-4.079875e-03	8.172155e+01
3.530000e-06	-1.091073e-07	1.093951e-09	-7.656544e-01	6.938161e+01
3.540000e-06	-2.175913e-07	8.954850e-10	-1.526935e+00	5.637705e+01
3.550000e-06	-3.260283e-07	6.892433e-10	-2.287886e+00	4.276244e+01
3.560000e-06	-4.343938e-07	4.745021e-10	-3.048335e+00	2.861129e+01
3.570000e-06	-5.426565e-07	2.532969e-10	-3.808063e+00	1.401463e+01
3.580000e-06	-6.507931e-07	2.540138e-11	-4.566905e+00	-9.212319e-01
3.590000e-06	-7.588281e-07	-2.079387e-10	-5.325035e+00	-1.607775e+01
3.600000e-06	-8.667483e-07	-4.444205e-10	-6.082359e+00	-3.132774e+01
3.610000e-06	-9.744732e-07	-6.815051e-10	-6.838314e+00	-4.653949e+01
3.620000e-06	-1.081975e-06	-9.135378e-10	-7.592703e+00	-6.158111e+01
3.630000e-06	-1.189292e-06	-1.141105e-09	-8.345791e+00	-7.632492e+01
3.640000e-06	-1.296428e-06	-1.364187e-09	-9.097613e+00	-9.065165e+01
3.650000e-06	-1.403323e-06	-1.577932e-09	-9.847747e+00	-1.044543e+02
3.660000e-06	-1.509986e-06	-1.780653e-09	-1.059624e+01	-1.176412e+02
3.670000e-06	-1.616476e-06	-1.972489e-09	-1.134353e+01	-1.301388e+02
3.680000e-06	-1.722703e-06	-2.153236e-09	-1.208898e+01	-1.418934e+02
3.690000e-06	-1.828626e-06	-2.319500e-09	-1.283228e+01	-1.528712e+02
3.700000e-06	-1.934287e-06	-2.470816e-09	-1.357375e+01	-1.630592e+02
3.710000e-06	-2.039617e-06	-2.611276e-09	-1.431290e+01	-1.724633e+02
3.720000e-06	-2.144532e-06	-2.740658e-09	-1.504914e+01	-1.811069e+02
3.730000e-06	-2.249041e-06	-2.860499e-09	-1.578253e+01	-1.890284e+02
3.740000e-06	-2.353142e-06	-2.972601e-09	-1.651305e+01	-1.962780e+02
3.750000e-06	-2.456794e-06	-3.076480e-09	-1.724042e+01	-2.029145e+02
3.760000e-06	-2.560037e-06	-3.174269e-09	-1.796493e+01	-2.090020e+02
3.770000e-06	-2.662896e-06	-3.263891e-09	-1.868673e+01	-2.146063e+02
3.780000e-06	-2.765306e-06	-3.344744e-09	-1.940538e+01	-2.197920e+02
3.790000e-06	-2.867099e-06	-3.422270e-09	-2.011971e+01	-2.246197e+02
3.800000e-06	-2.968253e-06	-3.495891e-09	-2.082956e+01	-2.291440e+02
3.810000e-06	-3.068855e-06	-3.563840e-09	-2.153552e+01	-2.334117e+02
3.820000e-06	-3.168951e-06	-3.625201e-09	-2.223794e+01	-2.374611e+02
3.830000e-06	-3.268553e-06	-3.683759e-09	-2.293689e+01	-2.413216e+02
3.840000e-06	-3.367582e-06	-3.742431e-09	-2.363183e+01	-2.450141e+02
3.850000e-06	-3.466088e-06	-3.797949e-09	-2.432308e+01	-2.485520e+02
3.860000e-06	-3.564060e-06	-3.848773e-09	-2.501060e+01	-2.519421e+02
3.870000e-06	-3.661468e-06	-3.894888e-09	-2.569415e+01	-2.551865e+02
3.880000e-06	-3.758252e-06	-3.942883e-09	-2.637333e+01	-2.582842e+02
3.890000e-06	-3.854328e-06	-3.990477e-09	-2.704754e+01	-2.612328e+02
3.900000e-06	-3.949758e-06	-4.032887e-09	-2.771722e+01	-2.640299e+02
3.910000e-06	-4.044518e-06	-4.069432e-09	-2.838219e+01	-2.666745e+02
3.920000e-06	-4.138488e-06	-4.105880e-09	-2.904162e+01	-2.691681e+02
3.930000e-06	-4.231515e-06	-4.143353e-09	-2.969443e+01	-2.715155e+02
3.940000e-06	-4.323631e-06	-4.177810e-09	-3.034085e+01	-2.737244e+02
3.950000e-06	-4.415031e-06	-4.210318e-09	-3.098225e+01	-2.758059e+02
3.960000e-06	-4.505744e-06	-4.241577e-09	-3.161881e+01	-2.777740e+02
3.970000e-06	-4.595675e-06	-4.273806e-09	-3.224991e+01	-2.796442e+02
3.980000e-06	-4.684803e-06	-4.306124e-09	-3.287535e+01	-2.814334e+02
3.990000e-06	-4.773088e-06	-4.336796e-09	-3.349489e+01	-2.831582e+02
4.000000e-06	-4.860576e-06	-4.364617e-09	-3.410883e+01	-2.848343e+02
4.010000e-06	-4.947249e-06	-4.392608e-09	-3.471706e+01	-2.864751e+02
4.020000e-06	-5.032897e-06	-4.420080e-09	-3.531809e+01	-2.880913e+02
4.030000e-06	-5.117530e-06	-4.447208e-09	-3.591199e+01	-2.896905e+02
4.040000e-06	-5.201302e-06	-4.474600e-09	-3.649986e+01	-2.912763e+02
4.050000e-06	-5.284287e-06	-4.501234e-09	-3.708220e+01	-2.928489e+02
4.060000e-06	-5.366460e-06	-4.524337e-09	-3.765884e+01	-2.944053e+02
4.070000e-06	-5.447739e-06	-4.546456e-09	-3.822922e+01	-2.959395e+02
4.080000e-06	-5.528195e-06	-4.569914e-09	-3.879381e+01	-2.974439e+02
4.090000e-06	-5.607784e-06	-4.592479e-09	-3.935232e+01	-2.989097e+02
4.100000e-06	-5.686226e-06	-4.614970e-09	-3.990279e+01	-3.003277e+02
4.110000e-06	-5.763394e-06	-4.637098e-09	-4.044431e+01	-3.016899e+02
4.120000e-06	-5.839284e-06	-4.657099e-09	-4.097686e+01	-3.029896e+02
4.130000e-06	-5.914060e-06	-4.676100e-09	-4.150160e+01	-3.042224e+02
4.140000e-06	-5.987880e-06	-4.694094e-09	-4.201963e+01	-3.053866e+02
4.150000e-06	-6.060706e-06	-4.711409e-09	-4.253068e+01	-3.064833e+02
4.160000e-06	-6.132473e-06	-4.728914e-09	-4.303430e+01	-3.075164e+02
4.170000e-06	-6.203109e-06	-4.746334e-09	-4.352998e+01	-3.084922e+02
4.180000e-06	-6.272458e-06	-4.761834e-09	-4.401664e+01	-3.094192e+02
4.190000e-06	-6.340590e-06	-4.775367e-09	-4.449475e+01	-3.103070e+02
4.200000e-06	-6.407660e-06	-4.788755e-09	-4.496541e+01	-3.111657e+02
4.210000e-06	-6.473674e-06	-4.802937e-09	-4.542866e+01	-3.120053e+02
4.220000e-06	-6.538653e-06	-4.818095e-09	-4.588465e+01	-3.128345e+02
4.230000e-06	-6.602541e-06	-4.831279e-09	-4.633298e+01	-3.136606e+02
4.240000e-06	-6.665156e-06	-4.844772e-09	-4.677237e+01	-3.144884e+02
4.250000e-06	-6.726367e-06	-4.858538e-09	-4.720192e+01	-3.153202e+02
4.260000e-06	-6.786363e-06	-4.871286e-09	-4.762294e+01	-3.161559e+02
4.270000e-06	-6.845276e-06	-4.881780e-09	-4.803635e+01	-3.169924e+02
4.280000e-06	-6.903040e-06	-4.891391e-09	-4.844171e+01	-3.178249e+02
4.290000e-06	-6.959628e-06	-4.901558e-09	-4.883882e+01	-3.186465e+02
4.300000e-06	-7.014946e-06	-4.912294e-09	-4.922701e+01	-3.194495e+02
4.310000e-06	-7.068755e-06	-4.923251e-09	-4.960461e+01	-3.202258e+02
4.320000e-06	-7.120980e-06	-4.931798e-09	-4.997110e+01	-3.209677e+02
4.330000e-06	-7.171806e-06	-4.940277e-09	-5.032776e+01	-3.216684e+02
4.340000e-06	-7.221160e-06	-4.950521e-09	-5.067410e+01	-3.223230e+02
4.350000e-06	-7.268955e-06	-4.959953e-09	-5.100950e+01	-3.229285e+02
4.360000e-06	-7.315397e-06	-4.967698e-09	-5.133540e+01	-3.234844e+02
4.370000e-06	-7.360656e-06	-4.974507e-09	-5.165301e+01	-3.239924e+02
4.380000e-06	-7.404878e-06	-4.981750e-09	-5.196334e+01	-3.244566e+02
4.390000e-06	-7.448038e-06	-4.987746e-09	-5.226621e+01	-3.248828e+02
4.400000e-06	-7.490004e-06	-4.994189e-09	-5.256070e+01	-3.252783e+02
4.410000e-06	-7.530772e-06	-5.000653e-09	-5.284679e+01	-3.256509e+02
4.420000e-06	-7.570278e-06	-5.006439e-09	-5.312402e+01	-3.260089e+02
4.430000e-06	-7.608271e-06	-5.010848e-09	-5.339063e+01	-3.263597e+02
4.440000e-06	-7.644800e-06	-5.013176e-09	-5.364697e+01	-3.267095e+02
4.450000e-06	-7.680142e-06	-5.019443e-09	-5.389499e+01	-3.270630e+02
4.460000e-06	-7.714239e-06	-5.025091e-09	-5.413426e+01	-3.274226e+02
4.470000e-06	-7.747043e-06	-5.029381e-09	-5.436446e+01	-3.277888e+02
4.480000e-06	-7.778544e-06	-5.033087e-09	-5.458552e+01	-3.281594e+02
4.490000e-06	-7.808476e-06	-5.037942e-09	-5.479556e+01	-3.285308e+02
4.500000e-06	-7.836922e-06	-5.042170e-09	-5.499518e+01	-3.288972e+02
4.510000e-06	-7.864115e-06	-5.043954e-09	-5.518601e+01	-3.292521e+02
4.520000e-06	-7.890006e-06	-5.045838e-09	-5.536769e+01	-3.295884e+02
4.530000e-06	-7.914644e-06	-5.046512e-09	-5.554059e+01	-3.298991e+02
4.540000e-06	-7.937918e-06	-5.046321e-09	-5.570391e+01	-3.301780e+02
4.550000e-06	-7.959593e-06	-5.046262e-09	-5.585601e+01	-3.304202e+02
4.560000e-06	-7.979814e-06	-5.048792e-09	-5.599791e+01	-3.306229e+02
4.570000e-06	-7.998746e-06	-5.052133e-09	-5.613077e+01	-3.307849e+02
4.580000e-06	-8.016365e-06	-5.054980e-09	-5.625441e+01	-3.309076e+02
4.590000e-06	-8.032617e-06	-5.057091e-09	-5.636846e+01	-3.309944e+02
4.600000e-06	-8.047196e-06	-5.057196e-09	-5.647077e+01	-3.310503e+02
4.610000e-06	-8.060026e-06	-5.056480e-09	-5.656080e+01	-3.310820e+02
4.620000e-06	-8.071326e-06	-5.054674e-09	-5.664010e+01	-3.310969e+02
4.630000e-06	-8.081212e-06	-5.052783e-09	-5.670947e+01	-3.311027e+02
4.640000e-06	-8.089780e-06	-5.052781e-09	-5.676960e+01	-3.311064e+02
4.650000e-06	-8.096917e-06	-5.052947e-09	-5.681968e+01	-3.311142e+02
4.660000e-06	-8.102453e-06	-5.051793e-09	-5.685853e+01	-3.311305e+02
4.670000e-06	-8.106565e-06	-5.051990e-09	-5.688738e+01	-3.311577e+02
4.680000e-06	-8.109359e-06	-5.053013e-09	-5.690699e+01	-3.311960e+02
4.690000e-06	-8.110765e-06	-5.051304e-09	-5.691686e+01	-3.312433e+02
