# Temperatura_=_20.0
# Concentracion g/m^3_=_9000.0
# C_Vs_to_Am_M_A/Vsm_=_65563218390.804596
# pendiente_HvsI_1/m_=_3716.3
# ordenada_HvsI_A/m_=_1297.0
# frecuencia_Hz_=_212984.62540830046

Tiempo_(s)	Campo_(V.s)	Magnetizacion_(V.s)	Campo_(kA/m)	Magnetizacion_(A/m)
0.000000e+00	-8.046764e-06	-4.945591e-09	-5.692030e+01	-3.242782e+02
1.000000e-08	-8.046080e-06	-4.943249e-09	-5.691547e+01	-3.243061e+02
2.000000e-08	-8.043849e-06	-4.944924e-09	-5.689968e+01	-3.243308e+02
3.000000e-08	-8.040202e-06	-4.944275e-09	-5.687389e+01	-3.243469e+02
4.000000e-08	-8.035366e-06	-4.943905e-09	-5.683968e+01	-3.243488e+02
5.000000e-08	-8.029217e-06	-4.942331e-09	-5.679618e+01	-3.243306e+02
6.000000e-08	-8.021853e-06	-4.940412e-09	-5.674409e+01	-3.242877e+02
7.000000e-08	-8.013131e-06	-4.938451e-09	-5.668240e+01	-3.242161e+02
8.000000e-08	-8.002725e-06	-4.923138e-09	-5.660879e+01	-3.241139e+02
9.000000e-08	-7.990663e-06	-4.935251e-09	-5.652347e+01	-3.239808e+02
1.000000e-07	-7.976847e-06	-4.986549e-09	-5.642574e+01	-3.238183e+02
1.100000e-07	-7.961101e-06	-4.994906e-09	-5.631435e+01	-3.236301e+02
1.200000e-07	-7.943678e-06	-4.968433e-09	-5.619111e+01	-3.234212e+02
1.300000e-07	-7.924950e-06	-4.907500e-09	-5.605863e+01	-3.231983e+02
1.400000e-07	-7.905257e-06	-4.830459e-09	-5.591933e+01	-3.229685e+02
1.500000e-07	-7.884668e-06	-4.939373e-09	-5.577369e+01	-3.227393e+02
1.600000e-07	-7.862901e-06	-5.000888e-09	-5.561972e+01	-3.225176e+02
1.700000e-07	-7.839962e-06	-4.884823e-09	-5.545745e+01	-3.223094e+02
1.800000e-07	-7.815748e-06	-4.893223e-09	-5.528617e+01	-3.221192e+02
1.900000e-07	-7.789771e-06	-4.889728e-09	-5.510241e+01	-3.219494e+02
2.000000e-07	-7.762397e-06	-4.913484e-09	-5.490878e+01	-3.218001e+02
2.100000e-07	-7.734043e-06	-5.018299e-09	-5.470821e+01	-3.216690e+02
2.200000e-07	-7.704284e-06	-4.882044e-09	-5.449771e+01	-3.215515e+02
2.300000e-07	-7.673191e-06	-4.806531e-09	-5.427777e+01	-3.214409e+02
2.400000e-07	-7.640864e-06	-4.948171e-09	-5.404909e+01	-3.213285e+02
2.500000e-07	-7.607016e-06	-4.971480e-09	-5.380966e+01	-3.212048e+02
2.600000e-07	-7.571707e-06	-4.906908e-09	-5.355990e+01	-3.210596e+02
2.700000e-07	-7.535002e-06	-4.826050e-09	-5.330026e+01	-3.208825e+02
2.800000e-07	-7.496927e-06	-4.849992e-09	-5.303093e+01	-3.206643e+02
2.900000e-07	-7.457659e-06	-4.930470e-09	-5.275316e+01	-3.203969e+02
3.000000e-07	-7.417040e-06	-4.896698e-09	-5.246583e+01	-3.200742e+02
3.100000e-07	-7.374849e-06	-4.825964e-09	-5.216739e+01	-3.196923e+02
3.200000e-07	-7.331195e-06	-4.810654e-09	-5.185860e+01	-3.192497e+02
3.300000e-07	-7.286154e-06	-4.862945e-09	-5.153999e+01	-3.187474e+02
3.400000e-07	-7.239756e-06	-4.870359e-09	-5.121178e+01	-3.181887e+02
3.500000e-07	-7.192085e-06	-4.821992e-09	-5.087458e+01	-3.175790e+02
3.600000e-07	-7.142858e-06	-4.790866e-09	-5.052636e+01	-3.169250e+02
3.700000e-07	-7.091800e-06	-4.784589e-09	-5.016519e+01	-3.162345e+02
3.800000e-07	-7.039224e-06	-4.834100e-09	-4.979328e+01	-3.155155e+02
3.900000e-07	-6.985447e-06	-4.822762e-09	-4.941288e+01	-3.147757e+02
4.000000e-07	-6.930516e-06	-4.739424e-09	-4.902431e+01	-3.140221e+02
4.100000e-07	-6.874468e-06	-4.737411e-09	-4.862785e+01	-3.132600e+02
4.200000e-07	-6.817122e-06	-4.785670e-09	-4.822220e+01	-3.124931e+02
4.300000e-07	-6.758368e-06	-4.781055e-09	-4.780659e+01	-3.117233e+02
4.400000e-07	-6.698377e-06	-4.708683e-09	-4.738224e+01	-3.109501e+02
4.500000e-07	-6.637254e-06	-4.689870e-09	-4.694987e+01	-3.101715e+02
4.600000e-07	-6.575091e-06	-4.722495e-09	-4.651015e+01	-3.093836e+02
4.700000e-07	-6.511950e-06	-4.714707e-09	-4.606351e+01	-3.085815e+02
4.800000e-07	-6.447755e-06	-4.675147e-09	-4.560942e+01	-3.077594e+02
4.900000e-07	-6.382256e-06	-4.644137e-09	-4.514610e+01	-3.069114e+02
5.000000e-07	-6.315398e-06	-4.654127e-09	-4.467316e+01	-3.060319e+02
5.100000e-07	-6.247518e-06	-4.659538e-09	-4.419300e+01	-3.051163e+02
5.200000e-07	-6.178738e-06	-4.632215e-09	-4.370647e+01	-3.041611e+02
5.300000e-07	-6.108941e-06	-4.594114e-09	-4.321275e+01	-3.031642e+02
5.400000e-07	-6.038060e-06	-4.583582e-09	-4.271136e+01	-3.021254e+02
5.500000e-07	-5.966147e-06	-4.592612e-09	-4.220267e+01	-3.010458e+02
5.600000e-07	-5.893289e-06	-4.575174e-09	-4.168730e+01	-2.999283e+02
5.700000e-07	-5.819207e-06	-4.535724e-09	-4.116326e+01	-2.987765e+02
5.800000e-07	-5.743733e-06	-4.506319e-09	-4.062938e+01	-2.975950e+02
5.900000e-07	-5.667122e-06	-4.510524e-09	-4.008746e+01	-2.963883e+02
6.000000e-07	-5.589486e-06	-4.509810e-09	-3.953829e+01	-2.951608e+02
6.100000e-07	-5.510714e-06	-4.471498e-09	-3.898108e+01	-2.939158e+02
6.200000e-07	-5.430708e-06	-4.432752e-09	-3.841514e+01	-2.926555e+02
6.300000e-07	-5.349615e-06	-4.429128e-09	-3.784151e+01	-2.913805e+02
6.400000e-07	-5.267640e-06	-4.428140e-09	-3.726164e+01	-2.900896e+02
6.500000e-07	-5.184802e-06	-4.392096e-09	-3.667568e+01	-2.887798e+02
6.600000e-07	-5.101089e-06	-4.350003e-09	-3.608352e+01	-2.874464e+02
6.700000e-07	-5.016559e-06	-4.335112e-09	-3.548558e+01	-2.860834e+02
6.800000e-07	-4.931309e-06	-4.331986e-09	-3.488255e+01	-2.846838e+02
6.900000e-07	-4.845330e-06	-4.309223e-09	-3.427436e+01	-2.832401e+02
7.000000e-07	-4.758493e-06	-4.271691e-09	-3.366010e+01	-2.817450e+02
7.100000e-07	-4.670641e-06	-4.242981e-09	-3.303866e+01	-2.801917e+02
7.200000e-07	-4.581916e-06	-4.228874e-09	-3.241105e+01	-2.785746e+02
7.300000e-07	-4.492478e-06	-4.210351e-09	-3.177839e+01	-2.768898e+02
7.400000e-07	-4.402176e-06	-4.174224e-09	-3.113962e+01	-2.751348e+02
7.500000e-07	-4.310865e-06	-4.135605e-09	-3.049372e+01	-2.733094e+02
7.600000e-07	-4.218637e-06	-4.112895e-09	-2.984133e+01	-2.714151e+02
7.700000e-07	-4.125778e-06	-4.097406e-09	-2.918447e+01	-2.694547e+02
7.800000e-07	-4.032348e-06	-4.065904e-09	-2.852357e+01	-2.674325e+02
7.900000e-07	-3.938285e-06	-4.023724e-09	-2.785820e+01	-2.653532e+02
8.000000e-07	-3.843481e-06	-3.993275e-09	-2.718759e+01	-2.632214e+02
8.100000e-07	-3.747840e-06	-3.974017e-09	-2.651106e+01	-2.610412e+02
8.200000e-07	-3.651576e-06	-3.943823e-09	-2.583011e+01	-2.588152e+02
8.300000e-07	-3.554827e-06	-3.896681e-09	-2.514574e+01	-2.565443e+02
8.400000e-07	-3.457538e-06	-3.854637e-09	-2.445755e+01	-2.542270e+02
8.500000e-07	-3.359502e-06	-3.826425e-09	-2.376407e+01	-2.518595e+02
8.600000e-07	-3.260691e-06	-3.793731e-09	-2.306511e+01	-2.494354e+02
8.700000e-07	-3.161313e-06	-3.747520e-09	-2.236214e+01	-2.469460e+02
8.800000e-07	-3.061441e-06	-3.699049e-09	-2.165568e+01	-2.443806e+02
8.900000e-07	-2.961119e-06	-3.659629e-09	-2.094603e+01	-2.417273e+02
9.000000e-07	-2.860386e-06	-3.623160e-09	-2.023348e+01	-2.389734e+02
9.100000e-07	-2.759313e-06	-3.577934e-09	-1.951852e+01	-2.361060e+02
9.200000e-07	-2.657850e-06	-3.524707e-09	-1.880081e+01	-2.331133e+02
9.300000e-07	-2.555960e-06	-3.474493e-09	-1.808006e+01	-2.299845e+02
9.400000e-07	-2.453609e-06	-3.431729e-09	-1.735607e+01	-2.267109e+02
9.500000e-07	-2.350784e-06	-3.384218e-09	-1.662872e+01	-2.232859e+02
9.600000e-07	-2.247504e-06	-3.325238e-09	-1.589814e+01	-2.197046e+02
9.700000e-07	-2.143696e-06	-3.265401e-09	-1.516384e+01	-2.159644e+02
9.800000e-07	-2.039459e-06	-3.211285e-09	-1.442650e+01	-2.120634e+02
9.900000e-07	-1.934897e-06	-3.154403e-09	-1.368686e+01	-2.080004e+02
1.000000e-06	-1.830045e-06	-3.086961e-09	-1.294517e+01	-2.037732e+02
1.010000e-06	-1.724935e-06	-3.015237e-09	-1.220166e+01	-1.993775e+02
1.020000e-06	-1.619585e-06	-2.946601e-09	-1.145644e+01	-1.948060e+02
1.030000e-06	-1.513902e-06	-2.878438e-09	-1.070887e+01	-1.900465e+02
1.040000e-06	-1.407780e-06	-2.801452e-09	-9.958199e+00	-1.850813e+02
1.050000e-06	-1.301224e-06	-2.715673e-09	-9.204451e+00	-1.798862e+02
1.060000e-06	-1.194331e-06	-2.628555e-09	-8.448327e+00	-1.744300e+02
1.070000e-06	-1.087247e-06	-2.544161e-09	-7.690846e+00	-1.686748e+02
1.080000e-06	-9.798789e-07	-2.455072e-09	-6.931359e+00	-1.625763e+02
1.090000e-06	-8.722377e-07	-2.353924e-09	-6.169939e+00	-1.560848e+02
1.100000e-06	-7.643957e-07	-2.246503e-09	-5.407097e+00	-1.491472e+02
1.110000e-06	-6.564040e-07	-2.134733e-09	-4.643197e+00	-1.417090e+02
1.120000e-06	-5.483046e-07	-2.017134e-09	-3.878536e+00	-1.337166e+02
1.130000e-06	-4.401027e-07	-1.884224e-09	-3.113150e+00	-1.251203e+02
1.140000e-06	-3.317865e-07	-1.735879e-09	-2.346955e+00	-1.158776e+02
1.150000e-06	-2.233749e-07	-1.581421e-09	-1.580085e+00	-1.059556e+02
1.160000e-06	-1.149553e-07	-1.420626e-09	-8.131579e-01	-9.533425e+01
1.170000e-06	-6.558347e-09	-1.250468e-09	-4.639171e-02	-8.400857e+01
1.180000e-06	1.017966e-07	-1.069002e-09	7.200772e-01	-7.199068e+01
1.190000e-06	2.100726e-07	-8.791861e-10	1.485988e+00	-5.931101e+01
1.200000e-06	3.183400e-07	-6.836355e-10	2.251838e+00	-4.601885e+01
1.210000e-06	4.265965e-07	-4.786737e-10	3.017611e+00	-3.218200e+01
1.220000e-06	5.346764e-07	-2.621181e-10	3.782134e+00	-1.788563e+01
1.230000e-06	6.425773e-07	-3.695503e-11	4.545392e+00	-3.230312e+00
1.240000e-06	7.503103e-07	1.910141e-10	5.307462e+00	1.167078e+01
1.250000e-06	8.578364e-07	4.199388e-10	6.068068e+00	2.669517e+01
1.260000e-06	9.651458e-07	6.536532e-10	6.827141e+00	4.171498e+01
1.270000e-06	1.072206e-06	8.872620e-10	7.584452e+00	5.660105e+01
1.280000e-06	1.178993e-06	1.115215e-09	8.339828e+00	7.122715e+01
1.290000e-06	1.285469e-06	1.333429e-09	9.093007e+00	8.547417e+01
1.300000e-06	1.391595e-06	1.542187e-09	9.843712e+00	9.923386e+01
1.310000e-06	1.497407e-06	1.743641e-09	1.059219e+01	1.124122e+02
1.320000e-06	1.602938e-06	1.934906e-09	1.133869e+01	1.249318e+02
1.330000e-06	1.708185e-06	2.111688e-09	1.208317e+01	1.367343e+02
1.340000e-06	1.813175e-06	2.275617e-09	1.282584e+01	1.477807e+02
1.350000e-06	1.917925e-06	2.430777e-09	1.356680e+01	1.580519e+02
1.360000e-06	2.022407e-06	2.571758e-09	1.430588e+01	1.675481e+02
1.370000e-06	2.126551e-06	2.696847e-09	1.504256e+01	1.762868e+02
1.380000e-06	2.230327e-06	2.810742e-09	1.577664e+01	1.843008e+02
1.390000e-06	2.333671e-06	2.917079e-09	1.650766e+01	1.916359e+02
1.400000e-06	2.436585e-06	3.015989e-09	1.723565e+01	1.983470e+02
1.410000e-06	2.539081e-06	3.108787e-09	1.796067e+01	2.044953e+02
1.420000e-06	2.641071e-06	3.195231e-09	1.868212e+01	2.101453e+02
1.430000e-06	2.742628e-06	3.277475e-09	1.940050e+01	2.153610e+02
1.440000e-06	2.843784e-06	3.356261e-09	2.011605e+01	2.202035e+02
1.450000e-06	2.944586e-06	3.429014e-09	2.082908e+01	2.247290e+02
1.460000e-06	3.045029e-06	3.495852e-09	2.153959e+01	2.289864e+02
1.470000e-06	3.144981e-06	3.557146e-09	2.224662e+01	2.330170e+02
1.480000e-06	3.244347e-06	3.617470e-09	2.294950e+01	2.368530e+02
1.490000e-06	3.343007e-06	3.675358e-09	2.364739e+01	2.405186e+02
1.500000e-06	3.440872e-06	3.727988e-09	2.433966e+01	2.440298e+02
1.510000e-06	3.538057e-06	3.776502e-09	2.502712e+01	2.473962e+02
1.520000e-06	3.634698e-06	3.823145e-09	2.571073e+01	2.506216e+02
1.530000e-06	3.730712e-06	3.868948e-09	2.638989e+01	2.537061e+02
1.540000e-06	3.825961e-06	3.909725e-09	2.706366e+01	2.566476e+02
1.550000e-06	3.920412e-06	3.947257e-09	2.773178e+01	2.594435e+02
1.560000e-06	4.014123e-06	3.983280e-09	2.839466e+01	2.620916e+02
1.570000e-06	4.107238e-06	4.019629e-09	2.905333e+01	2.645919e+02
1.580000e-06	4.199764e-06	4.054907e-09	2.970783e+01	2.669469e+02
1.590000e-06	4.291521e-06	4.086007e-09	3.035689e+01	2.691622e+02
1.600000e-06	4.382387e-06	4.116012e-09	3.099964e+01	2.712466e+02
1.610000e-06	4.472362e-06	4.145899e-09	3.163610e+01	2.732116e+02
1.620000e-06	4.561493e-06	4.176394e-09	3.226659e+01	2.750712e+02
1.630000e-06	4.649823e-06	4.206405e-09	3.289140e+01	2.768408e+02
1.640000e-06	4.737279e-06	4.231548e-09	3.351004e+01	2.785364e+02
1.650000e-06	4.823840e-06	4.256911e-09	3.412234e+01	2.801734e+02
1.660000e-06	4.909605e-06	4.282311e-09	3.472902e+01	2.817660e+02
1.670000e-06	4.994616e-06	4.306415e-09	3.533036e+01	2.833262e+02
1.680000e-06	5.078907e-06	4.328705e-09	3.592661e+01	2.848631e+02
1.690000e-06	5.162367e-06	4.347304e-09	3.651698e+01	2.863824e+02
1.700000e-06	5.244869e-06	4.367204e-09	3.710057e+01	2.878868e+02
1.710000e-06	5.326508e-06	4.387035e-09	3.767806e+01	2.893754e+02
1.720000e-06	5.407295e-06	4.408942e-09	3.824952e+01	2.908447e+02
1.730000e-06	5.487058e-06	4.428844e-09	3.881374e+01	2.922888e+02
1.740000e-06	5.565791e-06	4.448000e-09	3.937067e+01	2.937002e+02
1.750000e-06	5.643603e-06	4.468326e-09	3.992109e+01	2.950709e+02
1.760000e-06	5.720440e-06	4.485607e-09	4.046461e+01	2.963927e+02
1.770000e-06	5.796246e-06	4.503574e-09	4.100084e+01	2.976588e+02
1.780000e-06	5.870906e-06	4.517070e-09	4.152896e+01	2.988636e+02
1.790000e-06	5.944365e-06	4.530387e-09	4.204859e+01	3.000038e+02
1.800000e-06	6.016685e-06	4.547069e-09	4.256016e+01	3.010788e+02
1.810000e-06	6.087835e-06	4.563361e-09	4.306345e+01	3.020901e+02
1.820000e-06	6.157961e-06	4.580517e-09	4.355950e+01	3.030419e+02
1.830000e-06	6.227169e-06	4.594608e-09	4.404906e+01	3.039405e+02
1.840000e-06	6.295390e-06	4.609990e-09	4.453163e+01	3.047936e+02
1.850000e-06	6.362488e-06	4.625664e-09	4.500626e+01	3.056100e+02
1.860000e-06	6.428313e-06	4.637911e-09	4.547189e+01	3.063988e+02
1.870000e-06	6.492884e-06	4.650059e-09	4.592865e+01	3.071685e+02
1.880000e-06	6.556296e-06	4.661596e-09	4.637720e+01	3.079267e+02
1.890000e-06	6.618648e-06	4.673918e-09	4.681825e+01	3.086792e+02
1.900000e-06	6.679949e-06	4.684852e-09	4.725188e+01	3.094300e+02
1.910000e-06	6.740151e-06	4.696400e-09	4.767773e+01	3.101807e+02
1.920000e-06	6.799178e-06	4.709325e-09	4.809527e+01	3.109308e+02
1.930000e-06	6.856877e-06	4.721562e-09	4.850341e+01	3.116778e+02
1.940000e-06	6.913197e-06	4.733153e-09	4.890180e+01	3.124172e+02
1.950000e-06	6.968193e-06	4.742488e-09	4.929083e+01	3.131436e+02
1.960000e-06	7.021981e-06	4.751803e-09	4.967131e+01	3.138507e+02
1.970000e-06	7.074566e-06	4.762472e-09	5.004328e+01	3.145323e+02
1.980000e-06	7.125728e-06	4.772549e-09	5.040518e+01	3.151825e+02
1.990000e-06	7.175291e-06	4.781196e-09	5.075577e+01	3.157968e+02
2.000000e-06	7.223269e-06	4.789049e-09	5.109516e+01	3.163718e+02
2.010000e-06	7.269873e-06	4.797971e-09	5.142482e+01	3.169065e+02
2.020000e-06	7.315306e-06	4.807958e-09	5.174620e+01	3.174012e+02
2.030000e-06	7.359573e-06	4.816473e-09	5.205933e+01	3.178585e+02
2.040000e-06	7.402599e-06	4.824968e-09	5.236368e+01	3.182826e+02
2.050000e-06	7.444259e-06	4.832476e-09	5.265837e+01	3.186790e+02
2.060000e-06	7.484439e-06	4.838373e-09	5.294260e+01	3.190541e+02
2.070000e-06	7.523308e-06	4.844924e-09	5.321754e+01	3.194145e+02
2.080000e-06	7.561013e-06	4.851280e-09	5.348425e+01	3.197666e+02
2.090000e-06	7.597506e-06	4.857934e-09	5.374240e+01	3.201161e+02
2.100000e-06	7.632812e-06	4.864179e-09	5.399214e+01	3.204673e+02
2.110000e-06	7.666766e-06	4.870340e-09	5.423232e+01	3.208230e+02
2.120000e-06	7.699174e-06	4.877646e-09	5.446156e+01	3.211841e+02
2.130000e-06	7.730244e-06	4.884695e-09	5.468134e+01	3.215496e+02
2.140000e-06	7.760103e-06	4.890717e-09	5.489256e+01	3.219167e+02
2.150000e-06	7.788738e-06	4.896650e-09	5.509511e+01	3.222810e+02
2.160000e-06	7.816154e-06	4.903471e-09	5.528904e+01	3.226370e+02
2.170000e-06	7.842053e-06	4.908785e-09	5.547225e+01	3.229786e+02
2.180000e-06	7.866372e-06	4.911795e-09	5.564427e+01	3.232994e+02
2.190000e-06	7.889318e-06	4.913810e-09	5.580658e+01	3.235934e+02
2.200000e-06	7.910959e-06	4.916702e-09	5.595967e+01	3.238557e+02
2.210000e-06	7.931352e-06	4.920507e-09	5.610392e+01	3.240826e+02
2.220000e-06	7.950532e-06	4.925446e-09	5.623959e+01	3.242721e+02
2.230000e-06	7.968272e-06	4.931901e-09	5.636508e+01	3.244241e+02
2.240000e-06	7.984527e-06	4.940187e-09	5.648006e+01	3.245401e+02
2.250000e-06	7.999328e-06	4.945723e-09	5.658476e+01	3.246236e+02
2.260000e-06	8.012624e-06	4.947322e-09	5.667881e+01	3.246794e+02
2.270000e-06	8.024409e-06	4.947950e-09	5.676218e+01	3.247133e+02
2.280000e-06	8.034451e-06	4.947929e-09	5.683321e+01	3.247315e+02
2.290000e-06	8.042802e-06	4.948607e-09	5.689228e+01	3.247404e+02
2.300000e-06	8.049768e-06	4.949376e-09	5.694156e+01	3.247458e+02
2.310000e-06	8.055367e-06	4.951669e-09	5.698116e+01	3.247523e+02
2.320000e-06	8.059625e-06	4.954468e-09	5.701128e+01	3.247633e+02
2.330000e-06	8.062556e-06	4.957464e-09	5.703202e+01	3.247804e+02
2.340000e-06	8.063897e-06	4.960884e-09	5.704150e+01	3.248035e+02
2.350000e-06	8.063711e-06	4.963170e-09	5.704018e+01	3.248307e+02
2.360000e-06	8.062228e-06	4.960752e-09	5.702970e+01	3.248584e+02
2.370000e-06	8.059400e-06	4.954936e-09	5.700969e+01	3.248819e+02
2.380000e-06	8.055353e-06	4.952324e-09	5.698106e+01	3.248957e+02
2.390000e-06	8.050081e-06	4.951472e-09	5.694377e+01	3.248940e+02
2.400000e-06	8.043258e-06	4.951575e-09	5.689550e+01	3.248713e+02
2.410000e-06	8.035079e-06	4.953643e-09	5.683765e+01	3.248229e+02
2.420000e-06	8.025726e-06	4.967445e-09	5.677149e+01	3.247454e+02
2.430000e-06	8.015147e-06	4.960676e-09	5.669666e+01	3.246370e+02
2.440000e-06	8.003138e-06	4.891419e-09	5.661171e+01	3.244979e+02
2.450000e-06	7.988960e-06	4.874011e-09	5.651142e+01	3.243299e+02
2.460000e-06	7.972502e-06	4.886604e-09	5.639500e+01	3.241372e+02
2.470000e-06	7.954430e-06	4.970165e-09	5.626716e+01	3.239250e+02
2.480000e-06	7.935450e-06	5.058358e-09	5.613291e+01	3.237002e+02
2.490000e-06	7.915919e-06	4.898945e-09	5.599475e+01	3.234699e+02
2.500000e-06	7.895157e-06	4.882228e-09	5.584788e+01	3.232417e+02
2.510000e-06	7.872460e-06	4.971867e-09	5.568734e+01	3.230223e+02
2.520000e-06	7.848473e-06	4.921551e-09	5.551766e+01	3.228175e+02
2.530000e-06	7.823393e-06	4.998968e-09	5.534025e+01	3.226313e+02
2.540000e-06	7.796718e-06	4.910402e-09	5.515156e+01	3.224657e+02
2.550000e-06	7.768898e-06	4.772470e-09	5.495477e+01	3.223204e+02
2.560000e-06	7.740086e-06	4.969950e-09	5.475096e+01	3.221925e+02
2.570000e-06	7.709701e-06	4.956435e-09	5.453603e+01	3.220770e+02
2.580000e-06	7.677668e-06	4.799824e-09	5.430944e+01	3.219668e+02
2.590000e-06	7.644200e-06	4.867545e-09	5.407270e+01	3.218531e+02
2.600000e-06	7.609579e-06	4.909778e-09	5.382780e+01	3.217259e+02
2.610000e-06	7.573888e-06	4.989442e-09	5.357533e+01	3.215751e+02
2.620000e-06	7.536744e-06	4.920316e-09	5.331258e+01	3.213906e+02
2.630000e-06	7.498009e-06	4.825975e-09	5.303858e+01	3.211632e+02
2.640000e-06	7.457821e-06	4.944472e-09	5.275430e+01	3.208852e+02
2.650000e-06	7.416310e-06	4.920098e-09	5.246067e+01	3.205510e+02
2.660000e-06	7.373515e-06	4.920040e-09	5.215795e+01	3.201570e+02
2.670000e-06	7.329578e-06	4.890172e-09	5.184715e+01	3.197023e+02
2.680000e-06	7.284439e-06	4.832284e-09	5.152786e+01	3.191885e+02
2.690000e-06	7.237751e-06	4.895209e-09	5.119760e+01	3.186192e+02
2.700000e-06	7.189744e-06	4.881375e-09	5.085801e+01	3.180001e+02
2.710000e-06	7.140475e-06	4.882288e-09	5.050950e+01	3.173382e+02
2.720000e-06	7.089686e-06	4.792263e-09	5.015024e+01	3.166414e+02
2.730000e-06	7.037479e-06	4.799488e-09	4.978094e+01	3.159177e+02
2.740000e-06	6.983821e-06	4.894980e-09	4.940138e+01	3.151747e+02
2.750000e-06	6.928717e-06	4.805668e-09	4.901159e+01	3.144190e+02
2.760000e-06	6.872203e-06	4.763519e-09	4.861183e+01	3.136557e+02
2.770000e-06	6.814438e-06	4.759503e-09	4.820322e+01	3.128882e+02
2.780000e-06	6.755613e-06	4.814336e-09	4.778710e+01	3.121179e+02
2.790000e-06	6.695685e-06	4.785705e-09	4.736319e+01	3.113439e+02
2.800000e-06	6.634610e-06	4.704889e-09	4.693116e+01	3.105638e+02
2.810000e-06	6.572274e-06	4.735095e-09	4.649022e+01	3.097736e+02
2.820000e-06	6.508727e-06	4.736297e-09	4.604071e+01	3.089680e+02
2.830000e-06	6.444077e-06	4.733031e-09	4.558340e+01	3.081412e+02
2.840000e-06	6.378287e-06	4.681335e-09	4.511802e+01	3.072874e+02
2.850000e-06	6.311404e-06	4.668560e-09	4.464491e+01	3.064011e+02
2.860000e-06	6.243459e-06	4.674779e-09	4.416429e+01	3.054779e+02
2.870000e-06	6.174392e-06	4.659138e-09	4.367573e+01	3.045144e+02
2.880000e-06	6.104191e-06	4.646641e-09	4.317915e+01	3.035092e+02
2.890000e-06	6.032875e-06	4.604210e-09	4.267468e+01	3.024621e+02
2.900000e-06	5.960464e-06	4.598584e-09	4.216247e+01	3.013748e+02
2.910000e-06	5.887078e-06	4.598029e-09	4.164336e+01	3.002501e+02
2.920000e-06	5.812737e-06	4.594728e-09	4.111749e+01	2.990921e+02
2.930000e-06	5.737319e-06	4.548268e-09	4.058401e+01	2.979052e+02
2.940000e-06	5.660709e-06	4.521620e-09	4.004210e+01	2.966940e+02
2.950000e-06	5.582919e-06	4.537323e-09	3.949183e+01	2.954628e+02
2.960000e-06	5.504006e-06	4.523484e-09	3.893363e+01	2.942147e+02
2.970000e-06	5.423997e-06	4.480722e-09	3.836767e+01	2.929515e+02
2.980000e-06	5.343008e-06	4.446984e-09	3.779478e+01	2.916735e+02
2.990000e-06	5.261173e-06	4.453467e-09	3.721590e+01	2.903792e+02
3.000000e-06	5.178460e-06	4.440690e-09	3.663082e+01	2.890651e+02
3.010000e-06	5.094788e-06	4.404236e-09	3.603895e+01	2.877264e+02
3.020000e-06	5.010213e-06	4.370745e-09	3.544069e+01	2.863567e+02
3.030000e-06	4.924734e-06	4.360491e-09	3.483604e+01	2.849489e+02
3.040000e-06	4.838213e-06	4.348034e-09	3.422402e+01	2.834956e+02
3.050000e-06	4.750684e-06	4.320127e-09	3.360486e+01	2.819894e+02
3.060000e-06	4.662274e-06	4.286842e-09	3.297948e+01	2.804238e+02
3.070000e-06	4.573059e-06	4.257958e-09	3.234839e+01	2.787935e+02
3.080000e-06	4.483031e-06	4.245027e-09	3.171157e+01	2.770948e+02
3.090000e-06	4.392276e-06	4.227011e-09	3.106960e+01	2.753257e+02
3.100000e-06	4.300827e-06	4.190991e-09	3.042271e+01	2.734864e+02
3.110000e-06	4.208629e-06	4.148679e-09	2.977054e+01	2.715787e+02
3.120000e-06	4.115734e-06	4.126771e-09	2.911342e+01	2.696056e+02
3.130000e-06	4.022129e-06	4.111768e-09	2.845129e+01	2.675717e+02
3.140000e-06	3.927749e-06	4.076521e-09	2.778368e+01	2.654815e+02
3.150000e-06	3.832587e-06	4.027887e-09	2.711053e+01	2.633398e+02
3.160000e-06	3.736711e-06	3.997233e-09	2.643233e+01	2.611503e+02
3.170000e-06	3.640157e-06	3.979201e-09	2.574934e+01	2.589154e+02
3.180000e-06	3.543024e-06	3.946062e-09	2.506225e+01	2.566354e+02
3.190000e-06	3.445381e-06	3.897833e-09	2.437156e+01	2.543085e+02
3.200000e-06	3.347284e-06	3.854729e-09	2.367765e+01	2.519303e+02
3.210000e-06	3.248632e-06	3.823192e-09	2.297981e+01	2.494940e+02
3.220000e-06	3.149414e-06	3.787338e-09	2.227798e+01	2.469903e+02
3.230000e-06	3.049746e-06	3.741244e-09	2.157296e+01	2.444085e+02
3.240000e-06	2.949582e-06	3.696469e-09	2.086443e+01	2.417361e+02
3.250000e-06	2.848858e-06	3.660847e-09	2.015194e+01	2.389605e+02
3.260000e-06	2.747678e-06	3.624743e-09	1.943622e+01	2.360690e+02
3.270000e-06	2.646207e-06	3.577661e-09	1.871845e+01	2.330499e+02
3.280000e-06	2.544336e-06	3.522992e-09	1.799784e+01	2.298929e+02
3.290000e-06	2.441970e-06	3.472994e-09	1.727374e+01	2.265896e+02
3.300000e-06	2.339059e-06	3.428354e-09	1.654578e+01	2.231336e+02
3.310000e-06	2.235560e-06	3.377020e-09	1.581366e+01	2.195208e+02
3.320000e-06	2.131538e-06	3.314324e-09	1.507784e+01	2.157485e+02
3.330000e-06	2.027058e-06	3.251574e-09	1.433877e+01	2.118153e+02
3.340000e-06	1.922166e-06	3.195105e-09	1.359680e+01	2.077197e+02
3.350000e-06	1.816921e-06	3.137060e-09	1.285234e+01	2.034593e+02
3.360000e-06	1.711425e-06	3.069419e-09	1.210609e+01	1.990293e+02
3.370000e-06	1.605697e-06	2.995122e-09	1.135820e+01	1.944213e+02
3.380000e-06	1.499750e-06	2.924020e-09	1.060877e+01	1.896224e+02
3.390000e-06	1.393583e-06	2.851758e-09	9.857775e+00	1.846134e+02
3.400000e-06	1.287163e-06	2.769107e-09	9.104991e+00	1.793688e+02
3.410000e-06	1.180428e-06	2.678227e-09	8.349979e+00	1.738562e+02
3.420000e-06	1.073450e-06	2.585326e-09	7.593250e+00	1.680361e+02
3.430000e-06	9.663319e-07	2.492002e-09	6.835531e+00	1.618631e+02
3.440000e-06	8.590178e-07	2.391049e-09	6.076425e+00	1.552868e+02
3.450000e-06	7.515639e-07	2.279077e-09	5.316329e+00	1.482535e+02
3.460000e-06	6.439979e-07	2.162028e-09	4.555441e+00	1.407087e+02
3.470000e-06	5.362687e-07	2.042208e-09	3.793398e+00	1.325993e+02
3.480000e-06	4.284732e-07	1.913528e-09	3.030886e+00	1.238769e+02
3.490000e-06	3.206461e-07	1.768827e-09	2.268151e+00	1.145007e+02
3.500000e-06	2.128081e-07	1.612417e-09	1.505338e+00	1.044400e+02
3.510000e-06	1.049790e-07	1.449443e-09	7.425886e-01	9.367770e+01
3.520000e-06	-2.859077e-09	1.279296e-09	-2.022422e-02	8.221208e+01
3.530000e-06	-1.106692e-07	1.096783e-09	-7.828398e-01	7.005885e+01
3.540000e-06	-2.184890e-07	9.010409e-10	-1.545523e+00	5.725218e+01
3.550000e-06	-3.262565e-07	6.984694e-10	-2.307837e+00	4.384512e+01
3.560000e-06	-4.338767e-07	4.885029e-10	-3.069109e+00	2.990908e+01
3.570000e-06	-5.413818e-07	2.712789e-10	-3.829566e+00	1.553248e+01
3.580000e-06	-6.487883e-07	4.621531e-11	-4.589326e+00	8.186441e-01
3.590000e-06	-7.560576e-07	-1.849027e-10	-5.348116e+00	-1.411709e+01
3.600000e-06	-8.631736e-07	-4.179244e-10	-6.105822e+00	-2.915085e+01
3.610000e-06	-9.700788e-07	-6.515335e-10	-6.862036e+00	-4.415417e+01
3.620000e-06	-1.076755e-06	-8.826310e-10	-7.616628e+00	-5.899812e+01
3.630000e-06	-1.183240e-06	-1.108428e-09	-8.369869e+00	-7.355760e+01
3.640000e-06	-1.289495e-06	-1.327688e-09	-9.121485e+00	-8.771535e+01
3.650000e-06	-1.395551e-06	-1.537380e-09	-9.871693e+00	-1.013657e+02
3.660000e-06	-1.501385e-06	-1.738217e-09	-1.062033e+01	-1.144179e+02
3.670000e-06	-1.607020e-06	-1.930061e-09	-1.136756e+01	-1.267981e+02
3.680000e-06	-1.712458e-06	-2.107753e-09	-1.211339e+01	-1.384517e+02
3.690000e-06	-1.817604e-06	-2.270349e-09	-1.285717e+01	-1.493440e+02
3.700000e-06	-1.922419e-06	-2.421490e-09	-1.359859e+01	-1.594596e+02
3.710000e-06	-2.026858e-06	-2.562468e-09	-1.433736e+01	-1.688023e+02
3.720000e-06	-2.130924e-06	-2.690996e-09	-1.507349e+01	-1.773929e+02
3.730000e-06	-2.234594e-06	-2.808180e-09	-1.580683e+01	-1.852671e+02
3.740000e-06	-2.337782e-06	-2.918674e-09	-1.653674e+01	-1.924727e+02
3.750000e-06	-2.440406e-06	-3.022834e-09	-1.726267e+01	-1.990661e+02
3.760000e-06	-2.542543e-06	-3.120417e-09	-1.798515e+01	-2.051096e+02
3.770000e-06	-2.644265e-06	-3.208349e-09	-1.870471e+01	-2.106676e+02
3.780000e-06	-2.745656e-06	-3.288253e-09	-1.942191e+01	-2.158038e+02
3.790000e-06	-2.846744e-06	-3.365465e-09	-2.013698e+01	-2.205786e+02
3.800000e-06	-2.947312e-06	-3.438929e-09	-2.084837e+01	-2.250467e+02
3.810000e-06	-3.047220e-06	-3.506149e-09	-2.155508e+01	-2.292558e+02
3.820000e-06	-3.146526e-06	-3.568124e-09	-2.225755e+01	-2.332450e+02
3.830000e-06	-3.245285e-06	-3.626852e-09	-2.295614e+01	-2.370452e+02
3.840000e-06	-3.343514e-06	-3.683236e-09	-2.365098e+01	-2.406789e+02
3.850000e-06	-3.441273e-06	-3.737476e-09	-2.434249e+01	-2.441605e+02
3.860000e-06	-3.538588e-06	-3.787612e-09	-2.503087e+01	-2.474985e+02
3.870000e-06	-3.635419e-06	-3.833757e-09	-2.571583e+01	-2.506957e+02
3.880000e-06	-3.731637e-06	-3.878388e-09	-2.639644e+01	-2.537518e+02
3.890000e-06	-3.827000e-06	-3.925103e-09	-2.707100e+01	-2.566644e+02
3.900000e-06	-3.921449e-06	-3.967213e-09	-2.773911e+01	-2.594308e+02
3.910000e-06	-4.015151e-06	-4.004276e-09	-2.840193e+01	-2.620492e+02
3.920000e-06	-4.108210e-06	-4.038721e-09	-2.906020e+01	-2.645201e+02
3.930000e-06	-4.200546e-06	-4.072667e-09	-2.971336e+01	-2.668466e+02
3.940000e-06	-4.292028e-06	-4.107147e-09	-3.036047e+01	-2.690348e+02
3.950000e-06	-4.382685e-06	-4.140479e-09	-3.100175e+01	-2.710943e+02
3.960000e-06	-4.472606e-06	-4.173225e-09	-3.163782e+01	-2.730370e+02
3.970000e-06	-4.561830e-06	-4.203795e-09	-3.226897e+01	-2.748773e+02
3.980000e-06	-4.650382e-06	-4.232999e-09	-3.289535e+01	-2.766308e+02
3.990000e-06	-4.738055e-06	-4.263477e-09	-3.351553e+01	-2.783134e+02
4.000000e-06	-4.824692e-06	-4.292791e-09	-3.412837e+01	-2.799404e+02
4.010000e-06	-4.910440e-06	-4.320221e-09	-3.473492e+01	-2.815256e+02
4.020000e-06	-4.995383e-06	-4.345618e-09	-3.533579e+01	-2.830804e+02
4.030000e-06	-5.079416e-06	-4.370670e-09	-3.593021e+01	-2.846134e+02
4.040000e-06	-5.162564e-06	-4.397074e-09	-3.651837e+01	-2.861296e+02
4.050000e-06	-5.244883e-06	-4.420870e-09	-3.710067e+01	-2.876309e+02
4.060000e-06	-5.326382e-06	-4.442774e-09	-3.767717e+01	-2.891160e+02
4.070000e-06	-5.407100e-06	-4.464697e-09	-3.824815e+01	-2.905808e+02
4.080000e-06	-5.486873e-06	-4.487781e-09	-3.881243e+01	-2.920189e+02
4.090000e-06	-5.565575e-06	-4.509403e-09	-3.936915e+01	-2.934228e+02
4.100000e-06	-5.643139e-06	-4.528960e-09	-3.991781e+01	-2.947842e+02
4.110000e-06	-5.719487e-06	-4.547656e-09	-4.045787e+01	-2.960954e+02
4.120000e-06	-5.794701e-06	-4.566065e-09	-4.098992e+01	-2.973495e+02
4.130000e-06	-5.868863e-06	-4.586241e-09	-4.151451e+01	-2.985415e+02
4.140000e-06	-5.942106e-06	-4.606180e-09	-4.203261e+01	-2.996687e+02
4.150000e-06	-6.014409e-06	-4.622727e-09	-4.254406e+01	-3.007306e+02
4.160000e-06	-6.085521e-06	-4.637765e-09	-4.304708e+01	-3.017296e+02
4.170000e-06	-6.155422e-06	-4.653804e-09	-4.354154e+01	-3.026702e+02
4.180000e-06	-6.224201e-06	-4.669476e-09	-4.402806e+01	-3.035589e+02
4.190000e-06	-6.291888e-06	-4.681691e-09	-4.450686e+01	-3.044040e+02
4.200000e-06	-6.358525e-06	-4.692366e-09	-4.497823e+01	-3.052141e+02
4.210000e-06	-6.424097e-06	-4.705646e-09	-4.544206e+01	-3.059984e+02
4.220000e-06	-6.488610e-06	-4.720885e-09	-4.589841e+01	-3.067652e+02
4.230000e-06	-6.551955e-06	-4.734345e-09	-4.634649e+01	-3.075217e+02
4.240000e-06	-6.613951e-06	-4.745374e-09	-4.678503e+01	-3.082736e+02
4.250000e-06	-6.674681e-06	-4.756518e-09	-4.721462e+01	-3.090243e+02
4.260000e-06	-6.734250e-06	-4.767089e-09	-4.763599e+01	-3.097749e+02
4.270000e-06	-6.792608e-06	-4.775610e-09	-4.804880e+01	-3.105246e+02
4.280000e-06	-6.849851e-06	-4.785267e-09	-4.845372e+01	-3.112704e+02
4.290000e-06	-6.906024e-06	-4.794302e-09	-4.885106e+01	-3.120077e+02
4.300000e-06	-6.960875e-06	-4.803780e-09	-4.923907e+01	-3.127307e+02
4.310000e-06	-7.014222e-06	-4.814619e-09	-4.961642e+01	-3.134332e+02
4.320000e-06	-7.066050e-06	-4.822982e-09	-4.998304e+01	-3.141088e+02
4.330000e-06	-7.116403e-06	-4.830986e-09	-5.033922e+01	-3.147521e+02
4.340000e-06	-7.165200e-06	-4.840179e-09	-5.068440e+01	-3.153587e+02
4.350000e-06	-7.212441e-06	-4.848649e-09	-5.101856e+01	-3.159257e+02
4.360000e-06	-7.258453e-06	-4.855488e-09	-5.134404e+01	-3.164522e+02
4.370000e-06	-7.303436e-06	-4.861205e-09	-5.166224e+01	-3.169391e+02
4.380000e-06	-7.347361e-06	-4.867081e-09	-5.197294e+01	-3.173894e+02
4.390000e-06	-7.390147e-06	-4.873331e-09	-5.227560e+01	-3.178074e+02
4.400000e-06	-7.431741e-06	-4.880727e-09	-5.256983e+01	-3.181990e+02
4.410000e-06	-7.472206e-06	-4.887813e-09	-5.285606e+01	-3.185705e+02
4.420000e-06	-7.511442e-06	-4.896482e-09	-5.313361e+01	-3.189287e+02
4.430000e-06	-7.549180e-06	-4.903824e-09	-5.340055e+01	-3.192798e+02
4.440000e-06	-7.585470e-06	-4.906842e-09	-5.365726e+01	-3.196293e+02
4.450000e-06	-7.620504e-06	-4.910909e-09	-5.390507e+01	-3.199812e+02
4.460000e-06	-7.654272e-06	-4.915343e-09	-5.414394e+01	-3.203380e+02
4.470000e-06	-7.686778e-06	-4.920897e-09	-5.437388e+01	-3.207001e+02
4.480000e-06	-7.717924e-06	-4.925364e-09	-5.459419e+01	-3.210661e+02
4.490000e-06	-7.747566e-06	-4.926908e-09	-5.480387e+01	-3.214330e+02
4.500000e-06	-7.775844e-06	-4.928759e-09	-5.500390e+01	-3.217960e+02
4.510000e-06	-7.802846e-06	-4.932628e-09	-5.519490e+01	-3.221496e+02
4.520000e-06	-7.828542e-06	-4.937222e-09	-5.537667e+01	-3.224875e+02
4.530000e-06	-7.853014e-06	-4.940657e-09	-5.554978e+01	-3.228033e+02
4.540000e-06	-7.876081e-06	-4.942396e-09	-5.571295e+01	-3.230913e+02
4.550000e-06	-7.897492e-06	-4.944105e-09	-5.586440e+01	-3.233467e+02
4.560000e-06	-7.917501e-06	-4.947649e-09	-5.600594e+01	-3.235662e+02
4.570000e-06	-7.936284e-06	-4.950602e-09	-5.613880e+01	-3.237481e+02
4.580000e-06	-7.953730e-06	-4.951054e-09	-5.626221e+01	-3.238927e+02
4.590000e-06	-7.969851e-06	-4.950518e-09	-5.637625e+01	-3.240018e+02
4.600000e-06	-7.984294e-06	-4.950789e-09	-5.647841e+01	-3.240793e+02
4.610000e-06	-7.996878e-06	-4.951448e-09	-5.656742e+01	-3.241302e+02
4.620000e-06	-8.007948e-06	-4.951237e-09	-5.664574e+01	-3.241604e+02
4.630000e-06	-8.017665e-06	-4.950930e-09	-5.671447e+01	-3.241762e+02
4.640000e-06	-8.026095e-06	-4.951907e-09	-5.677410e+01	-3.241839e+02
4.650000e-06	-8.033078e-06	-4.953140e-09	-5.682350e+01	-3.241891e+02
4.660000e-06	-8.038435e-06	-4.952434e-09	-5.686139e+01	-3.241963e+02
4.670000e-06	-8.042412e-06	-4.950819e-09	-5.688952e+01	-3.242084e+02
4.680000e-06	-8.045134e-06	-4.950399e-09	-5.690878e+01	-3.242267e+02
4.690000e-06	-8.046462e-06	-4.949188e-09	-5.691817e+01	-3.242508e+02
