# Temperatura_=_20.0
# Concentracion g/m^3_=_12600.0
# C_Vs_to_Am_M_A/Vsm_=_65563218390.804596
# pendiente_HvsI_1/m_=_3716.3
# ordenada_HvsI_A/m_=_1297.0
# frecuencia_Hz_=_213043.09042173476

Tiempo_(s)	Campo_(V.s)	Magnetizacion_(V.s)	Campo_(kA/m)	Magnetizacion_(A/m)
0.000000e+00	-2.500192e-06	-1.743220e-09	-1.982669e+01	-1.139406e+02
1.000000e-08	-2.500172e-06	-1.741662e-09	-1.982652e+01	-1.139294e+02
2.000000e-08	-2.499912e-06	-1.741609e-09	-1.982446e+01	-1.138977e+02
3.000000e-08	-2.499320e-06	-1.740735e-09	-1.981977e+01	-1.138460e+02
4.000000e-08	-2.498154e-06	-1.733688e-09	-1.981052e+01	-1.137744e+02
5.000000e-08	-2.496282e-06	-1.710316e-09	-1.979568e+01	-1.136831e+02
6.000000e-08	-2.493723e-06	-1.705189e-09	-1.977538e+01	-1.135725e+02
7.000000e-08	-2.490517e-06	-1.794826e-09	-1.974996e+01	-1.134427e+02
8.000000e-08	-2.486813e-06	-1.810740e-09	-1.972059e+01	-1.132939e+02
9.000000e-08	-2.482810e-06	-1.663412e-09	-1.968884e+01	-1.131263e+02
1.000000e-07	-2.478573e-06	-1.609910e-09	-1.965525e+01	-1.129401e+02
1.100000e-07	-2.473941e-06	-1.802620e-09	-1.961851e+01	-1.127353e+02
1.200000e-07	-2.468866e-06	-1.814297e-09	-1.957827e+01	-1.125120e+02
1.300000e-07	-2.463433e-06	-1.671525e-09	-1.953518e+01	-1.122703e+02
1.400000e-07	-2.457554e-06	-1.644097e-09	-1.948856e+01	-1.120103e+02
1.500000e-07	-2.451120e-06	-1.675669e-09	-1.943754e+01	-1.117318e+02
1.600000e-07	-2.444178e-06	-1.682851e-09	-1.938249e+01	-1.114350e+02
1.700000e-07	-2.436955e-06	-1.756302e-09	-1.932521e+01	-1.111198e+02
1.800000e-07	-2.429540e-06	-1.787310e-09	-1.926641e+01	-1.107862e+02
1.900000e-07	-2.421736e-06	-1.549855e-09	-1.920452e+01	-1.104342e+02
2.000000e-07	-2.413592e-06	-1.510091e-09	-1.913994e+01	-1.100636e+02
2.100000e-07	-2.405167e-06	-1.792585e-09	-1.907313e+01	-1.096744e+02
2.200000e-07	-2.396060e-06	-1.862367e-09	-1.900091e+01	-1.092667e+02
2.300000e-07	-2.385978e-06	-1.507746e-09	-1.892096e+01	-1.088403e+02
2.400000e-07	-2.375183e-06	-1.433835e-09	-1.883535e+01	-1.083952e+02
2.500000e-07	-2.364004e-06	-1.776685e-09	-1.874671e+01	-1.079313e+02
2.600000e-07	-2.352390e-06	-1.790579e-09	-1.865460e+01	-1.074487e+02
2.700000e-07	-2.340332e-06	-1.485297e-09	-1.855898e+01	-1.069474e+02
2.800000e-07	-2.327940e-06	-1.518206e-09	-1.846072e+01	-1.064274e+02
2.900000e-07	-2.315145e-06	-1.713455e-09	-1.835925e+01	-1.058888e+02
3.000000e-07	-2.301820e-06	-1.600442e-09	-1.825358e+01	-1.053317e+02
3.100000e-07	-2.288042e-06	-1.495679e-09	-1.814432e+01	-1.047561e+02
3.200000e-07	-2.273874e-06	-1.636674e-09	-1.803196e+01	-1.041624e+02
3.300000e-07	-2.259180e-06	-1.630337e-09	-1.791544e+01	-1.035508e+02
3.400000e-07	-2.243755e-06	-1.456866e-09	-1.779312e+01	-1.029215e+02
3.500000e-07	-2.227712e-06	-1.509434e-09	-1.766590e+01	-1.022749e+02
3.600000e-07	-2.211163e-06	-1.633692e-09	-1.753467e+01	-1.016114e+02
3.700000e-07	-2.194187e-06	-1.553044e-09	-1.740004e+01	-1.009313e+02
3.800000e-07	-2.176950e-06	-1.444946e-09	-1.726335e+01	-1.002351e+02
3.900000e-07	-2.159403e-06	-1.485828e-09	-1.712420e+01	-9.952325e+01
4.000000e-07	-2.141540e-06	-1.539844e-09	-1.698255e+01	-9.879621e+01
4.100000e-07	-2.123324e-06	-1.510629e-09	-1.683810e+01	-9.805442e+01
4.200000e-07	-2.104737e-06	-1.473411e-09	-1.669070e+01	-9.729831e+01
4.300000e-07	-2.085717e-06	-1.458126e-09	-1.653987e+01	-9.652828e+01
4.400000e-07	-2.066298e-06	-1.442155e-09	-1.638588e+01	-9.574470e+01
4.500000e-07	-2.046614e-06	-1.435296e-09	-1.622978e+01	-9.494788e+01
4.600000e-07	-2.026699e-06	-1.451647e-09	-1.607185e+01	-9.413808e+01
4.700000e-07	-2.006575e-06	-1.452500e-09	-1.591227e+01	-9.331551e+01
4.800000e-07	-1.986249e-06	-1.377774e-09	-1.575108e+01	-9.248034e+01
4.900000e-07	-1.965588e-06	-1.333042e-09	-1.558724e+01	-9.163268e+01
5.000000e-07	-1.944528e-06	-1.403698e-09	-1.542023e+01	-9.077260e+01
5.100000e-07	-1.923194e-06	-1.425653e-09	-1.525105e+01	-8.990013e+01
5.200000e-07	-1.901565e-06	-1.329193e-09	-1.507954e+01	-8.901530e+01
5.300000e-07	-1.879617e-06	-1.288105e-09	-1.490549e+01	-8.811813e+01
5.400000e-07	-1.857419e-06	-1.341197e-09	-1.472945e+01	-8.720861e+01
5.500000e-07	-1.834822e-06	-1.340442e-09	-1.455026e+01	-8.628678e+01
5.600000e-07	-1.811767e-06	-1.288227e-09	-1.436743e+01	-8.535267e+01
5.700000e-07	-1.788410e-06	-1.276629e-09	-1.418220e+01	-8.440636e+01
5.800000e-07	-1.764778e-06	-1.263130e-09	-1.399480e+01	-8.344792e+01
5.900000e-07	-1.740896e-06	-1.233467e-09	-1.380542e+01	-8.247747e+01
6.000000e-07	-1.716861e-06	-1.235065e-09	-1.361482e+01	-8.149513e+01
6.100000e-07	-1.692704e-06	-1.240831e-09	-1.342325e+01	-8.050102e+01
6.200000e-07	-1.668311e-06	-1.204802e-09	-1.322982e+01	-7.949528e+01
6.300000e-07	-1.643480e-06	-1.156851e-09	-1.303290e+01	-7.847798e+01
6.400000e-07	-1.618140e-06	-1.154332e-09	-1.283195e+01	-7.744920e+01
6.500000e-07	-1.592343e-06	-1.171692e-09	-1.262739e+01	-7.640894e+01
6.600000e-07	-1.566077e-06	-1.149700e-09	-1.241909e+01	-7.535713e+01
6.700000e-07	-1.539416e-06	-1.101312e-09	-1.220767e+01	-7.429364e+01
6.800000e-07	-1.512367e-06	-1.074000e-09	-1.199317e+01	-7.321827e+01
6.900000e-07	-1.484868e-06	-1.080000e-09	-1.177510e+01	-7.213073e+01
7.000000e-07	-1.457110e-06	-1.082751e-09	-1.155498e+01	-7.103064e+01
7.100000e-07	-1.429210e-06	-1.054290e-09	-1.133372e+01	-6.991761e+01
7.200000e-07	-1.401205e-06	-1.009946e-09	-1.111164e+01	-6.879118e+01
7.300000e-07	-1.373115e-06	-9.835769e-10	-1.088889e+01	-6.765088e+01
7.400000e-07	-1.344846e-06	-9.908884e-10	-1.066472e+01	-6.649626e+01
7.500000e-07	-1.316386e-06	-9.888090e-10	-1.043903e+01	-6.532693e+01
7.600000e-07	-1.287705e-06	-9.501497e-10	-1.021158e+01	-6.414254e+01
7.700000e-07	-1.258807e-06	-9.074152e-10	-9.982423e+00	-6.294289e+01
7.800000e-07	-1.229627e-06	-8.914396e-10	-9.751024e+00	-6.172788e+01
7.900000e-07	-1.200089e-06	-8.960930e-10	-9.516781e+00	-6.049760e+01
8.000000e-07	-1.170380e-06	-8.863215e-10	-9.281192e+00	-5.925228e+01
8.100000e-07	-1.140580e-06	-8.472473e-10	-9.044873e+00	-5.799233e+01
8.200000e-07	-1.110615e-06	-8.068562e-10	-8.807245e+00	-5.671833e+01
8.300000e-07	-1.080434e-06	-7.984578e-10	-8.567911e+00	-5.543103e+01
8.400000e-07	-1.050099e-06	-8.065775e-10	-8.327356e+00	-5.413128e+01
8.500000e-07	-1.019637e-06	-7.813749e-10	-8.085787e+00	-5.282005e+01
8.600000e-07	-9.890487e-07	-7.322415e-10	-7.843219e+00	-5.149837e+01
8.700000e-07	-9.583112e-07	-7.085906e-10	-7.599469e+00	-5.016726e+01
8.800000e-07	-9.273003e-07	-7.111890e-10	-7.353551e+00	-4.882774e+01
8.900000e-07	-8.961299e-07	-7.002342e-10	-7.106368e+00	-4.748071e+01
9.000000e-07	-8.649562e-07	-6.622516e-10	-6.859158e+00	-4.612696e+01
9.100000e-07	-8.336237e-07	-6.300899e-10	-6.610690e+00	-4.476711e+01
9.200000e-07	-8.020197e-07	-6.191188e-10	-6.360068e+00	-4.340161e+01
9.300000e-07	-7.702748e-07	-6.100647e-10	-6.108329e+00	-4.203065e+01
9.400000e-07	-7.384644e-07	-5.893506e-10	-5.856070e+00	-4.065423e+01
9.500000e-07	-7.066043e-07	-5.614826e-10	-5.603418e+00	-3.927211e+01
9.600000e-07	-6.746943e-07	-5.391093e-10	-5.350369e+00	-3.788387e+01
9.700000e-07	-6.426859e-07	-5.209033e-10	-5.096540e+00	-3.648889e+01
9.800000e-07	-6.105749e-07	-5.019599e-10	-4.841898e+00	-3.508644e+01
9.900000e-07	-5.784536e-07	-4.814576e-10	-4.587174e+00	-3.367571e+01
1.000000e-06	-5.463206e-07	-4.569038e-10	-4.332357e+00	-3.225583e+01
1.010000e-06	-5.140929e-07	-4.310967e-10	-4.076790e+00	-3.082601e+01
1.020000e-06	-4.817484e-07	-4.072832e-10	-3.820296e+00	-2.938550e+01
1.030000e-06	-4.493540e-07	-3.897731e-10	-3.563406e+00	-2.793370e+01
1.040000e-06	-4.169159e-07	-3.768696e-10	-3.306170e+00	-2.647021e+01
1.050000e-06	-3.843322e-07	-3.556686e-10	-3.047779e+00	-2.499482e+01
1.060000e-06	-3.516812e-07	-3.271251e-10	-2.788854e+00	-2.350757e+01
1.070000e-06	-3.190288e-07	-3.040529e-10	-2.529919e+00	-2.200876e+01
1.080000e-06	-2.863325e-07	-2.910544e-10	-2.270635e+00	-2.049892e+01
1.090000e-06	-2.535515e-07	-2.752610e-10	-2.010680e+00	-1.897880e+01
1.100000e-06	-2.206986e-07	-2.439964e-10	-1.750154e+00	-1.744936e+01
1.110000e-06	-1.878229e-07	-2.105753e-10	-1.489448e+00	-1.591169e+01
1.120000e-06	-1.549244e-07	-1.915100e-10	-1.228561e+00	-1.436699e+01
1.130000e-06	-1.220024e-07	-1.820029e-10	-9.674866e-01	-1.281649e+01
1.140000e-06	-8.904039e-08	-1.604665e-10	-7.060960e-01	-1.126143e+01
1.150000e-06	-5.600670e-08	-1.250808e-10	-4.441367e-01	-9.702964e+00
1.160000e-06	-2.294181e-08	-9.901287e-11	-1.819301e-01	-8.142132e+00
1.170000e-06	1.009528e-08	-8.662568e-11	8.005623e-02	-6.579817e+00
1.180000e-06	4.315887e-08	-6.880720e-11	3.422526e-01	-5.016713e+00
1.190000e-06	7.626186e-08	-3.870860e-11	6.047614e-01	-3.453313e+00
1.200000e-06	1.092877e-07	-1.089795e-11	8.666582e-01	-1.889902e+00
1.210000e-06	1.422448e-07	7.072046e-12	1.128010e+00	-3.265711e-01
1.220000e-06	1.752051e-07	2.510210e-11	1.389388e+00	1.236755e+00
1.230000e-06	2.081545e-07	5.090118e-11	1.650679e+00	2.800284e+00
1.240000e-06	2.409990e-07	7.895176e-11	1.911138e+00	4.364308e+00
1.250000e-06	2.737593e-07	1.041195e-10	2.170929e+00	5.929153e+00
1.260000e-06	3.064934e-07	1.251685e-10	2.430512e+00	7.495119e+00
1.270000e-06	3.390960e-07	1.459121e-10	2.689053e+00	9.062433e+00
1.280000e-06	3.716379e-07	1.712055e-10	2.947113e+00	1.063119e+01
1.290000e-06	4.041596e-07	1.972991e-10	3.205011e+00	1.220133e+01
1.300000e-06	4.365508e-07	2.219498e-10	3.461876e+00	1.377257e+01
1.310000e-06	4.688618e-07	2.442622e-10	3.718104e+00	1.534442e+01
1.320000e-06	5.011208e-07	2.691918e-10	3.973920e+00	1.691617e+01
1.330000e-06	5.333175e-07	2.938920e-10	4.229242e+00	1.848691e+01
1.340000e-06	5.654713e-07	3.168224e-10	4.484223e+00	2.005550e+01
1.350000e-06	5.975785e-07	3.403700e-10	4.738836e+00	2.162070e+01
1.360000e-06	6.296527e-07	3.638445e-10	4.993186e+00	2.318113e+01
1.370000e-06	6.616860e-07	3.852019e-10	5.247213e+00	2.473537e+01
1.380000e-06	6.936777e-07	4.059422e-10	5.500909e+00	2.628205e+01
1.390000e-06	7.256308e-07	4.312112e-10	5.754298e+00	2.781982e+01
1.400000e-06	7.575044e-07	4.584417e-10	6.007059e+00	2.934753e+01
1.410000e-06	7.892463e-07	4.798458e-10	6.258774e+00	3.086416e+01
1.420000e-06	8.208680e-07	4.982303e-10	6.509536e+00	3.236897e+01
1.430000e-06	8.524183e-07	5.215855e-10	6.759732e+00	3.386147e+01
1.440000e-06	8.838215e-07	5.488819e-10	7.008761e+00	3.534147e+01
1.450000e-06	9.149628e-07	5.720733e-10	7.255714e+00	3.680905e+01
1.460000e-06	9.459129e-07	5.892717e-10	7.501150e+00	3.826461e+01
1.470000e-06	9.767105e-07	6.092975e-10	7.745377e+00	3.970876e+01
1.480000e-06	1.007255e-06	6.326030e-10	7.987593e+00	4.114236e+01
1.490000e-06	1.037610e-06	6.561186e-10	8.228315e+00	4.256644e+01
1.500000e-06	1.067819e-06	6.777801e-10	8.467871e+00	4.398214e+01
1.510000e-06	1.097857e-06	6.983702e-10	8.706080e+00	4.539064e+01
1.520000e-06	1.127794e-06	7.197848e-10	8.943479e+00	4.679312e+01
1.530000e-06	1.157642e-06	7.415955e-10	9.180176e+00	4.819070e+01
1.540000e-06	1.187304e-06	7.636009e-10	9.415399e+00	4.958433e+01
1.550000e-06	1.216730e-06	7.851843e-10	9.648743e+00	5.097482e+01
1.560000e-06	1.245937e-06	8.050973e-10	9.880363e+00	5.236274e+01
1.570000e-06	1.274877e-06	8.239922e-10	1.010986e+01	5.374841e+01
1.580000e-06	1.303579e-06	8.427165e-10	1.033747e+01	5.513189e+01
1.590000e-06	1.332050e-06	8.635379e-10	1.056324e+01	5.651299e+01
1.600000e-06	1.360289e-06	8.850632e-10	1.078718e+01	5.789123e+01
1.610000e-06	1.388389e-06	9.035051e-10	1.101001e+01	5.926593e+01
1.620000e-06	1.416393e-06	9.199069e-10	1.123209e+01	6.063618e+01
1.630000e-06	1.444338e-06	9.398641e-10	1.145369e+01	6.200092e+01
1.640000e-06	1.472182e-06	9.636011e-10	1.167450e+01	6.335898e+01
1.650000e-06	1.499847e-06	9.845475e-10	1.189389e+01	6.470908e+01
1.660000e-06	1.527200e-06	1.000686e-09	1.211080e+01	6.604997e+01
1.670000e-06	1.554056e-06	1.016978e-09	1.232377e+01	6.738037e+01
1.680000e-06	1.580380e-06	1.036967e-09	1.253251e+01	6.869910e+01
1.690000e-06	1.606190e-06	1.057973e-09	1.273719e+01	7.000504e+01
1.700000e-06	1.631464e-06	1.074095e-09	1.293761e+01	7.129721e+01
1.710000e-06	1.656246e-06	1.087224e-09	1.313414e+01	7.257478e+01
1.720000e-06	1.680686e-06	1.105128e-09	1.332795e+01	7.383706e+01
1.730000e-06	1.704921e-06	1.126720e-09	1.352013e+01	7.508350e+01
1.740000e-06	1.728980e-06	1.145928e-09	1.371092e+01	7.631372e+01
1.750000e-06	1.752858e-06	1.161660e-09	1.390028e+01	7.752744e+01
1.760000e-06	1.776542e-06	1.178671e-09	1.408809e+01	7.872453e+01
1.770000e-06	1.799935e-06	1.198297e-09	1.427360e+01	7.990489e+01
1.780000e-06	1.822954e-06	1.217484e-09	1.445614e+01	8.106854e+01
1.790000e-06	1.845594e-06	1.235507e-09	1.463568e+01	8.221548e+01
1.800000e-06	1.867903e-06	1.252082e-09	1.481259e+01	8.334574e+01
1.810000e-06	1.889976e-06	1.267010e-09	1.498763e+01	8.445933e+01
1.820000e-06	1.911804e-06	1.281434e-09	1.516073e+01	8.555620e+01
1.830000e-06	1.933277e-06	1.297566e-09	1.533101e+01	8.663626e+01
1.840000e-06	1.954372e-06	1.314719e-09	1.549830e+01	8.769932e+01
1.850000e-06	1.975098e-06	1.330688e-09	1.566265e+01	8.874514e+01
1.860000e-06	1.995497e-06	1.345496e-09	1.582442e+01	8.977337e+01
1.870000e-06	2.015678e-06	1.360697e-09	1.598445e+01	9.078360e+01
1.880000e-06	2.035676e-06	1.376822e-09	1.614304e+01	9.177533e+01
1.890000e-06	2.055472e-06	1.392699e-09	1.630003e+01	9.274801e+01
1.900000e-06	2.074954e-06	1.406183e-09	1.645452e+01	9.370105e+01
1.910000e-06	2.094052e-06	1.418462e-09	1.660597e+01	9.463382e+01
1.920000e-06	2.112738e-06	1.432555e-09	1.675414e+01	9.554569e+01
1.930000e-06	2.130958e-06	1.447819e-09	1.689863e+01	9.643605e+01
1.940000e-06	2.148777e-06	1.461498e-09	1.703994e+01	9.730432e+01
1.950000e-06	2.166244e-06	1.473090e-09	1.717846e+01	9.814996e+01
1.960000e-06	2.183523e-06	1.485512e-09	1.731548e+01	9.897251e+01
1.970000e-06	2.200582e-06	1.498844e-09	1.745076e+01	9.977159e+01
1.980000e-06	2.217228e-06	1.511345e-09	1.758276e+01	1.005469e+02
1.990000e-06	2.233353e-06	1.522801e-09	1.771063e+01	1.012983e+02
2.000000e-06	2.248872e-06	1.533637e-09	1.783370e+01	1.020256e+02
2.010000e-06	2.263938e-06	1.544859e-09	1.795317e+01	1.027290e+02
2.020000e-06	2.278498e-06	1.557116e-09	1.806863e+01	1.034085e+02
2.030000e-06	2.292548e-06	1.569026e-09	1.818005e+01	1.040643e+02
2.040000e-06	2.306268e-06	1.579319e-09	1.828885e+01	1.046968e+02
2.050000e-06	2.319528e-06	1.587841e-09	1.839401e+01	1.053064e+02
2.060000e-06	2.332291e-06	1.595945e-09	1.849522e+01	1.058934e+02
2.070000e-06	2.344693e-06	1.604942e-09	1.859356e+01	1.064585e+02
2.080000e-06	2.356740e-06	1.613986e-09	1.868910e+01	1.070020e+02
2.090000e-06	2.368383e-06	1.621952e-09	1.878143e+01	1.075245e+02
2.100000e-06	2.379545e-06	1.628993e-09	1.886994e+01	1.080264e+02
2.110000e-06	2.390016e-06	1.636576e-09	1.895298e+01	1.085084e+02
2.120000e-06	2.399644e-06	1.644519e-09	1.902933e+01	1.089706e+02
2.130000e-06	2.408652e-06	1.652080e-09	1.910077e+01	1.094136e+02
2.140000e-06	2.417250e-06	1.657697e-09	1.916895e+01	1.098376e+02
2.150000e-06	2.425504e-06	1.662135e-09	1.923440e+01	1.102428e+02
2.160000e-06	2.433498e-06	1.667761e-09	1.929780e+01	1.106293e+02
2.170000e-06	2.441170e-06	1.673423e-09	1.935863e+01	1.109972e+02
2.180000e-06	2.448387e-06	1.679232e-09	1.941587e+01	1.113464e+02
2.190000e-06	2.455183e-06	1.683881e-09	1.946976e+01	1.116768e+02
2.200000e-06	2.461587e-06	1.688398e-09	1.952054e+01	1.119883e+02
2.210000e-06	2.467617e-06	1.694794e-09	1.956836e+01	1.122807e+02
2.220000e-06	2.473287e-06	1.701475e-09	1.961332e+01	1.125536e+02
2.230000e-06	2.478470e-06	1.706181e-09	1.965443e+01	1.128067e+02
2.240000e-06	2.483183e-06	1.709334e-09	1.969180e+01	1.130399e+02
2.250000e-06	2.487572e-06	1.712868e-09	1.972661e+01	1.132528e+02
2.260000e-06	2.491717e-06	1.715938e-09	1.975948e+01	1.134451e+02
2.270000e-06	2.495541e-06	1.718647e-09	1.978980e+01	1.136166e+02
2.280000e-06	2.498946e-06	1.721206e-09	1.981680e+01	1.137672e+02
2.290000e-06	2.501803e-06	1.724072e-09	1.983946e+01	1.138966e+02
2.300000e-06	2.503942e-06	1.726865e-09	1.985642e+01	1.140049e+02
2.310000e-06	2.505354e-06	1.729691e-09	1.986762e+01	1.140919e+02
2.320000e-06	2.506191e-06	1.731949e-09	1.987426e+01	1.141578e+02
2.330000e-06	2.506598e-06	1.732388e-09	1.987748e+01	1.142027e+02
2.340000e-06	2.506726e-06	1.731255e-09	1.987850e+01	1.142266e+02
2.350000e-06	2.506592e-06	1.731029e-09	1.987743e+01	1.142297e+02
2.360000e-06	2.506067e-06	1.732720e-09	1.987327e+01	1.142124e+02
2.370000e-06	2.505121e-06	1.732709e-09	1.986577e+01	1.141747e+02
2.380000e-06	2.503737e-06	1.731500e-09	1.985479e+01	1.141170e+02
2.390000e-06	2.501956e-06	1.747677e-09	1.984067e+01	1.140394e+02
2.400000e-06	2.499869e-06	1.758810e-09	1.982412e+01	1.139424e+02
2.410000e-06	2.497399e-06	1.672697e-09	1.980453e+01	1.138260e+02
2.420000e-06	2.494372e-06	1.649279e-09	1.978053e+01	1.136905e+02
2.430000e-06	2.490806e-06	1.752580e-09	1.975225e+01	1.135360e+02
2.440000e-06	2.486997e-06	1.785551e-09	1.972205e+01	1.133629e+02
2.450000e-06	2.483040e-06	1.653221e-09	1.969067e+01	1.131710e+02
2.460000e-06	2.478651e-06	1.660641e-09	1.965586e+01	1.129607e+02
2.470000e-06	2.473680e-06	1.752075e-09	1.961644e+01	1.127319e+02
2.480000e-06	2.468191e-06	1.712315e-09	1.957291e+01	1.124847e+02
2.490000e-06	2.462268e-06	1.685411e-09	1.952594e+01	1.122191e+02
2.500000e-06	2.455697e-06	1.713080e-09	1.947384e+01	1.119352e+02
2.510000e-06	2.448357e-06	1.668291e-09	1.941563e+01	1.116329e+02
2.520000e-06	2.440629e-06	1.620543e-09	1.935435e+01	1.113122e+02
2.530000e-06	2.432702e-06	1.765542e-09	1.929149e+01	1.109731e+02
2.540000e-06	2.424332e-06	1.773618e-09	1.922511e+01	1.106154e+02
2.550000e-06	2.415469e-06	1.553872e-09	1.915483e+01	1.102393e+02
2.560000e-06	2.406401e-06	1.558620e-09	1.908291e+01	1.098446e+02
2.570000e-06	2.397020e-06	1.832768e-09	1.900853e+01	1.094313e+02
2.580000e-06	2.387053e-06	1.758210e-09	1.892948e+01	1.089992e+02
2.590000e-06	2.376663e-06	1.450020e-09	1.884709e+01	1.085485e+02
2.600000e-06	2.365985e-06	1.586586e-09	1.876242e+01	1.080791e+02
2.610000e-06	2.354853e-06	1.860314e-09	1.867414e+01	1.075909e+02
2.620000e-06	2.343194e-06	1.634576e-09	1.858168e+01	1.070840e+02
2.630000e-06	2.331130e-06	1.413831e-09	1.848601e+01	1.065584e+02
2.640000e-06	2.318665e-06	1.688431e-09	1.838716e+01	1.060142e+02
2.650000e-06	2.305604e-06	1.785651e-09	1.828359e+01	1.054515e+02
2.660000e-06	2.291721e-06	1.469279e-09	1.817349e+01	1.048705e+02
2.670000e-06	2.277070e-06	1.471542e-09	1.805731e+01	1.042714e+02
2.680000e-06	2.261933e-06	1.748536e-09	1.793728e+01	1.036545e+02
2.690000e-06	2.246410e-06	1.634536e-09	1.781418e+01	1.030200e+02
2.700000e-06	2.230571e-06	1.408868e-09	1.768857e+01	1.023682e+02
2.710000e-06	2.214580e-06	1.549955e-09	1.756176e+01	1.016997e+02
2.720000e-06	2.198357e-06	1.664250e-09	1.743311e+01	1.010147e+02
2.730000e-06	2.181731e-06	1.514421e-09	1.730127e+01	1.003138e+02
2.740000e-06	2.164631e-06	1.453902e-09	1.716566e+01	9.959737e+01
2.750000e-06	2.147133e-06	1.532124e-09	1.702690e+01	9.886587e+01
2.760000e-06	2.129326e-06	1.532813e-09	1.688569e+01	9.811975e+01
2.770000e-06	2.111209e-06	1.479334e-09	1.674202e+01	9.735943e+01
2.780000e-06	2.092756e-06	1.468744e-09	1.659569e+01	9.658531e+01
2.790000e-06	2.073873e-06	1.476667e-09	1.644595e+01	9.579773e+01
2.800000e-06	2.054597e-06	1.463024e-09	1.629308e+01	9.499700e+01
2.810000e-06	2.034995e-06	1.427359e-09	1.613764e+01	9.418336e+01
2.820000e-06	2.015191e-06	1.435168e-09	1.598060e+01	9.335701e+01
2.830000e-06	1.995230e-06	1.458667e-09	1.582230e+01	9.251809e+01
2.840000e-06	1.975043e-06	1.390694e-09	1.566222e+01	9.166670e+01
2.850000e-06	1.954536e-06	1.344619e-09	1.549959e+01	9.080291e+01
2.860000e-06	1.933552e-06	1.409806e-09	1.533319e+01	8.992674e+01
2.870000e-06	1.911985e-06	1.401202e-09	1.516216e+01	8.903821e+01
2.880000e-06	1.889793e-06	1.313753e-09	1.498618e+01	8.813734e+01
2.890000e-06	1.867006e-06	1.321964e-09	1.480548e+01	8.722413e+01
2.900000e-06	1.843776e-06	1.357280e-09	1.462126e+01	8.629862e+01
2.910000e-06	1.820253e-06	1.309886e-09	1.443472e+01	8.536085e+01
2.920000e-06	1.796520e-06	1.279200e-09	1.424652e+01	8.441090e+01
2.930000e-06	1.772662e-06	1.299657e-09	1.405732e+01	8.344885e+01
2.940000e-06	1.748630e-06	1.284013e-09	1.386675e+01	8.247483e+01
2.950000e-06	1.724311e-06	1.240867e-09	1.367390e+01	8.148895e+01
2.960000e-06	1.699665e-06	1.233092e-09	1.347845e+01	8.049135e+01
2.970000e-06	1.674679e-06	1.247822e-09	1.328031e+01	7.948214e+01
2.980000e-06	1.649364e-06	1.224871e-09	1.307956e+01	7.846141e+01
2.990000e-06	1.623762e-06	1.172495e-09	1.287654e+01	7.742919e+01
3.000000e-06	1.597947e-06	1.165406e-09	1.267182e+01	7.638548e+01
3.010000e-06	1.571900e-06	1.185295e-09	1.246526e+01	7.533019e+01
3.020000e-06	1.545583e-06	1.160429e-09	1.225657e+01	7.426318e+01
3.030000e-06	1.518948e-06	1.119913e-09	1.204535e+01	7.318419e+01
3.040000e-06	1.492015e-06	1.106304e-09	1.183178e+01	7.209294e+01
3.050000e-06	1.464794e-06	1.105298e-09	1.161591e+01	7.098902e+01
3.060000e-06	1.437286e-06	1.098278e-09	1.139777e+01	6.987203e+01
3.070000e-06	1.409603e-06	1.076276e-09	1.117824e+01	6.874149e+01
3.080000e-06	1.381797e-06	1.046451e-09	1.095774e+01	6.759695e+01
3.090000e-06	1.353905e-06	1.028551e-09	1.073655e+01	6.643797e+01
3.100000e-06	1.325900e-06	1.022114e-09	1.051447e+01	6.526415e+01
3.110000e-06	1.297789e-06	1.008115e-09	1.029155e+01	6.407521e+01
3.120000e-06	1.269508e-06	9.844021e-10	1.006728e+01	6.287096e+01
3.130000e-06	1.240958e-06	9.585056e-10	9.840879e+00	6.165137e+01
3.140000e-06	1.212097e-06	9.369020e-10	9.612008e+00	6.041655e+01
3.150000e-06	1.182902e-06	9.285144e-10	9.380490e+00	5.916679e+01
3.160000e-06	1.153313e-06	9.178685e-10	9.145843e+00	5.790257e+01
3.170000e-06	1.123265e-06	8.879818e-10	8.907560e+00	5.662450e+01
3.180000e-06	1.092857e-06	8.556478e-10	8.666427e+00	5.533338e+01
3.190000e-06	1.062118e-06	8.456368e-10	8.422664e+00	5.403009e+01
3.200000e-06	1.031076e-06	8.429364e-10	8.176500e+00	5.271563e+01
3.210000e-06	9.998476e-07	8.155363e-10	7.928856e+00	5.139102e+01
3.220000e-06	9.684502e-07	7.797689e-10	7.679873e+00	5.005729e+01
3.230000e-06	9.369180e-07	7.643626e-10	7.429819e+00	4.871543e+01
3.240000e-06	9.052545e-07	7.541689e-10	7.178726e+00	4.736631e+01
3.250000e-06	8.734832e-07	7.263736e-10	6.926778e+00	4.601069e+01
3.260000e-06	8.416346e-07	6.946763e-10	6.674216e+00	4.464912e+01
3.270000e-06	8.097023e-07	6.795413e-10	6.420991e+00	4.328198e+01
3.280000e-06	7.777292e-07	6.669565e-10	6.167442e+00	4.190940e+01
3.290000e-06	7.457121e-07	6.409969e-10	5.913545e+00	4.053131e+01
3.300000e-06	7.136209e-07	6.169775e-10	5.659059e+00	3.914742e+01
3.310000e-06	6.814137e-07	6.040941e-10	5.403655e+00	3.775723e+01
3.320000e-06	6.490348e-07	5.867518e-10	5.146888e+00	3.636010e+01
3.330000e-06	6.165603e-07	5.568400e-10	4.889363e+00	3.495526e+01
3.340000e-06	5.840202e-07	5.301139e-10	4.631317e+00	3.354188e+01
3.350000e-06	5.513447e-07	5.158215e-10	4.372199e+00	3.211912e+01
3.360000e-06	5.186226e-07	4.982820e-10	4.112710e+00	3.068616e+01
3.370000e-06	4.858774e-07	4.689865e-10	3.853039e+00	2.924233e+01
3.380000e-06	4.529966e-07	4.401228e-10	3.592292e+00	2.778707e+01
3.390000e-06	4.199909e-07	4.215439e-10	3.330555e+00	2.632002e+01
3.400000e-06	3.868942e-07	4.077513e-10	3.068096e+00	2.484107e+01
3.410000e-06	3.537082e-07	3.848609e-10	2.804928e+00	2.335032e+01
3.420000e-06	3.204143e-07	3.531149e-10	2.540906e+00	2.184814e+01
3.430000e-06	2.870280e-07	3.267637e-10	2.276150e+00	2.033514e+01
3.440000e-06	2.536271e-07	3.111252e-10	2.011279e+00	1.881212e+01
3.450000e-06	2.201625e-07	2.919239e-10	1.745903e+00	1.728010e+01
3.460000e-06	1.866829e-07	2.586245e-10	1.480407e+00	1.574020e+01
3.470000e-06	1.532451e-07	2.265850e-10	1.215243e+00	1.419363e+01
3.480000e-06	1.197429e-07	2.100018e-10	9.495691e-01	1.264165e+01
3.490000e-06	8.619381e-08	1.956147e-10	6.835224e-01	1.108546e+01
3.500000e-06	5.264717e-08	1.661380e-10	4.174954e-01	9.526187e+00
3.510000e-06	1.908667e-08	1.326371e-10	1.513585e-01	7.964833e+00
3.520000e-06	-1.449879e-08	1.108316e-10	-1.149764e-01	6.402226e+00
3.530000e-06	-4.805286e-08	9.062325e-11	-3.810622e-01	4.838999e+00
3.540000e-06	-8.150711e-08	6.023939e-11	-6.463566e-01	3.275583e+00
3.550000e-06	-1.149454e-07	2.791056e-11	-9.115242e-01	1.712202e+00
3.560000e-06	-1.484298e-07	4.055119e-12	-1.177058e+00	1.488957e-01
3.570000e-06	-1.819049e-07	-1.586290e-11	-1.442518e+00	-1.414457e+00
3.580000e-06	-2.153177e-07	-4.180931e-11	-1.707483e+00	-2.978093e+00
3.590000e-06	-2.486738e-07	-6.926016e-11	-1.971999e+00	-4.542321e+00
3.600000e-06	-2.819778e-07	-8.983749e-11	-2.236102e+00	-6.107465e+00
3.610000e-06	-3.152235e-07	-1.095529e-10	-2.499742e+00	-7.673809e+00
3.620000e-06	-3.484280e-07	-1.359099e-10	-2.763057e+00	-9.241546e+00
3.630000e-06	-3.815348e-07	-1.654374e-10	-3.025596e+00	-1.081073e+01
3.640000e-06	-4.145559e-07	-1.914468e-10	-3.287455e+00	-1.238122e+01
3.650000e-06	-4.474744e-07	-2.152410e-10	-3.548500e+00	-1.395270e+01
3.660000e-06	-4.802495e-07	-2.438296e-10	-3.808409e+00	-1.552460e+01
3.670000e-06	-5.129203e-07	-2.743226e-10	-4.067491e+00	-1.709615e+01
3.680000e-06	-5.455117e-07	-2.982079e-10	-4.325943e+00	-1.866635e+01
3.690000e-06	-5.780634e-07	-3.176379e-10	-4.584080e+00	-2.023406e+01
3.700000e-06	-6.105021e-07	-3.414983e-10	-4.841321e+00	-2.179796e+01
3.710000e-06	-6.428307e-07	-3.699649e-10	-5.097689e+00	-2.335668e+01
3.720000e-06	-6.750698e-07	-3.936287e-10	-5.353347e+00	-2.490879e+01
3.730000e-06	-7.071957e-07	-4.117226e-10	-5.608107e+00	-2.645292e+01
3.740000e-06	-7.392704e-07	-4.347602e-10	-5.862462e+00	-2.798778e+01
3.750000e-06	-7.712495e-07	-4.647506e-10	-6.116058e+00	-2.951225e+01
3.760000e-06	-8.031205e-07	-4.918031e-10	-6.368797e+00	-3.102540e+01
3.770000e-06	-8.349526e-07	-5.125702e-10	-6.621228e+00	-3.252654e+01
3.780000e-06	-8.667297e-07	-5.354306e-10	-6.873222e+00	-3.401529e+01
3.790000e-06	-8.984427e-07	-5.634984e-10	-7.124708e+00	-3.549154e+01
3.800000e-06	-9.300784e-07	-5.886471e-10	-7.375581e+00	-3.695545e+01
3.810000e-06	-9.615627e-07	-6.091827e-10	-7.625254e+00	-3.840750e+01
3.820000e-06	-9.928344e-07	-6.282084e-10	-7.873241e+00	-3.984838e+01
3.830000e-06	-1.023789e-06	-6.504442e-10	-8.118712e+00	-4.127900e+01
3.840000e-06	-1.054511e-06	-6.736910e-10	-8.362340e+00	-4.270044e+01
3.850000e-06	-1.085048e-06	-6.941570e-10	-8.604500e+00	-4.411384e+01
3.860000e-06	-1.115232e-06	-7.124555e-10	-8.843858e+00	-4.552041e+01
3.870000e-06	-1.145030e-06	-7.320961e-10	-9.080159e+00	-4.692130e+01
3.880000e-06	-1.174544e-06	-7.550102e-10	-9.314208e+00	-4.831759e+01
3.890000e-06	-1.203682e-06	-7.785192e-10	-9.545278e+00	-4.971020e+01
3.900000e-06	-1.232348e-06	-8.002005e-10	-9.772595e+00	-5.109986e+01
3.910000e-06	-1.260723e-06	-8.220986e-10	-9.997613e+00	-5.248707e+01
3.920000e-06	-1.288913e-06	-8.457374e-10	-1.022116e+01	-5.387209e+01
3.930000e-06	-1.316961e-06	-8.655209e-10	-1.044359e+01	-5.525488e+01
3.940000e-06	-1.344918e-06	-8.840496e-10	-1.066528e+01	-5.663517e+01
3.950000e-06	-1.372790e-06	-9.066377e-10	-1.088631e+01	-5.801242e+01
3.960000e-06	-1.400541e-06	-9.304698e-10	-1.110638e+01	-5.938588e+01
3.970000e-06	-1.428125e-06	-9.470039e-10	-1.132512e+01	-6.075459e+01
3.980000e-06	-1.455513e-06	-9.628614e-10	-1.154231e+01	-6.211745e+01
3.990000e-06	-1.482607e-06	-9.869207e-10	-1.175717e+01	-6.347324e+01
4.000000e-06	-1.509396e-06	-1.013140e-09	-1.196961e+01	-6.482071e+01
4.010000e-06	-1.535869e-06	-1.033646e-09	-1.217954e+01	-6.615857e+01
4.020000e-06	-1.561981e-06	-1.049938e-09	-1.238661e+01	-6.748559e+01
4.030000e-06	-1.587861e-06	-1.069397e-09	-1.259184e+01	-6.880058e+01
4.040000e-06	-1.613542e-06	-1.093135e-09	-1.279549e+01	-7.010248e+01
4.050000e-06	-1.638916e-06	-1.115385e-09	-1.299671e+01	-7.139034e+01
4.060000e-06	-1.663990e-06	-1.133900e-09	-1.319555e+01	-7.266338e+01
4.070000e-06	-1.688732e-06	-1.150245e-09	-1.339176e+01	-7.392095e+01
4.080000e-06	-1.713110e-06	-1.169352e-09	-1.358507e+01	-7.516255e+01
4.090000e-06	-1.737328e-06	-1.190950e-09	-1.377712e+01	-7.638784e+01
4.100000e-06	-1.761419e-06	-1.209645e-09	-1.396816e+01	-7.759658e+01
4.110000e-06	-1.785276e-06	-1.226454e-09	-1.415735e+01	-7.878864e+01
4.120000e-06	-1.808961e-06	-1.244156e-09	-1.434518e+01	-7.996398e+01
4.130000e-06	-1.832410e-06	-1.263024e-09	-1.453113e+01	-8.112260e+01
4.140000e-06	-1.855467e-06	-1.280300e-09	-1.471397e+01	-8.226453e+01
4.150000e-06	-1.878009e-06	-1.296605e-09	-1.489273e+01	-8.338978e+01
4.160000e-06	-1.900024e-06	-1.314236e-09	-1.506732e+01	-8.449836e+01
4.170000e-06	-1.921584e-06	-1.331843e-09	-1.523829e+01	-8.559019e+01
4.180000e-06	-1.942539e-06	-1.347387e-09	-1.540446e+01	-8.666516e+01
4.190000e-06	-1.962950e-06	-1.363740e-09	-1.556632e+01	-8.772308e+01
4.200000e-06	-1.983108e-06	-1.381700e-09	-1.572617e+01	-8.876365e+01
4.210000e-06	-2.003101e-06	-1.397677e-09	-1.588472e+01	-8.978652e+01
4.220000e-06	-2.022891e-06	-1.410120e-09	-1.604165e+01	-9.079124e+01
4.230000e-06	-2.042401e-06	-1.423814e-09	-1.619637e+01	-9.177731e+01
4.240000e-06	-2.061562e-06	-1.439727e-09	-1.634832e+01	-9.274415e+01
4.250000e-06	-2.080378e-06	-1.453591e-09	-1.649753e+01	-9.369117e+01
4.260000e-06	-2.098857e-06	-1.465121e-09	-1.664407e+01	-9.461773e+01
4.270000e-06	-2.116971e-06	-1.478483e-09	-1.678771e+01	-9.552321e+01
4.280000e-06	-2.134750e-06	-1.494804e-09	-1.692870e+01	-9.640699e+01
4.290000e-06	-2.152197e-06	-1.509787e-09	-1.706706e+01	-9.726851e+01
4.300000e-06	-2.169243e-06	-1.523570e-09	-1.720224e+01	-9.810726e+01
4.310000e-06	-2.185850e-06	-1.537381e-09	-1.733393e+01	-9.892280e+01
4.320000e-06	-2.202128e-06	-1.550448e-09	-1.746301e+01	-9.971477e+01
4.330000e-06	-2.218152e-06	-1.562178e-09	-1.759008e+01	-1.004829e+02
4.340000e-06	-2.233886e-06	-1.573334e-09	-1.771486e+01	-1.012271e+02
4.350000e-06	-2.249303e-06	-1.583515e-09	-1.783712e+01	-1.019472e+02
4.360000e-06	-2.264340e-06	-1.593297e-09	-1.795637e+01	-1.026434e+02
4.370000e-06	-2.278700e-06	-1.602169e-09	-1.807024e+01	-1.033157e+02
4.380000e-06	-2.292261e-06	-1.610027e-09	-1.817778e+01	-1.039645e+02
4.390000e-06	-2.305248e-06	-1.619101e-09	-1.828077e+01	-1.045901e+02
4.400000e-06	-2.317724e-06	-1.629851e-09	-1.837970e+01	-1.051929e+02
4.410000e-06	-2.329773e-06	-1.641702e-09	-1.847525e+01	-1.057733e+02
4.420000e-06	-2.341511e-06	-1.652489e-09	-1.856834e+01	-1.063318e+02
4.430000e-06	-2.352838e-06	-1.661160e-09	-1.865815e+01	-1.068689e+02
4.440000e-06	-2.363659e-06	-1.668938e-09	-1.874397e+01	-1.073852e+02
4.450000e-06	-2.374058e-06	-1.677093e-09	-1.882643e+01	-1.078811e+02
4.460000e-06	-2.384142e-06	-1.684219e-09	-1.890640e+01	-1.083571e+02
4.470000e-06	-2.393916e-06	-1.689513e-09	-1.898391e+01	-1.088135e+02
4.480000e-06	-2.403232e-06	-1.694834e-09	-1.905778e+01	-1.092508e+02
4.490000e-06	-2.412068e-06	-1.701845e-09	-1.912785e+01	-1.096691e+02
4.500000e-06	-2.420507e-06	-1.709878e-09	-1.919478e+01	-1.100686e+02
4.510000e-06	-2.428624e-06	-1.715229e-09	-1.925914e+01	-1.104495e+02
4.520000e-06	-2.436493e-06	-1.717918e-09	-1.932155e+01	-1.108118e+02
4.530000e-06	-2.444058e-06	-1.722198e-09	-1.938153e+01	-1.111554e+02
4.540000e-06	-2.451244e-06	-1.727642e-09	-1.943852e+01	-1.114802e+02
4.550000e-06	-2.457887e-06	-1.732210e-09	-1.949120e+01	-1.117860e+02
4.560000e-06	-2.463810e-06	-1.735163e-09	-1.953817e+01	-1.120725e+02
4.570000e-06	-2.469052e-06	-1.736495e-09	-1.957974e+01	-1.123395e+02
4.580000e-06	-2.473702e-06	-1.739399e-09	-1.961662e+01	-1.125867e+02
4.590000e-06	-2.477918e-06	-1.743863e-09	-1.965005e+01	-1.128138e+02
4.600000e-06	-2.481870e-06	-1.746870e-09	-1.968139e+01	-1.130205e+02
4.610000e-06	-2.485557e-06	-1.747983e-09	-1.971062e+01	-1.132066e+02
4.620000e-06	-2.488855e-06	-1.749782e-09	-1.973678e+01	-1.133718e+02
4.630000e-06	-2.491709e-06	-1.751843e-09	-1.975941e+01	-1.135160e+02
4.640000e-06	-2.494109e-06	-1.751491e-09	-1.977844e+01	-1.136391e+02
4.650000e-06	-2.496094e-06	-1.749202e-09	-1.979418e+01	-1.137410e+02
4.660000e-06	-2.497758e-06	-1.747559e-09	-1.980738e+01	-1.138217e+02
4.670000e-06	-2.498988e-06	-1.747349e-09	-1.981713e+01	-1.138813e+02
4.680000e-06	-2.499690e-06	-1.746873e-09	-1.982270e+01	-1.139198e+02
4.690000e-06	-2.500032e-06	-1.745468e-09	-1.982542e+01	-1.139375e+02
