# Temperatura_=_20.0
# Concentracion g/m^3_=_9000.0
# C_Vs_to_Am_M_A/Vsm_=_65563218390.804596
# pendiente_HvsI_1/m_=_3716.3
# ordenada_HvsI_A/m_=_1297.0
# frecuencia_Hz_=_135104.87819065846
# Promedio de 26 ciclos

Tiempo_(s)	Campo_(V.s)	Magnetizacion_(V.s)	Campo_(kA/m)	Magnetizacion_(A/m)
0.000000e+00	-5.193207e-09	-3.956740e-09	-3.837146e+01	-2.589846e+02
1.000000e-08	-5.193327e-09	-3.958095e-09	-3.837235e+01	-2.589768e+02
2.000000e-08	-5.193229e-09	-3.958957e-09	-3.837163e+01	-2.589546e+02
3.000000e-08	-5.192862e-09	-3.960225e-09	-3.836891e+01	-2.589174e+02
4.000000e-08	-5.192141e-09	-3.961339e-09	-3.836359e+01	-2.588650e+02
5.000000e-08	-5.190939e-09	-3.960505e-09	-3.835471e+01	-2.587972e+02
6.000000e-08	-5.189176e-09	-3.959468e-09	-3.834168e+01	-2.587138e+02
7.000000e-08	-5.186852e-09	-3.967612e-09	-3.832451e+01	-2.586148e+02
8.000000e-08	-5.183973e-09	-3.983822e-09	-3.830324e+01	-2.585004e+02
9.000000e-08	-5.180570e-09	-3.975707e-09	-3.827809e+01	-2.583707e+02
1.000000e-07	-5.176732e-09	-3.937578e-09	-3.824973e+01	-2.582261e+02
1.100000e-07	-5.172596e-09	-3.924292e-09	-3.821917e+01	-2.580670e+02
1.200000e-07	-5.168247e-09	-3.964087e-09	-3.818703e+01	-2.578941e+02
1.300000e-07	-5.163661e-09	-3.987040e-09	-3.815315e+01	-2.577080e+02
1.400000e-07	-5.158757e-09	-3.943443e-09	-3.811692e+01	-2.575095e+02
1.500000e-07	-5.153476e-09	-3.894418e-09	-3.807790e+01	-2.572995e+02
1.600000e-07	-5.147813e-09	-3.936616e-09	-3.803605e+01	-2.570791e+02
1.700000e-07	-5.141798e-09	-4.015980e-09	-3.799161e+01	-2.568493e+02
1.800000e-07	-5.135440e-09	-4.032289e-09	-3.794463e+01	-2.566113e+02
1.900000e-07	-5.128722e-09	-3.963043e-09	-3.789499e+01	-2.563662e+02
2.000000e-07	-5.121669e-09	-3.920071e-09	-3.784288e+01	-2.561154e+02
2.100000e-07	-5.114325e-09	-3.949443e-09	-3.778861e+01	-2.558602e+02
2.200000e-07	-5.106703e-09	-3.984423e-09	-3.773230e+01	-2.556019e+02
2.300000e-07	-5.098807e-09	-3.931493e-09	-3.767395e+01	-2.553418e+02
2.400000e-07	-5.090588e-09	-3.826154e-09	-3.761323e+01	-2.550812e+02
2.500000e-07	-5.081955e-09	-3.781221e-09	-3.754944e+01	-2.548216e+02
2.600000e-07	-5.072851e-09	-3.803239e-09	-3.748217e+01	-2.545640e+02
2.700000e-07	-5.063224e-09	-3.785172e-09	-3.741104e+01	-2.543099e+02
2.800000e-07	-5.053090e-09	-3.702986e-09	-3.733616e+01	-2.540602e+02
2.900000e-07	-5.042454e-09	-3.675039e-09	-3.725757e+01	-2.538161e+02
3.000000e-07	-5.031277e-09	-3.725513e-09	-3.717498e+01	-2.535785e+02
3.100000e-07	-5.019645e-09	-3.744705e-09	-3.708904e+01	-2.533484e+02
3.200000e-07	-5.007661e-09	-3.694965e-09	-3.700049e+01	-2.531264e+02
3.300000e-07	-4.995343e-09	-3.690466e-09	-3.690948e+01	-2.529131e+02
3.400000e-07	-4.982666e-09	-3.752908e-09	-3.681581e+01	-2.527091e+02
3.500000e-07	-4.969596e-09	-3.788127e-09	-3.671924e+01	-2.525146e+02
3.600000e-07	-4.956162e-09	-3.749909e-09	-3.661998e+01	-2.523299e+02
3.700000e-07	-4.942384e-09	-3.719749e-09	-3.651817e+01	-2.521549e+02
3.800000e-07	-4.928187e-09	-3.720577e-09	-3.641327e+01	-2.519895e+02
3.900000e-07	-4.913513e-09	-3.745536e-09	-3.630485e+01	-2.518334e+02
4.000000e-07	-4.898334e-09	-3.760168e-09	-3.619270e+01	-2.516862e+02
4.100000e-07	-4.882620e-09	-3.743514e-09	-3.607659e+01	-2.515471e+02
4.200000e-07	-4.866458e-09	-3.708149e-09	-3.595717e+01	-2.514155e+02
4.300000e-07	-4.849921e-09	-3.740961e-09	-3.583498e+01	-2.512904e+02
4.400000e-07	-4.833036e-09	-3.814930e-09	-3.571023e+01	-2.511709e+02
4.500000e-07	-4.815875e-09	-3.812904e-09	-3.558342e+01	-2.510556e+02
4.600000e-07	-4.798450e-09	-3.760049e-09	-3.545467e+01	-2.509433e+02
4.700000e-07	-4.780735e-09	-3.788266e-09	-3.532378e+01	-2.508326e+02
4.800000e-07	-4.762696e-09	-3.856554e-09	-3.519049e+01	-2.507221e+02
4.900000e-07	-4.744304e-09	-3.839546e-09	-3.505460e+01	-2.506102e+02
5.000000e-07	-4.725539e-09	-3.785222e-09	-3.491595e+01	-2.504952e+02
5.100000e-07	-4.706391e-09	-3.796551e-09	-3.477447e+01	-2.503755e+02
5.200000e-07	-4.686906e-09	-3.833102e-09	-3.463050e+01	-2.502495e+02
5.300000e-07	-4.667182e-09	-3.819444e-09	-3.448476e+01	-2.501154e+02
5.400000e-07	-4.647269e-09	-3.787332e-09	-3.433763e+01	-2.499716e+02
5.500000e-07	-4.627146e-09	-3.777264e-09	-3.418895e+01	-2.498165e+02
5.600000e-07	-4.606771e-09	-3.788455e-09	-3.403840e+01	-2.496484e+02
5.700000e-07	-4.586087e-09	-3.799744e-09	-3.388557e+01	-2.494658e+02
5.800000e-07	-4.565056e-09	-3.792989e-09	-3.373018e+01	-2.492674e+02
5.900000e-07	-4.543700e-09	-3.760165e-09	-3.357238e+01	-2.490517e+02
6.000000e-07	-4.522059e-09	-3.747249e-09	-3.341248e+01	-2.488174e+02
6.100000e-07	-4.500138e-09	-3.767777e-09	-3.325051e+01	-2.485636e+02
6.200000e-07	-4.477918e-09	-3.771732e-09	-3.308633e+01	-2.482893e+02
6.300000e-07	-4.455382e-09	-3.735384e-09	-3.291982e+01	-2.479935e+02
6.400000e-07	-4.432505e-09	-3.718630e-09	-3.275078e+01	-2.476756e+02
6.500000e-07	-4.409279e-09	-3.739580e-09	-3.257917e+01	-2.473351e+02
6.600000e-07	-4.385752e-09	-3.748693e-09	-3.240534e+01	-2.469717e+02
6.700000e-07	-4.361991e-09	-3.722548e-09	-3.222977e+01	-2.465852e+02
6.800000e-07	-4.338024e-09	-3.702153e-09	-3.205268e+01	-2.461755e+02
6.900000e-07	-4.313840e-09	-3.705322e-09	-3.187399e+01	-2.457428e+02
7.000000e-07	-4.289396e-09	-3.711332e-09	-3.169338e+01	-2.452875e+02
7.100000e-07	-4.264620e-09	-3.701306e-09	-3.151032e+01	-2.448100e+02
7.200000e-07	-4.239436e-09	-3.683607e-09	-3.132424e+01	-2.443109e+02
7.300000e-07	-4.213803e-09	-3.675843e-09	-3.113484e+01	-2.437910e+02
7.400000e-07	-4.187699e-09	-3.681359e-09	-3.094196e+01	-2.432512e+02
7.500000e-07	-4.161114e-09	-3.681962e-09	-3.074553e+01	-2.426925e+02
7.600000e-07	-4.134091e-09	-3.665645e-09	-3.054586e+01	-2.421161e+02
7.700000e-07	-4.106711e-09	-3.646981e-09	-3.034356e+01	-2.415231e+02
7.800000e-07	-4.079066e-09	-3.642260e-09	-3.013930e+01	-2.409148e+02
7.900000e-07	-4.051227e-09	-3.643179e-09	-2.993360e+01	-2.402927e+02
8.000000e-07	-4.023217e-09	-3.630469e-09	-2.972665e+01	-2.396579e+02
8.100000e-07	-3.995019e-09	-3.611153e-09	-2.951829e+01	-2.390121e+02
8.200000e-07	-3.966582e-09	-3.604738e-09	-2.930818e+01	-2.383564e+02
8.300000e-07	-3.937859e-09	-3.608514e-09	-2.909595e+01	-2.376924e+02
8.400000e-07	-3.908837e-09	-3.600897e-09	-2.888151e+01	-2.370214e+02
8.500000e-07	-3.879521e-09	-3.583728e-09	-2.866491e+01	-2.363446e+02
8.600000e-07	-3.849940e-09	-3.572701e-09	-2.844634e+01	-2.356633e+02
8.700000e-07	-3.820122e-09	-3.570547e-09	-2.822601e+01	-2.349785e+02
8.800000e-07	-3.790079e-09	-3.562224e-09	-2.800404e+01	-2.342914e+02
8.900000e-07	-3.759814e-09	-3.545501e-09	-2.778041e+01	-2.336028e+02
9.000000e-07	-3.729293e-09	-3.529991e-09	-2.755490e+01	-2.329134e+02
9.100000e-07	-3.698515e-09	-3.521842e-09	-2.732749e+01	-2.322239e+02
9.200000e-07	-3.667477e-09	-3.514106e-09	-2.709816e+01	-2.315348e+02
9.300000e-07	-3.636181e-09	-3.501746e-09	-2.686692e+01	-2.308463e+02
9.400000e-07	-3.604661e-09	-3.486712e-09	-2.663402e+01	-2.301586e+02
9.500000e-07	-3.572970e-09	-3.477959e-09	-2.639986e+01	-2.294717e+02
9.600000e-07	-3.541127e-09	-3.473434e-09	-2.616458e+01	-2.287854e+02
9.700000e-07	-3.509103e-09	-3.463277e-09	-2.592796e+01	-2.280992e+02
9.800000e-07	-3.476877e-09	-3.446974e-09	-2.568985e+01	-2.274127e+02
9.900000e-07	-3.444434e-09	-3.434206e-09	-2.545014e+01	-2.267252e+02
1.000000e-06	-3.411755e-09	-3.426645e-09	-2.520868e+01	-2.260357e+02
1.010000e-06	-3.378779e-09	-3.415917e-09	-2.496503e+01	-2.253433e+02
1.020000e-06	-3.345445e-09	-3.399405e-09	-2.471873e+01	-2.246468e+02
1.030000e-06	-3.311689e-09	-3.385141e-09	-2.446931e+01	-2.239450e+02
1.040000e-06	-3.277513e-09	-3.377960e-09	-2.421680e+01	-2.232365e+02
1.050000e-06	-3.242967e-09	-3.370806e-09	-2.396155e+01	-2.225197e+02
1.060000e-06	-3.208070e-09	-3.356935e-09	-2.370370e+01	-2.217932e+02
1.070000e-06	-3.172867e-09	-3.340682e-09	-2.344360e+01	-2.210553e+02
1.080000e-06	-3.137407e-09	-3.329863e-09	-2.318159e+01	-2.203044e+02
1.090000e-06	-3.101754e-09	-3.321461e-09	-2.291815e+01	-2.195387e+02
1.100000e-06	-3.065964e-09	-3.308245e-09	-2.265371e+01	-2.187567e+02
1.110000e-06	-3.030056e-09	-3.290792e-09	-2.238839e+01	-2.179566e+02
1.120000e-06	-2.994030e-09	-3.276508e-09	-2.212220e+01	-2.171367e+02
1.130000e-06	-2.957881e-09	-3.266204e-09	-2.185510e+01	-2.162956e+02
1.140000e-06	-2.921576e-09	-3.255135e-09	-2.158685e+01	-2.154318e+02
1.150000e-06	-2.885078e-09	-3.239136e-09	-2.131718e+01	-2.145436e+02
1.160000e-06	-2.848385e-09	-3.221281e-09	-2.104606e+01	-2.136300e+02
1.170000e-06	-2.811478e-09	-3.205954e-09	-2.077337e+01	-2.126896e+02
1.180000e-06	-2.774352e-09	-3.192547e-09	-2.049905e+01	-2.117214e+02
1.190000e-06	-2.737002e-09	-3.175315e-09	-2.022308e+01	-2.107244e+02
1.200000e-06	-2.699431e-09	-3.155586e-09	-1.994547e+01	-2.096979e+02
1.210000e-06	-2.661663e-09	-3.138845e-09	-1.966642e+01	-2.086413e+02
1.220000e-06	-2.623713e-09	-3.125253e-09	-1.938601e+01	-2.075540e+02
1.230000e-06	-2.585577e-09	-3.110181e-09	-1.910423e+01	-2.064358e+02
1.240000e-06	-2.547278e-09	-3.091669e-09	-1.882125e+01	-2.052865e+02
1.250000e-06	-2.508819e-09	-3.073700e-09	-1.853709e+01	-2.041062e+02
1.260000e-06	-2.470177e-09	-3.057914e-09	-1.825157e+01	-2.028950e+02
1.270000e-06	-2.431359e-09	-3.040569e-09	-1.796475e+01	-2.016532e+02
1.280000e-06	-2.392350e-09	-3.020248e-09	-1.767652e+01	-2.003812e+02
1.290000e-06	-2.353164e-09	-2.998964e-09	-1.738699e+01	-1.990797e+02
1.300000e-06	-2.313836e-09	-2.978478e-09	-1.709640e+01	-1.977493e+02
1.310000e-06	-2.274385e-09	-2.959254e-09	-1.680490e+01	-1.963908e+02
1.320000e-06	-2.234817e-09	-2.940573e-09	-1.651254e+01	-1.950050e+02
1.330000e-06	-2.195122e-09	-2.919221e-09	-1.621924e+01	-1.935928e+02
1.340000e-06	-2.155324e-09	-2.895711e-09	-1.592518e+01	-1.921552e+02
1.350000e-06	-2.115439e-09	-2.874422e-09	-1.563048e+01	-1.906930e+02
1.360000e-06	-2.075468e-09	-2.855598e-09	-1.533514e+01	-1.892073e+02
1.370000e-06	-2.035408e-09	-2.834907e-09	-1.503915e+01	-1.876988e+02
1.380000e-06	-1.995244e-09	-2.810697e-09	-1.474239e+01	-1.861684e+02
1.390000e-06	-1.954971e-09	-2.786267e-09	-1.444482e+01	-1.846168e+02
1.400000e-06	-1.914573e-09	-2.762337e-09	-1.414633e+01	-1.830446e+02
1.410000e-06	-1.874036e-09	-2.737734e-09	-1.384680e+01	-1.814523e+02
1.420000e-06	-1.833353e-09	-2.712092e-09	-1.354621e+01	-1.798402e+02
1.430000e-06	-1.792496e-09	-2.686323e-09	-1.324433e+01	-1.782085e+02
1.440000e-06	-1.751441e-09	-2.660933e-09	-1.294098e+01	-1.765570e+02
1.450000e-06	-1.710188e-09	-2.636090e-09	-1.263617e+01	-1.748855e+02
1.460000e-06	-1.668760e-09	-2.610360e-09	-1.233007e+01	-1.731935e+02
1.470000e-06	-1.627135e-09	-2.583086e-09	-1.202251e+01	-1.714802e+02
1.480000e-06	-1.585277e-09	-2.555091e-09	-1.171324e+01	-1.697445e+02
1.490000e-06	-1.543201e-09	-2.526936e-09	-1.140234e+01	-1.679853e+02
1.500000e-06	-1.500924e-09	-2.498014e-09	-1.108997e+01	-1.662008e+02
1.510000e-06	-1.458452e-09	-2.469444e-09	-1.077615e+01	-1.643892e+02
1.520000e-06	-1.415794e-09	-2.442453e-09	-1.046097e+01	-1.625485e+02
1.530000e-06	-1.372995e-09	-2.416963e-09	-1.014473e+01	-1.606762e+02
1.540000e-06	-1.330071e-09	-2.391185e-09	-9.827575e+00	-1.587696e+02
1.550000e-06	-1.287012e-09	-2.362695e-09	-9.509423e+00	-1.568258e+02
1.560000e-06	-1.243829e-09	-2.331121e-09	-9.190355e+00	-1.548418e+02
1.570000e-06	-1.200544e-09	-2.297670e-09	-8.870534e+00	-1.528140e+02
1.580000e-06	-1.157175e-09	-2.262965e-09	-8.550086e+00	-1.507389e+02
1.590000e-06	-1.113697e-09	-2.227118e-09	-8.228837e+00	-1.486128e+02
1.600000e-06	-1.070130e-09	-2.190895e-09	-7.906935e+00	-1.464317e+02
1.610000e-06	-1.026500e-09	-2.155180e-09	-7.584557e+00	-1.441916e+02
1.620000e-06	-9.828111e-10	-2.118438e-09	-7.261751e+00	-1.418884e+02
1.630000e-06	-9.390949e-10	-2.080066e-09	-6.938741e+00	-1.395179e+02
1.640000e-06	-8.953421e-10	-2.042575e-09	-6.615460e+00	-1.370758e+02
1.650000e-06	-8.515368e-10	-2.006276e-09	-6.291792e+00	-1.345581e+02
1.660000e-06	-8.077049e-10	-1.968620e-09	-5.967927e+00	-1.319604e+02
1.670000e-06	-7.638552e-10	-1.928063e-09	-5.643930e+00	-1.292788e+02
1.680000e-06	-7.199740e-10	-1.886681e-09	-5.319702e+00	-1.265094e+02
1.690000e-06	-6.760669e-10	-1.846251e-09	-4.995281e+00	-1.236484e+02
1.700000e-06	-6.321389e-10	-1.805241e-09	-4.670705e+00	-1.206922e+02
1.710000e-06	-5.881923e-10	-1.761912e-09	-4.345993e+00	-1.176377e+02
1.720000e-06	-5.442308e-10	-1.717522e-09	-4.021170e+00	-1.144817e+02
1.730000e-06	-5.002513e-10	-1.673353e-09	-3.696215e+00	-1.112216e+02
1.740000e-06	-4.562522e-10	-1.627387e-09	-3.371115e+00	-1.078550e+02
1.750000e-06	-4.122431e-10	-1.577077e-09	-3.045940e+00	-1.043801e+02
1.760000e-06	-3.682154e-10	-1.524396e-09	-2.720629e+00	-1.007954e+02
1.770000e-06	-3.241562e-10	-1.471544e-09	-2.395084e+00	-9.709964e+01
1.780000e-06	-2.800827e-10	-1.417571e-09	-2.069434e+00	-9.329239e+01
1.790000e-06	-2.359983e-10	-1.360244e-09	-1.743704e+00	-8.937349e+01
1.800000e-06	-1.919078e-10	-1.299310e-09	-1.417928e+00	-8.534337e+01
1.810000e-06	-1.478280e-10	-1.238153e-09	-1.092232e+00	-8.120295e+01
1.820000e-06	-1.037566e-10	-1.178281e-09	-7.665975e-01	-7.695370e+01
1.830000e-06	-5.968937e-11	-1.116673e-09	-4.409940e-01	-7.259761e+01
1.840000e-06	-1.562391e-11	-1.051442e-09	-1.154036e-01	-6.813723e+01
1.850000e-06	2.844201e-11	-9.837797e-10	2.101901e-01	-6.357563e+01
1.860000e-06	7.250152e-11	-9.143037e-10	5.357364e-01	-5.891641e+01
1.870000e-06	1.165546e-10	-8.426678e-10	8.612353e-01	-5.416370e+01
1.880000e-06	1.606110e-10	-7.693938e-10	1.186759e+00	-4.932211e+01
1.890000e-06	2.046734e-10	-6.938544e-10	1.512327e+00	-4.439674e+01
1.900000e-06	2.487324e-10	-6.160708e-10	1.837870e+00	-3.939315e+01
1.910000e-06	2.927913e-10	-5.380609e-10	2.163412e+00	-3.431734e+01
1.920000e-06	3.368422e-10	-4.608701e-10	2.488895e+00	-2.917568e+01
1.930000e-06	3.808759e-10	-3.819036e-10	2.814251e+00	-2.397494e+01
1.940000e-06	4.248966e-10	-3.004866e-10	3.139511e+00	-1.872218e+01
1.950000e-06	4.688909e-10	-2.196911e-10	3.464577e+00	-1.342479e+01
1.960000e-06	5.128534e-10	-1.392020e-10	3.789406e+00	-8.090376e+00
1.970000e-06	5.567943e-10	-5.724561e-11	4.114077e+00	-2.726757e+00
1.980000e-06	6.007157e-10	2.588613e-11	4.438603e+00	2.658091e+00
1.990000e-06	6.446235e-10	1.091869e-10	4.763029e+00	8.056083e+00
2.000000e-06	6.885218e-10	1.933988e-10	5.087384e+00	1.345907e+01
2.010000e-06	7.324029e-10	2.774545e-10	5.411613e+00	1.885888e+01
2.020000e-06	7.762590e-10	3.605782e-10	5.735657e+00	2.424739e+01
2.030000e-06	8.200881e-10	4.430478e-10	6.059501e+00	2.961655e+01
2.040000e-06	8.638997e-10	5.247242e-10	6.383215e+00	3.495842e+01
2.050000e-06	9.076875e-10	6.060869e-10	6.706754e+00	4.026525e+01
2.060000e-06	9.514326e-10	6.868774e-10	7.029978e+00	4.552949e+01
2.070000e-06	9.951366e-10	7.672728e-10	7.352897e+00	5.074387e+01
2.080000e-06	1.038794e-09	8.484348e-10	7.675472e+00	5.590138e+01
2.090000e-06	1.082381e-09	9.295598e-10	7.997525e+00	6.099536e+01
2.100000e-06	1.125900e-09	1.008335e-09	8.319081e+00	6.601953e+01
2.110000e-06	1.169341e-09	1.083756e-09	8.640053e+00	7.096797e+01
2.120000e-06	1.212675e-09	1.156718e-09	8.960240e+00	7.583521e+01
2.130000e-06	1.255896e-09	1.228163e-09	9.279587e+00	8.061621e+01
2.140000e-06	1.298994e-09	1.297675e-09	9.598034e+00	8.530642e+01
2.150000e-06	1.341952e-09	1.364911e-09	9.915441e+00	8.990173e+01
2.160000e-06	1.384758e-09	1.430219e-09	1.023172e+01	9.439855e+01
2.170000e-06	1.427396e-09	1.492823e-09	1.054676e+01	9.879380e+01
2.180000e-06	1.469874e-09	1.553538e-09	1.086063e+01	1.030849e+02
2.190000e-06	1.512170e-09	1.613141e-09	1.117314e+01	1.072697e+02
2.200000e-06	1.554252e-09	1.669883e-09	1.148407e+01	1.113467e+02
2.210000e-06	1.596120e-09	1.724341e-09	1.179342e+01	1.153147e+02
2.220000e-06	1.637764e-09	1.777228e-09	1.210112e+01	1.191732e+02
2.230000e-06	1.679198e-09	1.827785e-09	1.240727e+01	1.229221e+02
2.240000e-06	1.720434e-09	1.876540e-09	1.271195e+01	1.265615e+02
2.250000e-06	1.761484e-09	1.925347e-09	1.301525e+01	1.300923e+02
2.260000e-06	1.802356e-09	1.973397e-09	1.331725e+01	1.335156e+02
2.270000e-06	1.843048e-09	2.019480e-09	1.361791e+01	1.368329e+02
2.280000e-06	1.883578e-09	2.063849e-09	1.391738e+01	1.400460e+02
2.290000e-06	1.923981e-09	2.106598e-09	1.421591e+01	1.431572e+02
2.300000e-06	1.964252e-09	2.148220e-09	1.451347e+01	1.461690e+02
2.310000e-06	2.004411e-09	2.188800e-09	1.481019e+01	1.490840e+02
2.320000e-06	2.044481e-09	2.227881e-09	1.510626e+01	1.519052e+02
2.330000e-06	2.084461e-09	2.265193e-09	1.540166e+01	1.546357e+02
2.340000e-06	2.124365e-09	2.301093e-09	1.569651e+01	1.572789e+02
2.350000e-06	2.164199e-09	2.336832e-09	1.599083e+01	1.598381e+02
2.360000e-06	2.203950e-09	2.373247e-09	1.628454e+01	1.623169e+02
2.370000e-06	2.243597e-09	2.410333e-09	1.657749e+01	1.647187e+02
2.380000e-06	2.283116e-09	2.447081e-09	1.686948e+01	1.670472e+02
2.390000e-06	2.322480e-09	2.481888e-09	1.716033e+01	1.693059e+02
2.400000e-06	2.361667e-09	2.514392e-09	1.744987e+01	1.714983e+02
2.410000e-06	2.400664e-09	2.545307e-09	1.773802e+01	1.736279e+02
2.420000e-06	2.439457e-09	2.575618e-09	1.802465e+01	1.756981e+02
2.430000e-06	2.478049e-09	2.605669e-09	1.830980e+01	1.777121e+02
2.440000e-06	2.516488e-09	2.635610e-09	1.859381e+01	1.796731e+02
2.450000e-06	2.554775e-09	2.665254e-09	1.887671e+01	1.815840e+02
2.460000e-06	2.592888e-09	2.693981e-09	1.915831e+01	1.834475e+02
2.470000e-06	2.630843e-09	2.722092e-09	1.943876e+01	1.852665e+02
2.480000e-06	2.668640e-09	2.749956e-09	1.971803e+01	1.870433e+02
2.490000e-06	2.706252e-09	2.777371e-09	1.999594e+01	1.887801e+02
2.500000e-06	2.743679e-09	2.803564e-09	2.027248e+01	1.904790e+02
2.510000e-06	2.780915e-09	2.828001e-09	2.054760e+01	1.921419e+02
2.520000e-06	2.817924e-09	2.851857e-09	2.082106e+01	1.937705e+02
2.530000e-06	2.854693e-09	2.875055e-09	2.109273e+01	1.953661e+02
2.540000e-06	2.891246e-09	2.897627e-09	2.136281e+01	1.969300e+02
2.550000e-06	2.927609e-09	2.920887e-09	2.163149e+01	1.984635e+02
2.560000e-06	2.963816e-09	2.944850e-09	2.189902e+01	1.999672e+02
2.570000e-06	2.999901e-09	2.968527e-09	2.216564e+01	2.014421e+02
2.580000e-06	3.035873e-09	2.991467e-09	2.243143e+01	2.028886e+02
2.590000e-06	3.071747e-09	3.013674e-09	2.269650e+01	2.043073e+02
2.600000e-06	3.107520e-09	3.034962e-09	2.296082e+01	2.056984e+02
2.610000e-06	3.143153e-09	3.056018e-09	2.322410e+01	2.070623e+02
2.620000e-06	3.178590e-09	3.076485e-09	2.348594e+01	2.083990e+02
2.630000e-06	3.213759e-09	3.095434e-09	2.374579e+01	2.097085e+02
2.640000e-06	3.248615e-09	3.112415e-09	2.400334e+01	2.109910e+02
2.650000e-06	3.283094e-09	3.129357e-09	2.425809e+01	2.122462e+02
2.660000e-06	3.317149e-09	3.147899e-09	2.450972e+01	2.134743e+02
2.670000e-06	3.350783e-09	3.167877e-09	2.475823e+01	2.146750e+02
2.680000e-06	3.383993e-09	3.187355e-09	2.500361e+01	2.158483e+02
2.690000e-06	3.416827e-09	3.206063e-09	2.524621e+01	2.169941e+02
2.700000e-06	3.449382e-09	3.223312e-09	2.548676e+01	2.181123e+02
2.710000e-06	3.481723e-09	3.237936e-09	2.572572e+01	2.192031e+02
2.720000e-06	3.513872e-09	3.251144e-09	2.596325e+01	2.202664e+02
2.730000e-06	3.545856e-09	3.264174e-09	2.619958e+01	2.213023e+02
2.740000e-06	3.577705e-09	3.278152e-09	2.643491e+01	2.223110e+02
2.750000e-06	3.609413e-09	3.293505e-09	2.666919e+01	2.232927e+02
2.760000e-06	3.640946e-09	3.309113e-09	2.690218e+01	2.242478e+02
2.770000e-06	3.672237e-09	3.324192e-09	2.713338e+01	2.251767e+02
2.780000e-06	3.703241e-09	3.339071e-09	2.736246e+01	2.260798e+02
2.790000e-06	3.733927e-09	3.353751e-09	2.758920e+01	2.269578e+02
2.800000e-06	3.764297e-09	3.367558e-09	2.781359e+01	2.278111e+02
2.810000e-06	3.794415e-09	3.380447e-09	2.803613e+01	2.286406e+02
2.820000e-06	3.824307e-09	3.392166e-09	2.825699e+01	2.294469e+02
2.830000e-06	3.853979e-09	3.402560e-09	2.847623e+01	2.302310e+02
2.840000e-06	3.883427e-09	3.413566e-09	2.869381e+01	2.309937e+02
2.850000e-06	3.912629e-09	3.424973e-09	2.890958e+01	2.317359e+02
2.860000e-06	3.941555e-09	3.435506e-09	2.912331e+01	2.324586e+02
2.870000e-06	3.970196e-09	3.445971e-09	2.933493e+01	2.331628e+02
2.880000e-06	3.998581e-09	3.457641e-09	2.954466e+01	2.338495e+02
2.890000e-06	4.026754e-09	3.469271e-09	2.975282e+01	2.345198e+02
2.900000e-06	4.054752e-09	3.480602e-09	2.995970e+01	2.351746e+02
2.910000e-06	4.082600e-09	3.491465e-09	3.016546e+01	2.358149e+02
2.920000e-06	4.110265e-09	3.501683e-09	3.036987e+01	2.364417e+02
2.930000e-06	4.137682e-09	3.512008e-09	3.057245e+01	2.370561e+02
2.940000e-06	4.164774e-09	3.522509e-09	3.077263e+01	2.376587e+02
2.950000e-06	4.191404e-09	3.531996e-09	3.096939e+01	2.382507e+02
2.960000e-06	4.217490e-09	3.542011e-09	3.116213e+01	2.388326e+02
2.970000e-06	4.243054e-09	3.554476e-09	3.135102e+01	2.394053e+02
2.980000e-06	4.268138e-09	3.567008e-09	3.153635e+01	2.399694e+02
2.990000e-06	4.292804e-09	3.577127e-09	3.171861e+01	2.405255e+02
3.000000e-06	4.317140e-09	3.586832e-09	3.189842e+01	2.410741e+02
3.010000e-06	4.341225e-09	3.596812e-09	3.207638e+01	2.416156e+02
3.020000e-06	4.365104e-09	3.605506e-09	3.225282e+01	2.421503e+02
3.030000e-06	4.388770e-09	3.613346e-09	3.242768e+01	2.426785e+02
3.040000e-06	4.412199e-09	3.621301e-09	3.260079e+01	2.432004e+02
3.050000e-06	4.435324e-09	3.629488e-09	3.277165e+01	2.437160e+02
3.060000e-06	4.458100e-09	3.637431e-09	3.293994e+01	2.442253e+02
3.070000e-06	4.480559e-09	3.644116e-09	3.310589e+01	2.447283e+02
3.080000e-06	4.502711e-09	3.650141e-09	3.326956e+01	2.452247e+02
3.090000e-06	4.524568e-09	3.657363e-09	3.343106e+01	2.457145e+02
3.100000e-06	4.546159e-09	3.665029e-09	3.359059e+01	2.461974e+02
3.110000e-06	4.567441e-09	3.671967e-09	3.374784e+01	2.466729e+02
3.120000e-06	4.588371e-09	3.678797e-09	3.390249e+01	2.471408e+02
3.130000e-06	4.608972e-09	3.685653e-09	3.405470e+01	2.476008e+02
3.140000e-06	4.629289e-09	3.691721e-09	3.420482e+01	2.480523e+02
3.150000e-06	4.649384e-09	3.699314e-09	3.435329e+01	2.484950e+02
3.160000e-06	4.669300e-09	3.708132e-09	3.450045e+01	2.489284e+02
3.170000e-06	4.689016e-09	3.715879e-09	3.464613e+01	2.493522e+02
3.180000e-06	4.708480e-09	3.723035e-09	3.478994e+01	2.497659e+02
3.190000e-06	4.727620e-09	3.730097e-09	3.493136e+01	2.501692e+02
3.200000e-06	4.746363e-09	3.735784e-09	3.506985e+01	2.505616e+02
3.210000e-06	4.764682e-09	3.740731e-09	3.520520e+01	2.509430e+02
3.220000e-06	4.782593e-09	3.746141e-09	3.533755e+01	2.513130e+02
3.230000e-06	4.800145e-09	3.751314e-09	3.546723e+01	2.516715e+02
3.240000e-06	4.817416e-09	3.756236e-09	3.559484e+01	2.520182e+02
3.250000e-06	4.834437e-09	3.762127e-09	3.572061e+01	2.523531e+02
3.260000e-06	4.851190e-09	3.768784e-09	3.584439e+01	2.526762e+02
3.270000e-06	4.867636e-09	3.774415e-09	3.596591e+01	2.529874e+02
3.280000e-06	4.883692e-09	3.779723e-09	3.608454e+01	2.532869e+02
3.290000e-06	4.899300e-09	3.786147e-09	3.619986e+01	2.535749e+02
3.300000e-06	4.914452e-09	3.793280e-09	3.631181e+01	2.538515e+02
3.310000e-06	4.929131e-09	3.801634e-09	3.642028e+01	2.541172e+02
3.320000e-06	4.943383e-09	3.808924e-09	3.652558e+01	2.543721e+02
3.330000e-06	4.957279e-09	3.812767e-09	3.662826e+01	2.546168e+02
3.340000e-06	4.970847e-09	3.816673e-09	3.672851e+01	2.548517e+02
3.350000e-06	4.984067e-09	3.821549e-09	3.682619e+01	2.550773e+02
3.360000e-06	4.996913e-09	3.824266e-09	3.692110e+01	2.552940e+02
3.370000e-06	5.009386e-09	3.826855e-09	3.701326e+01	2.555025e+02
3.380000e-06	5.021512e-09	3.831786e-09	3.710286e+01	2.557033e+02
3.390000e-06	5.033344e-09	3.835674e-09	3.719028e+01	2.558970e+02
3.400000e-06	5.044825e-09	3.837440e-09	3.727511e+01	2.560842e+02
3.410000e-06	5.055847e-09	3.840320e-09	3.735655e+01	2.562654e+02
3.420000e-06	5.066351e-09	3.843695e-09	3.743416e+01	2.564412e+02
3.430000e-06	5.076260e-09	3.846040e-09	3.750738e+01	2.566121e+02
3.440000e-06	5.085564e-09	3.848082e-09	3.757612e+01	2.567786e+02
3.450000e-06	5.094352e-09	3.850252e-09	3.764105e+01	2.569412e+02
3.460000e-06	5.102742e-09	3.853472e-09	3.770304e+01	2.571001e+02
3.470000e-06	5.110841e-09	3.857348e-09	3.776288e+01	2.572558e+02
3.480000e-06	5.118706e-09	3.860606e-09	3.782100e+01	2.574084e+02
3.490000e-06	5.126336e-09	3.863098e-09	3.787737e+01	2.575582e+02
3.500000e-06	5.133668e-09	3.866640e-09	3.793155e+01	2.577053e+02
3.510000e-06	5.140626e-09	3.871141e-09	3.798296e+01	2.578498e+02
3.520000e-06	5.147201e-09	3.874572e-09	3.803154e+01	2.579914e+02
3.530000e-06	5.153426e-09	3.877000e-09	3.807754e+01	2.581302e+02
3.540000e-06	5.159327e-09	3.879659e-09	3.812113e+01	2.582659e+02
3.550000e-06	5.164888e-09	3.881572e-09	3.816222e+01	2.583982e+02
3.560000e-06	5.170088e-09	3.881617e-09	3.820065e+01	2.585267e+02
3.570000e-06	5.174921e-09	3.881568e-09	3.823636e+01	2.586509e+02
3.580000e-06	5.179404e-09	3.882994e-09	3.826948e+01	2.587704e+02
3.590000e-06	5.183600e-09	3.884548e-09	3.830048e+01	2.588845e+02
3.600000e-06	5.187572e-09	3.885627e-09	3.832983e+01	2.589927e+02
3.610000e-06	5.191315e-09	3.887946e-09	3.835749e+01	2.590941e+02
3.620000e-06	5.194761e-09	3.891023e-09	3.838295e+01	2.591881e+02
3.630000e-06	5.197809e-09	3.892209e-09	3.840547e+01	2.592739e+02
3.640000e-06	5.200349e-09	3.891407e-09	3.842424e+01	2.593508e+02
3.650000e-06	5.202320e-09	3.889741e-09	3.843880e+01	2.594179e+02
3.660000e-06	5.203709e-09	3.888530e-09	3.844906e+01	2.594745e+02
3.670000e-06	5.204571e-09	3.888054e-09	3.845543e+01	2.595198e+02
3.680000e-06	5.205024e-09	3.886891e-09	3.845878e+01	2.595532e+02
3.690000e-06	5.205182e-09	3.885944e-09	3.845995e+01	2.595737e+02
3.700000e-06	5.205110e-09	3.887403e-09	3.845941e+01	2.595810e+02
3.710000e-06	5.204782e-09	3.890539e-09	3.845699e+01	2.595743e+02
3.720000e-06	5.204144e-09	3.892478e-09	3.845228e+01	2.595531e+02
3.730000e-06	5.203161e-09	3.892874e-09	3.844501e+01	2.595171e+02
3.740000e-06	5.201812e-09	3.893264e-09	3.843504e+01	2.594659e+02
3.750000e-06	5.200118e-09	3.893838e-09	3.842252e+01	2.593993e+02
3.760000e-06	5.198111e-09	3.888430e-09	3.840770e+01	2.593170e+02
3.770000e-06	5.195786e-09	3.869505e-09	3.839052e+01	2.592192e+02
3.780000e-06	5.193072e-09	3.862326e-09	3.837047e+01	2.591060e+02
3.790000e-06	5.189899e-09	3.899287e-09	3.834702e+01	2.589774e+02
3.800000e-06	5.186291e-09	3.934891e-09	3.832036e+01	2.588339e+02
3.810000e-06	5.182371e-09	3.912792e-09	3.829139e+01	2.586760e+02
3.820000e-06	5.178254e-09	3.875570e-09	3.826097e+01	2.585041e+02
3.830000e-06	5.173885e-09	3.891771e-09	3.822869e+01	2.583190e+02
3.840000e-06	5.169123e-09	3.960985e-09	3.819351e+01	2.581214e+02
3.850000e-06	5.163950e-09	3.964186e-09	3.815529e+01	2.579123e+02
3.860000e-06	5.158422e-09	3.881149e-09	3.811444e+01	2.576927e+02
3.870000e-06	5.152575e-09	3.820147e-09	3.807124e+01	2.574636e+02
3.880000e-06	5.146325e-09	3.865384e-09	3.802506e+01	2.572262e+02
3.890000e-06	5.139500e-09	3.933136e-09	3.797463e+01	2.569816e+02
3.900000e-06	5.132100e-09	3.897274e-09	3.791995e+01	2.567313e+02
3.910000e-06	5.124300e-09	3.809963e-09	3.786232e+01	2.564763e+02
3.920000e-06	5.116188e-09	3.798755e-09	3.780238e+01	2.562182e+02
3.930000e-06	5.107766e-09	3.883831e-09	3.774015e+01	2.559583e+02
3.940000e-06	5.099069e-09	3.901790e-09	3.767589e+01	2.556977e+02
3.950000e-06	5.090109e-09	3.815144e-09	3.760969e+01	2.554380e+02
3.960000e-06	5.080810e-09	3.749700e-09	3.754098e+01	2.551803e+02
3.970000e-06	5.071086e-09	3.818169e-09	3.746913e+01	2.549259e+02
3.980000e-06	5.060956e-09	3.897952e-09	3.739428e+01	2.546758e+02
3.990000e-06	5.050490e-09	3.863041e-09	3.731695e+01	2.544313e+02
4.000000e-06	5.039690e-09	3.804676e-09	3.723716e+01	2.541932e+02
4.010000e-06	5.028499e-09	3.867245e-09	3.715447e+01	2.539625e+02
4.020000e-06	5.016940e-09	3.955145e-09	3.706906e+01	2.537399e+02
4.030000e-06	5.005081e-09	3.930950e-09	3.698143e+01	2.535260e+02
4.040000e-06	4.992875e-09	3.883266e-09	3.689125e+01	2.533213e+02
4.050000e-06	4.980213e-09	3.928642e-09	3.679769e+01	2.531261e+02
4.060000e-06	4.967047e-09	3.977473e-09	3.670041e+01	2.529406e+02
4.070000e-06	4.953345e-09	3.950998e-09	3.659917e+01	2.527649e+02
4.080000e-06	4.939057e-09	3.934500e-09	3.649359e+01	2.525987e+02
4.090000e-06	4.924187e-09	3.945102e-09	3.638372e+01	2.524419e+02
4.100000e-06	4.908859e-09	3.943653e-09	3.627047e+01	2.522940e+02
4.110000e-06	4.893199e-09	3.945139e-09	3.615476e+01	2.521544e+02
4.120000e-06	4.877259e-09	3.959943e-09	3.603698e+01	2.520222e+02
4.130000e-06	4.861062e-09	3.913345e-09	3.591731e+01	2.518966e+02
4.140000e-06	4.844588e-09	3.868070e-09	3.579559e+01	2.517766e+02
4.150000e-06	4.827810e-09	3.909311e-09	3.567161e+01	2.516610e+02
4.160000e-06	4.810711e-09	3.937269e-09	3.554527e+01	2.515485e+02
4.170000e-06	4.793297e-09	3.866724e-09	3.541661e+01	2.514378e+02
4.180000e-06	4.775576e-09	3.851264e-09	3.528567e+01	2.513272e+02
4.190000e-06	4.757538e-09	3.935757e-09	3.515239e+01	2.512154e+02
4.200000e-06	4.739176e-09	3.954322e-09	3.501671e+01	2.511006e+02
4.210000e-06	4.720476e-09	3.878547e-09	3.487854e+01	2.509813e+02
4.220000e-06	4.701422e-09	3.870769e-09	3.473776e+01	2.508558e+02
4.230000e-06	4.682008e-09	3.922554e-09	3.459431e+01	2.507223e+02
4.240000e-06	4.662300e-09	3.916185e-09	3.444870e+01	2.505792e+02
4.250000e-06	4.642404e-09	3.876313e-09	3.430169e+01	2.504249e+02
4.260000e-06	4.622346e-09	3.874325e-09	3.415349e+01	2.502578e+02
4.270000e-06	4.602082e-09	3.881257e-09	3.400376e+01	2.500763e+02
4.280000e-06	4.581529e-09	3.875655e-09	3.385190e+01	2.498791e+02
4.290000e-06	4.560596e-09	3.879654e-09	3.369723e+01	2.496646e+02
4.300000e-06	4.539205e-09	3.870829e-09	3.353917e+01	2.494318e+02
4.310000e-06	4.517287e-09	3.847182e-09	3.337723e+01	2.491794e+02
4.320000e-06	4.494828e-09	3.852204e-09	3.321128e+01	2.489066e+02
4.330000e-06	4.471854e-09	3.874838e-09	3.304153e+01	2.486124e+02
4.340000e-06	4.448451e-09	3.856502e-09	3.286861e+01	2.482961e+02
4.350000e-06	4.424744e-09	3.824762e-09	3.269344e+01	2.479573e+02
4.360000e-06	4.400810e-09	3.830629e-09	3.251660e+01	2.475956e+02
4.370000e-06	4.376672e-09	3.846891e-09	3.233825e+01	2.472108e+02
4.380000e-06	4.352310e-09	3.827946e-09	3.215824e+01	2.468028e+02
4.390000e-06	4.327671e-09	3.803308e-09	3.197619e+01	2.463718e+02
4.400000e-06	4.302720e-09	3.802207e-09	3.179183e+01	2.459182e+02
4.410000e-06	4.277462e-09	3.806941e-09	3.160521e+01	2.454423e+02
4.420000e-06	4.251914e-09	3.798271e-09	3.141644e+01	2.449447e+02
4.430000e-06	4.226091e-09	3.788594e-09	3.122564e+01	2.444264e+02
4.440000e-06	4.200002e-09	3.780482e-09	3.103287e+01	2.438880e+02
4.450000e-06	4.173643e-09	3.773218e-09	3.083811e+01	2.433307e+02
4.460000e-06	4.146978e-09	3.768678e-09	3.064109e+01	2.427556e+02
4.470000e-06	4.119977e-09	3.763647e-09	3.044159e+01	2.421638e+02
4.480000e-06	4.092662e-09	3.750442e-09	3.023977e+01	2.415567e+02
4.490000e-06	4.065098e-09	3.739455e-09	3.003610e+01	2.409355e+02
4.500000e-06	4.037322e-09	3.737909e-09	2.983087e+01	2.403017e+02
4.510000e-06	4.009372e-09	3.733741e-09	2.962435e+01	2.396566e+02
4.520000e-06	3.981258e-09	3.718948e-09	2.941662e+01	2.390017e+02
4.530000e-06	3.952941e-09	3.706986e-09	2.920739e+01	2.383383e+02
4.540000e-06	3.924382e-09	3.704136e-09	2.899638e+01	2.376677e+02
4.550000e-06	3.895534e-09	3.696716e-09	2.878323e+01	2.369914e+02
4.560000e-06	3.866294e-09	3.682314e-09	2.856717e+01	2.363103e+02
4.570000e-06	3.836618e-09	3.673404e-09	2.834791e+01	2.356258e+02
4.580000e-06	3.806498e-09	3.671047e-09	2.812536e+01	2.349389e+02
4.590000e-06	3.775908e-09	3.662360e-09	2.789934e+01	2.342503e+02
4.600000e-06	3.744916e-09	3.648157e-09	2.767034e+01	2.335610e+02
4.610000e-06	3.713581e-09	3.638306e-09	2.743881e+01	2.328715e+02
4.620000e-06	3.681956e-09	3.633152e-09	2.720515e+01	2.321824e+02
4.630000e-06	3.650132e-09	3.624593e-09	2.697001e+01	2.314939e+02
4.640000e-06	3.618148e-09	3.612824e-09	2.673368e+01	2.308061e+02
4.650000e-06	3.586009e-09	3.600854e-09	2.649622e+01	2.301192e+02
4.660000e-06	3.553710e-09	3.590872e-09	2.625756e+01	2.294328e+02
4.670000e-06	3.521205e-09	3.582315e-09	2.601739e+01	2.287467e+02
4.680000e-06	3.488460e-09	3.572317e-09	2.577544e+01	2.280602e+02
4.690000e-06	3.455461e-09	3.557879e-09	2.553162e+01	2.273727e+02
4.700000e-06	3.422222e-09	3.544809e-09	2.528603e+01	2.266834e+02
4.710000e-06	3.388772e-09	3.537370e-09	2.503887e+01	2.259913e+02
4.720000e-06	3.355113e-09	3.529707e-09	2.479017e+01	2.252951e+02
4.730000e-06	3.321238e-09	3.514987e-09	2.453988e+01	2.245937e+02
4.740000e-06	3.287147e-09	3.499757e-09	2.428798e+01	2.238857e+02
4.750000e-06	3.252827e-09	3.490142e-09	2.403440e+01	2.231696e+02
4.760000e-06	3.218254e-09	3.481684e-09	2.377895e+01	2.224438e+02
4.770000e-06	3.183415e-09	3.467695e-09	2.352153e+01	2.217068e+02
4.780000e-06	3.148321e-09	3.451291e-09	2.326223e+01	2.209569e+02
4.790000e-06	3.112990e-09	3.438177e-09	2.300118e+01	2.201924e+02
4.800000e-06	3.077439e-09	3.427864e-09	2.273850e+01	2.194116e+02
4.810000e-06	3.041723e-09	3.415501e-09	2.247460e+01	2.186128e+02
4.820000e-06	3.005884e-09	3.399997e-09	2.220979e+01	2.177945e+02
4.830000e-06	2.969937e-09	3.385452e-09	2.194419e+01	2.169550e+02
4.840000e-06	2.933902e-09	3.373794e-09	2.167793e+01	2.160928e+02
4.850000e-06	2.897761e-09	3.362070e-09	2.141089e+01	2.152065e+02
4.860000e-06	2.861495e-09	3.346641e-09	2.114293e+01	2.142947e+02
4.870000e-06	2.825078e-09	3.328911e-09	2.087385e+01	2.133563e+02
4.880000e-06	2.788461e-09	3.313510e-09	2.060330e+01	2.123902e+02
4.890000e-06	2.751591e-09	3.301324e-09	2.033088e+01	2.113954e+02
4.900000e-06	2.714413e-09	3.286209e-09	2.005617e+01	2.103711e+02
4.910000e-06	2.676886e-09	3.268102e-09	1.977890e+01	2.093167e+02
4.920000e-06	2.639010e-09	3.251524e-09	1.949904e+01	2.082317e+02
4.930000e-06	2.600801e-09	3.236783e-09	1.921672e+01	2.071157e+02
4.940000e-06	2.562242e-09	3.220504e-09	1.893182e+01	2.059688e+02
4.950000e-06	2.523374e-09	3.201792e-09	1.864463e+01	2.047907e+02
4.960000e-06	2.484257e-09	3.183133e-09	1.835561e+01	2.035817e+02
4.970000e-06	2.444918e-09	3.166192e-09	1.806494e+01	2.023422e+02
4.980000e-06	2.405396e-09	3.149548e-09	1.777292e+01	2.010724e+02
4.990000e-06	2.365737e-09	3.131746e-09	1.747989e+01	1.997731e+02
5.000000e-06	2.325954e-09	3.113180e-09	1.718594e+01	1.984448e+02
5.010000e-06	2.286062e-09	3.095337e-09	1.689119e+01	1.970883e+02
5.020000e-06	2.246088e-09	3.077527e-09	1.659583e+01	1.957045e+02
5.030000e-06	2.206036e-09	3.059186e-09	1.629989e+01	1.942943e+02
5.040000e-06	2.165893e-09	3.040796e-09	1.600329e+01	1.928585e+02
5.050000e-06	2.125646e-09	3.021551e-09	1.570590e+01	1.913982e+02
5.060000e-06	2.085292e-09	3.000312e-09	1.540774e+01	1.899141e+02
5.070000e-06	2.044809e-09	2.978096e-09	1.510862e+01	1.884073e+02
5.080000e-06	2.004199e-09	2.956355e-09	1.480856e+01	1.868785e+02
5.090000e-06	1.963468e-09	2.935294e-09	1.450761e+01	1.853284e+02
5.100000e-06	1.922597e-09	2.914637e-09	1.420562e+01	1.837577e+02
5.110000e-06	1.881579e-09	2.892350e-09	1.390255e+01	1.821669e+02
5.120000e-06	1.840408e-09	2.867992e-09	1.359834e+01	1.805563e+02
5.130000e-06	1.799095e-09	2.843636e-09	1.329309e+01	1.789260e+02
5.140000e-06	1.757669e-09	2.819268e-09	1.298701e+01	1.772760e+02
5.150000e-06	1.716116e-09	2.792460e-09	1.267998e+01	1.756060e+02
5.160000e-06	1.674428e-09	2.763375e-09	1.237195e+01	1.739155e+02
5.170000e-06	1.632619e-09	2.734857e-09	1.206304e+01	1.722038e+02
5.180000e-06	1.590690e-09	2.708235e-09	1.175323e+01	1.704698e+02
5.190000e-06	1.548664e-09	2.680780e-09	1.144271e+01	1.687123e+02
5.200000e-06	1.506557e-09	2.649803e-09	1.113159e+01	1.669297e+02
5.210000e-06	1.464342e-09	2.617849e-09	1.081968e+01	1.651202e+02
5.220000e-06	1.422028e-09	2.587081e-09	1.050703e+01	1.632817e+02
5.230000e-06	1.379625e-09	2.557445e-09	1.019372e+01	1.614118e+02
5.240000e-06	1.337119e-09	2.526505e-09	9.879651e+00	1.595078e+02
5.250000e-06	1.294522e-09	2.492730e-09	9.564912e+00	1.575669e+02
5.260000e-06	1.251844e-09	2.458658e-09	9.249569e+00	1.555859e+02
5.270000e-06	1.209070e-09	2.425583e-09	8.933528e+00	1.535614e+02
5.280000e-06	1.166207e-09	2.392867e-09	8.616823e+00	1.514899e+02
5.290000e-06	1.123259e-09	2.359467e-09	8.299486e+00	1.493677e+02
5.300000e-06	1.080211e-09	2.326637e-09	7.981416e+00	1.471908e+02
5.310000e-06	1.037086e-09	2.294763e-09	7.662772e+00	1.449552e+02
5.320000e-06	9.939066e-10	2.261733e-09	7.343732e+00	1.426567e+02
5.330000e-06	9.506668e-10	2.225655e-09	7.024243e+00	1.402913e+02
5.340000e-06	9.073487e-10	2.187045e-09	6.704175e+00	1.378546e+02
5.350000e-06	8.639560e-10	2.147566e-09	6.383556e+00	1.353425e+02
5.360000e-06	8.204957e-10	2.107128e-09	6.062437e+00	1.327508e+02
5.370000e-06	7.769807e-10	2.064349e-09	5.740914e+00	1.300755e+02
5.380000e-06	7.334197e-10	2.019049e-09	5.419051e+00	1.273127e+02
5.390000e-06	6.898018e-10	1.971617e-09	5.096768e+00	1.244585e+02
5.400000e-06	6.461533e-10	1.923160e-09	4.774258e+00	1.215095e+02
5.410000e-06	6.024886e-10	1.875219e-09	4.451630e+00	1.184623e+02
5.420000e-06	5.587819e-10	1.825997e-09	4.128690e+00	1.153138e+02
5.430000e-06	5.150269e-10	1.773637e-09	3.805394e+00	1.120615e+02
5.440000e-06	4.712401e-10	1.719247e-09	3.481861e+00	1.087029e+02
5.450000e-06	4.274281e-10	1.665020e-09	3.158144e+00	1.052360e+02
5.460000e-06	3.835838e-10	1.610521e-09	2.834186e+00	1.016593e+02
5.470000e-06	3.397090e-10	1.553711e-09	2.510005e+00	9.797182e+01
5.480000e-06	2.958197e-10	1.494373e-09	2.185715e+00	9.417280e+01
5.490000e-06	2.519232e-10	1.432696e-09	1.861373e+00	9.026213e+01
5.500000e-06	2.080248e-10	1.369813e-09	1.537016e+00	8.624019e+01
5.510000e-06	1.641183e-10	1.307170e-09	1.212601e+00	8.210787e+01
5.520000e-06	1.202089e-10	1.243402e-09	8.881625e-01	7.786659e+01
5.530000e-06	7.630745e-11	1.176283e-09	5.637836e-01	7.351832e+01
5.540000e-06	3.240513e-11	1.107766e-09	2.393981e-01	6.906555e+01
5.550000e-06	-1.150812e-11	1.040194e-09	-8.506829e-02	6.451131e+01
5.560000e-06	-5.543273e-11	9.707837e-10	-4.096185e-01	5.985918e+01
5.570000e-06	-9.935344e-11	8.969818e-10	-7.341396e-01	5.511324e+01
5.580000e-06	-1.432692e-10	8.216990e-10	-1.058624e+00	5.027806e+01
5.590000e-06	-1.871865e-10	7.472229e-10	-1.383120e+00	4.535871e+01
5.600000e-06	-2.310944e-10	6.714785e-10	-1.707548e+00	4.036073e+01
5.610000e-06	-2.749914e-10	5.932543e-10	-2.031894e+00	3.529006e+01
5.620000e-06	-3.188766e-10	5.132452e-10	-2.356153e+00	3.015307e+01
5.630000e-06	-3.627503e-10	4.331660e-10	-2.680326e+00	2.495648e+01
5.640000e-06	-4.066190e-10	3.529718e-10	-3.004463e+00	1.970736e+01
5.650000e-06	-4.504665e-10	2.717037e-10	-3.328444e+00	1.441304e+01
5.660000e-06	-4.942831e-10	1.899731e-10	-3.652196e+00	9.081132e+00
5.670000e-06	-5.380700e-10	1.070468e-10	-3.975728e+00	3.719436e+00
5.680000e-06	-5.818261e-10	2.306326e-11	-4.299032e+00	-1.664081e+00
5.690000e-06	-6.255586e-10	-6.026791e-11	-4.622163e+00	-7.061340e+00
5.700000e-06	-6.692579e-10	-1.427628e-10	-4.945047e+00	-1.246420e+01
5.710000e-06	-7.129161e-10	-2.250357e-10	-5.267629e+00	-1.786448e+01
5.720000e-06	-7.565335e-10	-3.078955e-10	-5.589908e+00	-2.325407e+01
5.730000e-06	-8.001045e-10	-3.911745e-10	-5.911845e+00	-2.862488e+01
5.740000e-06	-8.436387e-10	-4.747669e-10	-6.233509e+00	-3.396900e+01
5.750000e-06	-8.871211e-10	-5.580761e-10	-6.554791e+00	-3.927864e+01
5.760000e-06	-9.305264e-10	-6.391626e-10	-6.875503e+00	-4.454624e+01
5.770000e-06	-9.738700e-10	-7.195326e-10	-7.195759e+00	-4.976451e+01
5.780000e-06	-1.017124e-09	-8.007567e-10	-7.515353e+00	-5.492641e+01
5.790000e-06	-1.060263e-09	-8.807770e-10	-7.834096e+00	-6.002528e+01
5.800000e-06	-1.103306e-09	-9.576328e-10	-8.152133e+00	-6.505478e+01
5.810000e-06	-1.146272e-09	-1.032841e-09	-8.469597e+00	-7.000897e+01
5.820000e-06	-1.189149e-09	-1.109224e-09	-8.786410e+00	-7.488236e+01
5.830000e-06	-1.231917e-09	-1.186247e-09	-9.102411e+00	-7.966987e+01
5.840000e-06	-1.274580e-09	-1.260101e-09	-9.417639e+00	-8.436690e+01
5.850000e-06	-1.317139e-09	-1.330518e-09	-9.732097e+00	-8.896933e+01
5.860000e-06	-1.359611e-09	-1.400817e-09	-1.004591e+01	-9.347352e+01
5.870000e-06	-1.402003e-09	-1.471394e-09	-1.035913e+01	-9.787634e+01
5.880000e-06	-1.444310e-09	-1.539065e-09	-1.067174e+01	-1.021752e+02
5.890000e-06	-1.486530e-09	-1.603276e-09	-1.098369e+01	-1.063679e+02
5.900000e-06	-1.528658e-09	-1.667200e-09	-1.129496e+01	-1.104529e+02
5.910000e-06	-1.570697e-09	-1.730686e-09	-1.160558e+01	-1.144290e+02
5.920000e-06	-1.612634e-09	-1.791789e-09	-1.191544e+01	-1.182956e+02
5.930000e-06	-1.654447e-09	-1.849221e-09	-1.222439e+01	-1.220525e+02
5.940000e-06	-1.696140e-09	-1.905467e-09	-1.253245e+01	-1.257000e+02
5.950000e-06	-1.737724e-09	-1.962730e-09	-1.283971e+01	-1.292388e+02
5.960000e-06	-1.779176e-09	-2.018215e-09	-1.314599e+01	-1.326699e+02
5.970000e-06	-1.820497e-09	-2.069869e-09	-1.345130e+01	-1.359950e+02
5.980000e-06	-1.861677e-09	-2.121573e-09	-1.375556e+01	-1.392158e+02
5.990000e-06	-1.902692e-09	-2.174606e-09	-1.405862e+01	-1.423344e+02
6.000000e-06	-1.943546e-09	-2.225090e-09	-1.436048e+01	-1.453534e+02
6.010000e-06	-1.984243e-09	-2.271615e-09	-1.466118e+01	-1.482754e+02
6.020000e-06	-2.024787e-09	-2.316249e-09	-1.496075e+01	-1.511035e+02
6.030000e-06	-2.065198e-09	-2.361034e-09	-1.525934e+01	-1.538406e+02
6.040000e-06	-2.105491e-09	-2.405799e-09	-1.555706e+01	-1.564901e+02
6.050000e-06	-2.145678e-09	-2.449579e-09	-1.585399e+01	-1.590554e+02
6.060000e-06	-2.185783e-09	-2.491722e-09	-1.615031e+01	-1.615400e+02
6.070000e-06	-2.225818e-09	-2.532379e-09	-1.644613e+01	-1.639473e+02
6.080000e-06	-2.265775e-09	-2.571390e-09	-1.674136e+01	-1.662811e+02
6.090000e-06	-2.305642e-09	-2.609383e-09	-1.703593e+01	-1.685448e+02
6.100000e-06	-2.345412e-09	-2.645581e-09	-1.732978e+01	-1.707421e+02
6.110000e-06	-2.385062e-09	-2.680385e-09	-1.762274e+01	-1.728762e+02
6.120000e-06	-2.424551e-09	-2.715119e-09	-1.791452e+01	-1.749507e+02
6.130000e-06	-2.463849e-09	-2.749384e-09	-1.820488e+01	-1.769687e+02
6.140000e-06	-2.502938e-09	-2.782689e-09	-1.849370e+01	-1.789335e+02
6.150000e-06	-2.541782e-09	-2.814421e-09	-1.878071e+01	-1.808479e+02
6.160000e-06	-2.580331e-09	-2.845385e-09	-1.906554e+01	-1.827149e+02
6.170000e-06	-2.618552e-09	-2.876010e-09	-1.934795e+01	-1.845371e+02
6.180000e-06	-2.656404e-09	-2.904673e-09	-1.962762e+01	-1.863169e+02
6.190000e-06	-2.693886e-09	-2.931705e-09	-1.990457e+01	-1.880566e+02
6.200000e-06	-2.731029e-09	-2.959017e-09	-2.017901e+01	-1.897582e+02
6.210000e-06	-2.767863e-09	-2.985660e-09	-2.045117e+01	-1.914237e+02
6.220000e-06	-2.804442e-09	-3.010166e-09	-2.072144e+01	-1.930547e+02
6.230000e-06	-2.840819e-09	-3.033392e-09	-2.099022e+01	-1.946527e+02
6.240000e-06	-2.877042e-09	-3.056278e-09	-2.125787e+01	-1.962190e+02
6.250000e-06	-2.913143e-09	-3.079035e-09	-2.152461e+01	-1.977546e+02
6.260000e-06	-2.949141e-09	-3.101759e-09	-2.179059e+01	-1.992606e+02
6.270000e-06	-2.985043e-09	-3.124374e-09	-2.205587e+01	-2.007375e+02
6.280000e-06	-3.020833e-09	-3.145859e-09	-2.232031e+01	-2.021861e+02
6.290000e-06	-3.056476e-09	-3.165747e-09	-2.258366e+01	-2.036069e+02
6.300000e-06	-3.091937e-09	-3.185161e-09	-2.284568e+01	-2.050000e+02
6.310000e-06	-3.127165e-09	-3.204400e-09	-2.310597e+01	-2.063659e+02
6.320000e-06	-3.162124e-09	-3.222515e-09	-2.336428e+01	-2.077046e+02
6.330000e-06	-3.196825e-09	-3.239234e-09	-2.362067e+01	-2.090161e+02
6.340000e-06	-3.231294e-09	-3.256252e-09	-2.387536e+01	-2.103006e+02
6.350000e-06	-3.265552e-09	-3.274660e-09	-2.412848e+01	-2.115579e+02
6.360000e-06	-3.299610e-09	-3.293587e-09	-2.438013e+01	-2.127879e+02
6.370000e-06	-3.333463e-09	-3.311897e-09	-2.463026e+01	-2.139907e+02
6.380000e-06	-3.367094e-09	-3.329269e-09	-2.487875e+01	-2.151660e+02
6.390000e-06	-3.400486e-09	-3.345939e-09	-2.512548e+01	-2.163138e+02
6.400000e-06	-3.433608e-09	-3.362737e-09	-2.537021e+01	-2.174341e+02
6.410000e-06	-3.466467e-09	-3.379406e-09	-2.561300e+01	-2.185269e+02
6.420000e-06	-3.499089e-09	-3.394089e-09	-2.585403e+01	-2.195922e+02
6.430000e-06	-3.531480e-09	-3.407396e-09	-2.609336e+01	-2.206302e+02
6.440000e-06	-3.563689e-09	-3.421915e-09	-2.633135e+01	-2.216409e+02
6.450000e-06	-3.595761e-09	-3.437826e-09	-2.656832e+01	-2.226246e+02
6.460000e-06	-3.627680e-09	-3.452171e-09	-2.680417e+01	-2.235817e+02
6.470000e-06	-3.659408e-09	-3.463867e-09	-2.703860e+01	-2.245125e+02
6.480000e-06	-3.690906e-09	-3.476279e-09	-2.727133e+01	-2.254175e+02
6.490000e-06	-3.722118e-09	-3.490530e-09	-2.750195e+01	-2.262973e+02
6.500000e-06	-3.752974e-09	-3.504180e-09	-2.772993e+01	-2.271525e+02
6.510000e-06	-3.783415e-09	-3.515575e-09	-2.795486e+01	-2.279837e+02
6.520000e-06	-3.813402e-09	-3.526274e-09	-2.817642e+01	-2.287917e+02
6.530000e-06	-3.842925e-09	-3.538006e-09	-2.839456e+01	-2.295774e+02
6.540000e-06	-3.872029e-09	-3.549613e-09	-2.860960e+01	-2.303416e+02
6.550000e-06	-3.900764e-09	-3.560645e-09	-2.882192e+01	-2.310853e+02
6.560000e-06	-3.929196e-09	-3.572243e-09	-2.903199e+01	-2.318095e+02
6.570000e-06	-3.957420e-09	-3.583768e-09	-2.924054e+01	-2.325150e+02
6.580000e-06	-3.985485e-09	-3.594856e-09	-2.944790e+01	-2.332030e+02
6.590000e-06	-4.013395e-09	-3.606365e-09	-2.965412e+01	-2.338744e+02
6.600000e-06	-4.041122e-09	-3.617018e-09	-2.985899e+01	-2.345303e+02
6.610000e-06	-4.068609e-09	-3.626447e-09	-3.006208e+01	-2.351716e+02
6.620000e-06	-4.095820e-09	-3.636151e-09	-3.026314e+01	-2.357994e+02
6.630000e-06	-4.122714e-09	-3.646861e-09	-3.046186e+01	-2.364147e+02
6.640000e-06	-4.149276e-09	-3.657037e-09	-3.065812e+01	-2.370182e+02
6.650000e-06	-4.175539e-09	-3.665310e-09	-3.085217e+01	-2.376108e+02
6.660000e-06	-4.201522e-09	-3.673169e-09	-3.104415e+01	-2.381935e+02
6.670000e-06	-4.227229e-09	-3.681997e-09	-3.123409e+01	-2.387668e+02
6.680000e-06	-4.252627e-09	-3.690853e-09	-3.142175e+01	-2.393316e+02
6.690000e-06	-4.277705e-09	-3.698574e-09	-3.160705e+01	-2.398882e+02
6.700000e-06	-4.302490e-09	-3.706064e-09	-3.179018e+01	-2.404373e+02
6.710000e-06	-4.326990e-09	-3.714576e-09	-3.197121e+01	-2.409793e+02
6.720000e-06	-4.351245e-09	-3.723299e-09	-3.215042e+01	-2.415145e+02
6.730000e-06	-4.375319e-09	-3.730752e-09	-3.232830e+01	-2.420432e+02
6.740000e-06	-4.399220e-09	-3.737206e-09	-3.250489e+01	-2.425655e+02
6.750000e-06	-4.422894e-09	-3.744172e-09	-3.267982e+01	-2.430816e+02
6.760000e-06	-4.446252e-09	-3.751288e-09	-3.285240e+01	-2.435913e+02
6.770000e-06	-4.469212e-09	-3.757573e-09	-3.302205e+01	-2.440948e+02
6.780000e-06	-4.491729e-09	-3.763083e-09	-3.318842e+01	-2.445917e+02
6.790000e-06	-4.513749e-09	-3.768208e-09	-3.335113e+01	-2.450820e+02
6.800000e-06	-4.535247e-09	-3.774193e-09	-3.350997e+01	-2.455653e+02
6.810000e-06	-4.556255e-09	-3.781338e-09	-3.366519e+01	-2.460414e+02
6.820000e-06	-4.576862e-09	-3.788462e-09	-3.381745e+01	-2.465099e+02
6.830000e-06	-4.597171e-09	-3.794436e-09	-3.396751e+01	-2.469705e+02
6.840000e-06	-4.617264e-09	-3.799183e-09	-3.411597e+01	-2.474226e+02
6.850000e-06	-4.637166e-09	-3.804215e-09	-3.426302e+01	-2.478660e+02
6.860000e-06	-4.656856e-09	-3.809649e-09	-3.440851e+01	-2.483001e+02
6.870000e-06	-4.676278e-09	-3.814156e-09	-3.455201e+01	-2.487246e+02
6.880000e-06	-4.695358e-09	-3.817763e-09	-3.469299e+01	-2.491391e+02
6.890000e-06	-4.714085e-09	-3.822655e-09	-3.483136e+01	-2.495431e+02
6.900000e-06	-4.732485e-09	-3.828785e-09	-3.496731e+01	-2.499364e+02
6.910000e-06	-4.750583e-09	-3.834403e-09	-3.510103e+01	-2.503187e+02
6.920000e-06	-4.768388e-09	-3.839521e-09	-3.523259e+01	-2.506895e+02
6.930000e-06	-4.785898e-09	-3.844495e-09	-3.536197e+01	-2.510488e+02
6.940000e-06	-4.803064e-09	-3.849975e-09	-3.548880e+01	-2.513964e+02
6.950000e-06	-4.819868e-09	-3.855675e-09	-3.561296e+01	-2.517322e+02
6.960000e-06	-4.836382e-09	-3.861468e-09	-3.573498e+01	-2.520562e+02
6.970000e-06	-4.852647e-09	-3.866423e-09	-3.585516e+01	-2.523683e+02
6.980000e-06	-4.868676e-09	-3.870103e-09	-3.597359e+01	-2.526687e+02
6.990000e-06	-4.884450e-09	-3.873307e-09	-3.609015e+01	-2.529575e+02
7.000000e-06	-4.899864e-09	-3.877328e-09	-3.620404e+01	-2.532350e+02
7.010000e-06	-4.914779e-09	-3.880967e-09	-3.631424e+01	-2.535014e+02
7.020000e-06	-4.929140e-09	-3.883344e-09	-3.642035e+01	-2.537572e+02
7.030000e-06	-4.942924e-09	-3.886706e-09	-3.652219e+01	-2.540026e+02
7.040000e-06	-4.956132e-09	-3.891294e-09	-3.661978e+01	-2.542382e+02
7.050000e-06	-4.968871e-09	-3.895304e-09	-3.671391e+01	-2.544644e+02
7.060000e-06	-4.981245e-09	-3.897985e-09	-3.680533e+01	-2.546818e+02
7.070000e-06	-4.993297e-09	-3.900785e-09	-3.689439e+01	-2.548909e+02
7.080000e-06	-5.005034e-09	-3.902969e-09	-3.698111e+01	-2.550923e+02
7.090000e-06	-5.016410e-09	-3.903565e-09	-3.706516e+01	-2.552865e+02
7.100000e-06	-5.027395e-09	-3.903518e-09	-3.714633e+01	-2.554741e+02
7.110000e-06	-5.038017e-09	-3.905336e-09	-3.722481e+01	-2.556558e+02
7.120000e-06	-5.048315e-09	-3.909660e-09	-3.730090e+01	-2.558319e+02
7.130000e-06	-5.058296e-09	-3.914175e-09	-3.737465e+01	-2.560032e+02
7.140000e-06	-5.067948e-09	-3.917299e-09	-3.744597e+01	-2.561700e+02
7.150000e-06	-5.077238e-09	-3.920198e-09	-3.751460e+01	-2.563328e+02
7.160000e-06	-5.086139e-09	-3.923353e-09	-3.758037e+01	-2.564920e+02
7.170000e-06	-5.094698e-09	-3.926041e-09	-3.764361e+01	-2.566479e+02
7.180000e-06	-5.102978e-09	-3.927814e-09	-3.770479e+01	-2.568007e+02
7.190000e-06	-5.111039e-09	-3.928194e-09	-3.776435e+01	-2.569507e+02
7.200000e-06	-5.118877e-09	-3.928867e-09	-3.782226e+01	-2.570980e+02
7.210000e-06	-5.126436e-09	-3.932101e-09	-3.787812e+01	-2.572426e+02
7.220000e-06	-5.133607e-09	-3.936061e-09	-3.793110e+01	-2.573845e+02
7.230000e-06	-5.140265e-09	-3.937674e-09	-3.798030e+01	-2.575235e+02
7.240000e-06	-5.146364e-09	-3.938382e-09	-3.802536e+01	-2.576594e+02
7.250000e-06	-5.151916e-09	-3.940683e-09	-3.806638e+01	-2.577919e+02
7.260000e-06	-5.156942e-09	-3.943016e-09	-3.810352e+01	-2.579207e+02
7.270000e-06	-5.161530e-09	-3.943029e-09	-3.813742e+01	-2.580452e+02
7.280000e-06	-5.165802e-09	-3.942605e-09	-3.816898e+01	-2.581651e+02
7.290000e-06	-5.169832e-09	-3.943723e-09	-3.819876e+01	-2.582796e+02
7.300000e-06	-5.173632e-09	-3.945381e-09	-3.822683e+01	-2.583882e+02
7.310000e-06	-5.177133e-09	-3.946098e-09	-3.825270e+01	-2.584901e+02
7.320000e-06	-5.180267e-09	-3.946384e-09	-3.827586e+01	-2.585847e+02
7.330000e-06	-5.183029e-09	-3.947695e-09	-3.829626e+01	-2.586711e+02
7.340000e-06	-5.185459e-09	-3.949758e-09	-3.831422e+01	-2.587487e+02
7.350000e-06	-5.187583e-09	-3.950919e-09	-3.832991e+01	-2.588165e+02
7.360000e-06	-5.189406e-09	-3.951750e-09	-3.834338e+01	-2.588740e+02
7.370000e-06	-5.190861e-09	-3.953162e-09	-3.835413e+01	-2.589201e+02
7.380000e-06	-5.191888e-09	-3.954169e-09	-3.836172e+01	-2.589544e+02
7.390000e-06	-5.192565e-09	-3.954254e-09	-3.836672e+01	-2.589759e+02
7.400000e-06	-5.192966e-09	-3.954981e-09	-3.836969e+01	-2.589842e+02
