# Temperatura_=_20.0
# Concentracion g/m^3_=_12600.0
# C_Vs_to_Am_M_A/Vsm_=_65563218390.804596
# pendiente_HvsI_1/m_=_3716.3
# ordenada_HvsI_A/m_=_1297.0
# frecuencia_Hz_=_302063.3294875056

Tiempo_(s)	Campo_(V.s)	Magnetizacion_(V.s)	Campo_(kA/m)	Magnetizacion_(A/m)
0.000000e+00	-6.730216e-06	-3.665077e-09	-4.745099e+01	-2.404858e+02
1.000000e-08	-6.727997e-06	-3.668867e-09	-4.743534e+01	-2.403534e+02
2.000000e-08	-6.723449e-06	-3.666439e-09	-4.740328e+01	-2.401817e+02
3.000000e-08	-6.716829e-06	-3.662121e-09	-4.735660e+01	-2.399730e+02
4.000000e-08	-6.708039e-06	-3.657140e-09	-4.729463e+01	-2.397295e+02
5.000000e-08	-6.696723e-06	-3.650758e-09	-4.721485e+01	-2.394532e+02
6.000000e-08	-6.682890e-06	-3.645018e-09	-4.711732e+01	-2.391461e+02
7.000000e-08	-6.666725e-06	-3.625931e-09	-4.700335e+01	-2.388103e+02
8.000000e-08	-6.648376e-06	-3.609185e-09	-4.687398e+01	-2.384476e+02
9.000000e-08	-6.627849e-06	-3.661695e-09	-4.672925e+01	-2.380604e+02
1.000000e-07	-6.604778e-06	-3.687634e-09	-4.656659e+01	-2.376506e+02
1.100000e-07	-6.578908e-06	-3.643118e-09	-4.638420e+01	-2.372202e+02
1.200000e-07	-6.550518e-06	-3.618070e-09	-4.618404e+01	-2.367710e+02
1.300000e-07	-6.520049e-06	-3.599810e-09	-4.596922e+01	-2.363042e+02
1.400000e-07	-6.487757e-06	-3.536145e-09	-4.574155e+01	-2.358202e+02
1.500000e-07	-6.453633e-06	-3.600114e-09	-4.550096e+01	-2.353187e+02
1.600000e-07	-6.417501e-06	-3.699443e-09	-4.524621e+01	-2.347983e+02
1.700000e-07	-6.379311e-06	-3.534873e-09	-4.497695e+01	-2.342563e+02
1.800000e-07	-6.338978e-06	-3.552334e-09	-4.469259e+01	-2.336891e+02
1.900000e-07	-6.296198e-06	-3.584055e-09	-4.439097e+01	-2.330920e+02
2.000000e-07	-6.251046e-06	-3.513890e-09	-4.407263e+01	-2.324593e+02
2.100000e-07	-6.203572e-06	-3.596514e-09	-4.373792e+01	-2.317850e+02
2.200000e-07	-6.153440e-06	-3.519712e-09	-4.338446e+01	-2.310630e+02
2.300000e-07	-6.100742e-06	-3.456360e-09	-4.301292e+01	-2.302876e+02
2.400000e-07	-6.045697e-06	-3.472001e-09	-4.262482e+01	-2.294536e+02
2.500000e-07	-5.988343e-06	-3.462161e-09	-4.222045e+01	-2.285573e+02
2.600000e-07	-5.928730e-06	-3.495651e-09	-4.180016e+01	-2.275963e+02
2.700000e-07	-5.866990e-06	-3.464328e-09	-4.136486e+01	-2.265698e+02
2.800000e-07	-5.803165e-06	-3.411659e-09	-4.091487e+01	-2.254786e+02
2.900000e-07	-5.737117e-06	-3.396765e-09	-4.044920e+01	-2.243251e+02
3.000000e-07	-5.668887e-06	-3.417687e-09	-3.996815e+01	-2.231126e+02
3.100000e-07	-5.598567e-06	-3.414396e-09	-3.947236e+01	-2.218455e+02
3.200000e-07	-5.526161e-06	-3.343822e-09	-3.896187e+01	-2.205280e+02
3.300000e-07	-5.451606e-06	-3.333450e-09	-3.843623e+01	-2.191643e+02
3.400000e-07	-5.374812e-06	-3.311892e-09	-3.789479e+01	-2.177578e+02
3.500000e-07	-5.295832e-06	-3.291433e-09	-3.733795e+01	-2.163105e+02
3.600000e-07	-5.214810e-06	-3.275612e-09	-3.676671e+01	-2.148231e+02
3.700000e-07	-5.131962e-06	-3.225598e-09	-3.618259e+01	-2.132948e+02
3.800000e-07	-5.047397e-06	-3.201294e-09	-3.558637e+01	-2.117232e+02
3.900000e-07	-4.961164e-06	-3.188205e-09	-3.497839e+01	-2.101048e+02
4.000000e-07	-4.873347e-06	-3.191220e-09	-3.435924e+01	-2.084352e+02
4.100000e-07	-4.783857e-06	-3.162255e-09	-3.372830e+01	-2.067097e+02
4.200000e-07	-4.692595e-06	-3.113810e-09	-3.308486e+01	-2.049239e+02
4.300000e-07	-4.599687e-06	-3.078722e-09	-3.242982e+01	-2.030737e+02
4.400000e-07	-4.505234e-06	-3.065608e-09	-3.176388e+01	-2.011564e+02
4.500000e-07	-4.409183e-06	-3.058765e-09	-3.108668e+01	-1.991700e+02
4.600000e-07	-4.311496e-06	-3.016894e-09	-3.039795e+01	-1.971141e+02
4.700000e-07	-4.212204e-06	-2.968858e-09	-2.969790e+01	-1.949891e+02
4.800000e-07	-4.111406e-06	-2.929139e-09	-2.898722e+01	-1.927962e+02
4.900000e-07	-4.009235e-06	-2.906859e-09	-2.826687e+01	-1.905371e+02
5.000000e-07	-3.905634e-06	-2.884098e-09	-2.753644e+01	-1.882132e+02
5.100000e-07	-3.800498e-06	-2.840177e-09	-2.679518e+01	-1.858252e+02
5.200000e-07	-3.693839e-06	-2.783209e-09	-2.604320e+01	-1.833729e+02
5.300000e-07	-3.585800e-06	-2.738113e-09	-2.528147e+01	-1.808548e+02
5.400000e-07	-3.476564e-06	-2.714184e-09	-2.451131e+01	-1.782678e+02
5.500000e-07	-3.366121e-06	-2.682378e-09	-2.373264e+01	-1.756078e+02
5.600000e-07	-3.254385e-06	-2.634996e-09	-2.294485e+01	-1.728696e+02
5.700000e-07	-3.141295e-06	-2.584269e-09	-2.214751e+01	-1.700473e+02
5.800000e-07	-3.026847e-06	-2.545170e-09	-2.134060e+01	-1.671349e+02
5.900000e-07	-2.911033e-06	-2.509045e-09	-2.052406e+01	-1.641271e+02
6.000000e-07	-2.794018e-06	-2.467036e-09	-1.969906e+01	-1.610192e+02
6.100000e-07	-2.676102e-06	-2.412940e-09	-1.886770e+01	-1.578079e+02
6.200000e-07	-2.557353e-06	-2.355426e-09	-1.803047e+01	-1.544916e+02
6.300000e-07	-2.437626e-06	-2.306401e-09	-1.718634e+01	-1.510696e+02
6.400000e-07	-2.316866e-06	-2.259392e-09	-1.633492e+01	-1.475431e+02
6.500000e-07	-2.195241e-06	-2.201185e-09	-1.547742e+01	-1.439135e+02
6.600000e-07	-2.072861e-06	-2.134353e-09	-1.461458e+01	-1.401830e+02
6.700000e-07	-1.949637e-06	-2.074794e-09	-1.374580e+01	-1.363535e+02
6.800000e-07	-1.825626e-06	-2.020198e-09	-1.287147e+01	-1.324259e+02
6.900000e-07	-1.701079e-06	-1.959902e-09	-1.199336e+01	-1.284004e+02
7.000000e-07	-1.576051e-06	-1.891460e-09	-1.111185e+01	-1.242755e+02
7.100000e-07	-1.450468e-06	-1.825910e-09	-1.022644e+01	-1.200485e+02
7.200000e-07	-1.324420e-06	-1.763633e-09	-9.337742e+00	-1.157152e+02
7.300000e-07	-1.198038e-06	-1.700160e-09	-8.446697e+00	-1.112708e+02
7.400000e-07	-1.071362e-06	-1.633001e-09	-7.553573e+00	-1.067097e+02
7.500000e-07	-9.443812e-07	-1.561382e-09	-6.658304e+00	-1.020267e+02
7.600000e-07	-8.170348e-07	-1.490202e-09	-5.760456e+00	-9.721726e+01
7.700000e-07	-6.893048e-07	-1.417485e-09	-4.859903e+00	-9.227769e+01
7.800000e-07	-5.613032e-07	-1.339054e-09	-3.957435e+00	-8.720573e+01
7.900000e-07	-4.331335e-07	-1.254334e-09	-3.053782e+00	-8.200039e+01
8.000000e-07	-3.048118e-07	-1.169894e-09	-2.149057e+00	-7.666172e+01
8.100000e-07	-1.763145e-07	-1.088460e-09	-1.243095e+00	-7.119045e+01
8.200000e-07	-4.766491e-08	-1.005204e-09	-3.360586e-01	-6.558732e+01
8.300000e-07	8.100709e-08	-9.153848e-10	5.711357e-01	-5.985248e+01
8.400000e-07	2.096483e-07	-8.226107e-10	1.478113e+00	-5.398485e+01
8.500000e-07	3.382735e-07	-7.345850e-10	2.384977e+00	-4.798166e+01
8.600000e-07	4.667839e-07	-6.471256e-10	3.291032e+00	-4.183825e+01
8.700000e-07	5.950522e-07	-5.504355e-10	4.195380e+00	-3.554818e+01
8.800000e-07	7.230755e-07	-4.458433e-10	5.098001e+00	-2.910372e+01
8.900000e-07	8.508819e-07	-3.444728e-10	5.999093e+00	-2.249669e+01
9.000000e-07	9.783785e-07	-2.480633e-10	6.897999e+00	-1.571957e+01
9.100000e-07	1.105528e-06	-1.471047e-10	7.794458e+00	-8.766923e+00
9.200000e-07	1.232361e-06	-3.370245e-11	8.688687e+00	-1.636742e+00
9.300000e-07	1.358829e-06	8.437337e-11	9.580341e+00	5.668142e+00
9.400000e-07	1.484862e-06	1.965347e-10	1.046893e+01	1.313895e+01
9.500000e-07	1.610373e-06	3.061713e-10	1.135384e+01	2.076020e+01
9.600000e-07	1.735343e-06	4.244029e-10	1.223493e+01	2.850940e+01
9.700000e-07	1.859788e-06	5.519616e-10	1.311233e+01	3.635730e+01
9.800000e-07	1.983569e-06	6.755262e-10	1.398503e+01	4.426866e+01
9.900000e-07	2.106595e-06	7.918963e-10	1.485242e+01	5.220357e+01
1.000000e-06	2.228861e-06	9.104229e-10	1.571445e+01	6.011910e+01
1.010000e-06	2.350249e-06	1.037202e-09	1.657029e+01	6.797125e+01
1.020000e-06	2.470660e-06	1.162143e-09	1.741924e+01	7.571700e+01
1.030000e-06	2.590123e-06	1.276823e-09	1.826151e+01	8.331628e+01
1.040000e-06	2.708671e-06	1.383447e-09	1.909732e+01	9.073368e+01
1.050000e-06	2.826236e-06	1.490231e-09	1.992621e+01	9.793982e+01
1.060000e-06	2.942746e-06	1.599236e-09	2.074766e+01	1.049122e+02
1.070000e-06	3.058066e-06	1.704801e-09	2.156072e+01	1.116356e+02
1.080000e-06	3.172049e-06	1.802215e-09	2.236434e+01	1.181017e+02
1.090000e-06	3.284697e-06	1.894442e-09	2.315856e+01	1.243089e+02
1.100000e-06	3.396138e-06	1.987633e-09	2.394427e+01	1.302608e+02
1.110000e-06	3.506420e-06	2.081320e-09	2.472181e+01	1.359651e+02
1.120000e-06	3.615583e-06	2.169335e-09	2.549145e+01	1.414324e+02
1.130000e-06	3.723659e-06	2.246455e-09	2.625343e+01	1.466747e+02
1.140000e-06	3.830536e-06	2.319286e-09	2.700696e+01	1.517043e+02
1.150000e-06	3.935952e-06	2.394485e-09	2.775020e+01	1.565326e+02
1.160000e-06	4.039830e-06	2.468520e-09	2.848258e+01	1.611697e+02
1.170000e-06	4.142284e-06	2.534127e-09	2.920493e+01	1.656239e+02
1.180000e-06	4.243315e-06	2.593174e-09	2.991724e+01	1.699019e+02
1.190000e-06	4.342934e-06	2.652937e-09	3.061960e+01	1.740085e+02
1.200000e-06	4.440967e-06	2.715927e-09	3.131078e+01	1.779476e+02
1.210000e-06	4.537217e-06	2.776068e-09	3.198938e+01	1.817223e+02
1.220000e-06	4.631782e-06	2.829024e-09	3.265610e+01	1.853352e+02
1.230000e-06	4.724795e-06	2.876879e-09	3.331188e+01	1.887894e+02
1.240000e-06	4.816275e-06	2.925444e-09	3.395686e+01	1.920882e+02
1.250000e-06	4.905986e-06	2.976404e-09	3.458937e+01	1.952357e+02
1.260000e-06	4.993784e-06	3.023832e-09	3.520838e+01	1.982365e+02
1.270000e-06	5.079805e-06	3.063528e-09	3.581486e+01	2.010957e+02
1.280000e-06	5.164149e-06	3.102289e-09	3.640952e+01	2.038189e+02
1.290000e-06	5.246783e-06	3.144960e-09	3.699213e+01	2.064114e+02
1.300000e-06	5.327444e-06	3.187160e-09	3.756083e+01	2.088784e+02
1.310000e-06	5.406045e-06	3.223232e-09	3.811500e+01	2.112247e+02
1.320000e-06	5.482641e-06	3.252883e-09	3.865503e+01	2.134542e+02
1.330000e-06	5.557098e-06	3.282434e-09	3.917999e+01	2.155706e+02
1.340000e-06	5.629423e-06	3.314258e-09	3.968991e+01	2.175765e+02
1.350000e-06	5.699732e-06	3.344674e-09	4.018562e+01	2.194746e+02
1.360000e-06	5.768067e-06	3.370768e-09	4.066741e+01	2.212670e+02
1.370000e-06	5.834313e-06	3.393286e-09	4.113448e+01	2.229562e+02
1.380000e-06	5.898390e-06	3.416570e-09	4.158625e+01	2.245447e+02
1.390000e-06	5.960465e-06	3.443209e-09	4.202391e+01	2.260359e+02
1.400000e-06	6.020666e-06	3.467875e-09	4.244835e+01	2.274335e+02
1.410000e-06	6.078785e-06	3.486974e-09	4.285811e+01	2.287422e+02
1.420000e-06	6.134639e-06	3.502609e-09	4.325191e+01	2.299671e+02
1.430000e-06	6.188256e-06	3.519924e-09	4.362993e+01	2.311137e+02
1.440000e-06	6.239446e-06	3.538407e-09	4.399084e+01	2.321878e+02
1.450000e-06	6.288014e-06	3.553178e-09	4.433327e+01	2.331950e+02
1.460000e-06	6.334245e-06	3.564421e-09	4.465922e+01	2.341404e+02
1.470000e-06	6.378462e-06	3.575808e-09	4.497097e+01	2.350285e+02
1.480000e-06	6.420413e-06	3.589173e-09	4.526674e+01	2.358629e+02
1.490000e-06	6.459930e-06	3.603369e-09	4.554535e+01	2.366460e+02
1.500000e-06	6.497228e-06	3.615838e-09	4.580832e+01	2.373791e+02
1.510000e-06	6.532372e-06	3.624694e-09	4.605610e+01	2.380627e+02
1.520000e-06	6.565136e-06	3.633188e-09	4.628710e+01	2.386961e+02
1.530000e-06	6.595507e-06	3.643354e-09	4.650123e+01	2.392781e+02
1.540000e-06	6.623709e-06	3.652928e-09	4.670007e+01	2.398070e+02
1.550000e-06	6.649598e-06	3.659601e-09	4.688260e+01	2.402813e+02
1.560000e-06	6.672938e-06	3.663589e-09	4.704716e+01	2.406993e+02
1.570000e-06	6.693883e-06	3.667556e-09	4.719483e+01	2.410598e+02
1.580000e-06	6.712535e-06	3.672186e-09	4.732633e+01	2.413622e+02
1.590000e-06	6.728685e-06	3.676450e-09	4.744020e+01	2.416068e+02
1.600000e-06	6.742318e-06	3.679996e-09	4.753631e+01	2.417942e+02
1.610000e-06	6.753402e-06	3.683375e-09	4.761446e+01	2.419259e+02
1.620000e-06	6.761835e-06	3.686191e-09	4.767392e+01	2.420039e+02
1.630000e-06	6.767810e-06	3.687606e-09	4.771604e+01	2.420306e+02
1.640000e-06	6.771486e-06	3.688629e-09	4.774196e+01	2.420086e+02
1.650000e-06	6.772733e-06	3.691991e-09	4.775075e+01	2.419408e+02
1.660000e-06	6.771566e-06	3.690567e-09	4.774252e+01	2.418298e+02
1.670000e-06	6.768205e-06	3.682605e-09	4.771882e+01	2.416782e+02
1.680000e-06	6.762572e-06	3.679810e-09	4.767911e+01	2.414884e+02
1.690000e-06	6.754658e-06	3.677712e-09	4.762332e+01	2.412627e+02
1.700000e-06	6.744652e-06	3.675411e-09	4.755277e+01	2.410031e+02
1.710000e-06	6.732440e-06	3.675684e-09	4.746667e+01	2.407117e+02
1.720000e-06	6.717792e-06	3.688854e-09	4.736339e+01	2.403903e+02
1.730000e-06	6.700886e-06	3.694773e-09	4.724420e+01	2.400411e+02
1.740000e-06	6.681889e-06	3.612463e-09	4.711026e+01	2.396662e+02
1.750000e-06	6.660186e-06	3.581921e-09	4.695725e+01	2.392676e+02
1.760000e-06	6.635305e-06	3.620930e-09	4.678182e+01	2.388474e+02
1.770000e-06	6.607755e-06	3.622815e-09	4.658758e+01	2.384075e+02
1.780000e-06	6.577976e-06	3.673106e-09	4.637763e+01	2.379494e+02
1.790000e-06	6.546378e-06	3.706317e-09	4.615485e+01	2.374739e+02
1.800000e-06	6.513339e-06	3.520287e-09	4.592191e+01	2.369813e+02
1.810000e-06	6.478285e-06	3.551817e-09	4.567476e+01	2.364706e+02
1.820000e-06	6.440754e-06	3.625793e-09	4.541016e+01	2.359400e+02
1.830000e-06	6.401127e-06	3.525709e-09	4.513077e+01	2.353862e+02
1.840000e-06	6.359365e-06	3.648629e-09	4.483633e+01	2.348052e+02
1.850000e-06	6.315404e-06	3.524856e-09	4.452638e+01	2.341916e+02
1.860000e-06	6.269241e-06	3.465395e-09	4.420091e+01	2.335398e+02
1.870000e-06	6.220673e-06	3.623149e-09	4.385849e+01	2.328435e+02
1.880000e-06	6.169852e-06	3.563727e-09	4.350017e+01	2.320967e+02
1.890000e-06	6.116448e-06	3.601095e-09	4.312366e+01	2.312940e+02
1.900000e-06	6.060386e-06	3.508472e-09	4.272839e+01	2.304309e+02
1.910000e-06	6.002146e-06	3.434242e-09	4.231777e+01	2.295042e+02
1.920000e-06	5.941750e-06	3.522139e-09	4.189196e+01	2.285121e+02
1.930000e-06	5.879167e-06	3.455446e-09	4.145072e+01	2.274547e+02
1.940000e-06	5.814336e-06	3.484351e-09	4.099363e+01	2.263336e+02
1.950000e-06	5.747314e-06	3.419939e-09	4.052109e+01	2.251516e+02
1.960000e-06	5.678161e-06	3.394088e-09	4.003354e+01	2.239126e+02
1.970000e-06	5.606738e-06	3.404026e-09	3.952997e+01	2.226209e+02
1.980000e-06	5.533213e-06	3.349702e-09	3.901159e+01	2.212809e+02
1.990000e-06	5.457619e-06	3.399952e-09	3.847862e+01	2.198964e+02
2.000000e-06	5.379864e-06	3.322098e-09	3.793041e+01	2.184701e+02
2.010000e-06	5.300040e-06	3.303582e-09	3.736762e+01	2.170036e+02
2.020000e-06	5.218317e-06	3.303143e-09	3.679143e+01	2.154968e+02
2.030000e-06	5.134815e-06	3.282835e-09	3.620271e+01	2.139481e+02
2.040000e-06	5.049443e-06	3.268367e-09	3.560080e+01	2.123547e+02
2.050000e-06	4.962181e-06	3.185689e-09	3.498556e+01	2.107124e+02
2.060000e-06	4.873232e-06	3.183384e-09	3.435843e+01	2.090169e+02
2.070000e-06	4.782741e-06	3.167195e-09	3.372043e+01	2.072633e+02
2.080000e-06	4.690647e-06	3.154050e-09	3.307113e+01	2.054474e+02
2.090000e-06	4.596811e-06	3.100395e-09	3.240954e+01	2.035657e+02
2.100000e-06	4.501278e-06	3.049514e-09	3.173599e+01	2.016159e+02
2.110000e-06	4.404189e-06	3.035904e-09	3.105148e+01	1.995966e+02
2.120000e-06	4.305659e-06	3.011286e-09	3.035679e+01	1.975078e+02
2.130000e-06	4.205705e-06	2.994118e-09	2.965207e+01	1.953505e+02
2.140000e-06	4.104248e-06	2.938042e-09	2.893676e+01	1.931261e+02
2.150000e-06	4.001150e-06	2.895853e-09	2.820987e+01	1.908361e+02
2.160000e-06	3.896514e-06	2.868405e-09	2.747214e+01	1.884818e+02
2.170000e-06	3.790559e-06	2.854237e-09	2.672511e+01	1.860634e+02
2.180000e-06	3.683371e-06	2.816278e-09	2.596939e+01	1.835802e+02
2.190000e-06	3.574939e-06	2.760705e-09	2.520490e+01	1.810300e+02
2.200000e-06	3.465210e-06	2.717181e-09	2.443126e+01	1.784091e+02
2.210000e-06	3.354115e-06	2.687188e-09	2.364799e+01	1.757129e+02
2.220000e-06	3.241662e-06	2.651531e-09	2.285514e+01	1.729357e+02
2.230000e-06	3.127951e-06	2.595786e-09	2.205344e+01	1.700717e+02
2.240000e-06	3.013006e-06	2.539681e-09	2.124302e+01	1.671150e+02
2.250000e-06	2.896830e-06	2.494132e-09	2.042393e+01	1.640605e+02
2.260000e-06	2.779487e-06	2.461341e-09	1.959661e+01	1.609044e+02
2.270000e-06	2.661034e-06	2.410639e-09	1.876146e+01	1.576438e+02
2.280000e-06	2.541447e-06	2.344492e-09	1.791832e+01	1.542778e+02
2.290000e-06	2.420836e-06	2.283297e-09	1.706796e+01	1.508065e+02
2.300000e-06	2.299399e-06	2.245112e-09	1.621178e+01	1.472313e+02
2.310000e-06	2.177238e-06	2.205417e-09	1.535049e+01	1.435540e+02
2.320000e-06	2.054432e-06	2.143326e-09	1.448465e+01	1.397767e+02
2.330000e-06	1.931020e-06	2.071072e-09	1.361454e+01	1.359009e+02
2.340000e-06	1.806930e-06	2.011078e-09	1.273965e+01	1.319273e+02
2.350000e-06	1.682149e-06	1.963327e-09	1.185989e+01	1.278553e+02
2.360000e-06	1.556762e-06	1.905154e-09	1.097586e+01	1.236828e+02
2.370000e-06	1.430878e-06	1.829642e-09	1.008832e+01	1.194064e+02
2.380000e-06	1.304604e-06	1.748103e-09	9.198032e+00	1.150216e+02
2.390000e-06	1.177910e-06	1.681740e-09	8.304784e+00	1.105230e+02
2.400000e-06	1.050708e-06	1.622499e-09	7.407956e+00	1.059054e+02
2.410000e-06	9.230370e-07	1.550166e-09	6.507818e+00	1.011636e+02
2.420000e-06	7.949722e-07	1.462469e-09	5.604904e+00	9.629344e+01
2.430000e-06	6.666658e-07	1.379721e-09	4.700288e+00	9.129200e+01
2.440000e-06	5.381878e-07	1.312554e-09	3.794461e+00	8.615754e+01
2.450000e-06	4.095357e-07	1.242332e-09	2.887407e+00	8.088961e+01
2.460000e-06	2.807524e-07	1.155161e-09	1.979428e+00	7.548865e+01
2.470000e-06	1.518464e-07	1.062963e-09	1.070584e+00	6.995547e+01
2.480000e-06	2.286868e-08	9.801906e-10	1.612343e-01	6.429061e+01
2.490000e-06	-1.060909e-07	8.991263e-10	-7.479879e-01	5.849373e+01
2.500000e-06	-2.350379e-07	8.067560e-10	-1.657121e+00	5.256299e+01
2.510000e-06	-3.639600e-07	7.066367e-10	-2.566079e+00	4.649477e+01
2.520000e-06	-4.927657e-07	6.104138e-10	-3.474216e+00	4.028354e+01
2.530000e-06	-6.214079e-07	5.186700e-10	-4.381200e+00	3.392219e+01
2.540000e-06	-7.498416e-07	4.195261e-10	-5.286713e+00	2.740263e+01
2.550000e-06	-8.780872e-07	3.093243e-10	-6.190902e+00	2.071685e+01
2.560000e-06	-1.006032e-06	2.006939e-10	-7.092969e+00	1.385812e+01
2.570000e-06	-1.133527e-06	1.005690e-10	-7.991863e+00	6.822408e+00
2.580000e-06	-1.260562e-06	-2.235058e-12	-8.887519e+00	-3.901966e-01
2.590000e-06	-1.387091e-06	-1.199726e-10	-9.779604e+00	-7.774226e+00
2.600000e-06	-1.513114e-06	-2.445103e-10	-1.066812e+01	-1.531785e+01
2.610000e-06	-1.638540e-06	-3.583867e-10	-1.155243e+01	-2.300235e+01
2.620000e-06	-1.763205e-06	-4.644595e-10	-1.243138e+01	-3.080202e+01
2.630000e-06	-1.887150e-06	-5.811819e-10	-1.330524e+01	-3.868470e+01
2.640000e-06	-2.010409e-06	-7.111963e-10	-1.417427e+01	-4.661281e+01
2.650000e-06	-2.132881e-06	-8.367959e-10	-1.503775e+01	-5.454479e+01
2.660000e-06	-2.254536e-06	-9.474171e-10	-1.589547e+01	-6.243698e+01
2.670000e-06	-2.375440e-06	-1.055887e-09	-1.674790e+01	-7.024556e+01
2.680000e-06	-2.495592e-06	-1.177508e-09	-1.759503e+01	-7.792867e+01
2.690000e-06	-2.614791e-06	-1.305352e-09	-1.843543e+01	-8.544819e+01
2.700000e-06	-2.732787e-06	-1.419702e-09	-1.926735e+01	-9.277137e+01
2.710000e-06	-2.849544e-06	-1.516737e-09	-2.009054e+01	-9.987196e+01
2.720000e-06	-2.965189e-06	-1.613782e-09	-2.090589e+01	-1.067308e+02
2.730000e-06	-3.079711e-06	-1.721683e-09	-2.171332e+01	-1.133360e+02
2.740000e-06	-3.192970e-06	-1.827247e-09	-2.251184e+01	-1.196824e+02
2.750000e-06	-3.304834e-06	-1.914385e-09	-2.330053e+01	-1.257709e+02
2.760000e-06	-3.415323e-06	-1.989494e-09	-2.407953e+01	-1.316073e+02
2.770000e-06	-3.524638e-06	-2.071837e-09	-2.485025e+01	-1.372008e+02
2.780000e-06	-3.632912e-06	-2.163714e-09	-2.561363e+01	-1.425627e+02
2.790000e-06	-3.740124e-06	-2.248657e-09	-2.636952e+01	-1.477054e+02
2.800000e-06	-3.846092e-06	-2.317591e-09	-2.711664e+01	-1.526408e+02
2.810000e-06	-3.950623e-06	-2.382345e-09	-2.785363e+01	-1.573798e+02
2.820000e-06	-4.053710e-06	-2.456261e-09	-2.858045e+01	-1.619316e+02
2.830000e-06	-4.155238e-06	-2.533806e-09	-2.929626e+01	-1.663039e+02
2.840000e-06	-4.255224e-06	-2.601016e-09	-3.000120e+01	-1.705024e+02
2.850000e-06	-4.353801e-06	-2.654362e-09	-3.069621e+01	-1.745315e+02
2.860000e-06	-4.450949e-06	-2.707246e-09	-3.138115e+01	-1.783945e+02
2.870000e-06	-4.546657e-06	-2.768745e-09	-3.205593e+01	-1.820944e+02
2.880000e-06	-4.640676e-06	-2.830945e-09	-3.271881e+01	-1.856338e+02
2.890000e-06	-4.732985e-06	-2.882893e-09	-3.336963e+01	-1.890161e+02
2.900000e-06	-4.823656e-06	-2.925284e-09	-3.400890e+01	-1.922447e+02
2.910000e-06	-4.912587e-06	-2.969829e-09	-3.463590e+01	-1.953241e+02
2.920000e-06	-4.999667e-06	-3.021166e-09	-3.524986e+01	-1.982591e+02
2.930000e-06	-5.084785e-06	-3.069562e-09	-3.584997e+01	-2.010551e+02
2.940000e-06	-5.168130e-06	-3.106782e-09	-3.643759e+01	-2.037176e+02
2.950000e-06	-5.249767e-06	-3.138811e-09	-3.701317e+01	-2.062518e+02
2.960000e-06	-5.329455e-06	-3.174260e-09	-3.757500e+01	-2.086628e+02
2.970000e-06	-5.406922e-06	-3.214305e-09	-3.812118e+01	-2.109551e+02
2.980000e-06	-5.482203e-06	-3.250853e-09	-3.865195e+01	-2.131323e+02
2.990000e-06	-5.555528e-06	-3.277584e-09	-3.916892e+01	-2.151977e+02
3.000000e-06	-5.626791e-06	-3.303050e-09	-3.967136e+01	-2.171539e+02
3.010000e-06	-5.695799e-06	-3.334982e-09	-4.015789e+01	-2.190032e+02
3.020000e-06	-5.762721e-06	-3.367274e-09	-4.062972e+01	-2.207480e+02
3.030000e-06	-5.827805e-06	-3.391833e-09	-4.108859e+01	-2.223907e+02
3.040000e-06	-5.890880e-06	-3.409927e-09	-4.153330e+01	-2.239342e+02
3.050000e-06	-5.951727e-06	-3.429903e-09	-4.196230e+01	-2.253821e+02
3.060000e-06	-6.010419e-06	-3.453847e-09	-4.237610e+01	-2.267384e+02
3.070000e-06	-6.067111e-06	-3.477358e-09	-4.277580e+01	-2.280082e+02
3.080000e-06	-6.121619e-06	-3.495243e-09	-4.316011e+01	-2.291966e+02
3.090000e-06	-6.173628e-06	-3.509351e-09	-4.352680e+01	-2.303095e+02
3.100000e-06	-6.223082e-06	-3.524739e-09	-4.387547e+01	-2.313525e+02
3.110000e-06	-6.270069e-06	-3.544379e-09	-4.420675e+01	-2.323310e+02
3.120000e-06	-6.314935e-06	-3.561936e-09	-4.452307e+01	-2.332499e+02
3.130000e-06	-6.357862e-06	-3.573189e-09	-4.482573e+01	-2.341133e+02
3.140000e-06	-6.398717e-06	-3.582696e-09	-4.511377e+01	-2.349243e+02
3.150000e-06	-6.437300e-06	-3.594137e-09	-4.538580e+01	-2.356847e+02
3.160000e-06	-6.473548e-06	-3.606954e-09	-4.564136e+01	-2.363954e+02
3.170000e-06	-6.507569e-06	-3.615928e-09	-4.588123e+01	-2.370564e+02
3.180000e-06	-6.539289e-06	-3.622431e-09	-4.610487e+01	-2.376667e+02
3.190000e-06	-6.568513e-06	-3.629528e-09	-4.631091e+01	-2.382250e+02
3.200000e-06	-6.595369e-06	-3.640152e-09	-4.650026e+01	-2.387294e+02
3.210000e-06	-6.619971e-06	-3.651599e-09	-4.667371e+01	-2.391783e+02
3.220000e-06	-6.642114e-06	-3.658882e-09	-4.682983e+01	-2.395703e+02
3.230000e-06	-6.661866e-06	-3.662443e-09	-4.696909e+01	-2.399045e+02
3.240000e-06	-6.679348e-06	-3.666461e-09	-4.709235e+01	-2.401807e+02
3.250000e-06	-6.694269e-06	-3.670731e-09	-4.719754e+01	-2.403992e+02
3.260000e-06	-6.706476e-06	-3.672968e-09	-4.728361e+01	-2.405611e+02
3.270000e-06	-6.716209e-06	-3.671673e-09	-4.735223e+01	-2.406682e+02
3.280000e-06	-6.723514e-06	-3.669772e-09	-4.740374e+01	-2.407227e+02
3.290000e-06	-6.728322e-06	-3.668894e-09	-4.743763e+01	-2.407271e+02
3.300000e-06	-6.730848e-06	-3.667376e-09	-4.745544e+01	-2.406841e+02
3.310000e-06	-6.731147e-06	-3.666127e-09	-4.745755e+01	-2.405965e+02
