# Temperatura_=_20.0
# Concentracion g/m^3_=_12600.0
# C_Vs_to_Am_M_A/Vsm_=_65563218390.804596
# pendiente_HvsI_1/m_=_3716.3
# ordenada_HvsI_A/m_=_1297.0
# frecuencia_Hz_=_302064.7476538612

Tiempo_(s)	Campo_(V.s)	Magnetizacion_(V.s)	Campo_(kA/m)	Magnetizacion_(A/m)
0.000000e+00	-6.806922e-06	-3.718925e-09	-4.745113e+01	-2.447558e+02
1.000000e-08	-6.805064e-06	-3.721611e-09	-4.743818e+01	-2.446328e+02
2.000000e-08	-6.800869e-06	-3.719362e-09	-4.740893e+01	-2.444584e+02
3.000000e-08	-6.794543e-06	-3.712669e-09	-4.736483e+01	-2.442304e+02
4.000000e-08	-6.786062e-06	-3.707231e-09	-4.730571e+01	-2.439488e+02
5.000000e-08	-6.775142e-06	-3.702858e-09	-4.722959e+01	-2.436154e+02
6.000000e-08	-6.761659e-06	-3.699278e-09	-4.713560e+01	-2.432345e+02
7.000000e-08	-6.745713e-06	-3.688453e-09	-4.702444e+01	-2.428132e+02
8.000000e-08	-6.727563e-06	-3.674054e-09	-4.689792e+01	-2.423607e+02
9.000000e-08	-6.707320e-06	-3.701721e-09	-4.675680e+01	-2.418877e+02
1.000000e-07	-6.684600e-06	-3.729531e-09	-4.659842e+01	-2.414058e+02
1.100000e-07	-6.659075e-06	-3.696578e-09	-4.642048e+01	-2.409260e+02
1.200000e-07	-6.630888e-06	-3.664277e-09	-4.622399e+01	-2.404576e+02
1.300000e-07	-6.600473e-06	-3.656591e-09	-4.601197e+01	-2.400073e+02
1.400000e-07	-6.568113e-06	-3.627406e-09	-4.578639e+01	-2.395781e+02
1.500000e-07	-6.533858e-06	-3.627219e-09	-4.554760e+01	-2.391685e+02
1.600000e-07	-6.497652e-06	-3.719667e-09	-4.529520e+01	-2.387731e+02
1.700000e-07	-6.459373e-06	-3.652342e-09	-4.502836e+01	-2.383818e+02
1.800000e-07	-6.418978e-06	-3.605546e-09	-4.474677e+01	-2.379815e+02
1.900000e-07	-6.376151e-06	-3.650307e-09	-4.444822e+01	-2.375562e+02
2.000000e-07	-6.330877e-06	-3.597580e-09	-4.413261e+01	-2.370892e+02
2.100000e-07	-6.283291e-06	-3.630653e-09	-4.380089e+01	-2.365640e+02
2.200000e-07	-6.232986e-06	-3.585497e-09	-4.345021e+01	-2.359656e+02
2.300000e-07	-6.180086e-06	-3.509527e-09	-4.308145e+01	-2.352820e+02
2.400000e-07	-6.124901e-06	-3.521138e-09	-4.269675e+01	-2.345052e+02
2.500000e-07	-6.067390e-06	-3.517507e-09	-4.229584e+01	-2.336312e+02
2.600000e-07	-6.007598e-06	-3.551277e-09	-4.187903e+01	-2.326607e+02
2.700000e-07	-5.945619e-06	-3.550208e-09	-4.144697e+01	-2.315982e+02
2.800000e-07	-5.881481e-06	-3.488404e-09	-4.099987e+01	-2.304516e+02
2.900000e-07	-5.815104e-06	-3.451096e-09	-4.053715e+01	-2.292310e+02
3.000000e-07	-5.746520e-06	-3.481514e-09	-4.005905e+01	-2.279476e+02
3.100000e-07	-5.675813e-06	-3.513019e-09	-3.956615e+01	-2.266121e+02
3.200000e-07	-5.602905e-06	-3.430391e-09	-3.905791e+01	-2.252343e+02
3.300000e-07	-5.527749e-06	-3.371001e-09	-3.853400e+01	-2.238213e+02
3.400000e-07	-5.450375e-06	-3.363610e-09	-3.799462e+01	-2.223776e+02
3.500000e-07	-5.370791e-06	-3.362263e-09	-3.743984e+01	-2.209043e+02
3.600000e-07	-5.289190e-06	-3.351324e-09	-3.687100e+01	-2.193999e+02
3.700000e-07	-5.205816e-06	-3.286737e-09	-3.628980e+01	-2.178601e+02
3.800000e-07	-5.120691e-06	-3.241447e-09	-3.569639e+01	-2.162787e+02
3.900000e-07	-5.033943e-06	-3.239532e-09	-3.509167e+01	-2.146488e+02
4.000000e-07	-4.945552e-06	-3.265950e-09	-3.447550e+01	-2.129632e+02
4.100000e-07	-4.855323e-06	-3.243693e-09	-3.384651e+01	-2.112155e+02
4.200000e-07	-4.763312e-06	-3.168928e-09	-3.320510e+01	-2.094007e+02
4.300000e-07	-4.669625e-06	-3.123358e-09	-3.255201e+01	-2.075158e+02
4.400000e-07	-4.574336e-06	-3.133572e-09	-3.188775e+01	-2.055595e+02
4.500000e-07	-4.477437e-06	-3.148132e-09	-3.121226e+01	-2.035324e+02
4.600000e-07	-4.378882e-06	-3.092035e-09	-3.052523e+01	-2.014366e+02
4.700000e-07	-4.278760e-06	-3.012396e-09	-2.982728e+01	-1.992749e+02
4.800000e-07	-4.177121e-06	-2.979113e-09	-2.911876e+01	-1.970504e+02
4.900000e-07	-4.074063e-06	-2.987494e-09	-2.840034e+01	-1.947655e+02
5.000000e-07	-3.969578e-06	-2.972404e-09	-2.767197e+01	-1.924214e+02
5.100000e-07	-3.863511e-06	-2.900830e-09	-2.693258e+01	-1.900179e+02
5.200000e-07	-3.755922e-06	-2.823237e-09	-2.618257e+01	-1.875527e+02
5.300000e-07	-3.646991e-06	-2.793418e-09	-2.542321e+01	-1.850219e+02
5.400000e-07	-3.536841e-06	-2.793748e-09	-2.465536e+01	-1.824200e+02
5.500000e-07	-3.425453e-06	-2.756883e-09	-2.387887e+01	-1.797400e+02
5.600000e-07	-3.312644e-06	-2.680828e-09	-2.309248e+01	-1.769750e+02
5.700000e-07	-3.198320e-06	-2.622138e-09	-2.229552e+01	-1.741175e+02
5.800000e-07	-3.082573e-06	-2.607438e-09	-2.148865e+01	-1.711613e+02
5.900000e-07	-2.965578e-06	-2.592725e-09	-2.067308e+01	-1.681012e+02
6.000000e-07	-2.847540e-06	-2.538594e-09	-1.985023e+01	-1.649336e+02
6.100000e-07	-2.728586e-06	-2.463311e-09	-1.902100e+01	-1.616569e+02
6.200000e-07	-2.608616e-06	-2.407870e-09	-1.818469e+01	-1.582709e+02
6.300000e-07	-2.487544e-06	-2.378343e-09	-1.734069e+01	-1.547770e+02
6.400000e-07	-2.365488e-06	-2.337308e-09	-1.648984e+01	-1.511775e+02
6.500000e-07	-2.242587e-06	-2.260768e-09	-1.563310e+01	-1.474752e+02
6.600000e-07	-2.118918e-06	-2.174914e-09	-1.477100e+01	-1.436725e+02
6.700000e-07	-1.994480e-06	-2.117900e-09	-1.390354e+01	-1.397709e+02
6.800000e-07	-1.869328e-06	-2.078389e-09	-1.303110e+01	-1.357710e+02
6.900000e-07	-1.743618e-06	-2.020022e-09	-1.215478e+01	-1.316714e+02
7.000000e-07	-1.617426e-06	-1.938289e-09	-1.127510e+01	-1.274694e+02
7.100000e-07	-1.490749e-06	-1.864789e-09	-1.039203e+01	-1.231608e+02
7.200000e-07	-1.363572e-06	-1.812509e-09	-9.505479e+00	-1.187402e+02
7.300000e-07	-1.235928e-06	-1.758597e-09	-8.615667e+00	-1.142016e+02
7.400000e-07	-1.107897e-06	-1.685447e-09	-7.723165e+00	-1.095390e+02
7.500000e-07	-9.794531e-07	-1.603294e-09	-6.827778e+00	-1.047469e+02
7.600000e-07	-8.505199e-07	-1.529173e-09	-5.928983e+00	-9.982080e+01
7.700000e-07	-7.211863e-07	-1.461638e-09	-5.027398e+00	-9.475764e+01
7.800000e-07	-5.916151e-07	-1.384526e-09	-4.124155e+00	-8.955571e+01
7.900000e-07	-4.618548e-07	-1.293639e-09	-3.219595e+00	-8.421467e+01
8.000000e-07	-3.319083e-07	-1.202653e-09	-2.313736e+00	-7.873513e+01
8.100000e-07	-2.018541e-07	-1.120366e-09	-1.407127e+00	-7.311818e+01
8.200000e-07	-7.169306e-08	-1.037798e-09	-4.997731e-01	-6.736464e+01
8.300000e-07	5.856275e-08	-9.436828e-10	4.082416e-01	-6.147449e+01
8.400000e-07	1.887937e-07	-8.443880e-10	1.316083e+00	-5.544620e+01
8.500000e-07	3.189797e-07	-7.526131e-10	2.223611e+00	-4.927637e+01
8.600000e-07	4.490984e-07	-6.640188e-10	3.130670e+00	-4.295964e+01
8.700000e-07	5.790864e-07	-5.656598e-10	4.036818e+00	-3.648885e+01
8.800000e-07	7.089444e-07	-4.586841e-10	4.942059e+00	-2.985574e+01
8.900000e-07	8.385900e-07	-3.566187e-10	5.845820e+00	-2.305181e+01
9.000000e-07	9.679276e-07	-2.616451e-10	6.747434e+00	-1.606960e+01
9.100000e-07	1.096883e-06	-1.590960e-10	7.646382e+00	-8.904111e+00
9.200000e-07	1.225309e-06	-4.067314e-11	8.541645e+00	-1.554239e+00
9.300000e-07	1.353141e-06	8.117434e-11	9.432760e+00	5.975830e+00
9.400000e-07	1.480407e-06	1.934767e-10	1.031994e+01	1.367553e+01
9.500000e-07	1.607186e-06	3.042943e-10	1.120371e+01	2.152722e+01
9.600000e-07	1.733532e-06	4.291500e-10	1.208447e+01	2.950593e+01
9.700000e-07	1.859366e-06	5.651635e-10	1.296166e+01	3.757975e+01
9.800000e-07	1.984547e-06	6.938355e-10	1.383430e+01	4.571071e+01
9.900000e-07	2.109020e-06	8.103742e-10	1.470200e+01	5.385622e+01
1.000000e-06	2.232714e-06	9.293326e-10	1.556428e+01	6.197086e+01
1.010000e-06	2.355646e-06	1.061742e-09	1.642123e+01	7.000851e+01
1.020000e-06	2.477783e-06	1.194161e-09	1.727265e+01	7.792446e+01
1.030000e-06	2.598897e-06	1.308869e-09	1.811694e+01	8.567755e+01
1.040000e-06	2.718863e-06	1.410769e-09	1.895322e+01	9.323191e+01
1.050000e-06	2.837777e-06	1.516604e-09	1.978217e+01	1.005584e+02
1.060000e-06	2.955752e-06	1.630934e-09	2.060458e+01	1.076353e+02
1.070000e-06	3.072720e-06	1.739875e-09	2.141996e+01	1.144487e+02
1.080000e-06	3.188524e-06	1.834780e-09	2.222724e+01	1.209924e+02
1.090000e-06	3.303011e-06	1.923309e-09	2.302532e+01	1.272665e+02
1.100000e-06	3.416058e-06	2.017376e-09	2.381338e+01	1.332768e+02
1.110000e-06	3.527732e-06	2.115634e-09	2.459186e+01	1.390330e+02
1.120000e-06	3.638206e-06	2.206180e-09	2.536197e+01	1.445472e+02
1.130000e-06	3.747562e-06	2.282283e-09	2.612429e+01	1.498326e+02
1.140000e-06	3.855735e-06	2.352827e-09	2.687837e+01	1.549020e+02
1.150000e-06	3.962616e-06	2.430676e-09	2.762344e+01	1.597668e+02
1.160000e-06	4.068048e-06	2.509858e-09	2.835841e+01	1.644369e+02
1.170000e-06	4.171885e-06	2.577237e-09	2.908226e+01	1.689200e+02
1.180000e-06	4.274184e-06	2.633166e-09	2.979538e+01	1.732217e+02
1.190000e-06	4.375062e-06	2.690944e-09	3.049860e+01	1.773466e+02
1.200000e-06	4.474474e-06	2.756226e-09	3.119160e+01	1.812980e+02
1.210000e-06	4.572260e-06	2.820074e-09	3.187327e+01	1.850794e+02
1.220000e-06	4.668289e-06	2.872810e-09	3.254269e+01	1.886943e+02
1.230000e-06	4.762603e-06	2.917516e-09	3.320016e+01	1.921472e+02
1.240000e-06	4.855313e-06	2.964575e-09	3.384644e+01	1.954435e+02
1.250000e-06	4.946355e-06	3.019326e-09	3.448109e+01	1.985897e+02
1.260000e-06	5.035557e-06	3.071730e-09	3.510292e+01	2.015931e+02
1.270000e-06	5.122837e-06	3.111415e-09	3.571135e+01	2.044610e+02
1.280000e-06	5.208310e-06	3.146412e-09	3.630718e+01	2.072008e+02
1.290000e-06	5.292076e-06	3.189546e-09	3.689112e+01	2.098191e+02
1.300000e-06	5.373947e-06	3.238240e-09	3.746184e+01	2.123216e+02
1.310000e-06	5.453769e-06	3.278722e-09	3.801828e+01	2.147122e+02
1.320000e-06	5.531655e-06	3.306672e-09	3.856122e+01	2.169936e+02
1.330000e-06	5.607567e-06	3.331928e-09	3.909041e+01	2.191672e+02
1.340000e-06	5.681257e-06	3.364603e-09	3.960411e+01	2.212332e+02
1.350000e-06	5.752722e-06	3.399663e-09	4.010228e+01	2.231913e+02
1.360000e-06	5.822157e-06	3.427102e-09	4.058632e+01	2.250415e+02
1.370000e-06	5.889566e-06	3.446159e-09	4.105622e+01	2.267843e+02
1.380000e-06	5.954834e-06	3.467491e-09	4.151121e+01	2.284212e+02
1.390000e-06	6.017969e-06	3.497251e-09	4.195133e+01	2.299553e+02
1.400000e-06	6.079091e-06	3.526363e-09	4.237741e+01	2.313910e+02
1.410000e-06	6.138177e-06	3.546736e-09	4.278930e+01	2.327343e+02
1.420000e-06	6.195031e-06	3.561507e-09	4.318563e+01	2.339919e+02
1.430000e-06	6.249631e-06	3.579094e-09	4.356624e+01	2.351714e+02
1.440000e-06	6.301882e-06	3.600933e-09	4.393049e+01	2.362799e+02
1.450000e-06	6.351581e-06	3.620262e-09	4.427694e+01	2.373239e+02
1.460000e-06	6.398809e-06	3.633005e-09	4.460616e+01	2.383088e+02
1.470000e-06	6.443777e-06	3.643896e-09	4.491964e+01	2.392381e+02
1.480000e-06	6.486500e-06	3.658119e-09	4.521746e+01	2.401136e+02
1.490000e-06	6.526811e-06	3.674932e-09	4.549847e+01	2.409355e+02
1.500000e-06	6.564851e-06	3.689493e-09	4.576364e+01	2.417024e+02
1.510000e-06	6.600783e-06	3.698397e-09	4.601413e+01	2.424120e+02
1.520000e-06	6.634378e-06	3.705360e-09	4.624832e+01	2.430617e+02
1.530000e-06	6.665539e-06	3.714856e-09	4.646555e+01	2.436489e+02
1.540000e-06	6.694460e-06	3.725958e-09	4.666716e+01	2.441722e+02
1.550000e-06	6.721066e-06	3.734224e-09	4.685263e+01	2.446309e+02
1.560000e-06	6.745071e-06	3.737698e-09	4.701996e+01	2.450261e+02
1.570000e-06	6.766609e-06	3.740743e-09	4.717010e+01	2.453599e+02
1.580000e-06	6.785922e-06	3.746692e-09	4.730473e+01	2.456358e+02
1.590000e-06	6.802789e-06	3.752138e-09	4.742231e+01	2.458576e+02
1.600000e-06	6.817048e-06	3.755279e-09	4.752172e+01	2.460293e+02
1.610000e-06	6.828699e-06	3.758520e-09	4.760293e+01	2.461545e+02
1.620000e-06	6.837665e-06	3.762103e-09	4.766543e+01	2.462356e+02
1.630000e-06	6.844086e-06	3.764866e-09	4.771020e+01	2.462739e+02
1.640000e-06	6.848193e-06	3.766520e-09	4.773882e+01	2.462691e+02
1.650000e-06	6.849903e-06	3.767941e-09	4.775075e+01	2.462194e+02
1.660000e-06	6.849162e-06	3.766987e-09	4.774558e+01	2.461225e+02
1.670000e-06	6.846190e-06	3.757922e-09	4.772487e+01	2.459754e+02
1.680000e-06	6.841000e-06	3.752353e-09	4.768868e+01	2.457757e+02
1.690000e-06	6.833459e-06	3.751011e-09	4.763612e+01	2.455222e+02
1.700000e-06	6.823699e-06	3.749538e-09	4.756808e+01	2.452156e+02
1.710000e-06	6.811707e-06	3.747493e-09	4.748448e+01	2.448589e+02
1.720000e-06	6.797250e-06	3.747672e-09	4.738370e+01	2.444578e+02
1.730000e-06	6.780538e-06	3.751578e-09	4.726721e+01	2.440201e+02
1.740000e-06	6.761795e-06	3.701096e-09	4.713655e+01	2.435562e+02
1.750000e-06	6.740446e-06	3.659266e-09	4.698772e+01	2.430771e+02
1.760000e-06	6.715842e-06	3.687567e-09	4.681621e+01	2.425943e+02
1.770000e-06	6.688330e-06	3.699337e-09	4.662442e+01	2.421182e+02
1.780000e-06	6.658506e-06	3.703071e-09	4.641651e+01	2.416571e+02
1.790000e-06	6.626793e-06	3.740422e-09	4.619545e+01	2.412159e+02
1.800000e-06	6.593620e-06	3.642781e-09	4.596419e+01	2.407957e+02
1.810000e-06	6.558577e-06	3.585026e-09	4.571991e+01	2.403932e+02
1.820000e-06	6.520970e-06	3.668433e-09	4.545775e+01	2.400006e+02
1.830000e-06	6.481137e-06	3.603936e-09	4.518008e+01	2.396064e+02
1.840000e-06	6.439241e-06	3.645936e-09	4.488802e+01	2.391960e+02
1.850000e-06	6.395133e-06	3.638315e-09	4.458054e+01	2.387529e+02
1.860000e-06	6.348832e-06	3.569278e-09	4.425778e+01	2.382603e+02
1.870000e-06	6.300160e-06	3.690350e-09	4.391848e+01	2.377023e+02
1.880000e-06	6.249228e-06	3.685899e-09	4.356343e+01	2.370651e+02
1.890000e-06	6.195743e-06	3.695721e-09	4.319059e+01	2.363384e+02
1.900000e-06	6.139494e-06	3.631246e-09	4.279848e+01	2.355162e+02
1.910000e-06	6.080991e-06	3.495325e-09	4.239065e+01	2.345965e+02
1.920000e-06	6.020310e-06	3.558710e-09	4.196765e+01	2.335819e+02
1.930000e-06	5.957321e-06	3.579418e-09	4.152855e+01	2.324787e+02
1.940000e-06	5.892066e-06	3.584161e-09	4.107366e+01	2.312959e+02
1.950000e-06	5.824661e-06	3.487013e-09	4.060378e+01	2.300442e+02
1.960000e-06	5.755106e-06	3.402177e-09	4.011891e+01	2.287348e+02
1.970000e-06	5.683199e-06	3.473773e-09	3.961764e+01	2.273780e+02
1.980000e-06	5.609155e-06	3.485543e-09	3.910148e+01	2.259826e+02
1.990000e-06	5.532922e-06	3.499415e-09	3.857006e+01	2.245544e+02
2.000000e-06	5.454403e-06	3.384029e-09	3.802270e+01	2.230965e+02
2.010000e-06	5.373937e-06	3.323722e-09	3.746177e+01	2.216086e+02
2.020000e-06	5.291665e-06	3.390882e-09	3.688825e+01	2.200879e+02
2.030000e-06	5.207597e-06	3.416878e-09	3.630222e+01	2.185291e+02
2.040000e-06	5.121579e-06	3.362797e-09	3.570258e+01	2.169255e+02
2.050000e-06	5.033616e-06	3.217552e-09	3.508939e+01	2.152701e+02
2.060000e-06	4.943989e-06	3.213256e-09	3.446460e+01	2.135558e+02
2.070000e-06	4.852893e-06	3.274777e-09	3.382957e+01	2.117769e+02
2.080000e-06	4.760199e-06	3.269988e-09	3.318340e+01	2.099293e+02
2.090000e-06	4.665639e-06	3.158048e-09	3.252422e+01	2.080107e+02
2.100000e-06	4.569304e-06	3.057887e-09	3.185267e+01	2.060209e+02
2.110000e-06	4.471442e-06	3.086254e-09	3.117047e+01	2.039610e+02
2.120000e-06	4.372207e-06	3.122604e-09	3.047870e+01	2.018337e+02
2.130000e-06	4.271428e-06	3.086738e-09	2.977617e+01	1.996420e+02
2.140000e-06	4.168895e-06	2.972525e-09	2.906141e+01	1.973886e+02
2.150000e-06	4.064752e-06	2.917310e-09	2.833543e+01	1.950756e+02
2.160000e-06	3.959227e-06	2.946735e-09	2.759981e+01	1.927036e+02
2.170000e-06	3.852441e-06	2.965224e-09	2.685541e+01	1.902713e+02
2.180000e-06	3.744392e-06	2.894160e-09	2.610220e+01	1.877757e+02
2.190000e-06	3.635035e-06	2.791294e-09	2.533987e+01	1.852121e+02
2.200000e-06	3.524230e-06	2.760313e-09	2.456744e+01	1.825743e+02
2.210000e-06	3.411992e-06	2.776614e-09	2.378503e+01	1.798552e+02
2.220000e-06	3.298411e-06	2.749081e-09	2.299326e+01	1.770476e+02
2.230000e-06	3.183568e-06	2.648898e-09	2.219269e+01	1.741445e+02
2.240000e-06	3.067438e-06	2.564695e-09	2.138314e+01	1.711400e+02
2.250000e-06	2.949937e-06	2.544361e-09	2.056404e+01	1.680298e+02
2.260000e-06	2.831203e-06	2.543065e-09	1.973635e+01	1.648111e+02
2.270000e-06	2.711410e-06	2.479567e-09	1.890127e+01	1.614830e+02
2.280000e-06	2.590601e-06	2.377827e-09	1.805910e+01	1.580461e+02
2.290000e-06	2.468810e-06	2.314139e-09	1.721010e+01	1.545024e+02
2.300000e-06	2.346265e-06	2.304565e-09	1.635584e+01	1.508543e+02
2.310000e-06	2.223043e-06	2.279439e-09	1.549686e+01	1.471046e+02
2.320000e-06	2.099082e-06	2.197897e-09	1.463272e+01	1.432553e+02
2.330000e-06	1.974352e-06	2.107542e-09	1.376323e+01	1.393075e+02
2.340000e-06	1.848838e-06	2.055466e-09	1.288827e+01	1.352610e+02
2.350000e-06	1.722631e-06	2.024180e-09	1.200848e+01	1.311138e+02
2.360000e-06	1.595811e-06	1.960025e-09	1.112442e+01	1.268624e+02
2.370000e-06	1.468523e-06	1.864495e-09	1.023709e+01	1.225020e+02
2.380000e-06	1.340827e-06	1.778605e-09	9.346921e+00	1.180268e+02
2.390000e-06	1.212681e-06	1.724476e-09	8.453616e+00	1.134308e+02
2.400000e-06	1.084114e-06	1.670955e-09	7.557369e+00	1.087081e+02
2.410000e-06	9.551275e-07	1.586405e-09	6.658204e+00	1.038538e+02
2.420000e-06	8.257569e-07	1.488962e-09	5.756360e+00	9.886383e+01
2.430000e-06	6.960898e-07	1.412187e-09	4.852450e+00	9.373583e+01
2.440000e-06	5.662731e-07	1.353649e-09	3.947496e+00	8.846875e+01
2.450000e-06	4.363683e-07	1.277539e-09	3.041928e+00	8.306275e+01
2.460000e-06	3.062887e-07	1.174200e-09	2.135142e+00	7.751874e+01
2.470000e-06	1.760509e-07	1.077233e-09	1.227253e+00	7.183776e+01
2.480000e-06	4.576784e-08	1.003758e-09	3.190481e-01	6.602034e+01
2.490000e-06	-8.453404e-08	9.283417e-10	-5.892877e-01	6.006581e+01
2.500000e-06	-2.148269e-07	8.264674e-10	-1.497561e+00	5.397181e+01
2.510000e-06	-3.450363e-07	7.144471e-10	-2.405251e+00	4.773402e+01
2.520000e-06	-4.751410e-07	6.196089e-10	-3.312213e+00	4.134620e+01
2.530000e-06	-6.050901e-07	5.346720e-10	-4.218089e+00	3.480058e+01
2.540000e-06	-7.348797e-07	4.304794e-10	-5.122854e+00	2.808865e+01
2.550000e-06	-8.644903e-07	3.050002e-10	-6.026371e+00	2.120222e+01
2.560000e-06	-9.937690e-07	1.877472e-10	-6.927575e+00	1.413480e+01
2.570000e-06	-1.122639e-06	9.092146e-11	-7.825928e+00	6.883007e+00
2.580000e-06	-1.251107e-06	-9.829003e-12	-8.721482e+00	-5.519525e-01
2.590000e-06	-1.379143e-06	-1.360833e-10	-9.614020e+00	-8.163052e+00
2.600000e-06	-1.506691e-06	-2.710755e-10	-1.050316e+01	-1.593650e+01
2.610000e-06	-1.633714e-06	-3.860516e-10	-1.138864e+01	-2.385124e+01
2.620000e-06	-1.760176e-06	-4.868546e-10	-1.227020e+01	-3.187901e+01
2.630000e-06	-1.885992e-06	-6.039033e-10	-1.314727e+01	-3.998494e+01
2.640000e-06	-2.010991e-06	-7.433664e-10	-1.401864e+01	-4.812871e+01
2.650000e-06	-2.135026e-06	-8.768539e-10	-1.488329e+01	-5.626617e+01
2.660000e-06	-2.258176e-06	-9.866904e-10	-1.574177e+01	-6.435130e+01
2.670000e-06	-2.380523e-06	-1.093719e-09	-1.659465e+01	-7.233837e+01
2.680000e-06	-2.502003e-06	-1.220384e-09	-1.744149e+01	-8.018408e+01
2.690000e-06	-2.622558e-06	-1.356655e-09	-1.828188e+01	-8.784952e+01
2.700000e-06	-2.742099e-06	-1.474288e-09	-1.911520e+01	-9.530180e+01
2.710000e-06	-2.860638e-06	-1.567156e-09	-1.994154e+01	-1.025152e+02
2.720000e-06	-2.978027e-06	-1.660314e-09	-2.075986e+01	-1.094715e+02
2.730000e-06	-3.094077e-06	-1.772780e-09	-2.156884e+01	-1.161606e+02
2.740000e-06	-3.208886e-06	-1.886708e-09	-2.236918e+01	-1.225793e+02
2.750000e-06	-3.322424e-06	-1.976746e-09	-2.316065e+01	-1.287305e+02
2.760000e-06	-3.434589e-06	-2.047753e-09	-2.394256e+01	-1.346219e+02
2.770000e-06	-3.545344e-06	-2.127420e-09	-2.471463e+01	-1.402647e+02
2.780000e-06	-3.654855e-06	-2.226053e-09	-2.547803e+01	-1.456716e+02
2.790000e-06	-3.763238e-06	-2.318611e-09	-2.623357e+01	-1.508557e+02
2.800000e-06	-3.870453e-06	-2.384674e-09	-2.698097e+01	-1.558293e+02
2.810000e-06	-3.976420e-06	-2.438651e-09	-2.771967e+01	-1.606032e+02
2.820000e-06	-4.080920e-06	-2.506598e-09	-2.844813e+01	-1.651862e+02
2.830000e-06	-4.183931e-06	-2.589334e-09	-2.916623e+01	-1.695849e+02
2.840000e-06	-4.285391e-06	-2.662323e-09	-2.987350e+01	-1.738046e+02
2.850000e-06	-4.385249e-06	-2.712562e-09	-3.056962e+01	-1.778491e+02
2.860000e-06	-4.483632e-06	-2.758055e-09	-3.125545e+01	-1.817217e+02
2.870000e-06	-4.580565e-06	-2.820288e-09	-3.193117e+01	-1.854258e+02
2.880000e-06	-4.675963e-06	-2.891051e-09	-3.259619e+01	-1.889654e+02
2.890000e-06	-4.769665e-06	-2.946061e-09	-3.324938e+01	-1.923454e+02
2.900000e-06	-4.861528e-06	-2.982240e-09	-3.388977e+01	-1.955718e+02
2.910000e-06	-4.951657e-06	-3.020258e-09	-3.451806e+01	-1.986513e+02
2.920000e-06	-5.040071e-06	-3.073472e-09	-3.513439e+01	-2.015913e+02
2.930000e-06	-5.126599e-06	-3.127742e-09	-3.573758e+01	-2.043994e+02
2.940000e-06	-5.211162e-06	-3.164071e-09	-3.632706e+01	-2.070826e+02
2.950000e-06	-5.293880e-06	-3.188505e-09	-3.690370e+01	-2.096471e+02
2.960000e-06	-5.374798e-06	-3.222157e-09	-3.746777e+01	-2.120977e+02
2.970000e-06	-5.453665e-06	-3.269247e-09	-3.801755e+01	-2.144379e+02
2.980000e-06	-5.530300e-06	-3.311739e-09	-3.855178e+01	-2.166697e+02
2.990000e-06	-5.604822e-06	-3.336685e-09	-3.907127e+01	-2.187939e+02
3.000000e-06	-5.677313e-06	-3.356632e-09	-3.957661e+01	-2.208104e+02
3.010000e-06	-5.747639e-06	-3.388338e-09	-4.006685e+01	-2.227189e+02
3.020000e-06	-5.815793e-06	-3.427154e-09	-4.054195e+01	-2.245197e+02
3.030000e-06	-5.881905e-06	-3.456340e-09	-4.100282e+01	-2.262136e+02
3.040000e-06	-5.946043e-06	-3.470985e-09	-4.144993e+01	-2.278028e+02
3.050000e-06	-6.008005e-06	-3.485003e-09	-4.188187e+01	-2.292911e+02
3.060000e-06	-6.067693e-06	-3.509808e-09	-4.229795e+01	-2.306836e+02
3.070000e-06	-6.125283e-06	-3.539422e-09	-4.269941e+01	-2.319868e+02
3.080000e-06	-6.180876e-06	-3.559380e-09	-4.308696e+01	-2.332078e+02
3.090000e-06	-6.234124e-06	-3.568359e-09	-4.345814e+01	-2.343539e+02
3.100000e-06	-6.284712e-06	-3.579449e-09	-4.381080e+01	-2.354323e+02
3.110000e-06	-6.332700e-06	-3.600113e-09	-4.414532e+01	-2.364488e+02
3.120000e-06	-6.378409e-06	-3.620862e-09	-4.446396e+01	-2.374081e+02
3.130000e-06	-6.422151e-06	-3.630738e-09	-4.476888e+01	-2.383129e+02
3.140000e-06	-6.463813e-06	-3.635268e-09	-4.505931e+01	-2.391641e+02
3.150000e-06	-6.503265e-06	-3.645567e-09	-4.533433e+01	-2.399613e+02
3.160000e-06	-6.540354e-06	-3.662052e-09	-4.559288e+01	-2.407024e+02
3.170000e-06	-6.575129e-06	-3.676291e-09	-4.583530e+01	-2.413850e+02
3.180000e-06	-6.607660e-06	-3.682865e-09	-4.606207e+01	-2.420065e+02
3.190000e-06	-6.637715e-06	-3.687895e-09	-4.627158e+01	-2.425647e+02
3.200000e-06	-6.665280e-06	-3.696650e-09	-4.646374e+01	-2.430586e+02
3.210000e-06	-6.690528e-06	-3.707941e-09	-4.663974e+01	-2.434881e+02
3.220000e-06	-6.713395e-06	-3.716485e-09	-4.679915e+01	-2.438550e+02
3.230000e-06	-6.733827e-06	-3.719587e-09	-4.694158e+01	-2.441620e+02
3.240000e-06	-6.751912e-06	-3.719476e-09	-4.706765e+01	-2.444128e+02
3.250000e-06	-6.767478e-06	-3.720793e-09	-4.717616e+01	-2.446114e+02
3.260000e-06	-6.780279e-06	-3.724638e-09	-4.726539e+01	-2.447617e+02
3.270000e-06	-6.790490e-06	-3.726191e-09	-4.733658e+01	-2.448667e+02
3.280000e-06	-6.798363e-06	-3.723169e-09	-4.739146e+01	-2.449285e+02
3.290000e-06	-6.803746e-06	-3.719775e-09	-4.742899e+01	-2.449474e+02
3.300000e-06	-6.806720e-06	-3.719256e-09	-4.744972e+01	-2.449225e+02
3.310000e-06	-6.807447e-06	-3.718995e-09	-4.745478e+01	-2.448518e+02
