# Temperatura_=_20.0
# Concentracion g/m^3_=_9000.0
# C_Vs_to_Am_M_A/Vsm_=_65563218390.804596
# pendiente_HvsI_1/m_=_3716.3
# ordenada_HvsI_A/m_=_1297.0
# frecuencia_Hz_=_300881.3830160493

Tiempo_(s)	Campo_(V.s)	Magnetizacion_(V.s)	Campo_(kA/m)	Magnetizacion_(A/m)
0.000000e+00	-5.353851e-06	-1.410448e-10	-3.829374e+01	-8.870281e+00
1.000000e-08	-5.352632e-06	-1.389936e-10	-3.828503e+01	-8.905734e+00
2.000000e-08	-5.349528e-06	-1.402664e-10	-3.826282e+01	-8.942180e+00
3.000000e-08	-5.344695e-06	-1.396398e-10	-3.822825e+01	-8.978785e+00
4.000000e-08	-5.338196e-06	-1.389715e-10	-3.818177e+01	-9.014742e+00
5.000000e-08	-5.330019e-06	-1.425261e-10	-3.812328e+01	-9.049460e+00
6.000000e-08	-5.319974e-06	-1.463737e-10	-3.805144e+01	-9.082705e+00
7.000000e-08	-5.307968e-06	-1.477325e-10	-3.796556e+01	-9.114659e+00
8.000000e-08	-5.294054e-06	-1.591505e-10	-3.786604e+01	-9.145892e+00
9.000000e-08	-5.278022e-06	-1.505864e-10	-3.775137e+01	-9.177243e+00
1.000000e-07	-5.259809e-06	-1.197048e-10	-3.762110e+01	-9.209623e+00
1.100000e-07	-5.239610e-06	-1.288037e-10	-3.747662e+01	-9.243773e+00
1.200000e-07	-5.217582e-06	-1.458277e-10	-3.731907e+01	-9.280020e+00
1.300000e-07	-5.193816e-06	-1.501749e-10	-3.714908e+01	-9.318058e+00
1.400000e-07	-5.168427e-06	-1.987280e-10	-3.696748e+01	-9.356815e+00
1.500000e-07	-5.141496e-06	-1.438792e-10	-3.677486e+01	-9.394413e+00
1.600000e-07	-5.113003e-06	-8.071814e-11	-3.657106e+01	-9.428259e+00
1.700000e-07	-5.082983e-06	-1.742508e-10	-3.635634e+01	-9.455243e+00
1.800000e-07	-5.051271e-06	-1.526983e-10	-3.612952e+01	-9.472041e+00
1.900000e-07	-5.017537e-06	-1.340273e-10	-3.588823e+01	-9.475473e+00
2.000000e-07	-4.982114e-06	-1.775372e-10	-3.563487e+01	-9.462885e+00
2.100000e-07	-4.945236e-06	-1.006257e-10	-3.537110e+01	-9.432491e+00
2.200000e-07	-4.906501e-06	-1.385304e-10	-3.509404e+01	-9.383627e+00
2.300000e-07	-4.865849e-06	-1.901704e-10	-3.480328e+01	-9.316894e+00
2.400000e-07	-4.823378e-06	-1.279251e-10	-3.449950e+01	-9.234141e+00
2.500000e-07	-4.779131e-06	-1.203999e-10	-3.418302e+01	-9.138315e+00
2.600000e-07	-4.733169e-06	-1.189228e-10	-3.385428e+01	-9.033168e+00
2.700000e-07	-4.685275e-06	-1.467204e-10	-3.351171e+01	-8.922873e+00
2.800000e-07	-4.635327e-06	-1.585199e-10	-3.315446e+01	-8.811588e+00
2.900000e-07	-4.583535e-06	-1.103478e-10	-3.278401e+01	-8.703031e+00
3.000000e-07	-4.530048e-06	-1.041583e-10	-3.240144e+01	-8.600118e+00
3.100000e-07	-4.474914e-06	-1.264708e-10	-3.200709e+01	-8.504704e+00
3.200000e-07	-4.418131e-06	-1.386328e-10	-3.160095e+01	-8.417474e+00
3.300000e-07	-4.359637e-06	-1.233176e-10	-3.118256e+01	-8.337977e+00
3.400000e-07	-4.299565e-06	-1.099042e-10	-3.075290e+01	-8.264816e+00
3.500000e-07	-4.238069e-06	-1.195711e-10	-3.031304e+01	-8.195942e+00
3.600000e-07	-4.175127e-06	-1.093044e-10	-2.986285e+01	-8.129024e+00
3.700000e-07	-4.110624e-06	-1.322016e-10	-2.940149e+01	-8.061843e+00
3.800000e-07	-4.044526e-06	-1.249178e-10	-2.892872e+01	-7.992637e+00
3.900000e-07	-3.976871e-06	-9.270912e-11	-2.844481e+01	-7.920370e+00
4.000000e-07	-3.907794e-06	-1.124434e-10	-2.795073e+01	-7.844874e+00
4.100000e-07	-3.837463e-06	-1.250208e-10	-2.744768e+01	-7.766855e+00
4.200000e-07	-3.765902e-06	-1.182691e-10	-2.693584e+01	-7.687761e+00
4.300000e-07	-3.692965e-06	-9.167322e-11	-2.641415e+01	-7.609532e+00
4.400000e-07	-3.618408e-06	-1.040301e-10	-2.588088e+01	-7.534285e+00
4.500000e-07	-3.542280e-06	-1.138773e-10	-2.533637e+01	-7.463961e+00
4.600000e-07	-3.464782e-06	-1.025074e-10	-2.478206e+01	-7.400005e+00
4.700000e-07	-3.385963e-06	-1.014798e-10	-2.421830e+01	-7.343120e+00
4.800000e-07	-3.305782e-06	-1.008249e-10	-2.364480e+01	-7.293124e+00
4.900000e-07	-3.224316e-06	-1.043384e-10	-2.306211e+01	-7.248949e+00
5.000000e-07	-3.141778e-06	-1.029320e-10	-2.247175e+01	-7.208756e+00
5.100000e-07	-3.058280e-06	-1.048344e-10	-2.187453e+01	-7.170168e+00
5.200000e-07	-2.973868e-06	-1.025996e-10	-2.127077e+01	-7.130582e+00
5.300000e-07	-2.888478e-06	-1.026269e-10	-2.066001e+01	-7.087508e+00
5.400000e-07	-2.802131e-06	-1.038272e-10	-2.004241e+01	-7.038883e+00
5.500000e-07	-2.714930e-06	-1.016285e-10	-1.941870e+01	-6.983334e+00
5.600000e-07	-2.626752e-06	-9.543843e-11	-1.878800e+01	-6.920323e+00
5.700000e-07	-2.537470e-06	-9.287357e-11	-1.814940e+01	-6.850176e+00
5.800000e-07	-2.447058e-06	-9.642457e-11	-1.750273e+01	-6.773991e+00
5.900000e-07	-2.355683e-06	-9.700762e-11	-1.684916e+01	-6.693421e+00
6.000000e-07	-2.263604e-06	-9.023062e-11	-1.619056e+01	-6.610387e+00
6.100000e-07	-2.170887e-06	-8.607702e-11	-1.552740e+01	-6.526754e+00
6.200000e-07	-2.077402e-06	-9.084304e-11	-1.485874e+01	-6.444007e+00
6.300000e-07	-1.983162e-06	-9.135585e-11	-1.418468e+01	-6.362995e+00
6.400000e-07	-1.888328e-06	-8.687205e-11	-1.350638e+01	-6.283750e+00
6.500000e-07	-1.792959e-06	-8.248635e-11	-1.282424e+01	-6.205437e+00
6.600000e-07	-1.696875e-06	-8.594153e-11	-1.213700e+01	-6.126412e+00
6.700000e-07	-1.599986e-06	-8.693931e-11	-1.144399e+01	-6.044398e+00
6.800000e-07	-1.502424e-06	-8.234484e-11	-1.074618e+01	-5.956739e+00
6.900000e-07	-1.404272e-06	-7.976756e-11	-1.004414e+01	-5.860707e+00
7.000000e-07	-1.305594e-06	-8.020867e-11	-9.338337e+00	-5.753808e+00
7.100000e-07	-1.206359e-06	-8.070739e-11	-8.628553e+00	-5.634053e+00
7.200000e-07	-1.106636e-06	-7.881967e-11	-7.915281e+00	-5.500150e+00
7.300000e-07	-1.006637e-06	-7.671158e-11	-7.200029e+00	-5.351608e+00
7.400000e-07	-9.064375e-07	-7.084121e-11	-6.483348e+00	-5.188722e+00
7.500000e-07	-8.059856e-07	-6.876064e-11	-5.764861e+00	-5.012464e+00
7.600000e-07	-7.052154e-07	-7.060895e-11	-5.044095e+00	-4.824289e+00
7.700000e-07	-6.041159e-07	-6.764732e-11	-4.320975e+00	-4.625889e+00
7.800000e-07	-5.028185e-07	-6.056308e-11	-3.596440e+00	-4.418930e+00
7.900000e-07	-4.013828e-07	-5.848659e-11	-2.870914e+00	-4.204812e+00
8.000000e-07	-2.997351e-07	-6.071025e-11	-2.143873e+00	-3.984478e+00
8.100000e-07	-1.979342e-07	-5.738342e-11	-1.415737e+00	-3.758298e+00
8.200000e-07	-9.604904e-08	-5.129715e-11	-6.869965e-01	-3.526038e+00
8.300000e-07	5.807589e-09	-4.809309e-11	4.153913e-02	-3.286916e+00
8.400000e-07	1.076110e-07	-4.845692e-11	7.696939e-01	-3.039722e+00
8.500000e-07	2.094479e-07	-4.508963e-11	1.498088e+00	-2.782997e+00
8.600000e-07	3.112302e-07	-3.818423e-11	2.226093e+00	-2.515223e+00
8.700000e-07	4.128035e-07	-3.288853e-11	2.952602e+00	-2.235019e+00
8.800000e-07	5.141728e-07	-2.886522e-11	3.677652e+00	-1.941300e+00
8.900000e-07	6.153752e-07	-2.544807e-11	4.401508e+00	-1.633399e+00
9.000000e-07	7.163891e-07	-2.058675e-11	5.124016e+00	-1.311130e+00
9.100000e-07	8.171247e-07	-1.530336e-11	5.844533e+00	-9.748031e-01
9.200000e-07	9.175491e-07	-1.022499e-11	6.562825e+00	-6.251927e-01
9.300000e-07	1.017708e-06	-7.767811e-12	7.279219e+00	-2.634800e-01
9.400000e-07	1.117590e-06	-4.020208e-12	7.993632e+00	1.088183e-01
9.500000e-07	1.217208e-06	1.747121e-12	8.706154e+00	4.899186e-01
9.600000e-07	1.316386e-06	8.858980e-12	9.415530e+00	8.778229e-01
9.700000e-07	1.414994e-06	1.543549e-11	1.012083e+01	1.270352e+00
9.800000e-07	1.513094e-06	1.990631e-11	1.082249e+01	1.665160e+00
9.900000e-07	1.610605e-06	2.639243e-11	1.151995e+01	2.059735e+00
1.000000e-06	1.707354e-06	3.413769e-11	1.221195e+01	2.451401e+00
1.010000e-06	1.803307e-06	4.023289e-11	1.289827e+01	2.837335e+00
1.020000e-06	1.898585e-06	4.330047e-11	1.357974e+01	3.214603e+00
1.030000e-06	1.993300e-06	4.880919e-11	1.425720e+01	3.580236e+00
1.040000e-06	2.087436e-06	5.636419e-11	1.493051e+01	3.931335e+00
1.050000e-06	2.180832e-06	6.307683e-11	1.559853e+01	4.265205e+00
1.060000e-06	2.273466e-06	6.717049e-11	1.626111e+01	4.579505e+00
1.070000e-06	2.365452e-06	6.823321e-11	1.691904e+01	4.872396e+00
1.080000e-06	2.456738e-06	7.131521e-11	1.757196e+01	5.142664e+00
1.090000e-06	2.547144e-06	7.392009e-11	1.821860e+01	5.389800e+00
1.100000e-06	2.636399e-06	7.805530e-11	1.885700e+01	5.614026e+00
1.110000e-06	2.724439e-06	8.066875e-11	1.948671e+01	5.816246e+00
1.120000e-06	2.811542e-06	8.261987e-11	2.010973e+01	5.997941e+00
1.130000e-06	2.897870e-06	8.785379e-11	2.072719e+01	6.161004e+00
1.140000e-06	2.983307e-06	9.297653e-11	2.133828e+01	6.307541e+00
1.150000e-06	3.067744e-06	9.434571e-11	2.194222e+01	6.439657e+00
1.160000e-06	3.151224e-06	9.309446e-11	2.253932e+01	6.559265e+00
1.170000e-06	3.233701e-06	9.604759e-11	2.312924e+01	6.667928e+00
1.180000e-06	3.314914e-06	9.928056e-11	2.371012e+01	6.766769e+00
1.190000e-06	3.394809e-06	1.008354e-10	2.428157e+01	6.856450e+00
1.200000e-06	3.473485e-06	1.010098e-10	2.484431e+01	6.937224e+00
1.210000e-06	3.550952e-06	1.023041e-10	2.539840e+01	7.009054e+00
1.220000e-06	3.627225e-06	1.033429e-10	2.594395e+01	7.071770e+00
1.230000e-06	3.702149e-06	1.032955e-10	2.647984e+01	7.125250e+00
1.240000e-06	3.775423e-06	1.028424e-10	2.700394e+01	7.169586e+00
1.250000e-06	3.847140e-06	1.028015e-10	2.751690e+01	7.205216e+00
1.260000e-06	3.917568e-06	1.029423e-10	2.802064e+01	7.232990e+00
1.270000e-06	3.986698e-06	1.025295e-10	2.851510e+01	7.254181e+00
1.280000e-06	4.054519e-06	1.019559e-10	2.900019e+01	7.270406e+00
1.290000e-06	4.120890e-06	1.018747e-10	2.947492e+01	7.283504e+00
1.300000e-06	4.185551e-06	1.029866e-10	2.993740e+01	7.295368e+00
1.310000e-06	4.248661e-06	1.031151e-10	3.038880e+01	7.307756e+00
1.320000e-06	4.310408e-06	1.038656e-10	3.083045e+01	7.322133e+00
1.330000e-06	4.370764e-06	1.044004e-10	3.126215e+01	7.339544e+00
1.340000e-06	4.429752e-06	1.052196e-10	3.168407e+01	7.360549e+00
1.350000e-06	4.487102e-06	1.052840e-10	3.209427e+01	7.385234e+00
1.360000e-06	4.542687e-06	1.045593e-10	3.249185e+01	7.413290e+00
1.370000e-06	4.596690e-06	1.047209e-10	3.287811e+01	7.444148e+00
1.380000e-06	4.649008e-06	1.054629e-10	3.325231e+01	7.477151e+00
1.390000e-06	4.699286e-06	1.068329e-10	3.361193e+01	7.511728e+00
1.400000e-06	4.747494e-06	1.066784e-10	3.395673e+01	7.547549e+00
1.410000e-06	4.793974e-06	1.073047e-10	3.428919e+01	7.584631e+00
1.420000e-06	4.838880e-06	1.086891e-10	3.461038e+01	7.623372e+00
1.430000e-06	4.882225e-06	1.088595e-10	3.492041e+01	7.664511e+00
1.440000e-06	4.923773e-06	1.078711e-10	3.521758e+01	7.709017e+00
1.450000e-06	4.963374e-06	1.072158e-10	3.550083e+01	7.757921e+00
1.460000e-06	5.001257e-06	1.080093e-10	3.577179e+01	7.812123e+00
1.470000e-06	5.037587e-06	1.085269e-10	3.603164e+01	7.872195e+00
1.480000e-06	5.072296e-06	1.093287e-10	3.627990e+01	7.938221e+00
1.490000e-06	5.105029e-06	1.103471e-10	3.651403e+01	8.009701e+00
1.500000e-06	5.135859e-06	1.112427e-10	3.673454e+01	8.085528e+00
1.510000e-06	5.165068e-06	1.119996e-10	3.694346e+01	8.164062e+00
1.520000e-06	5.192629e-06	1.121213e-10	3.714059e+01	8.243276e+00
1.530000e-06	5.218260e-06	1.122397e-10	3.732392e+01	8.320968e+00
1.540000e-06	5.241803e-06	1.129790e-10	3.749231e+01	8.395008e+00
1.550000e-06	5.263486e-06	1.134500e-10	3.764740e+01	8.463576e+00
1.560000e-06	5.283508e-06	1.139432e-10	3.779061e+01	8.525371e+00
1.570000e-06	5.301756e-06	1.142950e-10	3.792113e+01	8.579752e+00
1.580000e-06	5.318012e-06	1.158777e-10	3.803740e+01	8.626787e+00
1.590000e-06	5.332320e-06	1.181403e-10	3.813974e+01	8.667214e+00
1.600000e-06	5.344693e-06	1.188773e-10	3.822824e+01	8.702310e+00
1.610000e-06	5.354960e-06	1.191584e-10	3.830167e+01	8.733697e+00
1.620000e-06	5.363096e-06	1.198924e-10	3.835987e+01	8.763106e+00
1.630000e-06	5.369294e-06	1.220548e-10	3.840419e+01	8.792139e+00
1.640000e-06	5.373727e-06	1.223790e-10	3.843591e+01	8.822069e+00
1.650000e-06	5.376390e-06	1.214060e-10	3.845495e+01	8.853693e+00
1.660000e-06	5.377096e-06	1.205040e-10	3.846000e+01	8.887284e+00
1.670000e-06	5.375955e-06	1.230687e-10	3.845185e+01	8.922614e+00
1.680000e-06	5.373156e-06	1.255714e-10	3.843182e+01	8.959075e+00
1.690000e-06	5.368725e-06	1.253758e-10	3.840013e+01	8.995848e+00
1.700000e-06	5.362493e-06	1.266250e-10	3.835555e+01	9.032106e+00
1.710000e-06	5.354355e-06	1.270675e-10	3.829735e+01	9.067207e+00
1.720000e-06	5.344581e-06	1.271045e-10	3.822744e+01	9.100847e+00
1.730000e-06	5.333192e-06	1.245332e-10	3.814598e+01	9.133133e+00
1.740000e-06	5.319898e-06	1.083283e-10	3.805089e+01	9.164572e+00
1.750000e-06	5.304480e-06	1.494898e-10	3.794061e+01	9.195968e+00
1.760000e-06	5.286734e-06	1.629889e-10	3.781368e+01	9.228234e+00
1.770000e-06	5.266438e-06	1.443510e-10	3.766851e+01	9.262163e+00
1.780000e-06	5.243782e-06	1.493666e-10	3.750646e+01	9.298171e+00
1.790000e-06	5.219608e-06	6.971503e-11	3.733356e+01	9.336078e+00
1.800000e-06	5.194612e-06	9.267729e-11	3.715477e+01	9.374954e+00
1.810000e-06	5.168365e-06	2.126714e-10	3.696704e+01	9.413064e+00
1.820000e-06	5.140096e-06	1.195726e-10	3.676484e+01	9.447930e+00
1.830000e-06	5.110007e-06	1.492606e-10	3.654963e+01	9.476515e+00
1.840000e-06	5.078293e-06	1.841222e-10	3.632280e+01	9.495507e+00
1.850000e-06	5.044544e-06	6.442214e-11	3.608140e+01	9.501674e+00
1.860000e-06	5.009010e-06	1.960139e-10	3.582724e+01	9.492240e+00
1.870000e-06	4.971880e-06	1.997379e-10	3.556167e+01	9.465242e+00
1.880000e-06	4.932850e-06	7.718024e-11	3.528251e+01	9.419803e+00
1.890000e-06	4.892036e-06	1.682227e-10	3.499058e+01	9.356293e+00
1.900000e-06	4.849491e-06	1.591692e-10	3.468627e+01	9.276346e+00
1.910000e-06	4.805325e-06	1.577302e-10	3.437038e+01	9.182731e+00
1.920000e-06	4.759628e-06	1.624508e-10	3.404352e+01	9.079083e+00
1.930000e-06	4.712035e-06	8.232844e-11	3.370311e+01	8.969529e+00
1.940000e-06	4.662634e-06	1.900640e-10	3.334977e+01	8.858264e+00
1.950000e-06	4.611658e-06	1.520731e-10	3.298516e+01	8.749112e+00
1.960000e-06	4.558950e-06	1.232230e-10	3.260817e+01	8.645156e+00
1.970000e-06	4.504258e-06	1.716078e-10	3.221698e+01	8.548452e+00
1.980000e-06	4.447701e-06	1.049998e-10	3.181245e+01	8.459895e+00
1.990000e-06	4.389663e-06	1.412951e-10	3.139733e+01	8.379229e+00
2.000000e-06	4.330172e-06	1.353902e-10	3.097182e+01	8.305206e+00
2.010000e-06	4.269239e-06	1.515763e-10	3.053599e+01	8.235868e+00
2.020000e-06	4.206746e-06	1.253587e-10	3.008900e+01	8.168905e+00
2.030000e-06	4.142508e-06	9.213040e-11	2.962954e+01	8.102051e+00
2.040000e-06	4.076711e-06	1.776987e-10	2.915892e+01	8.033439e+00
2.050000e-06	4.009547e-06	1.247674e-10	2.867853e+01	7.961890e+00
2.060000e-06	3.941015e-06	1.106699e-10	2.818835e+01	7.887076e+00
2.070000e-06	3.870922e-06	1.239725e-10	2.768700e+01	7.809554e+00
2.080000e-06	3.799249e-06	1.321768e-10	2.717436e+01	7.730653e+00
2.090000e-06	3.726253e-06	1.424722e-10	2.665225e+01	7.652248e+00
2.100000e-06	3.651969e-06	9.965008e-11	2.612093e+01	7.576450e+00
2.110000e-06	3.576276e-06	1.395212e-10	2.557953e+01	7.505256e+00
2.120000e-06	3.499026e-06	1.288135e-10	2.502699e+01	7.440221e+00
2.130000e-06	3.420330e-06	1.216189e-10	2.446412e+01	7.382193e+00
2.140000e-06	3.340383e-06	1.259679e-10	2.389229e+01	7.331154e+00
2.150000e-06	3.259230e-06	1.158711e-10	2.331184e+01	7.286188e+00
2.160000e-06	3.177016e-06	1.241355e-10	2.272380e+01	7.245580e+00
2.170000e-06	3.093810e-06	1.067091e-10	2.212866e+01	7.207027e+00
2.180000e-06	3.009570e-06	1.233330e-10	2.152613e+01	7.167943e+00
2.190000e-06	2.924147e-06	1.173753e-10	2.091514e+01	7.125792e+00
2.200000e-06	2.837532e-06	1.114123e-10	2.029562e+01	7.078415e+00
2.210000e-06	2.749799e-06	1.138463e-10	1.966810e+01	7.024301e+00
2.220000e-06	2.661118e-06	1.201086e-10	1.903380e+01	6.962755e+00
2.230000e-06	2.571644e-06	1.227910e-10	1.839384e+01	6.893956e+00
2.240000e-06	2.481312e-06	1.076793e-10	1.774774e+01	6.818874e+00
2.250000e-06	2.390153e-06	1.206469e-10	1.709571e+01	6.739082e+00
2.260000e-06	2.298316e-06	1.187198e-10	1.643885e+01	6.656479e+00
2.270000e-06	2.205783e-06	1.081097e-10	1.577699e+01	6.572962e+00
2.280000e-06	2.112329e-06	1.021069e-10	1.510856e+01	6.490108e+00
2.290000e-06	2.017911e-06	1.105091e-10	1.443323e+01	6.408891e+00
2.300000e-06	1.922755e-06	1.141824e-10	1.375262e+01	6.329500e+00
2.310000e-06	1.826887e-06	1.038215e-10	1.306692e+01	6.251253e+00
2.320000e-06	1.730276e-06	1.043674e-10	1.237590e+01	6.172641e+00
2.330000e-06	1.633152e-06	1.075560e-10	1.168122e+01	6.091481e+00
2.340000e-06	1.535673e-06	1.064966e-10	1.098399e+01	6.005165e+00
2.350000e-06	1.437641e-06	1.005036e-10	1.028281e+01	5.910956e+00
2.360000e-06	1.338972e-06	9.965525e-11	9.577077e+00	5.806294e+00
2.370000e-06	1.239925e-06	9.565776e-11	8.868642e+00	5.689085e+00
2.380000e-06	1.140623e-06	9.460460e-11	8.158373e+00	5.557901e+00
2.390000e-06	1.041026e-06	9.901782e-11	7.446000e+00	5.412107e+00
2.400000e-06	9.411192e-07	9.477663e-11	6.731412e+00	5.251861e+00
2.410000e-06	8.408906e-07	8.489688e-11	6.014521e+00	5.078029e+00
2.420000e-06	7.402382e-07	8.140316e-11	5.294599e+00	4.891994e+00
2.430000e-06	6.392744e-07	8.514440e-11	4.572448e+00	4.695427e+00
2.440000e-06	5.381944e-07	8.162026e-11	3.849468e+00	4.490017e+00
2.450000e-06	4.368987e-07	7.123420e-11	3.124944e+00	4.277226e+00
2.460000e-06	3.353562e-07	6.769399e-11	2.398655e+00	4.058091e+00
2.470000e-06	2.337499e-07	6.910342e-11	1.671910e+00	3.833088e+00
2.480000e-06	1.320815e-07	6.511332e-11	9.447211e-01	3.602090e+00
2.490000e-06	3.028910e-08	5.738859e-11	2.166446e-01	3.364405e+00
2.500000e-06	-7.150824e-08	5.337999e-11	-5.114670e-01	3.118888e+00
2.510000e-06	-1.732644e-07	5.272319e-11	-1.239284e+00	2.864111e+00
2.520000e-06	-2.748954e-07	4.980623e-11	-1.966206e+00	2.598551e+00
2.530000e-06	-3.764219e-07	4.438040e-11	-2.692380e+00	2.320789e+00
2.540000e-06	-4.779141e-07	3.796773e-11	-3.418309e+00	2.029679e+00
2.550000e-06	-5.791337e-07	3.124765e-11	-4.142289e+00	1.724471e+00
2.560000e-06	-6.799195e-07	2.574187e-11	-4.863165e+00	1.404893e+00
2.570000e-06	-7.803501e-07	2.150043e-11	-5.581501e+00	1.071166e+00
2.580000e-06	-8.804564e-07	1.592419e-11	-6.297518e+00	7.239847e-01
2.590000e-06	-9.802399e-07	8.342560e-12	-7.011225e+00	3.644640e-01
2.600000e-06	-1.079760e-06	1.988019e-12	-7.723049e+00	-5.934765e-03
2.610000e-06	-1.179026e-06	-1.500401e-12	-8.433052e+00	-3.854709e-01
2.620000e-06	-1.277973e-06	-8.106969e-12	-9.140782e+00	-7.721818e-01
2.630000e-06	-1.376508e-06	-1.761365e-11	-9.845554e+00	-1.163919e+00
2.640000e-06	-1.474555e-06	-2.385745e-11	-1.054684e+01	-1.558366e+00
2.650000e-06	-1.572096e-06	-2.902854e-11	-1.124451e+01	-1.953041e+00
2.660000e-06	-1.669109e-06	-3.442984e-11	-1.193840e+01	-2.345296e+00
2.670000e-06	-1.765645e-06	-4.055550e-11	-1.262888e+01	-2.732333e+00
2.680000e-06	-1.861720e-06	-4.682813e-11	-1.331606e+01	-3.111234e+00
2.690000e-06	-1.957140e-06	-5.362133e-11	-1.399856e+01	-3.479028e+00
2.700000e-06	-2.051667e-06	-6.018562e-11	-1.467467e+01	-3.832794e+00
2.710000e-06	-2.145267e-06	-6.392761e-11	-1.534415e+01	-4.169791e+00
2.720000e-06	-2.237986e-06	-6.681043e-11	-1.600733e+01	-4.487603e+00
2.730000e-06	-2.329880e-06	-7.159755e-11	-1.666461e+01	-4.784292e+00
2.740000e-06	-2.420966e-06	-7.611926e-11	-1.731611e+01	-5.058525e+00
2.750000e-06	-2.511184e-06	-7.838568e-11	-1.796139e+01	-5.309664e+00
2.760000e-06	-2.600496e-06	-8.092412e-11	-1.860020e+01	-5.537800e+00
2.770000e-06	-2.688996e-06	-8.664286e-11	-1.923321e+01	-5.743722e+00
2.780000e-06	-2.776742e-06	-9.184898e-11	-1.986082e+01	-5.928820e+00
2.790000e-06	-2.863406e-06	-9.420120e-11	-2.048068e+01	-6.094926e+00
2.800000e-06	-2.948804e-06	-9.734857e-11	-2.109150e+01	-6.244123e+00
2.810000e-06	-3.033151e-06	-1.001926e-10	-2.169480e+01	-6.378533e+00
2.820000e-06	-3.116511e-06	-1.022499e-10	-2.229103e+01	-6.500115e+00
2.830000e-06	-3.198812e-06	-1.029563e-10	-2.287969e+01	-6.610503e+00
2.840000e-06	-3.280064e-06	-1.026457e-10	-2.346085e+01	-6.710903e+00
2.850000e-06	-3.360301e-06	-1.029325e-10	-2.403475e+01	-6.802058e+00
2.860000e-06	-3.439298e-06	-1.038758e-10	-2.459979e+01	-6.884286e+00
2.870000e-06	-3.516771e-06	-1.057601e-10	-2.515392e+01	-6.957590e+00
2.880000e-06	-3.592780e-06	-1.074186e-10	-2.569757e+01	-7.021813e+00
2.890000e-06	-3.667416e-06	-1.091357e-10	-2.623141e+01	-7.076810e+00
2.900000e-06	-3.740711e-06	-1.105060e-10	-2.675566e+01	-7.122625e+00
2.910000e-06	-3.812760e-06	-1.118966e-10	-2.727100e+01	-7.159626e+00
2.920000e-06	-3.883381e-06	-1.128379e-10	-2.777612e+01	-7.188589e+00
2.930000e-06	-3.952408e-06	-1.127585e-10	-2.826984e+01	-7.210711e+00
2.940000e-06	-4.020042e-06	-1.131553e-10	-2.875359e+01	-7.227559e+00
2.950000e-06	-4.086338e-06	-1.143511e-10	-2.922778e+01	-7.240943e+00
2.960000e-06	-4.151327e-06	-1.147538e-10	-2.969262e+01	-7.252759e+00
2.970000e-06	-4.214980e-06	-1.139095e-10	-3.014790e+01	-7.264802e+00
2.980000e-06	-4.276923e-06	-1.142853e-10	-3.059095e+01	-7.278601e+00
2.990000e-06	-4.337187e-06	-1.141882e-10	-3.102199e+01	-7.295282e+00
3.000000e-06	-4.396039e-06	-1.131310e-10	-3.144294e+01	-7.315492e+00
3.010000e-06	-4.453381e-06	-1.137452e-10	-3.185308e+01	-7.339399e+00
3.020000e-06	-4.509156e-06	-1.160552e-10	-3.225201e+01	-7.366756e+00
3.030000e-06	-4.563154e-06	-1.161092e-10	-3.263823e+01	-7.397029e+00
3.040000e-06	-4.615224e-06	-1.141541e-10	-3.301066e+01	-7.429562e+00
3.050000e-06	-4.665510e-06	-1.128969e-10	-3.337034e+01	-7.463757e+00
3.060000e-06	-4.713885e-06	-1.147011e-10	-3.371635e+01	-7.499233e+00
3.070000e-06	-4.760422e-06	-1.170049e-10	-3.404921e+01	-7.535938e+00
3.080000e-06	-4.805389e-06	-1.176221e-10	-3.437084e+01	-7.574205e+00
3.090000e-06	-4.848818e-06	-1.183875e-10	-3.468147e+01	-7.614716e+00
3.100000e-06	-4.890767e-06	-1.201689e-10	-3.498150e+01	-7.658410e+00
3.110000e-06	-4.931129e-06	-1.231920e-10	-3.527020e+01	-7.706323e+00
3.120000e-06	-4.969647e-06	-1.246741e-10	-3.554570e+01	-7.759392e+00
3.130000e-06	-5.006294e-06	-1.236047e-10	-3.580782e+01	-7.818260e+00
3.140000e-06	-5.041203e-06	-1.235446e-10	-3.605751e+01	-7.883109e+00
3.150000e-06	-5.074412e-06	-1.265926e-10	-3.629504e+01	-7.953546e+00
3.160000e-06	-5.105830e-06	-1.293321e-10	-3.651976e+01	-8.028570e+00
3.170000e-06	-5.135350e-06	-1.292337e-10	-3.673090e+01	-8.106628e+00
3.180000e-06	-5.163031e-06	-1.297923e-10	-3.692889e+01	-8.185747e+00
3.190000e-06	-5.188987e-06	-1.332343e-10	-3.711454e+01	-8.263739e+00
3.200000e-06	-5.213153e-06	-1.363365e-10	-3.728739e+01	-8.338443e+00
3.210000e-06	-5.235329e-06	-1.357905e-10	-3.744601e+01	-8.407967e+00
3.220000e-06	-5.255572e-06	-1.357447e-10	-3.759080e+01	-8.470906e+00
3.230000e-06	-5.274111e-06	-1.386471e-10	-3.772340e+01	-8.526493e+00
3.240000e-06	-5.290893e-06	-1.411404e-10	-3.784343e+01	-8.574671e+00
3.250000e-06	-5.305635e-06	-1.422071e-10	-3.794888e+01	-8.616064e+00
3.260000e-06	-5.318222e-06	-1.416602e-10	-3.803891e+01	-8.651866e+00
3.270000e-06	-5.328826e-06	-1.420973e-10	-3.811475e+01	-8.683655e+00
3.280000e-06	-5.337634e-06	-1.428664e-10	-3.817775e+01	-8.713160e+00
3.290000e-06	-5.344557e-06	-1.439728e-10	-3.822727e+01	-8.742022e+00
3.300000e-06	-5.349477e-06	-1.450464e-10	-3.826245e+01	-8.771585e+00
3.310000e-06	-5.352524e-06	-1.447092e-10	-3.828425e+01	-8.802738e+00
3.320000e-06	-5.353790e-06	-1.432885e-10	-3.829330e+01	-8.835848e+00
