# Temperatura_=_20.0
# Concentracion g/m^3_=_9000.0
# C_Vs_to_Am_M_A/Vsm_=_65563218390.804596
# pendiente_HvsI_1/m_=_3716.3
# ordenada_HvsI_A/m_=_1297.0
# frecuencia_Hz_=_300879.1915083828

Tiempo_(s)	Campo_(V.s)	Magnetizacion_(V.s)	Campo_(kA/m)	Magnetizacion_(A/m)
0.000000e+00	-5.393296e-06	-4.335561e-09	-3.830391e+01	-2.844521e+02
1.000000e-08	-5.392119e-06	-4.334463e-09	-3.829555e+01	-2.844033e+02
2.000000e-08	-5.389037e-06	-4.334667e-09	-3.827366e+01	-2.843209e+02
3.000000e-08	-5.384264e-06	-4.332651e-09	-3.823976e+01	-2.842060e+02
4.000000e-08	-5.377896e-06	-4.329795e-09	-3.819454e+01	-2.840590e+02
5.000000e-08	-5.369838e-06	-4.326643e-09	-3.813731e+01	-2.838797e+02
6.000000e-08	-5.359781e-06	-4.323062e-09	-3.806588e+01	-2.836677e+02
7.000000e-08	-5.347740e-06	-4.318778e-09	-3.798037e+01	-2.834221e+02
8.000000e-08	-5.333728e-06	-4.323205e-09	-3.788085e+01	-2.831421e+02
9.000000e-08	-5.317542e-06	-4.332918e-09	-3.776589e+01	-2.828276e+02
1.000000e-07	-5.299276e-06	-4.329429e-09	-3.763617e+01	-2.824791e+02
1.100000e-07	-5.279106e-06	-4.325534e-09	-3.749292e+01	-2.820981e+02
1.200000e-07	-5.257053e-06	-4.310553e-09	-3.733629e+01	-2.816871e+02
1.300000e-07	-5.233180e-06	-4.279814e-09	-3.716674e+01	-2.812494e+02
1.400000e-07	-5.207579e-06	-4.292307e-09	-3.698492e+01	-2.807889e+02
1.500000e-07	-5.180464e-06	-4.274318e-09	-3.679235e+01	-2.803095e+02
1.600000e-07	-5.151870e-06	-4.245923e-09	-3.658927e+01	-2.798143e+02
1.700000e-07	-5.121769e-06	-4.289330e-09	-3.637549e+01	-2.793055e+02
1.800000e-07	-5.089931e-06	-4.253017e-09	-3.614937e+01	-2.787833e+02
1.900000e-07	-5.056011e-06	-4.234209e-09	-3.590847e+01	-2.782462e+02
2.000000e-07	-5.020479e-06	-4.268258e-09	-3.565612e+01	-2.776903e+02
2.100000e-07	-4.983426e-06	-4.212208e-09	-3.539296e+01	-2.771100e+02
2.200000e-07	-4.944474e-06	-4.213135e-09	-3.511632e+01	-2.764979e+02
2.300000e-07	-4.903580e-06	-4.226833e-09	-3.482588e+01	-2.758460e+02
2.400000e-07	-4.860808e-06	-4.186290e-09	-3.452211e+01	-2.751460e+02
2.500000e-07	-4.816303e-06	-4.190339e-09	-3.420603e+01	-2.743904e+02
2.600000e-07	-4.769997e-06	-4.172830e-09	-3.387716e+01	-2.735734e+02
2.700000e-07	-4.721645e-06	-4.152898e-09	-3.353376e+01	-2.726911e+02
2.800000e-07	-4.671207e-06	-4.151102e-09	-3.317554e+01	-2.717422e+02
2.900000e-07	-4.618936e-06	-4.116972e-09	-3.280430e+01	-2.707279e+02
3.000000e-07	-4.565043e-06	-4.110877e-09	-3.242155e+01	-2.696516e+02
3.100000e-07	-4.509540e-06	-4.115087e-09	-3.202736e+01	-2.685186e+02
3.200000e-07	-4.452234e-06	-4.073338e-09	-3.162036e+01	-2.673351e+02
3.300000e-07	-4.393213e-06	-4.041567e-09	-3.120119e+01	-2.661075e+02
3.400000e-07	-4.332755e-06	-4.042898e-09	-3.077181e+01	-2.648415e+02
3.500000e-07	-4.270872e-06	-4.032055e-09	-3.033231e+01	-2.635414e+02
3.600000e-07	-4.207571e-06	-3.985202e-09	-2.988273e+01	-2.622094e+02
3.700000e-07	-4.142560e-06	-3.974383e-09	-2.942102e+01	-2.608457e+02
3.800000e-07	-4.075856e-06	-3.964140e-09	-2.894728e+01	-2.594479e+02
3.900000e-07	-4.007766e-06	-3.927680e-09	-2.846369e+01	-2.580120e+02
4.000000e-07	-3.938253e-06	-3.916295e-09	-2.797000e+01	-2.565323e+02
4.100000e-07	-3.867457e-06	-3.896019e-09	-2.746720e+01	-2.550024e+02
4.200000e-07	-3.795465e-06	-3.865800e-09	-2.695590e+01	-2.534156e+02
4.300000e-07	-3.721880e-06	-3.831851e-09	-2.643329e+01	-2.517659e+02
4.400000e-07	-3.646584e-06	-3.819874e-09	-2.589853e+01	-2.500482e+02
4.500000e-07	-3.569875e-06	-3.796284e-09	-2.535373e+01	-2.482587e+02
4.600000e-07	-3.491702e-06	-3.750313e-09	-2.479853e+01	-2.463947e+02
4.700000e-07	-3.412038e-06	-3.723463e-09	-2.423275e+01	-2.444548e+02
4.800000e-07	-3.331128e-06	-3.707759e-09	-2.365811e+01	-2.424385e+02
4.900000e-07	-3.249043e-06	-3.675151e-09	-2.307514e+01	-2.403455e+02
5.000000e-07	-3.165956e-06	-3.630066e-09	-2.248504e+01	-2.381753e+02
5.100000e-07	-3.082008e-06	-3.600109e-09	-2.188883e+01	-2.359267e+02
5.200000e-07	-2.997136e-06	-3.572163e-09	-2.128606e+01	-2.335979e+02
5.300000e-07	-2.911242e-06	-3.531673e-09	-2.067603e+01	-2.311855e+02
5.400000e-07	-2.824392e-06	-3.486487e-09	-2.005921e+01	-2.286852e+02
5.500000e-07	-2.736720e-06	-3.447594e-09	-1.943655e+01	-2.260918e+02
5.600000e-07	-2.647915e-06	-3.406226e-09	-1.880585e+01	-2.233993e+02
5.700000e-07	-2.557770e-06	-3.362335e-09	-1.816563e+01	-2.206014e+02
5.800000e-07	-2.466633e-06	-3.319447e-09	-1.751836e+01	-2.176919e+02
5.900000e-07	-2.374780e-06	-3.276100e-09	-1.686601e+01	-2.146647e+02
6.000000e-07	-2.282168e-06	-3.226736e-09	-1.620826e+01	-2.115143e+02
6.100000e-07	-2.188821e-06	-3.177080e-09	-1.554530e+01	-2.082357e+02
6.200000e-07	-2.094687e-06	-3.126915e-09	-1.487675e+01	-2.048239e+02
6.300000e-07	-1.999808e-06	-3.064859e-09	-1.420291e+01	-2.012738e+02
6.400000e-07	-1.904362e-06	-3.002035e-09	-1.352503e+01	-1.975796e+02
6.500000e-07	-1.808243e-06	-2.944406e-09	-1.284238e+01	-1.937345e+02
6.600000e-07	-1.711256e-06	-2.885741e-09	-1.215357e+01	-1.897297e+02
6.700000e-07	-1.613322e-06	-2.816799e-09	-1.145803e+01	-1.855543e+02
6.800000e-07	-1.514668e-06	-2.747760e-09	-1.075738e+01	-1.811949e+02
6.900000e-07	-1.415655e-06	-2.684353e-09	-1.005417e+01	-1.766350e+02
7.000000e-07	-1.316370e-06	-2.614372e-09	-9.349039e+00	-1.718555e+02
7.100000e-07	-1.216630e-06	-2.533298e-09	-8.640669e+00	-1.668341e+02
7.200000e-07	-1.116370e-06	-2.448539e-09	-7.928609e+00	-1.615458e+02
7.300000e-07	-1.015725e-06	-2.366840e-09	-7.213816e+00	-1.559634e+02
7.400000e-07	-9.148138e-07	-2.278060e-09	-6.497130e+00	-1.500572e+02
7.500000e-07	-8.136287e-07	-2.178437e-09	-5.778500e+00	-1.437959e+02
7.600000e-07	-7.121061e-07	-2.071704e-09	-5.057473e+00	-1.371471e+02
7.700000e-07	-6.103131e-07	-1.962746e-09	-4.334525e+00	-1.300778e+02
7.800000e-07	-5.082523e-07	-1.849630e-09	-3.609676e+00	-1.225552e+02
7.900000e-07	-4.059680e-07	-1.728855e-09	-2.883239e+00	-1.145481e+02
8.000000e-07	-3.035908e-07	-1.599010e-09	-2.156142e+00	-1.060275e+02
8.100000e-07	-2.011037e-07	-1.458268e-09	-1.428265e+00	-9.696913e+01
8.200000e-07	-9.849459e-08	-1.312559e-09	-6.995218e-01	-8.735445e+01
8.300000e-07	4.144769e-09	-1.159742e-09	2.943671e-02	-7.717321e+01
8.400000e-07	1.067778e-07	-9.947931e-10	7.583500e-01	-6.642537e+01
8.500000e-07	2.093389e-07	-8.167992e-10	1.486753e+00	-5.512318e+01
8.600000e-07	3.118148e-07	-6.347207e-10	2.214550e+00	-4.329295e+01
8.700000e-07	4.141736e-07	-4.507562e-10	2.941516e+00	-3.097634e+01
8.800000e-07	5.163561e-07	-2.590673e-10	3.667231e+00	-1.823097e+01
8.900000e-07	6.183446e-07	-5.973221e-11	4.391566e+00	-5.130181e+00
9.000000e-07	7.200916e-07	1.437952e-10	5.114187e+00	8.238186e+00
9.100000e-07	8.215780e-07	3.484869e-10	5.834957e+00	2.177396e+01
9.200000e-07	9.227684e-07	5.528029e-10	6.553625e+00	3.536778e+01
9.300000e-07	1.023622e-06	7.569854e-10	7.269899e+00	4.890502e+01
9.400000e-07	1.124118e-06	9.635347e-10	7.983634e+00	6.227023e+01
9.500000e-07	1.224232e-06	1.165986e-09	8.694659e+00	7.535187e+01
9.600000e-07	1.323908e-06	1.359722e-09	9.402574e+00	8.804692e+01
9.700000e-07	1.423175e-06	1.543235e-09	1.010758e+01	1.002651e+02
9.800000e-07	1.522088e-06	1.720071e-09	1.081007e+01	1.119320e+02
9.900000e-07	1.620554e-06	1.890218e-09	1.150939e+01	1.229920e+02
1.000000e-06	1.718318e-06	2.047503e-09	1.220372e+01	1.334090e+02
1.010000e-06	1.815165e-06	2.193346e-09	1.289154e+01	1.431664e+02
1.020000e-06	1.911092e-06	2.330331e-09	1.357283e+01	1.522660e+02
1.030000e-06	2.006297e-06	2.460282e-09	1.424899e+01	1.607259e+02
1.040000e-06	2.100930e-06	2.580799e-09	1.492109e+01	1.685767e+02
1.050000e-06	2.194920e-06	2.690543e-09	1.558862e+01	1.758588e+02
1.060000e-06	2.288170e-06	2.793258e-09	1.625089e+01	1.826180e+02
1.070000e-06	2.380677e-06	2.889321e-09	1.690789e+01	1.889023e+02
1.080000e-06	2.472431e-06	2.976503e-09	1.755954e+01	1.947587e+02
1.090000e-06	2.563448e-06	3.057909e-09	1.820595e+01	2.002308e+02
1.100000e-06	2.653566e-06	3.135835e-09	1.884598e+01	2.053571e+02
1.110000e-06	2.742458e-06	3.207256e-09	1.947730e+01	2.101701e+02
1.120000e-06	2.830126e-06	3.274235e-09	2.009994e+01	2.146964e+02
1.130000e-06	2.916878e-06	3.339725e-09	2.071606e+01	2.189573e+02
1.140000e-06	3.002745e-06	3.402157e-09	2.132590e+01	2.229695e+02
1.150000e-06	3.087600e-06	3.459078e-09	2.192855e+01	2.267464e+02
1.160000e-06	3.171474e-06	3.512756e-09	2.252424e+01	2.302997e+02
1.170000e-06	3.254430e-06	3.564051e-09	2.311340e+01	2.336401e+02
1.180000e-06	3.336288e-06	3.609780e-09	2.369477e+01	2.367784e+02
1.190000e-06	3.416803e-06	3.651580e-09	2.426659e+01	2.397258e+02
1.200000e-06	3.496045e-06	3.690049e-09	2.482938e+01	2.424943e+02
1.210000e-06	3.574018e-06	3.727491e-09	2.538316e+01	2.450965e+02
1.220000e-06	3.650667e-06	3.764282e-09	2.592752e+01	2.475450e+02
1.230000e-06	3.726032e-06	3.800531e-09	2.646278e+01	2.498524e+02
1.240000e-06	3.799973e-06	3.834230e-09	2.698792e+01	2.520303e+02
1.250000e-06	3.872316e-06	3.864326e-09	2.750171e+01	2.540894e+02
1.260000e-06	3.943168e-06	3.893151e-09	2.800491e+01	2.560390e+02
1.270000e-06	4.012667e-06	3.920823e-09	2.849850e+01	2.578869e+02
1.280000e-06	4.080849e-06	3.945266e-09	2.898274e+01	2.596397e+02
1.290000e-06	4.147705e-06	3.968354e-09	2.945755e+01	2.613030e+02
1.300000e-06	4.212997e-06	3.993677e-09	2.992127e+01	2.628816e+02
1.310000e-06	4.276631e-06	4.018185e-09	3.037321e+01	2.643799e+02
1.320000e-06	4.338789e-06	4.039677e-09	3.081466e+01	2.658024e+02
1.330000e-06	4.399570e-06	4.058549e-09	3.124634e+01	2.671532e+02
1.340000e-06	4.458949e-06	4.077477e-09	3.166805e+01	2.684370e+02
1.350000e-06	4.516744e-06	4.096067e-09	3.207852e+01	2.696578e+02
1.360000e-06	4.572781e-06	4.113658e-09	3.247650e+01	2.708198e+02
1.370000e-06	4.627138e-06	4.130599e-09	3.286255e+01	2.719266e+02
1.380000e-06	4.679864e-06	4.147243e-09	3.323702e+01	2.729808e+02
1.390000e-06	4.730673e-06	4.163478e-09	3.359787e+01	2.739842e+02
1.400000e-06	4.779397e-06	4.178303e-09	3.394392e+01	2.749378e+02
1.410000e-06	4.826283e-06	4.192316e-09	3.427691e+01	2.758414e+02
1.420000e-06	4.871527e-06	4.206741e-09	3.459824e+01	2.766945e+02
1.430000e-06	4.915157e-06	4.220406e-09	3.490811e+01	2.774961e+02
1.440000e-06	4.957070e-06	4.231909e-09	3.520578e+01	2.782453e+02
1.450000e-06	4.997103e-06	4.242734e-09	3.549009e+01	2.789420e+02
1.460000e-06	5.035357e-06	4.253295e-09	3.576178e+01	2.795868e+02
1.470000e-06	5.071980e-06	4.262773e-09	3.602188e+01	2.801814e+02
1.480000e-06	5.106923e-06	4.272263e-09	3.627005e+01	2.807288e+02
1.490000e-06	5.139969e-06	4.281223e-09	3.650475e+01	2.812328e+02
1.500000e-06	5.171110e-06	4.288664e-09	3.672592e+01	2.816980e+02
1.510000e-06	5.200521e-06	4.295339e-09	3.693480e+01	2.821295e+02
1.520000e-06	5.228279e-06	4.302968e-09	3.713193e+01	2.825319e+02
1.530000e-06	5.254145e-06	4.310479e-09	3.731564e+01	2.829092e+02
1.540000e-06	5.277948e-06	4.314532e-09	3.748469e+01	2.832644e+02
1.550000e-06	5.299885e-06	4.318526e-09	3.764049e+01	2.835990e+02
1.560000e-06	5.320095e-06	4.326025e-09	3.778403e+01	2.839131e+02
1.570000e-06	5.338582e-06	4.333171e-09	3.791532e+01	2.842056e+02
1.580000e-06	5.355066e-06	4.337228e-09	3.803240e+01	2.844740e+02
1.590000e-06	5.369521e-06	4.340442e-09	3.813506e+01	2.847154e+02
1.600000e-06	5.382119e-06	4.346075e-09	3.822453e+01	2.849266e+02
1.610000e-06	5.392591e-06	4.351741e-09	3.829890e+01	2.851046e+02
1.620000e-06	5.400837e-06	4.353904e-09	3.835746e+01	2.852469e+02
1.630000e-06	5.407126e-06	4.353634e-09	3.840213e+01	2.853520e+02
1.640000e-06	5.411677e-06	4.354356e-09	3.843445e+01	2.854195e+02
1.650000e-06	5.414461e-06	4.357026e-09	3.845423e+01	2.854495e+02
1.660000e-06	5.415274e-06	4.357609e-09	3.846000e+01	2.854430e+02
1.670000e-06	5.414185e-06	4.355846e-09	3.845227e+01	2.854014e+02
1.680000e-06	5.411374e-06	4.353170e-09	3.843230e+01	2.853261e+02
1.690000e-06	5.406939e-06	4.351393e-09	3.840081e+01	2.852180e+02
1.700000e-06	5.400712e-06	4.350782e-09	3.835658e+01	2.850778e+02
1.710000e-06	5.392597e-06	4.348439e-09	3.829895e+01	2.849054e+02
1.720000e-06	5.382786e-06	4.344506e-09	3.822927e+01	2.847004e+02
1.730000e-06	5.371302e-06	4.341009e-09	3.814771e+01	2.844619e+02
1.740000e-06	5.357979e-06	4.319967e-09	3.805308e+01	2.841893e+02
1.750000e-06	5.342610e-06	4.311058e-09	3.794394e+01	2.838821e+02
1.760000e-06	5.324922e-06	4.297433e-09	3.781831e+01	2.835407e+02
1.770000e-06	5.304652e-06	4.290804e-09	3.767435e+01	2.831664e+02
1.780000e-06	5.281945e-06	4.322036e-09	3.751308e+01	2.827614e+02
1.790000e-06	5.257694e-06	4.308889e-09	3.734085e+01	2.823291e+02
1.800000e-06	5.232684e-06	4.298652e-09	3.716323e+01	2.818731e+02
1.810000e-06	5.206379e-06	4.325280e-09	3.697640e+01	2.813973e+02
1.820000e-06	5.177983e-06	4.248933e-09	3.677473e+01	2.809052e+02
1.830000e-06	5.147745e-06	4.255376e-09	3.655998e+01	2.803991e+02
1.840000e-06	5.115872e-06	4.285084e-09	3.633361e+01	2.798798e+02
1.850000e-06	5.081927e-06	4.210273e-09	3.609253e+01	2.793460e+02
1.860000e-06	5.046171e-06	4.260026e-09	3.583858e+01	2.787945e+02
1.870000e-06	5.008835e-06	4.265549e-09	3.557342e+01	2.782199e+02
1.880000e-06	4.969594e-06	4.195420e-09	3.529472e+01	2.776152e+02
1.890000e-06	4.928539e-06	4.241692e-09	3.500314e+01	2.769724e+02
1.900000e-06	4.885700e-06	4.223743e-09	3.469890e+01	2.762833e+02
1.910000e-06	4.841334e-06	4.181596e-09	3.438380e+01	2.755402e+02
1.920000e-06	4.795437e-06	4.199374e-09	3.405784e+01	2.747366e+02
1.930000e-06	4.747527e-06	4.158907e-09	3.371757e+01	2.738685e+02
1.940000e-06	4.697827e-06	4.186130e-09	3.336460e+01	2.729337e+02
1.950000e-06	4.646551e-06	4.146916e-09	3.300043e+01	2.719331e+02
1.960000e-06	4.593433e-06	4.092735e-09	3.262318e+01	2.708696e+02
1.970000e-06	4.538301e-06	4.135903e-09	3.223162e+01	2.697482e+02
1.980000e-06	4.481402e-06	4.103777e-09	3.182752e+01	2.685748e+02
1.990000e-06	4.423009e-06	4.069755e-09	3.141281e+01	2.673561e+02
2.000000e-06	4.363115e-06	4.049197e-09	3.098743e+01	2.660978e+02
2.010000e-06	4.301790e-06	4.046022e-09	3.055189e+01	2.648047e+02
2.020000e-06	4.238879e-06	4.029965e-09	3.010508e+01	2.634794e+02
2.030000e-06	4.174205e-06	3.980453e-09	2.964576e+01	2.621225e+02
2.040000e-06	4.107999e-06	3.990274e-09	2.917556e+01	2.607322e+02
2.050000e-06	4.040459e-06	3.952717e-09	2.869588e+01	2.593049e+02
2.060000e-06	3.971600e-06	3.921057e-09	2.820683e+01	2.578350e+02
2.070000e-06	3.901076e-06	3.920045e-09	2.770597e+01	2.563163e+02
2.080000e-06	3.828934e-06	3.888996e-09	2.719360e+01	2.547421e+02
2.090000e-06	3.755553e-06	3.858000e-09	2.667244e+01	2.531063e+02
2.100000e-06	3.680846e-06	3.811262e-09	2.614186e+01	2.514035e+02
2.110000e-06	3.604701e-06	3.814278e-09	2.560107e+01	2.496295e+02
2.120000e-06	3.526902e-06	3.790114e-09	2.504853e+01	2.477815e+02
2.130000e-06	3.447494e-06	3.730329e-09	2.448457e+01	2.458579e+02
2.140000e-06	3.366853e-06	3.706123e-09	2.391184e+01	2.438579e+02
2.150000e-06	3.285127e-06	3.686714e-09	2.333141e+01	2.417813e+02
2.160000e-06	3.202324e-06	3.661228e-09	2.274333e+01	2.396276e+02
2.170000e-06	3.118545e-06	3.611173e-09	2.214832e+01	2.373959e+02
2.180000e-06	3.033834e-06	3.582678e-09	2.154670e+01	2.350844e+02
2.190000e-06	2.947812e-06	3.550704e-09	2.093575e+01	2.326901e+02
2.200000e-06	2.860438e-06	3.505396e-09	2.031521e+01	2.302090e+02
2.210000e-06	2.772117e-06	3.470437e-09	1.968795e+01	2.276360e+02
2.220000e-06	2.682906e-06	3.430574e-09	1.905436e+01	2.249652e+02
2.230000e-06	2.592812e-06	3.388078e-09	1.841450e+01	2.221903e+02
2.240000e-06	2.501831e-06	3.337093e-09	1.776834e+01	2.193051e+02
2.250000e-06	2.410062e-06	3.299676e-09	1.711658e+01	2.163035e+02
2.260000e-06	2.317719e-06	3.251128e-09	1.646075e+01	2.131799e+02
2.270000e-06	2.224722e-06	3.195480e-09	1.580027e+01	2.099291e+02
2.280000e-06	2.130604e-06	3.151448e-09	1.513183e+01	2.065462e+02
2.290000e-06	2.035321e-06	3.107354e-09	1.445512e+01	2.030261e+02
2.300000e-06	1.939386e-06	3.049584e-09	1.377378e+01	1.993632e+02
2.310000e-06	1.842952e-06	2.982764e-09	1.308889e+01	1.955510e+02
2.320000e-06	1.745894e-06	2.929303e-09	1.239957e+01	1.915812e+02
2.330000e-06	1.648223e-06	2.872620e-09	1.170590e+01	1.874433e+02
2.340000e-06	1.550030e-06	2.802673e-09	1.100852e+01	1.831245e+02
2.350000e-06	1.451253e-06	2.729648e-09	1.030699e+01	1.786091e+02
2.360000e-06	1.351938e-06	2.664302e-09	9.601643e+00	1.738783e+02
2.370000e-06	1.252243e-06	2.593845e-09	8.893601e+00	1.689106e+02
2.380000e-06	1.152257e-06	2.509994e-09	8.183485e+00	1.636817e+02
2.390000e-06	1.052032e-06	2.422398e-09	7.471675e+00	1.581647e+02
2.400000e-06	9.516166e-07	2.333530e-09	6.758508e+00	1.523303e+02
2.410000e-06	8.509505e-07	2.242315e-09	6.043565e+00	1.461477e+02
2.420000e-06	7.499398e-07	2.144999e-09	5.326173e+00	1.395847e+02
2.430000e-06	6.485820e-07	2.040584e-09	4.606316e+00	1.326082e+02
2.440000e-06	5.467999e-07	1.926506e-09	3.883446e+00	1.251854e+02
2.450000e-06	4.445326e-07	1.805091e-09	3.157130e+00	1.172845e+02
2.460000e-06	3.420158e-07	1.680037e-09	2.429042e+00	1.088761e+02
2.470000e-06	2.394301e-07	1.546378e-09	1.700465e+00	9.993467e+01
2.480000e-06	1.366845e-07	1.399914e-09	9.707519e-01	9.044029e+01
2.490000e-06	3.378103e-08	1.245661e-09	2.399174e-01	8.038075e+01
2.500000e-06	-6.905094e-08	1.087467e-09	-4.904091e-01	6.975366e+01
2.510000e-06	-1.717242e-07	9.178186e-10	-1.219608e+00	5.856846e+01
2.520000e-06	-2.742875e-07	7.352600e-10	-1.948027e+00	4.684833e+01
2.530000e-06	-3.766579e-07	5.467878e-10	-2.675075e+00	3.463155e+01
2.540000e-06	-4.787914e-07	3.536474e-10	-3.400440e+00	2.197233e+01
2.550000e-06	-5.806641e-07	1.534947e-10	-4.123954e+00	8.940692e+00
2.560000e-06	-6.821171e-07	-5.100999e-11	-4.844487e+00	-4.378476e+00
2.570000e-06	-7.831836e-07	-2.572409e-10	-5.562275e+00	-1.788741e+01
2.580000e-06	-8.839688e-07	-4.656685e-10	-6.278065e+00	-3.147841e+01
2.590000e-06	-9.844169e-07	-6.740129e-10	-6.991461e+00	-4.503762e+01
2.600000e-06	-1.084585e-06	-8.797221e-10	-7.702871e+00	-5.844937e+01
2.610000e-06	-1.184510e-06	-1.080248e-09	-8.412550e+00	-7.160089e+01
2.620000e-06	-1.284125e-06	-1.275793e-09	-9.120027e+00	-8.438696e+01
2.630000e-06	-1.383281e-06	-1.464284e-09	-9.824244e+00	-9.671421e+01
2.640000e-06	-1.481927e-06	-1.643493e-09	-1.052484e+01	-1.085047e+02
2.650000e-06	-1.580100e-06	-1.813726e-09	-1.122208e+01	-1.196986e+02
2.660000e-06	-1.677789e-06	-1.974590e-09	-1.191588e+01	-1.302555e+02
2.670000e-06	-1.774916e-06	-2.126587e-09	-1.260569e+01	-1.401547e+02
2.680000e-06	-1.871443e-06	-2.269284e-09	-1.329124e+01	-1.493944e+02
2.690000e-06	-1.967452e-06	-2.403537e-09	-1.397311e+01	-1.579892e+02
2.700000e-06	-2.062862e-06	-2.528768e-09	-1.465072e+01	-1.659675e+02
2.710000e-06	-2.157419e-06	-2.642552e-09	-1.532228e+01	-1.733679e+02
2.720000e-06	-2.250894e-06	-2.746256e-09	-1.598615e+01	-1.802352e+02
2.730000e-06	-2.343394e-06	-2.843496e-09	-1.664310e+01	-1.866173e+02
2.740000e-06	-2.435174e-06	-2.934423e-09	-1.729493e+01	-1.925616e+02
2.750000e-06	-2.526119e-06	-3.017582e-09	-1.794083e+01	-1.981127e+02
2.760000e-06	-2.616120e-06	-3.096191e-09	-1.858004e+01	-2.033102e+02
2.770000e-06	-2.705200e-06	-3.172122e-09	-1.921270e+01	-2.081880e+02
2.780000e-06	-2.793452e-06	-3.243584e-09	-1.983947e+01	-2.127739e+02
2.790000e-06	-2.880885e-06	-3.310180e-09	-2.046043e+01	-2.170903e+02
2.800000e-06	-2.967148e-06	-3.373883e-09	-2.107308e+01	-2.211546e+02
2.810000e-06	-3.052091e-06	-3.435320e-09	-2.167636e+01	-2.249810e+02
2.820000e-06	-3.135952e-06	-3.490894e-09	-2.227195e+01	-2.285814e+02
2.830000e-06	-3.218869e-06	-3.542227e-09	-2.286084e+01	-2.319666e+02
2.840000e-06	-3.300784e-06	-3.592487e-09	-2.344261e+01	-2.351473e+02
2.850000e-06	-3.381608e-06	-3.640256e-09	-2.401663e+01	-2.381347e+02
2.860000e-06	-3.461274e-06	-3.683882e-09	-2.458243e+01	-2.409406e+02
2.870000e-06	-3.539570e-06	-3.724379e-09	-2.513850e+01	-2.435775e+02
2.880000e-06	-3.616338e-06	-3.763617e-09	-2.568372e+01	-2.460579e+02
2.890000e-06	-3.691676e-06	-3.800863e-09	-2.621878e+01	-2.483946e+02
2.900000e-06	-3.765611e-06	-3.835229e-09	-2.674388e+01	-2.505994e+02
2.910000e-06	-3.838223e-06	-3.866815e-09	-2.725958e+01	-2.526832e+02
2.920000e-06	-3.909481e-06	-3.897242e-09	-2.776566e+01	-2.546557e+02
2.930000e-06	-3.979138e-06	-3.927419e-09	-2.826037e+01	-2.565248e+02
2.940000e-06	-4.047315e-06	-3.955916e-09	-2.874457e+01	-2.582976e+02
2.950000e-06	-4.114159e-06	-3.981982e-09	-2.921931e+01	-2.599797e+02
2.960000e-06	-4.179614e-06	-4.007297e-09	-2.968418e+01	-2.615762e+02
2.970000e-06	-4.243665e-06	-4.030789e-09	-3.013908e+01	-2.630914e+02
2.980000e-06	-4.306106e-06	-4.052366e-09	-3.058254e+01	-2.645299e+02
2.990000e-06	-4.366804e-06	-4.073039e-09	-3.101363e+01	-2.658958e+02
3.000000e-06	-4.426008e-06	-4.093423e-09	-3.143410e+01	-2.671936e+02
3.010000e-06	-4.483846e-06	-4.114144e-09	-3.184488e+01	-2.684277e+02
3.020000e-06	-4.540184e-06	-4.132326e-09	-3.224499e+01	-2.696021e+02
3.030000e-06	-4.594718e-06	-4.146568e-09	-3.263230e+01	-2.707205e+02
3.040000e-06	-4.647284e-06	-4.161124e-09	-3.300563e+01	-2.717858e+02
3.050000e-06	-4.697930e-06	-4.177240e-09	-3.336533e+01	-2.728001e+02
3.060000e-06	-4.746641e-06	-4.192233e-09	-3.371128e+01	-2.737644e+02
3.070000e-06	-4.793554e-06	-4.204155e-09	-3.404446e+01	-2.746789e+02
3.080000e-06	-4.838883e-06	-4.216160e-09	-3.436640e+01	-2.755430e+02
3.090000e-06	-4.882739e-06	-4.230028e-09	-3.467787e+01	-2.763557e+02
3.100000e-06	-4.925052e-06	-4.243079e-09	-3.497838e+01	-2.771163e+02
3.110000e-06	-4.965772e-06	-4.252223e-09	-3.526758e+01	-2.778244e+02
3.120000e-06	-5.004712e-06	-4.258673e-09	-3.554413e+01	-2.784802e+02
3.130000e-06	-5.041690e-06	-4.267559e-09	-3.580676e+01	-2.790855e+02
3.140000e-06	-5.076901e-06	-4.277628e-09	-3.605683e+01	-2.796428e+02
3.150000e-06	-5.110440e-06	-4.283875e-09	-3.629503e+01	-2.801557e+02
3.160000e-06	-5.142150e-06	-4.288170e-09	-3.652024e+01	-2.806290e+02
3.170000e-06	-5.171934e-06	-4.294457e-09	-3.673177e+01	-2.810674e+02
3.180000e-06	-5.199879e-06	-4.302043e-09	-3.693023e+01	-2.814757e+02
3.190000e-06	-5.226037e-06	-4.307601e-09	-3.711602e+01	-2.818582e+02
3.200000e-06	-5.250401e-06	-4.312149e-09	-3.728905e+01	-2.822180e+02
3.210000e-06	-5.272827e-06	-4.316255e-09	-3.744832e+01	-2.825570e+02
3.220000e-06	-5.293320e-06	-4.321315e-09	-3.759386e+01	-2.828757e+02
3.230000e-06	-5.312035e-06	-4.327091e-09	-3.772679e+01	-2.831730e+02
3.240000e-06	-5.329060e-06	-4.328122e-09	-3.784770e+01	-2.834469e+02
3.250000e-06	-5.344083e-06	-4.327467e-09	-3.795439e+01	-2.836945e+02
3.260000e-06	-5.356816e-06	-4.329130e-09	-3.804482e+01	-2.839125e+02
3.270000e-06	-5.367522e-06	-4.333424e-09	-3.812086e+01	-2.840979e+02
3.280000e-06	-5.376442e-06	-4.334882e-09	-3.818421e+01	-2.842481e+02
3.290000e-06	-5.383463e-06	-4.335848e-09	-3.823408e+01	-2.843614e+02
3.300000e-06	-5.388477e-06	-4.337505e-09	-3.826968e+01	-2.844370e+02
3.310000e-06	-5.391652e-06	-4.338572e-09	-3.829224e+01	-2.844750e+02
3.320000e-06	-5.393085e-06	-4.338343e-09	-3.830241e+01	-2.844764e+02
