# Temperatura_=_20.0
# Concentracion g/m^3_=_9000.0
# C_Vs_to_Am_M_A/Vsm_=_65563218390.804596
# pendiente_HvsI_1/m_=_3716.3
# ordenada_HvsI_A/m_=_1297.0
# frecuencia_Hz_=_301291.51573776413

Tiempo_(s)	Campo_(V.s)	Magnetizacion_(V.s)	Campo_(kA/m)	Magnetizacion_(A/m)
0.000000e+00	-8.024870e-06	-6.940379e-09	-5.697929e+01	-4.553611e+02
1.000000e-08	-8.022416e-06	-6.942868e-09	-5.696187e+01	-4.552830e+02
2.000000e-08	-8.017334e-06	-6.940855e-09	-5.692578e+01	-4.552193e+02
3.000000e-08	-8.009676e-06	-6.937028e-09	-5.687141e+01	-4.551617e+02
4.000000e-08	-7.999204e-06	-6.934722e-09	-5.679705e+01	-4.550936e+02
5.000000e-08	-7.985856e-06	-6.932877e-09	-5.670227e+01	-4.549924e+02
6.000000e-08	-7.969639e-06	-6.928773e-09	-5.658713e+01	-4.548331e+02
7.000000e-08	-7.950880e-06	-6.924212e-09	-5.645393e+01	-4.545918e+02
8.000000e-08	-7.929861e-06	-6.915579e-09	-5.630469e+01	-4.542500e+02
9.000000e-08	-7.906121e-06	-6.942797e-09	-5.613613e+01	-4.537970e+02
1.000000e-07	-7.879195e-06	-6.956266e-09	-5.594494e+01	-4.532321e+02
1.100000e-07	-7.849194e-06	-6.925279e-09	-5.573193e+01	-4.525648e+02
1.200000e-07	-7.816302e-06	-6.889418e-09	-5.549838e+01	-4.518129e+02
1.300000e-07	-7.780584e-06	-6.873412e-09	-5.524478e+01	-4.510006e+02
1.400000e-07	-7.742522e-06	-6.868574e-09	-5.497452e+01	-4.501544e+02
1.500000e-07	-7.702387e-06	-6.837422e-09	-5.468955e+01	-4.492990e+02
1.600000e-07	-7.659723e-06	-6.853789e-09	-5.438662e+01	-4.484542e+02
1.700000e-07	-7.614191e-06	-6.837537e-09	-5.406333e+01	-4.476316e+02
1.800000e-07	-7.565920e-06	-6.784458e-09	-5.372059e+01	-4.468332e+02
1.900000e-07	-7.514694e-06	-6.831381e-09	-5.335686e+01	-4.460514e+02
2.000000e-07	-7.460422e-06	-6.807995e-09	-5.297152e+01	-4.452707e+02
2.100000e-07	-7.403437e-06	-6.775067e-09	-5.256690e+01	-4.444699e+02
2.200000e-07	-7.343882e-06	-6.778183e-09	-5.214404e+01	-4.436262e+02
2.300000e-07	-7.281829e-06	-6.747477e-09	-5.170345e+01	-4.427181e+02
2.400000e-07	-7.217108e-06	-6.751630e-09	-5.124390e+01	-4.417293e+02
2.500000e-07	-7.149629e-06	-6.716066e-09	-5.076478e+01	-4.406505e+02
2.600000e-07	-7.079583e-06	-6.717083e-09	-5.026743e+01	-4.394804e+02
2.700000e-07	-7.006838e-06	-6.693205e-09	-4.975092e+01	-4.382255e+02
2.800000e-07	-6.931269e-06	-6.665978e-09	-4.921436e+01	-4.368979e+02
2.900000e-07	-6.853029e-06	-6.652282e-09	-4.865882e+01	-4.355128e+02
3.000000e-07	-6.772238e-06	-6.629658e-09	-4.808518e+01	-4.340852e+02
3.100000e-07	-6.689037e-06	-6.617827e-09	-4.749442e+01	-4.326265e+02
3.200000e-07	-6.603585e-06	-6.567594e-09	-4.688769e+01	-4.311422e+02
3.300000e-07	-6.515935e-06	-6.563973e-09	-4.626534e+01	-4.296302e+02
3.400000e-07	-6.425880e-06	-6.544620e-09	-4.562592e+01	-4.280811e+02
3.500000e-07	-6.333469e-06	-6.505785e-09	-4.496977e+01	-4.264791e+02
3.600000e-07	-6.238872e-06	-6.474297e-09	-4.429810e+01	-4.248046e+02
3.700000e-07	-6.142027e-06	-6.455480e-09	-4.361047e+01	-4.230376e+02
3.800000e-07	-6.042869e-06	-6.425234e-09	-4.290641e+01	-4.211605e+02
3.900000e-07	-5.941492e-06	-6.385444e-09	-4.218660e+01	-4.191616e+02
4.000000e-07	-5.838051e-06	-6.368520e-09	-4.145214e+01	-4.170369e+02
4.100000e-07	-5.732558e-06	-6.333208e-09	-4.070310e+01	-4.147905e+02
4.200000e-07	-5.625004e-06	-6.292211e-09	-3.993943e+01	-4.124342e+02
4.300000e-07	-5.515501e-06	-6.257162e-09	-3.916192e+01	-4.099850e+02
4.400000e-07	-5.404042e-06	-6.233354e-09	-3.837053e+01	-4.074623e+02
4.500000e-07	-5.290413e-06	-6.185848e-09	-3.756372e+01	-4.048837e+02
4.600000e-07	-5.174627e-06	-6.137313e-09	-3.674160e+01	-4.022620e+02
4.700000e-07	-5.056926e-06	-6.100155e-09	-3.590588e+01	-3.996019e+02
4.800000e-07	-4.937421e-06	-6.063372e-09	-3.505736e+01	-3.968986e+02
4.900000e-07	-4.816094e-06	-6.014026e-09	-3.419590e+01	-3.941381e+02
5.000000e-07	-4.692979e-06	-5.964731e-09	-3.332174e+01	-3.912982e+02
5.100000e-07	-4.568191e-06	-5.924194e-09	-3.243570e+01	-3.883518e+02
5.200000e-07	-4.441784e-06	-5.874961e-09	-3.153817e+01	-3.852706e+02
5.300000e-07	-4.313795e-06	-5.825104e-09	-3.062940e+01	-3.820287e+02
5.400000e-07	-4.184255e-06	-5.774577e-09	-2.970962e+01	-3.786068e+02
5.500000e-07	-4.053096e-06	-5.725424e-09	-2.877835e+01	-3.749936e+02
5.600000e-07	-3.920481e-06	-5.663827e-09	-2.783674e+01	-3.711872e+02
5.700000e-07	-3.786560e-06	-5.606339e-09	-2.688586e+01	-3.671942e+02
5.800000e-07	-3.651262e-06	-5.548008e-09	-2.592519e+01	-3.630263e+02
5.900000e-07	-3.514639e-06	-5.481600e-09	-2.495512e+01	-3.586968e+02
6.000000e-07	-3.376732e-06	-5.408184e-09	-2.397594e+01	-3.542159e+02
6.100000e-07	-3.237397e-06	-5.336237e-09	-2.298661e+01	-3.495864e+02
6.200000e-07	-3.096709e-06	-5.266280e-09	-2.198768e+01	-3.447998e+02
6.300000e-07	-2.954832e-06	-5.184414e-09	-2.098031e+01	-3.398347e+02
6.400000e-07	-2.811773e-06	-5.100884e-09	-1.996454e+01	-3.346568e+02
6.500000e-07	-2.667560e-06	-5.015813e-09	-1.894058e+01	-3.292213e+02
6.600000e-07	-2.522312e-06	-4.929457e-09	-1.790927e+01	-3.234762e+02
6.700000e-07	-2.376282e-06	-4.833006e-09	-1.687241e+01	-3.173679e+02
6.800000e-07	-2.229539e-06	-4.734530e-09	-1.583048e+01	-3.108458e+02
6.900000e-07	-2.082021e-06	-4.630160e-09	-1.478305e+01	-3.038665e+02
7.000000e-07	-1.933848e-06	-4.514488e-09	-1.373097e+01	-2.963961e+02
7.100000e-07	-1.785094e-06	-4.394331e-09	-1.267477e+01	-2.884101e+02
7.200000e-07	-1.635743e-06	-4.268555e-09	-1.161433e+01	-2.798896e+02
7.300000e-07	-1.485826e-06	-4.132324e-09	-1.054987e+01	-2.708158e+02
7.400000e-07	-1.335441e-06	-3.979628e-09	-9.482079e+00	-2.611621e+02
7.500000e-07	-1.184625e-06	-3.823978e-09	-8.411239e+00	-2.508848e+02
7.600000e-07	-1.033344e-06	-3.659092e-09	-7.337093e+00	-2.399149e+02
7.700000e-07	-8.816002e-07	-3.478703e-09	-6.259659e+00	-2.281524e+02
7.800000e-07	-7.294384e-07	-3.280448e-09	-5.179259e+00	-2.154638e+02
7.900000e-07	-5.769833e-07	-3.065181e-09	-4.096776e+00	-2.016849e+02
8.000000e-07	-4.243461e-07	-2.831989e-09	-3.013001e+00	-1.866292e+02
8.100000e-07	-2.715623e-07	-2.576393e-09	-1.928184e+00	-1.701015e+02
8.200000e-07	-1.186961e-07	-2.297600e-09	-8.427823e-01	-1.519167e+02
8.300000e-07	3.417871e-08	-1.988487e-09	2.426804e-01	-1.319208e+02
8.400000e-07	1.870722e-07	-1.652178e-09	1.328276e+00	-1.100137e+02
8.500000e-07	3.399095e-07	-1.288871e-09	2.413472e+00	-8.617006e+01
8.600000e-07	4.926020e-07	-9.018523e-10	3.497641e+00	-6.045528e+01
8.700000e-07	6.451361e-07	-4.893126e-10	4.580685e+00	-3.303607e+01
8.800000e-07	7.974062e-07	-5.338822e-11	5.661854e+00	-4.182106e+00
8.900000e-07	9.493174e-07	4.014143e-10	6.740474e+00	2.574121e+01
9.000000e-07	1.100864e-06	8.692506e-10	7.816503e+00	5.628891e+01
9.100000e-07	1.252011e-06	1.339908e-09	8.889700e+00	8.696065e+01
9.200000e-07	1.402622e-06	1.807517e-09	9.959090e+00	1.172306e+02
9.300000e-07	1.552652e-06	2.261093e-09	1.102435e+01	1.465808e+02
9.400000e-07	1.702179e-06	2.694742e-09	1.208605e+01	1.745340e+02
9.500000e-07	1.851145e-06	3.097976e-09	1.314376e+01	2.006838e+02
9.600000e-07	1.999519e-06	3.463653e-09	1.419726e+01	2.247188e+02
9.700000e-07	2.147260e-06	3.789565e-09	1.524627e+01	2.464379e+02
9.800000e-07	2.294195e-06	4.077009e-09	1.628956e+01	2.657567e+02
9.900000e-07	2.440270e-06	4.325981e-09	1.732674e+01	2.827037e+02
1.000000e-06	2.585515e-06	4.538161e-09	1.835803e+01	2.974074e+02
1.010000e-06	2.729834e-06	4.723779e-09	1.938275e+01	3.100764e+02
1.020000e-06	2.873082e-06	4.889255e-09	2.039985e+01	3.209740e+02
1.030000e-06	3.015264e-06	5.038694e-09	2.140939e+01	3.303909e+02
1.040000e-06	3.156365e-06	5.174033e-09	2.241126e+01	3.386192e+02
1.050000e-06	3.296317e-06	5.294958e-09	2.340497e+01	3.459293e+02
1.060000e-06	3.434908e-06	5.401322e-09	2.438901e+01	3.525522e+02
1.070000e-06	3.572042e-06	5.496333e-09	2.536271e+01	3.586686e+02
1.080000e-06	3.707853e-06	5.583948e-09	2.632701e+01	3.644057e+02
1.090000e-06	3.842310e-06	5.663397e-09	2.728170e+01	3.698397e+02
1.100000e-06	3.975440e-06	5.736687e-09	2.822697e+01	3.750038e+02
1.110000e-06	4.107300e-06	5.806219e-09	2.916321e+01	3.799005e+02
1.120000e-06	4.237633e-06	5.873203e-09	3.008862e+01	3.845147e+02
1.130000e-06	4.366310e-06	5.936130e-09	3.100228e+01	3.888264e+02
1.140000e-06	4.493426e-06	5.994531e-09	3.190484e+01	3.928217e+02
1.150000e-06	4.619005e-06	6.049588e-09	3.279650e+01	3.965000e+02
1.160000e-06	4.743107e-06	6.099808e-09	3.367766e+01	3.998772e+02
1.170000e-06	4.865527e-06	6.148660e-09	3.454689e+01	4.029856e+02
1.180000e-06	4.986108e-06	6.194105e-09	3.540305e+01	4.058694e+02
1.190000e-06	5.104892e-06	6.235336e-09	3.624646e+01	4.085791e+02
1.200000e-06	5.221859e-06	6.273991e-09	3.707697e+01	4.111642e+02
1.210000e-06	5.336844e-06	6.311357e-09	3.789339e+01	4.136666e+02
1.220000e-06	5.449635e-06	6.347562e-09	3.869425e+01	4.161151e+02
1.230000e-06	5.560376e-06	6.381340e-09	3.948055e+01	4.185232e+02
1.240000e-06	5.669292e-06	6.414278e-09	4.025389e+01	4.208884e+02
1.250000e-06	5.776254e-06	6.445863e-09	4.101335e+01	4.231946e+02
1.260000e-06	5.881032e-06	6.476775e-09	4.175731e+01	4.254171e+02
1.270000e-06	5.983623e-06	6.506349e-09	4.248575e+01	4.275277e+02
1.280000e-06	6.084155e-06	6.533207e-09	4.319956e+01	4.295006e+02
1.290000e-06	6.182472e-06	6.558574e-09	4.389764e+01	4.313177e+02
1.300000e-06	6.278417e-06	6.583020e-09	4.457888e+01	4.329723e+02
1.310000e-06	6.372149e-06	6.605060e-09	4.524441e+01	4.344699e+02
1.320000e-06	6.463767e-06	6.625442e-09	4.589493e+01	4.358283e+02
1.330000e-06	6.553077e-06	6.646015e-09	4.652906e+01	4.370741e+02
1.340000e-06	6.640007e-06	6.667244e-09	4.714629e+01	4.382390e+02
1.350000e-06	6.724728e-06	6.687714e-09	4.774784e+01	4.393549e+02
1.360000e-06	6.807123e-06	6.705853e-09	4.833288e+01	4.404488e+02
1.370000e-06	6.886973e-06	6.722186e-09	4.889984e+01	4.415395e+02
1.380000e-06	6.964338e-06	6.738324e-09	4.944916e+01	4.426349e+02
1.390000e-06	7.039160e-06	6.754110e-09	4.998041e+01	4.437319e+02
1.400000e-06	7.111295e-06	6.768653e-09	5.049260e+01	4.448177e+02
1.410000e-06	7.180891e-06	6.782806e-09	5.098675e+01	4.458727e+02
1.420000e-06	7.247992e-06	6.796118e-09	5.146320e+01	4.468746e+02
1.430000e-06	7.312509e-06	6.810048e-09	5.192128e+01	4.478028e+02
1.440000e-06	7.374454e-06	6.824512e-09	5.236112e+01	4.486419e+02
1.450000e-06	7.433858e-06	6.837516e-09	5.278290e+01	4.493847e+02
1.460000e-06	7.490588e-06	6.849958e-09	5.318571e+01	4.500333e+02
1.470000e-06	7.544650e-06	6.861139e-09	5.356956e+01	4.505990e+02
1.480000e-06	7.595739e-06	6.870578e-09	5.393232e+01	4.510998e+02
1.490000e-06	7.643665e-06	6.879382e-09	5.427260e+01	4.515578e+02
1.500000e-06	7.688843e-06	6.888776e-09	5.459338e+01	4.519952e+02
1.510000e-06	7.731339e-06	6.896772e-09	5.489512e+01	4.524303e+02
1.520000e-06	7.771016e-06	6.903526e-09	5.517684e+01	4.528749e+02
1.530000e-06	7.808001e-06	6.911673e-09	5.543945e+01	4.533322e+02
1.540000e-06	7.842279e-06	6.919710e-09	5.568283e+01	4.537963e+02
1.550000e-06	7.873741e-06	6.926807e-09	5.590622e+01	4.542537e+02
1.560000e-06	7.902592e-06	6.933437e-09	5.611107e+01	4.546858e+02
1.570000e-06	7.928697e-06	6.938788e-09	5.629643e+01	4.550718e+02
1.580000e-06	7.951808e-06	6.942204e-09	5.646053e+01	4.553929e+02
1.590000e-06	7.972181e-06	6.946235e-09	5.660518e+01	4.556356e+02
1.600000e-06	7.989818e-06	6.949487e-09	5.673041e+01	4.557936e+02
1.610000e-06	8.004486e-06	6.950476e-09	5.683455e+01	4.558697e+02
1.620000e-06	8.016146e-06	6.951711e-09	5.691734e+01	4.558746e+02
1.630000e-06	8.024769e-06	6.955323e-09	5.697857e+01	4.558256e+02
1.640000e-06	8.030480e-06	6.959261e-09	5.701912e+01	4.557434e+02
1.650000e-06	8.033456e-06	6.960681e-09	5.704025e+01	4.556485e+02
1.660000e-06	8.033632e-06	6.961698e-09	5.704150e+01	4.555574e+02
1.670000e-06	8.031087e-06	6.957115e-09	5.702343e+01	4.554797e+02
1.680000e-06	8.025906e-06	6.955364e-09	5.698664e+01	4.554164e+02
1.690000e-06	8.018012e-06	6.953503e-09	5.693059e+01	4.553587e+02
1.700000e-06	8.007462e-06	6.951239e-09	5.685569e+01	4.552898e+02
1.710000e-06	7.994126e-06	6.948052e-09	5.676100e+01	4.551870e+02
1.720000e-06	7.978005e-06	6.944687e-09	5.664653e+01	4.550251e+02
1.730000e-06	7.959446e-06	6.943764e-09	5.651476e+01	4.547805e+02
1.740000e-06	7.938533e-06	6.919073e-09	5.636626e+01	4.544347e+02
1.750000e-06	7.914613e-06	6.868840e-09	5.619643e+01	4.539777e+02
1.760000e-06	7.887015e-06	6.875897e-09	5.600047e+01	4.534089e+02
1.770000e-06	7.855887e-06	6.901877e-09	5.577945e+01	4.527381e+02
1.780000e-06	7.822077e-06	6.903527e-09	5.553939e+01	4.519836e+02
1.790000e-06	7.786085e-06	6.897769e-09	5.528383e+01	4.511696e+02
1.800000e-06	7.747711e-06	6.915675e-09	5.501137e+01	4.503226e+02
1.810000e-06	7.707243e-06	6.835658e-09	5.472403e+01	4.494673e+02
1.820000e-06	7.664511e-06	6.824750e-09	5.442062e+01	4.486231e+02
1.830000e-06	7.618996e-06	6.851459e-09	5.409744e+01	4.478013e+02
1.840000e-06	7.570828e-06	6.775063e-09	5.375543e+01	4.470036e+02
1.850000e-06	7.519777e-06	6.818478e-09	5.339296e+01	4.462222e+02
1.860000e-06	7.465734e-06	6.775447e-09	5.300924e+01	4.454410e+02
1.870000e-06	7.408850e-06	6.770330e-09	5.260533e+01	4.446391e+02
1.880000e-06	7.349288e-06	6.780881e-09	5.218242e+01	4.437934e+02
1.890000e-06	7.287186e-06	6.734039e-09	5.174148e+01	4.428826e+02
1.900000e-06	7.222292e-06	6.760848e-09	5.128071e+01	4.418907e+02
1.910000e-06	7.154581e-06	6.688471e-09	5.079994e+01	4.408086e+02
1.920000e-06	7.084129e-06	6.695427e-09	5.029971e+01	4.396353e+02
1.930000e-06	7.011101e-06	6.697297e-09	4.978118e+01	4.383775e+02
1.940000e-06	6.935390e-06	6.650542e-09	4.924361e+01	4.370475e+02
1.950000e-06	6.856758e-06	6.634106e-09	4.868530e+01	4.356606e+02
1.960000e-06	6.775691e-06	6.595760e-09	4.810970e+01	4.342317e+02
1.970000e-06	6.692283e-06	6.624312e-09	4.751747e+01	4.327720e+02
1.980000e-06	6.606367e-06	6.567138e-09	4.690744e+01	4.312867e+02
1.990000e-06	6.518078e-06	6.546210e-09	4.628056e+01	4.297735e+02
2.000000e-06	6.427620e-06	6.533660e-09	4.563827e+01	4.282228e+02
2.010000e-06	6.335017e-06	6.498957e-09	4.498076e+01	4.266185e+02
2.020000e-06	6.240012e-06	6.483890e-09	4.430620e+01	4.249411e+02
2.030000e-06	6.142779e-06	6.453264e-09	4.361581e+01	4.231703e+02
2.040000e-06	6.043485e-06	6.433109e-09	4.291079e+01	4.212890e+02
2.050000e-06	5.942016e-06	6.369197e-09	4.219032e+01	4.192857e+02
2.060000e-06	5.838301e-06	6.348387e-09	4.145391e+01	4.171564e+02
2.070000e-06	5.732536e-06	6.325784e-09	4.070295e+01	4.149058e+02
2.080000e-06	5.624812e-06	6.289461e-09	3.993807e+01	4.125458e+02
2.090000e-06	5.514997e-06	6.240944e-09	3.915834e+01	4.100936e+02
2.100000e-06	5.403102e-06	6.207832e-09	3.836385e+01	4.075686e+02
2.110000e-06	5.289200e-06	6.183313e-09	3.755510e+01	4.049883e+02
2.120000e-06	5.173308e-06	6.140252e-09	3.673224e+01	4.023651e+02
2.130000e-06	5.055329e-06	6.101097e-09	3.589454e+01	3.997035e+02
2.140000e-06	4.935364e-06	6.055570e-09	3.504275e+01	3.969985e+02
2.150000e-06	4.813681e-06	6.010940e-09	3.417876e+01	3.942355e+02
2.160000e-06	4.690340e-06	5.960540e-09	3.330300e+01	3.913922e+02
2.170000e-06	4.565328e-06	5.923539e-09	3.241537e+01	3.884415e+02
2.180000e-06	4.438636e-06	5.874191e-09	3.151581e+01	3.853549e+02
2.190000e-06	4.310236e-06	5.815156e-09	3.060413e+01	3.821069e+02
2.200000e-06	4.180346e-06	5.757651e-09	2.968187e+01	3.786782e+02
2.210000e-06	4.049085e-06	5.711516e-09	2.874987e+01	3.750580e+02
2.220000e-06	3.916380e-06	5.660686e-09	2.780762e+01	3.712449e+02
2.230000e-06	3.782250e-06	5.597277e-09	2.685525e+01	3.672453e+02
2.240000e-06	3.646697e-06	5.534113e-09	2.589278e+01	3.630713e+02
2.250000e-06	3.509761e-06	5.471517e-09	2.492049e+01	3.587362e+02
2.260000e-06	3.371586e-06	5.406756e-09	2.393940e+01	3.542501e+02
2.270000e-06	3.232257e-06	5.337755e-09	2.295011e+01	3.496151e+02
2.280000e-06	3.091678e-06	5.266511e-09	2.195196e+01	3.448225e+02
2.290000e-06	2.949812e-06	5.186140e-09	2.094466e+01	3.398504e+02
2.300000e-06	2.806726e-06	5.100640e-09	1.992870e+01	3.346642e+02
2.310000e-06	2.662571e-06	5.016886e-09	1.890516e+01	3.292184e+02
2.320000e-06	2.517489e-06	4.934035e-09	1.787502e+01	3.234613e+02
2.330000e-06	2.371632e-06	4.836675e-09	1.683939e+01	3.173390e+02
2.340000e-06	2.225060e-06	4.731432e-09	1.579868e+01	3.108012e+02
2.350000e-06	2.077669e-06	4.629343e-09	1.475215e+01	3.038049e+02
2.360000e-06	1.929470e-06	4.522368e-09	1.369989e+01	2.963164e+02
2.370000e-06	1.780572e-06	4.401640e-09	1.264267e+01	2.883115e+02
2.380000e-06	1.631112e-06	4.273102e-09	1.158144e+01	2.797716e+02
2.390000e-06	1.481146e-06	4.139081e-09	1.051664e+01	2.706776e+02
2.400000e-06	1.330731e-06	3.993127e-09	9.448636e+00	2.610025e+02
2.410000e-06	1.179809e-06	3.838058e-09	8.377044e+00	2.507017e+02
2.420000e-06	1.028382e-06	3.672761e-09	7.301858e+00	2.397054e+02
2.430000e-06	8.765636e-07	3.490436e-09	6.223898e+00	2.279123e+02
2.440000e-06	7.243106e-07	3.289181e-09	5.142850e+00	2.151877e+02
2.450000e-06	5.716809e-07	3.074287e-09	4.059127e+00	2.013665e+02
2.460000e-06	4.189163e-07	2.844252e-09	2.974448e+00	1.862615e+02
2.470000e-06	2.660387e-07	2.591441e-09	1.888965e+00	1.696777e+02
2.480000e-06	1.130281e-07	2.313423e-09	8.025376e-01	1.514305e+02
2.490000e-06	-4.001870e-08	2.010415e-09	-2.841463e-01	1.313676e+02
2.500000e-06	-1.929868e-07	1.681051e-09	-1.370272e+00	1.093914e+02
2.510000e-06	-3.458379e-07	1.322691e-09	-2.455566e+00	8.547910e+01
2.520000e-06	-4.985959e-07	9.363285e-10	-3.540199e+00	5.969992e+01
2.530000e-06	-6.512011e-07	5.233145e-10	-4.623748e+00	3.222419e+01
2.540000e-06	-8.036152e-07	8.474299e-11	-5.705939e+00	3.325172e+00
2.550000e-06	-9.556737e-07	-3.719504e-10	-6.785606e+00	-2.662855e+01
2.560000e-06	-1.107211e-06	-8.408826e-10	-7.861574e+00	-5.718959e+01
2.570000e-06	-1.258248e-06	-1.313194e-09	-8.933985e+00	-8.785613e+01
2.580000e-06	-1.408752e-06	-1.780190e-09	-1.000262e+01	-1.181021e+02
2.590000e-06	-1.558754e-06	-2.234190e-09	-1.106768e+01	-1.474103e+02
2.600000e-06	-1.708293e-06	-2.664599e-09	-1.212946e+01	-1.753056e+02
2.610000e-06	-1.857212e-06	-3.065945e-09	-1.318683e+01	-2.013847e+02
2.620000e-06	-2.005431e-06	-3.433111e-09	-1.423924e+01	-2.253398e+02
2.630000e-06	-2.152930e-06	-3.760268e-09	-1.528653e+01	-2.469739e+02
2.640000e-06	-2.299645e-06	-4.047166e-09	-1.632826e+01	-2.662069e+02
2.650000e-06	-2.445576e-06	-4.297843e-09	-1.736441e+01	-2.830711e+02
2.660000e-06	-2.590760e-06	-4.515138e-09	-1.839527e+01	-2.976982e+02
2.670000e-06	-2.735124e-06	-4.704302e-09	-1.942030e+01	-3.102992e+02
2.680000e-06	-2.878323e-06	-4.869420e-09	-2.043707e+01	-3.211388e+02
2.690000e-06	-3.020317e-06	-5.017057e-09	-2.144527e+01	-3.305083e+02
2.700000e-06	-3.161090e-06	-5.149493e-09	-2.244480e+01	-3.386995e+02
2.710000e-06	-3.300556e-06	-5.267313e-09	-2.343506e+01	-3.459814e+02
2.720000e-06	-3.438805e-06	-5.373424e-09	-2.441667e+01	-3.525834e+02
2.730000e-06	-3.575922e-06	-5.470041e-09	-2.539025e+01	-3.586844e+02
2.740000e-06	-3.711801e-06	-5.558269e-09	-2.635504e+01	-3.644097e+02
2.750000e-06	-3.846230e-06	-5.637782e-09	-2.730954e+01	-3.698337e+02
2.760000e-06	-3.979233e-06	-5.712361e-09	-2.825390e+01	-3.749884e+02
2.770000e-06	-4.110867e-06	-5.783145e-09	-2.918854e+01	-3.798754e+02
2.780000e-06	-4.241114e-06	-5.850350e-09	-3.011335e+01	-3.844792e+02
2.790000e-06	-4.370003e-06	-5.913684e-09	-3.102850e+01	-3.887798e+02
2.800000e-06	-4.497311e-06	-5.972539e-09	-3.193243e+01	-3.927638e+02
2.810000e-06	-4.622858e-06	-6.027845e-09	-3.282385e+01	-3.964309e+02
2.820000e-06	-4.746819e-06	-6.081700e-09	-3.370402e+01	-3.997980e+02
2.830000e-06	-4.869179e-06	-6.134035e-09	-3.457282e+01	-4.028975e+02
2.840000e-06	-4.989809e-06	-6.183438e-09	-3.542933e+01	-4.057743e+02
2.850000e-06	-5.108488e-06	-6.230299e-09	-3.627199e+01	-4.084788e+02
2.860000e-06	-5.225085e-06	-6.275030e-09	-3.709987e+01	-4.110603e+02
2.870000e-06	-5.339604e-06	-6.317347e-09	-3.791299e+01	-4.135604e+02
2.880000e-06	-5.451962e-06	-6.357408e-09	-3.871077e+01	-4.160074e+02
2.890000e-06	-5.562214e-06	-6.395070e-09	-3.949360e+01	-4.184141e+02
2.900000e-06	-5.670607e-06	-6.432106e-09	-4.026322e+01	-4.207775e+02
2.910000e-06	-5.777159e-06	-6.467342e-09	-4.101978e+01	-4.230813e+02
2.920000e-06	-5.881745e-06	-6.499100e-09	-4.176237e+01	-4.253004e+02
2.930000e-06	-5.984131e-06	-6.529688e-09	-4.248935e+01	-4.274064e+02
2.940000e-06	-6.084269e-06	-6.559128e-09	-4.320036e+01	-4.293740e+02
2.950000e-06	-6.182403e-06	-6.586508e-09	-4.389715e+01	-4.311855e+02
2.960000e-06	-6.278517e-06	-6.611578e-09	-4.457959e+01	-4.328343e+02
2.970000e-06	-6.372340e-06	-6.636356e-09	-4.524577e+01	-4.343266e+02
2.980000e-06	-6.463831e-06	-6.659985e-09	-4.589539e+01	-4.356805e+02
2.990000e-06	-6.553147e-06	-6.681027e-09	-4.652956e+01	-4.369229e+02
3.000000e-06	-6.640142e-06	-6.700776e-09	-4.714725e+01	-4.380856e+02
3.010000e-06	-6.724715e-06	-6.720177e-09	-4.774775e+01	-4.392003e+02
3.020000e-06	-6.806926e-06	-6.739219e-09	-4.833147e+01	-4.402939e+02
3.030000e-06	-6.886701e-06	-6.756782e-09	-4.889791e+01	-4.413847e+02
3.040000e-06	-6.963776e-06	-6.773119e-09	-4.944516e+01	-4.424803e+02
3.050000e-06	-7.038121e-06	-6.788264e-09	-4.997303e+01	-4.435772e+02
3.060000e-06	-7.109965e-06	-6.801003e-09	-5.048315e+01	-4.446623e+02
3.070000e-06	-7.179235e-06	-6.813607e-09	-5.097499e+01	-4.457158e+02
3.080000e-06	-7.245917e-06	-6.825885e-09	-5.144846e+01	-4.467155e+02
3.090000e-06	-7.310104e-06	-6.837770e-09	-5.190421e+01	-4.476408e+02
3.100000e-06	-7.371678e-06	-6.848244e-09	-5.234141e+01	-4.484766e+02
3.110000e-06	-7.430582e-06	-6.858766e-09	-5.275964e+01	-4.492159e+02
3.120000e-06	-7.486841e-06	-6.869578e-09	-5.315910e+01	-4.498614e+02
3.130000e-06	-7.540266e-06	-6.879367e-09	-5.353844e+01	-4.504244e+02
3.140000e-06	-7.590647e-06	-6.889234e-09	-5.389616e+01	-4.509234e+02
3.150000e-06	-7.637988e-06	-6.896687e-09	-5.423230e+01	-4.513804e+02
3.160000e-06	-7.682706e-06	-6.903137e-09	-5.454981e+01	-4.518174e+02
3.170000e-06	-7.724985e-06	-6.909986e-09	-5.485000e+01	-4.522527e+02
3.180000e-06	-7.764561e-06	-6.916398e-09	-5.513101e+01	-4.526978e+02
3.190000e-06	-7.801439e-06	-6.922522e-09	-5.539285e+01	-4.531555e+02
3.200000e-06	-7.835664e-06	-6.926568e-09	-5.563586e+01	-4.536197e+02
3.210000e-06	-7.867075e-06	-6.929667e-09	-5.585889e+01	-4.540766e+02
3.220000e-06	-7.895626e-06	-6.932783e-09	-5.606161e+01	-4.545074e+02
3.230000e-06	-7.921442e-06	-6.934804e-09	-5.624491e+01	-4.548914e+02
3.240000e-06	-7.944415e-06	-6.937651e-09	-5.640803e+01	-4.552100e+02
3.250000e-06	-7.964531e-06	-6.940329e-09	-5.655086e+01	-4.554497e+02
3.260000e-06	-7.981985e-06	-6.943571e-09	-5.667479e+01	-4.556048e+02
3.270000e-06	-7.996437e-06	-6.946415e-09	-5.677740e+01	-4.556781e+02
3.280000e-06	-8.007703e-06	-6.948360e-09	-5.685740e+01	-4.556808e+02
3.290000e-06	-8.016129e-06	-6.948374e-09	-5.691722e+01	-4.556303e+02
3.300000e-06	-8.021763e-06	-6.946460e-09	-5.695722e+01	-4.555474e+02
3.310000e-06	-8.024633e-06	-6.943752e-09	-5.697760e+01	-4.554524e+02
