# Temperatura_=_20.0
# Concentracion g/m^3_=_9000.0
# C_Vs_to_Am_M_A/Vsm_=_65563218390.804596
# pendiente_HvsI_1/m_=_3716.3
# ordenada_HvsI_A/m_=_1297.0
# frecuencia_Hz_=_301291.71215968294

Tiempo_(s)	Campo_(V.s)	Magnetizacion_(V.s)	Campo_(kA/m)	Magnetizacion_(A/m)
0.000000e+00	-8.099359e-06	-6.936366e-09	-5.697811e+01	-4.548944e+02
1.000000e-08	-8.097168e-06	-6.937374e-09	-5.696270e+01	-4.548135e+02
2.000000e-08	-8.092275e-06	-6.938647e-09	-5.692828e+01	-4.547359e+02
3.000000e-08	-8.084850e-06	-6.937897e-09	-5.687605e+01	-4.546518e+02
4.000000e-08	-8.074648e-06	-6.935749e-09	-5.680428e+01	-4.545458e+02
5.000000e-08	-8.061427e-06	-6.932251e-09	-5.671127e+01	-4.543987e+02
6.000000e-08	-8.045321e-06	-6.927703e-09	-5.659797e+01	-4.541912e+02
7.000000e-08	-8.026697e-06	-6.925958e-09	-5.646695e+01	-4.539068e+02
8.000000e-08	-8.005731e-06	-6.926194e-09	-5.631946e+01	-4.535347e+02
9.000000e-08	-7.982039e-06	-6.929462e-09	-5.615278e+01	-4.530720e+02
1.000000e-07	-7.955175e-06	-6.943059e-09	-5.596380e+01	-4.525242e+02
1.100000e-07	-7.925172e-06	-6.926582e-09	-5.575273e+01	-4.519048e+02
1.200000e-07	-7.892234e-06	-6.890832e-09	-5.552101e+01	-4.512334e+02
1.300000e-07	-7.856477e-06	-6.870819e-09	-5.526947e+01	-4.505326e+02
1.400000e-07	-7.818262e-06	-6.870488e-09	-5.500063e+01	-4.498245e+02
1.500000e-07	-7.777871e-06	-6.851534e-09	-5.471648e+01	-4.491274e+02
1.600000e-07	-7.735029e-06	-6.821934e-09	-5.441509e+01	-4.484524e+02
1.700000e-07	-7.689372e-06	-6.842650e-09	-5.409390e+01	-4.478023e+02
1.800000e-07	-7.640885e-06	-6.808703e-09	-5.375280e+01	-4.471701e+02
1.900000e-07	-7.589501e-06	-6.800179e-09	-5.339132e+01	-4.465407e+02
2.000000e-07	-7.535108e-06	-6.816855e-09	-5.300867e+01	-4.458927e+02
2.100000e-07	-7.477862e-06	-6.779032e-09	-5.260595e+01	-4.452018e+02
2.200000e-07	-7.418020e-06	-6.766740e-09	-5.218497e+01	-4.444441e+02
2.300000e-07	-7.355650e-06	-6.757993e-09	-5.174621e+01	-4.436000e+02
2.400000e-07	-7.290584e-06	-6.755012e-09	-5.128847e+01	-4.426566e+02
2.500000e-07	-7.222784e-06	-6.727313e-09	-5.081150e+01	-4.416095e+02
2.600000e-07	-7.152322e-06	-6.696537e-09	-5.031581e+01	-4.404629e+02
2.700000e-07	-7.079114e-06	-6.700036e-09	-4.980080e+01	-4.392285e+02
2.800000e-07	-7.003099e-06	-6.683574e-09	-4.926604e+01	-4.379229e+02
2.900000e-07	-6.924350e-06	-6.654528e-09	-4.871206e+01	-4.365641e+02
3.000000e-07	-6.843064e-06	-6.634636e-09	-4.814022e+01	-4.351684e+02
3.100000e-07	-6.759433e-06	-6.620481e-09	-4.755188e+01	-4.337472e+02
3.200000e-07	-6.673487e-06	-6.590847e-09	-4.694726e+01	-4.323040e+02
3.300000e-07	-6.585252e-06	-6.562481e-09	-4.632654e+01	-4.308344e+02
3.400000e-07	-6.494674e-06	-6.560712e-09	-4.568933e+01	-4.293256e+02
3.500000e-07	-6.401724e-06	-6.522727e-09	-4.503544e+01	-4.277589e+02
3.600000e-07	-6.306486e-06	-6.480639e-09	-4.436545e+01	-4.261123e+02
3.700000e-07	-6.208979e-06	-6.462413e-09	-4.367949e+01	-4.243640e+02
3.800000e-07	-6.109199e-06	-6.441175e-09	-4.297755e+01	-4.224961e+02
3.900000e-07	-6.007160e-06	-6.400724e-09	-4.225972e+01	-4.204976e+02
4.000000e-07	-5.902975e-06	-6.366304e-09	-4.152679e+01	-4.183658e+02
4.100000e-07	-5.796733e-06	-6.350207e-09	-4.077939e+01	-4.161072e+02
4.200000e-07	-5.688449e-06	-6.311437e-09	-4.001762e+01	-4.137359e+02
4.300000e-07	-5.578053e-06	-6.269780e-09	-3.924100e+01	-4.112714e+02
4.400000e-07	-5.465547e-06	-6.238461e-09	-3.844954e+01	-4.087346e+02
4.500000e-07	-5.350972e-06	-6.205084e-09	-3.764351e+01	-4.061444e+02
4.600000e-07	-5.234334e-06	-6.153167e-09	-3.682297e+01	-4.035137e+02
4.700000e-07	-5.115694e-06	-6.110904e-09	-3.598836e+01	-4.008469e+02
4.800000e-07	-4.995176e-06	-6.077991e-09	-3.514053e+01	-3.981383e+02
4.900000e-07	-4.872865e-06	-6.029559e-09	-3.428008e+01	-3.953723e+02
5.000000e-07	-4.748832e-06	-5.979100e-09	-3.340752e+01	-3.925256e+02
5.100000e-07	-4.623134e-06	-5.937193e-09	-3.252325e+01	-3.895701e+02
5.200000e-07	-4.495727e-06	-5.894302e-09	-3.162695e+01	-3.864770e+02
5.300000e-07	-4.366752e-06	-5.837567e-09	-3.071963e+01	-3.832208e+02
5.400000e-07	-4.236193e-06	-5.785153e-09	-2.980116e+01	-3.797830e+02
5.500000e-07	-4.104082e-06	-5.735658e-09	-2.887177e+01	-3.761542e+02
5.600000e-07	-3.970532e-06	-5.678185e-09	-2.793226e+01	-3.723344e+02
5.700000e-07	-3.835473e-06	-5.615987e-09	-2.698214e+01	-3.683322e+02
5.800000e-07	-3.698952e-06	-5.558272e-09	-2.602173e+01	-3.641613e+02
5.900000e-07	-3.561101e-06	-5.496992e-09	-2.505196e+01	-3.598366e+02
6.000000e-07	-3.421863e-06	-5.424144e-09	-2.407244e+01	-3.553691e+02
6.100000e-07	-3.281172e-06	-5.351835e-09	-2.308269e+01	-3.507614e+02
6.200000e-07	-3.139144e-06	-5.282140e-09	-2.208354e+01	-3.460044e+02
6.300000e-07	-2.995963e-06	-5.204928e-09	-2.107628e+01	-3.410750e+02
6.400000e-07	-2.851744e-06	-5.117993e-09	-2.006171e+01	-3.359372e+02
6.500000e-07	-2.706441e-06	-5.033035e-09	-1.903952e+01	-3.305438e+02
6.600000e-07	-2.560137e-06	-4.946372e-09	-1.801029e+01	-3.248409e+02
6.700000e-07	-2.412979e-06	-4.851580e-09	-1.697504e+01	-3.187734e+02
6.800000e-07	-2.265004e-06	-4.751239e-09	-1.593406e+01	-3.122898e+02
6.900000e-07	-2.116334e-06	-4.646577e-09	-1.488818e+01	-3.053471e+02
7.000000e-07	-1.967050e-06	-4.533864e-09	-1.383798e+01	-2.979127e+02
7.100000e-07	-1.817024e-06	-4.412820e-09	-1.278257e+01	-2.899646e+02
7.200000e-07	-1.666215e-06	-4.289072e-09	-1.172164e+01	-2.814876e+02
7.300000e-07	-1.514759e-06	-4.155645e-09	-1.065617e+01	-2.724676e+02
7.400000e-07	-1.362791e-06	-4.007435e-09	-9.587090e+00	-2.628831e+02
7.500000e-07	-1.210391e-06	-3.850689e-09	-8.514967e+00	-2.526964e+02
7.600000e-07	-1.057597e-06	-3.688587e-09	-7.440080e+00	-2.418443e+02
7.700000e-07	-9.044609e-07	-3.512853e-09	-6.362784e+00	-2.302322e+02
7.800000e-07	-7.510021e-07	-3.317258e-09	-5.283219e+00	-2.177314e+02
7.900000e-07	-5.972479e-07	-3.104098e-09	-4.201574e+00	-2.041811e+02
8.000000e-07	-4.433027e-07	-2.872723e-09	-3.118587e+00	-1.893965e+02
8.100000e-07	-2.891982e-07	-2.621055e-09	-2.034478e+00	-1.731818e+02
8.200000e-07	-1.348939e-07	-2.346045e-09	-9.489644e-01	-1.553491e+02
8.300000e-07	1.949517e-08	-2.046022e-09	1.371464e-01	-1.357384e+02
8.400000e-07	1.737996e-07	-1.717034e-09	1.222662e+00	-1.142412e+02
8.500000e-07	3.279991e-07	-1.359578e-09	2.307438e+00	-9.082024e+01
8.600000e-07	4.820614e-07	-9.779532e-10	3.391250e+00	-6.552687e+01
8.700000e-07	6.359580e-07	-5.730573e-10	4.473896e+00	-3.851154e+01
8.800000e-07	7.896028e-07	-1.448093e-10	5.554770e+00	-1.002640e+01
8.900000e-07	9.429316e-07	3.056449e-10	6.633422e+00	1.958094e+01
9.000000e-07	1.095926e-06	7.701188e-10	7.709720e+00	4.988248e+01
9.100000e-07	1.248546e-06	1.238599e-09	8.783389e+00	8.039269e+01
9.200000e-07	1.400769e-06	1.702917e-09	9.854260e+00	1.105973e+02
9.300000e-07	1.552518e-06	2.156208e-09	1.092180e+01	1.399855e+02
9.400000e-07	1.703690e-06	2.590376e-09	1.198527e+01	1.680821e+02
9.500000e-07	1.854192e-06	2.997635e-09	1.304404e+01	1.944771e+02
9.600000e-07	2.004006e-06	3.369068e-09	1.409796e+01	2.188500e+02
9.700000e-07	2.153071e-06	3.700355e-09	1.514662e+01	2.409853e+02
9.800000e-07	2.301364e-06	3.994138e-09	1.618985e+01	2.607803e+02
9.900000e-07	2.448878e-06	4.253237e-09	1.722759e+01	2.782421e+02
1.000000e-06	2.595452e-06	4.477518e-09	1.825872e+01	2.934767e+02
1.010000e-06	2.741069e-06	4.671071e-09	1.928312e+01	3.066705e+02
1.020000e-06	2.885801e-06	4.843357e-09	2.030130e+01	3.180668e+02
1.030000e-06	3.029528e-06	4.999384e-09	2.131240e+01	3.279402e+02
1.040000e-06	3.172064e-06	5.140316e-09	2.231512e+01	3.365712e+02
1.050000e-06	3.313336e-06	5.267017e-09	2.330896e+01	3.442240e+02
1.060000e-06	3.453412e-06	5.378127e-09	2.429438e+01	3.511288e+02
1.070000e-06	3.592178e-06	5.475685e-09	2.527058e+01	3.574710e+02
1.080000e-06	3.729521e-06	5.564770e-09	2.623678e+01	3.633861e+02
1.090000e-06	3.865485e-06	5.648120e-09	2.719327e+01	3.689617e+02
1.100000e-06	4.000026e-06	5.725340e-09	2.813975e+01	3.742436e+02
1.110000e-06	4.133109e-06	5.796398e-09	2.907597e+01	3.792469e+02
1.120000e-06	4.264719e-06	5.864093e-09	3.000184e+01	3.839668e+02
1.130000e-06	4.394796e-06	5.929853e-09	3.091691e+01	3.883913e+02
1.140000e-06	4.523293e-06	5.991481e-09	3.182087e+01	3.925109e+02
1.150000e-06	4.650187e-06	6.047869e-09	3.271356e+01	3.963254e+02
1.160000e-06	4.775473e-06	6.099618e-09	3.359494e+01	3.998481e+02
1.170000e-06	4.899129e-06	6.147354e-09	3.446484e+01	4.031053e+02
1.180000e-06	5.021027e-06	6.192157e-09	3.532238e+01	4.061339e+02
1.190000e-06	5.141093e-06	6.234970e-09	3.616704e+01	4.089764e+02
1.200000e-06	5.259267e-06	6.276672e-09	3.699838e+01	4.116747e+02
1.210000e-06	5.375480e-06	6.315623e-09	3.781592e+01	4.142647e+02
1.220000e-06	5.489591e-06	6.352626e-09	3.861868e+01	4.167720e+02
1.230000e-06	5.601565e-06	6.388511e-09	3.940641e+01	4.192091e+02
1.240000e-06	5.711526e-06	6.423005e-09	4.017997e+01	4.215757e+02
1.250000e-06	5.819553e-06	6.454558e-09	4.093993e+01	4.238602e+02
1.260000e-06	5.925510e-06	6.482415e-09	4.168532e+01	4.260440e+02
1.270000e-06	6.029281e-06	6.508340e-09	4.241534e+01	4.281060e+02
1.280000e-06	6.130920e-06	6.534574e-09	4.313036e+01	4.300275e+02
1.290000e-06	6.230372e-06	6.559786e-09	4.382999e+01	4.317966e+02
1.300000e-06	6.327503e-06	6.582967e-09	4.451330e+01	4.334110e+02
1.310000e-06	6.422282e-06	6.605197e-09	4.518006e+01	4.348790e+02
1.320000e-06	6.514909e-06	6.627164e-09	4.583168e+01	4.362189e+02
1.330000e-06	6.605296e-06	6.648188e-09	4.646754e+01	4.374562e+02
1.340000e-06	6.693320e-06	6.668008e-09	4.708679e+01	4.386199e+02
1.350000e-06	6.779007e-06	6.687308e-09	4.768958e+01	4.397386e+02
1.360000e-06	6.862365e-06	6.705226e-09	4.827600e+01	4.408359e+02
1.370000e-06	6.943269e-06	6.722239e-09	4.884515e+01	4.419276e+02
1.380000e-06	7.021605e-06	6.738600e-09	4.939623e+01	4.430197e+02
1.390000e-06	7.097412e-06	6.753788e-09	4.992953e+01	4.441084e+02
1.400000e-06	7.170580e-06	6.768274e-09	5.044426e+01	4.451811e+02
1.410000e-06	7.241128e-06	6.783236e-09	5.094055e+01	4.462198e+02
1.420000e-06	7.309143e-06	6.798592e-09	5.141903e+01	4.472042e+02
1.430000e-06	7.374506e-06	6.812734e-09	5.187885e+01	4.481154e+02
1.440000e-06	7.437215e-06	6.826014e-09	5.232000e+01	4.489396e+02
1.450000e-06	7.497449e-06	6.838038e-09	5.274374e+01	4.496703e+02
1.460000e-06	7.555051e-06	6.848802e-09	5.314897e+01	4.503089e+02
1.470000e-06	7.609907e-06	6.859040e-09	5.353488e+01	4.508651e+02
1.480000e-06	7.661791e-06	6.868415e-09	5.389987e+01	4.513543e+02
1.490000e-06	7.710511e-06	6.876810e-09	5.424261e+01	4.517954e+02
1.500000e-06	7.756368e-06	6.884808e-09	5.456521e+01	4.522073e+02
1.510000e-06	7.799515e-06	6.893339e-09	5.486875e+01	4.526058e+02
1.520000e-06	7.839814e-06	6.901525e-09	5.515225e+01	4.530012e+02
1.530000e-06	7.877350e-06	6.909064e-09	5.541631e+01	4.533966e+02
1.540000e-06	7.912227e-06	6.915950e-09	5.566166e+01	4.537880e+02
1.550000e-06	7.944267e-06	6.921646e-09	5.588706e+01	4.541652e+02
1.560000e-06	7.973540e-06	6.926471e-09	5.609299e+01	4.545138e+02
1.570000e-06	8.000030e-06	6.929602e-09	5.627934e+01	4.548186e+02
1.580000e-06	8.023612e-06	6.931536e-09	5.644524e+01	4.550659e+02
1.590000e-06	8.044447e-06	6.934689e-09	5.659182e+01	4.552466e+02
1.600000e-06	8.062565e-06	6.937872e-09	5.671928e+01	4.553576e+02
1.610000e-06	8.077741e-06	6.940145e-09	5.682604e+01	4.554029e+02
1.620000e-06	8.089819e-06	6.942365e-09	5.691100e+01	4.553924e+02
1.630000e-06	8.098784e-06	6.946345e-09	5.697407e+01	4.553406e+02
1.640000e-06	8.104810e-06	6.950197e-09	5.701646e+01	4.552636e+02
1.650000e-06	8.108021e-06	6.950945e-09	5.703905e+01	4.551765e+02
1.660000e-06	8.108369e-06	6.950037e-09	5.704150e+01	4.550902e+02
1.670000e-06	8.106027e-06	6.946880e-09	5.702502e+01	4.550096e+02
1.680000e-06	8.101054e-06	6.940629e-09	5.699004e+01	4.549319e+02
1.690000e-06	8.093333e-06	6.936552e-09	5.693572e+01	4.548473e+02
1.700000e-06	8.082907e-06	6.935056e-09	5.686238e+01	4.547401e+02
1.710000e-06	8.069653e-06	6.932585e-09	5.676914e+01	4.545911e+02
1.720000e-06	8.053601e-06	6.927353e-09	5.665621e+01	4.543811e+02
1.730000e-06	8.035120e-06	6.917788e-09	5.652620e+01	4.540937e+02
1.740000e-06	8.014219e-06	6.905886e-09	5.637916e+01	4.537183e+02
1.750000e-06	7.990312e-06	6.868522e-09	5.621098e+01	4.532524e+02
1.760000e-06	7.962766e-06	6.856014e-09	5.601720e+01	4.527017e+02
1.770000e-06	7.931670e-06	6.878265e-09	5.579844e+01	4.520801e+02
1.780000e-06	7.897817e-06	6.889800e-09	5.556029e+01	4.514072e+02
1.790000e-06	7.861693e-06	6.874632e-09	5.530616e+01	4.507057e+02
1.800000e-06	7.823266e-06	6.881372e-09	5.503583e+01	4.499977e+02
1.810000e-06	7.782704e-06	6.862646e-09	5.475048e+01	4.493012e+02
1.820000e-06	7.739821e-06	6.797144e-09	5.444880e+01	4.486271e+02
1.830000e-06	7.694133e-06	6.843527e-09	5.412739e+01	4.479777e+02
1.840000e-06	7.645720e-06	6.838248e-09	5.378682e+01	4.473459e+02
1.850000e-06	7.594394e-06	6.820340e-09	5.342574e+01	4.467162e+02
1.860000e-06	7.539974e-06	6.828791e-09	5.304290e+01	4.460671e+02
1.870000e-06	7.482763e-06	6.785627e-09	5.264043e+01	4.453741e+02
1.880000e-06	7.422883e-06	6.797299e-09	5.221918e+01	4.446136e+02
1.890000e-06	7.360346e-06	6.758758e-09	5.177924e+01	4.437661e+02
1.900000e-06	7.295080e-06	6.756976e-09	5.132010e+01	4.428189e+02
1.910000e-06	7.227009e-06	6.756972e-09	5.084123e+01	4.417681e+02
1.920000e-06	7.156099e-06	6.698525e-09	5.034238e+01	4.406182e+02
1.930000e-06	7.082542e-06	6.707185e-09	4.982492e+01	4.393809e+02
1.940000e-06	7.006326e-06	6.690842e-09	4.928875e+01	4.380730e+02
1.950000e-06	6.927256e-06	6.665807e-09	4.873249e+01	4.367126e+02
1.960000e-06	6.845691e-06	6.630002e-09	4.815869e+01	4.353158e+02
1.970000e-06	6.761760e-06	6.629255e-09	4.756825e+01	4.338937e+02
1.980000e-06	6.675325e-06	6.621422e-09	4.696019e+01	4.324497e+02
1.990000e-06	6.586518e-06	6.561150e-09	4.633544e+01	4.309789e+02
2.000000e-06	6.495507e-06	6.559889e-09	4.569519e+01	4.294684e+02
2.010000e-06	6.402240e-06	6.537461e-09	4.503907e+01	4.278992e+02
2.020000e-06	6.306633e-06	6.507684e-09	4.436648e+01	4.262493e+02
2.030000e-06	6.208796e-06	6.473188e-09	4.367821e+01	4.244969e+02
2.040000e-06	6.108751e-06	6.455317e-09	4.297440e+01	4.226245e+02
2.050000e-06	6.006475e-06	6.420853e-09	4.225490e+01	4.206211e+02
2.060000e-06	5.902014e-06	6.366670e-09	4.152003e+01	4.184846e+02
2.070000e-06	5.795534e-06	6.348276e-09	4.077095e+01	4.162217e+02
2.080000e-06	5.687060e-06	6.319978e-09	4.000785e+01	4.138467e+02
2.090000e-06	5.576484e-06	6.273826e-09	3.922996e+01	4.113792e+02
2.100000e-06	5.463809e-06	6.224656e-09	3.843731e+01	4.088401e+02
2.110000e-06	5.348985e-06	6.207922e-09	3.762953e+01	4.062483e+02
2.120000e-06	5.232014e-06	6.171466e-09	3.680666e+01	4.036163e+02
2.130000e-06	5.112985e-06	6.119725e-09	3.596930e+01	4.009481e+02
2.140000e-06	4.992116e-06	6.079024e-09	3.511900e+01	3.982377e+02
2.150000e-06	4.869490e-06	6.039316e-09	3.425634e+01	3.954692e+02
2.160000e-06	4.745065e-06	5.986617e-09	3.338102e+01	3.926191e+02
2.170000e-06	4.618948e-06	5.936766e-09	3.249380e+01	3.896591e+02
2.180000e-06	4.491207e-06	5.898174e-09	3.159515e+01	3.865605e+02
2.190000e-06	4.361897e-06	5.843903e-09	3.068547e+01	3.832981e+02
2.200000e-06	4.231075e-06	5.783716e-09	2.976516e+01	3.798536e+02
2.210000e-06	4.098736e-06	5.731641e-09	2.883416e+01	3.762178e+02
2.220000e-06	3.964921e-06	5.684266e-09	2.789279e+01	3.723913e+02
2.230000e-06	3.829630e-06	5.619747e-09	2.694104e+01	3.683828e+02
2.240000e-06	3.692896e-06	5.552874e-09	2.597912e+01	3.642061e+02
2.250000e-06	3.554785e-06	5.492926e-09	2.500753e+01	3.598762e+02
2.260000e-06	3.415335e-06	5.429330e-09	2.402651e+01	3.554036e+02
2.270000e-06	3.274637e-06	5.356074e-09	2.303671e+01	3.507908e+02
2.280000e-06	3.132759e-06	5.283418e-09	2.203862e+01	3.460280e+02
2.290000e-06	2.989640e-06	5.209360e-09	2.103180e+01	3.410919e+02
2.300000e-06	2.845349e-06	5.125826e-09	2.001672e+01	3.359458e+02
2.310000e-06	2.700118e-06	5.041793e-09	1.899504e+01	3.305422e+02
2.320000e-06	2.553946e-06	4.959184e-09	1.796674e+01	3.248272e+02
2.330000e-06	2.406878e-06	4.864964e-09	1.693213e+01	3.187456e+02
2.340000e-06	2.258972e-06	4.759012e-09	1.589162e+01	3.122463e+02
2.350000e-06	2.110208e-06	4.655019e-09	1.484508e+01	3.052865e+02
2.360000e-06	1.960718e-06	4.548030e-09	1.379344e+01	2.978341e+02
2.370000e-06	1.810652e-06	4.428166e-09	1.273774e+01	2.898672e+02
2.380000e-06	1.659953e-06	4.298596e-09	1.167759e+01	2.813711e+02
2.390000e-06	1.508633e-06	4.164181e-09	1.061307e+01	2.723313e+02
2.400000e-06	1.356769e-06	4.020103e-09	9.544720e+00	2.627261e+02
2.410000e-06	1.204361e-06	3.864475e-09	8.472547e+00	2.525168e+02
2.420000e-06	1.051514e-06	3.700235e-09	7.397288e+00	2.416394e+02
2.430000e-06	8.983223e-07	3.523206e-09	6.319601e+00	2.299979e+02
2.440000e-06	7.448151e-07	3.328422e-09	5.239694e+00	2.174626e+02
2.450000e-06	5.910387e-07	3.116526e-09	4.157894e+00	2.038714e+02
2.460000e-06	4.371148e-07	2.889135e-09	3.075056e+00	1.890390e+02
2.470000e-06	2.830397e-07	2.641823e-09	1.991154e+00	1.727697e+02
2.480000e-06	1.287686e-07	2.367819e-09	9.058735e-01	1.548759e+02
2.490000e-06	-2.553081e-08	2.067845e-09	-1.796065e-01	1.351994e+02
2.500000e-06	-1.797374e-07	1.744132e-09	-1.264433e+00	1.136336e+02
2.510000e-06	-3.338673e-07	1.393155e-09	-2.348721e+00	9.014425e+01
2.520000e-06	-4.878992e-07	1.011689e-09	-3.432318e+00	6.478615e+01
2.530000e-06	-6.417680e-07	6.032119e-10	-4.514769e+00	3.771335e+01
2.540000e-06	-7.953947e-07	1.717554e-10	-5.595516e+00	9.181579e+00
2.550000e-06	-9.487308e-07	-2.784376e-10	-6.674219e+00	-2.045838e+01
2.560000e-06	-1.101695e-06	-7.427905e-10	-7.750308e+00	-5.077603e+01
2.570000e-06	-1.254226e-06	-1.213194e-09	-8.823344e+00	-8.128429e+01
2.580000e-06	-1.406281e-06	-1.678946e-09	-9.893035e+00	-1.114685e+02
2.590000e-06	-1.557783e-06	-2.135181e-09	-1.095884e+01	-1.408185e+02
2.600000e-06	-1.708671e-06	-2.570780e-09	-1.202032e+01	-1.688609e+02
2.610000e-06	-1.858912e-06	-2.974798e-09	-1.307725e+01	-1.951887e+02
2.620000e-06	-2.008560e-06	-3.347188e-09	-1.413001e+01	-2.194847e+02
2.630000e-06	-2.157570e-06	-3.683741e-09	-1.517827e+01	-2.415376e+02
2.640000e-06	-2.305784e-06	-3.979932e-09	-1.622094e+01	-2.612485e+02
2.650000e-06	-2.453151e-06	-4.237073e-09	-1.725765e+01	-2.786284e+02
2.660000e-06	-2.599665e-06	-4.461238e-09	-1.828836e+01	-2.937866e+02
2.670000e-06	-2.745277e-06	-4.658246e-09	-1.931273e+01	-3.069118e+02
2.680000e-06	-2.889894e-06	-4.830029e-09	-2.033009e+01	-3.182489e+02
2.690000e-06	-3.033410e-06	-4.982696e-09	-2.133971e+01	-3.280732e+02
2.700000e-06	-3.175729e-06	-5.118091e-09	-2.234091e+01	-3.366649e+02
2.710000e-06	-3.316786e-06	-5.237564e-09	-2.333323e+01	-3.442873e+02
2.720000e-06	-3.456616e-06	-5.347572e-09	-2.431692e+01	-3.511691e+02
2.730000e-06	-3.595180e-06	-5.450163e-09	-2.529170e+01	-3.574940e+02
2.740000e-06	-3.732431e-06	-5.543641e-09	-2.625725e+01	-3.633959e+02
2.750000e-06	-3.868281e-06	-5.625692e-09	-2.721294e+01	-3.689604e+02
2.760000e-06	-4.002691e-06	-5.701244e-09	-2.815850e+01	-3.742323e+02
2.770000e-06	-4.135730e-06	-5.775329e-09	-2.909441e+01	-3.792256e+02
2.780000e-06	-4.267319e-06	-5.846189e-09	-3.002013e+01	-3.839353e+02
2.790000e-06	-4.397374e-06	-5.910930e-09	-3.093505e+01	-3.883491e+02
2.800000e-06	-4.525918e-06	-5.969773e-09	-3.183935e+01	-3.924577e+02
2.810000e-06	-4.652864e-06	-6.026253e-09	-3.273240e+01	-3.962616e+02
2.820000e-06	-4.778125e-06	-6.082565e-09	-3.361359e+01	-3.997742e+02
2.830000e-06	-4.901735e-06	-6.138036e-09	-3.448318e+01	-4.030226e+02
2.840000e-06	-5.023606e-06	-6.189618e-09	-3.534053e+01	-4.060439e+02
2.850000e-06	-5.143598e-06	-6.237262e-09	-3.618466e+01	-4.088806e+02
2.860000e-06	-5.261570e-06	-6.283643e-09	-3.701458e+01	-4.115744e+02
2.870000e-06	-5.377452e-06	-6.329385e-09	-3.782980e+01	-4.141612e+02
2.880000e-06	-5.491151e-06	-6.372596e-09	-3.862966e+01	-4.166659e+02
2.890000e-06	-5.602690e-06	-6.410651e-09	-3.941432e+01	-4.191006e+02
2.900000e-06	-5.712251e-06	-6.446538e-09	-4.018507e+01	-4.214645e+02
2.910000e-06	-5.819907e-06	-6.482183e-09	-4.094242e+01	-4.237458e+02
2.920000e-06	-5.925636e-06	-6.515446e-09	-4.168621e+01	-4.259257e+02
2.930000e-06	-6.029214e-06	-6.544587e-09	-4.241487e+01	-4.279830e+02
2.940000e-06	-6.130559e-06	-6.571147e-09	-4.312782e+01	-4.298993e+02
2.950000e-06	-6.229728e-06	-6.598013e-09	-4.382546e+01	-4.316629e+02
2.960000e-06	-6.326810e-06	-6.624543e-09	-4.450842e+01	-4.332718e+02
2.970000e-06	-6.421655e-06	-6.649533e-09	-4.517565e+01	-4.347350e+02
2.980000e-06	-6.514146e-06	-6.671288e-09	-4.582631e+01	-4.360707e+02
2.990000e-06	-6.604401e-06	-6.691689e-09	-4.646125e+01	-4.373049e+02
3.000000e-06	-6.692357e-06	-6.712315e-09	-4.708001e+01	-4.384666e+02
3.010000e-06	-6.777926e-06	-6.731763e-09	-4.768197e+01	-4.395842e+02
3.020000e-06	-6.861063e-06	-6.748989e-09	-4.826684e+01	-4.406812e+02
3.030000e-06	-6.941838e-06	-6.765502e-09	-4.883508e+01	-4.417729e+02
3.040000e-06	-7.020016e-06	-6.781636e-09	-4.938505e+01	-4.428650e+02
3.050000e-06	-7.095392e-06	-6.796793e-09	-4.991532e+01	-4.439534e+02
3.060000e-06	-7.168140e-06	-6.811101e-09	-5.042709e+01	-4.450253e+02
3.070000e-06	-7.238300e-06	-6.824411e-09	-5.092066e+01	-4.460624e+02
3.080000e-06	-7.305817e-06	-6.836875e-09	-5.139563e+01	-4.470445e+02
3.090000e-06	-7.370817e-06	-6.848613e-09	-5.185290e+01	-4.479529e+02
3.100000e-06	-7.433252e-06	-6.859553e-09	-5.229212e+01	-4.487739e+02
3.110000e-06	-7.492925e-06	-6.868927e-09	-5.271192e+01	-4.495012e+02
3.120000e-06	-7.549937e-06	-6.878880e-09	-5.311299e+01	-4.501367e+02
3.130000e-06	-7.604194e-06	-6.887883e-09	-5.349469e+01	-4.506902e+02
3.140000e-06	-7.655464e-06	-6.896616e-09	-5.385536e+01	-4.511774e+02
3.150000e-06	-7.703640e-06	-6.904417e-09	-5.419427e+01	-4.516172e+02
3.160000e-06	-7.749036e-06	-6.909919e-09	-5.451363e+01	-4.520284e+02
3.170000e-06	-7.791993e-06	-6.916165e-09	-5.481583e+01	-4.524267e+02
3.180000e-06	-7.832309e-06	-6.920965e-09	-5.509945e+01	-4.528221e+02
3.190000e-06	-7.869874e-06	-6.926862e-09	-5.536372e+01	-4.532175e+02
3.200000e-06	-7.904730e-06	-6.931460e-09	-5.560892e+01	-4.536087e+02
3.210000e-06	-7.936720e-06	-6.934097e-09	-5.583397e+01	-4.539851e+02
3.220000e-06	-7.965812e-06	-6.935126e-09	-5.603863e+01	-4.543325e+02
3.230000e-06	-7.992138e-06	-6.937003e-09	-5.622383e+01	-4.546355e+02
3.240000e-06	-8.015644e-06	-6.939822e-09	-5.638919e+01	-4.548806e+02
3.250000e-06	-8.036299e-06	-6.941584e-09	-5.653450e+01	-4.550588e+02
3.260000e-06	-8.054219e-06	-6.943040e-09	-5.666056e+01	-4.551674e+02
3.270000e-06	-8.069164e-06	-6.942453e-09	-5.676570e+01	-4.552105e+02
3.280000e-06	-8.080939e-06	-6.942251e-09	-5.684854e+01	-4.551983e+02
3.290000e-06	-8.089799e-06	-6.941589e-09	-5.691086e+01	-4.551454e+02
3.300000e-06	-8.095760e-06	-6.939094e-09	-5.695280e+01	-4.550678e+02
3.310000e-06	-8.098864e-06	-6.936572e-09	-5.697463e+01	-4.549806e+02
