# Temperatura_=_20.0
# Concentracion g/m^3_=_9000.0
# C_Vs_to_Am_M_A/Vsm_=_65563218390.804596
# pendiente_HvsI_1/m_=_3716.3
# ordenada_HvsI_A/m_=_1297.0
# frecuencia_Hz_=_135116.62183775016

Tiempo_(s)	Campo_(V.s)	Magnetizacion_(V.s)	Campo_(kA/m)	Magnetizacion_(A/m)
0.000000e+00	-5.177198e-06	-3.890471e-09	-3.836273e+01	-2.472493e+02
1.000000e-08	-5.177356e-06	-3.889111e-09	-3.836390e+01	-2.471777e+02
2.000000e-08	-5.177282e-06	-3.888632e-09	-3.836334e+01	-2.471151e+02
3.000000e-08	-5.176889e-06	-3.889691e-09	-3.836043e+01	-2.470638e+02
4.000000e-08	-5.176139e-06	-3.890840e-09	-3.835488e+01	-2.470259e+02
5.000000e-08	-5.174946e-06	-3.890538e-09	-3.834604e+01	-2.470035e+02
6.000000e-08	-5.173211e-06	-3.893963e-09	-3.833318e+01	-2.469985e+02
7.000000e-08	-5.170806e-06	-3.904190e-09	-3.831536e+01	-2.470130e+02
8.000000e-08	-5.167811e-06	-3.887086e-09	-3.829317e+01	-2.470489e+02
9.000000e-08	-5.164390e-06	-3.856603e-09	-3.826782e+01	-2.471078e+02
1.000000e-07	-5.160560e-06	-3.887171e-09	-3.823944e+01	-2.471913e+02
1.100000e-07	-5.156490e-06	-3.961433e-09	-3.820928e+01	-2.473009e+02
1.200000e-07	-5.152219e-06	-3.915093e-09	-3.817763e+01	-2.474378e+02
1.300000e-07	-5.147632e-06	-3.802156e-09	-3.814364e+01	-2.476032e+02
1.400000e-07	-5.142662e-06	-3.768419e-09	-3.810681e+01	-2.477978e+02
1.500000e-07	-5.137317e-06	-3.899875e-09	-3.806721e+01	-2.480224e+02
1.600000e-07	-5.131693e-06	-3.969771e-09	-3.802554e+01	-2.482775e+02
1.700000e-07	-5.125736e-06	-3.925945e-09	-3.798139e+01	-2.485631e+02
1.800000e-07	-5.119419e-06	-3.848210e-09	-3.793459e+01	-2.488793e+02
1.900000e-07	-5.112773e-06	-3.857791e-09	-3.788534e+01	-2.492257e+02
2.000000e-07	-5.105726e-06	-3.918916e-09	-3.783312e+01	-2.496019e+02
2.100000e-07	-5.098348e-06	-3.965245e-09	-3.777845e+01	-2.500071e+02
2.200000e-07	-5.090756e-06	-3.891766e-09	-3.772219e+01	-2.504401e+02
2.300000e-07	-5.082903e-06	-3.742427e-09	-3.766400e+01	-2.508998e+02
2.400000e-07	-5.074671e-06	-3.721890e-09	-3.760300e+01	-2.513845e+02
2.500000e-07	-5.066006e-06	-3.793515e-09	-3.753880e+01	-2.518925e+02
2.600000e-07	-5.056797e-06	-3.748073e-09	-3.747056e+01	-2.524217e+02
2.700000e-07	-5.047175e-06	-3.571984e-09	-3.739926e+01	-2.529700e+02
2.800000e-07	-5.037177e-06	-3.603980e-09	-3.732518e+01	-2.535349e+02
2.900000e-07	-5.026573e-06	-3.792276e-09	-3.724660e+01	-2.541137e+02
3.000000e-07	-5.015385e-06	-3.803944e-09	-3.716370e+01	-2.547037e+02
3.100000e-07	-5.003757e-06	-3.651809e-09	-3.707754e+01	-2.553018e+02
3.200000e-07	-4.991843e-06	-3.739314e-09	-3.698926e+01	-2.559050e+02
3.300000e-07	-4.979611e-06	-3.958526e-09	-3.689862e+01	-2.565101e+02
3.400000e-07	-4.967018e-06	-3.985186e-09	-3.680530e+01	-2.571138e+02
3.500000e-07	-4.953997e-06	-3.858750e-09	-3.670882e+01	-2.577126e+02
3.600000e-07	-4.940543e-06	-3.850443e-09	-3.660912e+01	-2.583032e+02
3.700000e-07	-4.926738e-06	-3.893455e-09	-3.650683e+01	-2.588821e+02
3.800000e-07	-4.912623e-06	-3.934966e-09	-3.640224e+01	-2.594459e+02
3.900000e-07	-4.897944e-06	-3.946238e-09	-3.629347e+01	-2.599913e+02
4.000000e-07	-4.882531e-06	-3.888226e-09	-3.617926e+01	-2.605147e+02
4.100000e-07	-4.866592e-06	-3.808991e-09	-3.606115e+01	-2.610132e+02
4.200000e-07	-4.850352e-06	-3.896958e-09	-3.594082e+01	-2.614834e+02
4.300000e-07	-4.833861e-06	-4.020434e-09	-3.581862e+01	-2.619223e+02
4.400000e-07	-4.816961e-06	-3.940005e-09	-3.569339e+01	-2.623272e+02
4.500000e-07	-4.799746e-06	-3.833817e-09	-3.556583e+01	-2.626954e+02
4.600000e-07	-4.782287e-06	-3.949101e-09	-3.543646e+01	-2.630244e+02
4.700000e-07	-4.764517e-06	-4.061561e-09	-3.530478e+01	-2.633119e+02
4.800000e-07	-4.746493e-06	-3.948142e-09	-3.517123e+01	-2.635560e+02
4.900000e-07	-4.728195e-06	-3.855369e-09	-3.503564e+01	-2.637549e+02
5.000000e-07	-4.709462e-06	-3.942667e-09	-3.489683e+01	-2.639071e+02
5.100000e-07	-4.690350e-06	-4.009578e-09	-3.475521e+01	-2.640114e+02
5.200000e-07	-4.670926e-06	-3.937634e-09	-3.461128e+01	-2.640669e+02
5.300000e-07	-4.651218e-06	-3.889373e-09	-3.446524e+01	-2.640729e+02
5.400000e-07	-4.631324e-06	-3.909656e-09	-3.431783e+01	-2.640292e+02
5.500000e-07	-4.611260e-06	-3.934552e-09	-3.416916e+01	-2.639357e+02
5.600000e-07	-4.590946e-06	-3.932207e-09	-3.401864e+01	-2.637926e+02
5.700000e-07	-4.570260e-06	-3.917699e-09	-3.386535e+01	-2.636005e+02
5.800000e-07	-4.549258e-06	-3.871636e-09	-3.370973e+01	-2.633603e+02
5.900000e-07	-4.527979e-06	-3.863113e-09	-3.355205e+01	-2.630730e+02
6.000000e-07	-4.506321e-06	-3.907561e-09	-3.339157e+01	-2.627400e+02
6.100000e-07	-4.484260e-06	-3.913167e-09	-3.322810e+01	-2.623630e+02
6.200000e-07	-4.461949e-06	-3.835918e-09	-3.306277e+01	-2.619438e+02
6.300000e-07	-4.439433e-06	-3.819763e-09	-3.289593e+01	-2.614845e+02
6.400000e-07	-4.416570e-06	-3.887260e-09	-3.272651e+01	-2.609873e+02
6.500000e-07	-4.393342e-06	-3.897394e-09	-3.255440e+01	-2.604548e+02
6.600000e-07	-4.369806e-06	-3.822519e-09	-3.238000e+01	-2.598894e+02
6.700000e-07	-4.346029e-06	-3.803989e-09	-3.220381e+01	-2.592939e+02
6.800000e-07	-4.322088e-06	-3.843934e-09	-3.202641e+01	-2.586712e+02
6.900000e-07	-4.297936e-06	-3.842785e-09	-3.184744e+01	-2.580240e+02
7.000000e-07	-4.273450e-06	-3.803710e-09	-3.166601e+01	-2.573554e+02
7.100000e-07	-4.248566e-06	-3.790995e-09	-3.148161e+01	-2.566682e+02
7.200000e-07	-4.223327e-06	-3.800863e-09	-3.129459e+01	-2.559655e+02
7.300000e-07	-4.197713e-06	-3.806057e-09	-3.110480e+01	-2.552500e+02
7.400000e-07	-4.171661e-06	-3.800328e-09	-3.091175e+01	-2.545248e+02
7.500000e-07	-4.145157e-06	-3.780636e-09	-3.071537e+01	-2.537924e+02
7.600000e-07	-4.118178e-06	-3.762761e-09	-3.051545e+01	-2.530555e+02
7.700000e-07	-4.090786e-06	-3.763482e-09	-3.031248e+01	-2.523167e+02
7.800000e-07	-4.063132e-06	-3.768815e-09	-3.010756e+01	-2.515782e+02
7.900000e-07	-4.035299e-06	-3.745848e-09	-2.990132e+01	-2.508421e+02
8.000000e-07	-4.007280e-06	-3.716051e-09	-2.969371e+01	-2.501105e+02
8.100000e-07	-3.979083e-06	-3.718950e-09	-2.948476e+01	-2.493851e+02
8.200000e-07	-3.950724e-06	-3.739771e-09	-2.927463e+01	-2.486673e+02
8.300000e-07	-3.922143e-06	-3.721098e-09	-2.906284e+01	-2.479584e+02
8.400000e-07	-3.893272e-06	-3.689718e-09	-2.884891e+01	-2.472594e+02
8.500000e-07	-3.864147e-06	-3.691758e-09	-2.863309e+01	-2.465710e+02
8.600000e-07	-3.834707e-06	-3.703785e-09	-2.841495e+01	-2.458938e+02
8.700000e-07	-3.804960e-06	-3.678967e-09	-2.819453e+01	-2.452278e+02
8.800000e-07	-3.775015e-06	-3.649435e-09	-2.797263e+01	-2.445731e+02
8.900000e-07	-3.744832e-06	-3.642973e-09	-2.774898e+01	-2.439293e+02
9.000000e-07	-3.714256e-06	-3.645957e-09	-2.752241e+01	-2.432958e+02
9.100000e-07	-3.683404e-06	-3.634993e-09	-2.729380e+01	-2.426718e+02
9.200000e-07	-3.652463e-06	-3.617419e-09	-2.706453e+01	-2.420564e+02
9.300000e-07	-3.621342e-06	-3.602879e-09	-2.683393e+01	-2.414480e+02
9.400000e-07	-3.589949e-06	-3.597842e-09	-2.660131e+01	-2.408454e+02
9.500000e-07	-3.558301e-06	-3.595447e-09	-2.636679e+01	-2.402467e+02
9.600000e-07	-3.526475e-06	-3.581832e-09	-2.613097e+01	-2.396502e+02
9.700000e-07	-3.494529e-06	-3.557277e-09	-2.589425e+01	-2.390539e+02
9.800000e-07	-3.462409e-06	-3.542665e-09	-2.565624e+01	-2.384556e+02
9.900000e-07	-3.430025e-06	-3.541276e-09	-2.541628e+01	-2.378531e+02
1.000000e-06	-3.397480e-06	-3.532434e-09	-2.517512e+01	-2.372441e+02
1.010000e-06	-3.364662e-06	-3.507721e-09	-2.493194e+01	-2.366263e+02
1.020000e-06	-3.331426e-06	-3.488355e-09	-2.468567e+01	-2.359973e+02
1.030000e-06	-3.297848e-06	-3.487593e-09	-2.443685e+01	-2.353547e+02
1.040000e-06	-3.263869e-06	-3.485304e-09	-2.418507e+01	-2.346962e+02
1.050000e-06	-3.229528e-06	-3.466955e-09	-2.393061e+01	-2.340194e+02
1.060000e-06	-3.194872e-06	-3.445032e-09	-2.367381e+01	-2.333221e+02
1.070000e-06	-3.159734e-06	-3.438221e-09	-2.341344e+01	-2.326022e+02
1.080000e-06	-3.124240e-06	-3.433793e-09	-2.315043e+01	-2.318576e+02
1.090000e-06	-3.088588e-06	-3.418936e-09	-2.288625e+01	-2.310865e+02
1.100000e-06	-3.052837e-06	-3.397131e-09	-2.262134e+01	-2.302871e+02
1.110000e-06	-3.017013e-06	-3.381467e-09	-2.235589e+01	-2.294578e+02
1.120000e-06	-2.981086e-06	-3.371888e-09	-2.208966e+01	-2.285974e+02
1.130000e-06	-2.945036e-06	-3.360600e-09	-2.182254e+01	-2.277045e+02
1.140000e-06	-2.908767e-06	-3.341405e-09	-2.155379e+01	-2.267783e+02
1.150000e-06	-2.872269e-06	-3.321623e-09	-2.128334e+01	-2.258180e+02
1.160000e-06	-2.835646e-06	-3.307497e-09	-2.101197e+01	-2.248230e+02
1.170000e-06	-2.798867e-06	-3.297917e-09	-2.073944e+01	-2.237931e+02
1.180000e-06	-2.761804e-06	-3.281100e-09	-2.046480e+01	-2.227280e+02
1.190000e-06	-2.724509e-06	-3.258173e-09	-2.018845e+01	-2.216280e+02
1.200000e-06	-2.687066e-06	-3.239777e-09	-1.991100e+01	-2.204933e+02
1.210000e-06	-2.649402e-06	-3.227505e-09	-1.963191e+01	-2.193245e+02
1.220000e-06	-2.611500e-06	-3.210793e-09	-1.935105e+01	-2.181223e+02
1.230000e-06	-2.573460e-06	-3.187802e-09	-1.906918e+01	-2.168875e+02
1.240000e-06	-2.535253e-06	-3.169124e-09	-1.878607e+01	-2.156212e+02
1.250000e-06	-2.496851e-06	-3.156346e-09	-1.850152e+01	-2.143246e+02
1.260000e-06	-2.458293e-06	-3.139274e-09	-1.821580e+01	-2.129990e+02
1.270000e-06	-2.419521e-06	-3.118427e-09	-1.792850e+01	-2.116457e+02
1.280000e-06	-2.380574e-06	-3.097532e-09	-1.763991e+01	-2.102662e+02
1.290000e-06	-2.341484e-06	-3.077518e-09	-1.735026e+01	-2.088621e+02
1.300000e-06	-2.302216e-06	-3.059835e-09	-1.705928e+01	-2.074348e+02
1.310000e-06	-2.262894e-06	-3.040443e-09	-1.676791e+01	-2.059859e+02
1.320000e-06	-2.223433e-06	-3.017736e-09	-1.647550e+01	-2.045169e+02
1.330000e-06	-2.183789e-06	-2.995043e-09	-1.618174e+01	-2.030293e+02
1.340000e-06	-2.144071e-06	-2.974955e-09	-1.588744e+01	-2.015243e+02
1.350000e-06	-2.104253e-06	-2.954808e-09	-1.559239e+01	-2.000032e+02
1.360000e-06	-2.064392e-06	-2.932498e-09	-1.529702e+01	-1.984671e+02
1.370000e-06	-2.024495e-06	-2.908366e-09	-1.500139e+01	-1.969170e+02
1.380000e-06	-1.984460e-06	-2.886862e-09	-1.470473e+01	-1.953536e+02
1.390000e-06	-1.944247e-06	-2.866531e-09	-1.440676e+01	-1.937775e+02
1.400000e-06	-1.903898e-06	-2.843060e-09	-1.410777e+01	-1.921889e+02
1.410000e-06	-1.863394e-06	-2.817871e-09	-1.380764e+01	-1.905880e+02
1.420000e-06	-1.822785e-06	-2.794948e-09	-1.350673e+01	-1.889746e+02
1.430000e-06	-1.782009e-06	-2.770489e-09	-1.320458e+01	-1.873482e+02
1.440000e-06	-1.741071e-06	-2.742879e-09	-1.290123e+01	-1.857080e+02
1.450000e-06	-1.700022e-06	-2.715845e-09	-1.259706e+01	-1.840531e+02
1.460000e-06	-1.658735e-06	-2.691512e-09	-1.229113e+01	-1.823821e+02
1.470000e-06	-1.617228e-06	-2.666190e-09	-1.198356e+01	-1.806933e+02
1.480000e-06	-1.575509e-06	-2.639748e-09	-1.167442e+01	-1.789849e+02
1.490000e-06	-1.533571e-06	-2.612858e-09	-1.136367e+01	-1.772547e+02
1.500000e-06	-1.491386e-06	-2.583294e-09	-1.105108e+01	-1.755000e+02
1.510000e-06	-1.448983e-06	-2.551182e-09	-1.073688e+01	-1.737182e+02
1.520000e-06	-1.406439e-06	-2.521549e-09	-1.042162e+01	-1.719063e+02
1.530000e-06	-1.363710e-06	-2.494845e-09	-1.010501e+01	-1.700609e+02
1.540000e-06	-1.320875e-06	-2.470330e-09	-9.787606e+00	-1.681785e+02
1.550000e-06	-1.277933e-06	-2.447159e-09	-9.469403e+00	-1.662555e+02
1.560000e-06	-1.234862e-06	-2.418223e-09	-9.150253e+00	-1.642879e+02
1.570000e-06	-1.191676e-06	-2.382770e-09	-8.830246e+00	-1.622717e+02
1.580000e-06	-1.148403e-06	-2.347725e-09	-8.509599e+00	-1.602028e+02
1.590000e-06	-1.105055e-06	-2.314915e-09	-8.188391e+00	-1.580770e+02
1.600000e-06	-1.061594e-06	-2.280938e-09	-7.866346e+00	-1.558899e+02
1.610000e-06	-1.018101e-06	-2.244637e-09	-7.544068e+00	-1.536372e+02
1.620000e-06	-9.745871e-07	-2.206269e-09	-7.221631e+00	-1.513146e+02
1.630000e-06	-9.310044e-07	-2.167257e-09	-6.898686e+00	-1.489178e+02
1.640000e-06	-8.873278e-07	-2.127932e-09	-6.575045e+00	-1.464428e+02
1.650000e-06	-8.435792e-07	-2.092326e-09	-6.250871e+00	-1.438853e+02
1.660000e-06	-7.998038e-07	-2.055334e-09	-5.926498e+00	-1.412415e+02
1.670000e-06	-7.560029e-07	-2.019654e-09	-5.601936e+00	-1.385078e+02
1.680000e-06	-7.121932e-07	-1.980695e-09	-5.277308e+00	-1.356805e+02
1.690000e-06	-6.683829e-07	-1.935796e-09	-4.952677e+00	-1.327566e+02
1.700000e-06	-6.245478e-07	-1.890715e-09	-4.627862e+00	-1.297330e+02
1.710000e-06	-5.806878e-07	-1.847026e-09	-4.302862e+00	-1.266071e+02
1.720000e-06	-5.368057e-07	-1.802090e-09	-3.977698e+00	-1.233767e+02
1.730000e-06	-4.929023e-07	-1.752276e-09	-3.652376e+00	-1.200399e+02
1.740000e-06	-4.489768e-07	-1.704049e-09	-3.326891e+00	-1.165953e+02
1.750000e-06	-4.050699e-07	-1.656041e-09	-3.001544e+00	-1.130417e+02
1.760000e-06	-3.611918e-07	-1.603726e-09	-2.676410e+00	-1.093785e+02
1.770000e-06	-3.173053e-07	-1.546550e-09	-2.351213e+00	-1.056057e+02
1.780000e-06	-2.733972e-07	-1.489347e-09	-2.025857e+00	-1.017234e+02
1.790000e-06	-2.294717e-07	-1.435069e-09	-1.700371e+00	-9.773254e+01
1.800000e-06	-1.855377e-07	-1.379968e-09	-1.374823e+00	-9.363431e+01
1.810000e-06	-1.416082e-07	-1.318299e-09	-1.049308e+00	-8.943048e+01
1.820000e-06	-9.770380e-08	-1.255705e-09	-7.239793e-01	-8.512329e+01
1.830000e-06	-5.381044e-08	-1.194246e-09	-3.987321e-01	-8.071546e+01
1.840000e-06	-9.896689e-09	-1.130417e-09	-7.333387e-02	-7.621017e+01
1.850000e-06	3.402969e-08	-1.061522e-09	2.521579e-01	-7.161109e+01
1.860000e-06	7.795101e-08	-9.902253e-10	5.776122e-01	-6.692229e+01
1.870000e-06	1.218846e-07	-9.182715e-10	9.031573e-01	-6.214832e+01
1.880000e-06	1.658240e-07	-8.448077e-10	1.228746e+00	-5.729409e+01
1.890000e-06	2.098024e-07	-7.695495e-10	1.554623e+00	-5.236492e+01
1.900000e-06	2.538218e-07	-6.946025e-10	1.880804e+00	-4.736650e+01
1.910000e-06	2.978192e-07	-6.194888e-10	2.206822e+00	-4.230482e+01
1.920000e-06	3.417736e-07	-5.437736e-10	2.532522e+00	-3.718619e+01
1.930000e-06	3.857046e-07	-4.620004e-10	2.858048e+00	-3.201719e+01
1.940000e-06	4.295968e-07	-3.812373e-10	3.183286e+00	-2.680462e+01
1.950000e-06	4.734628e-07	-3.048084e-10	3.508331e+00	-2.155547e+01
1.960000e-06	5.173436e-07	-2.249280e-10	3.833485e+00	-1.627693e+01
1.970000e-06	5.611951e-07	-1.412301e-10	4.158421e+00	-1.097627e+01
1.980000e-06	6.049922e-07	-5.508569e-11	4.482956e+00	-5.660876e+00
1.990000e-06	6.487656e-07	2.843582e-11	4.807314e+00	-3.381623e-01
2.000000e-06	6.925687e-07	1.102079e-10	5.131892e+00	4.984438e+00
2.010000e-06	7.363971e-07	1.938327e-10	5.456658e+00	1.029952e+01
2.020000e-06	7.801821e-07	2.806941e-10	5.781102e+00	1.559976e+01
2.030000e-06	8.239450e-07	3.643307e-10	6.105383e+00	2.087791e+01
2.040000e-06	8.676969e-07	4.411080e-10	6.429582e+00	2.612688e+01
2.050000e-06	9.113971e-07	5.175838e-10	6.753397e+00	3.133975e+01
2.060000e-06	9.550629e-07	6.023405e-10	7.076958e+00	3.650981e+01
2.070000e-06	9.986855e-07	6.875455e-10	7.400199e+00	4.163057e+01
2.080000e-06	1.042268e-06	7.656148e-10	7.723146e+00	4.669581e+01
2.090000e-06	1.085838e-06	8.406451e-10	8.045997e+00	5.169961e+01
2.100000e-06	1.129378e-06	9.179042e-10	8.368624e+00	5.663637e+01
2.110000e-06	1.172808e-06	9.937049e-10	8.690435e+00	6.150081e+01
2.120000e-06	1.215999e-06	1.065901e-09	9.010480e+00	6.628801e+01
2.130000e-06	1.258999e-06	1.133345e-09	9.329108e+00	7.099343e+01
2.140000e-06	1.301984e-06	1.199371e-09	9.647621e+00	7.561293e+01
2.150000e-06	1.344880e-06	1.265818e-09	9.965482e+00	8.014275e+01
2.160000e-06	1.387479e-06	1.329393e-09	1.028114e+01	8.457953e+01
2.170000e-06	1.429845e-06	1.390190e-09	1.059507e+01	8.892035e+01
2.180000e-06	1.472195e-06	1.449940e-09	1.090888e+01	9.316269e+01
2.190000e-06	1.514519e-06	1.507738e-09	1.122250e+01	9.730444e+01
2.200000e-06	1.556660e-06	1.564568e-09	1.153476e+01	1.013439e+02
2.210000e-06	1.598463e-06	1.619812e-09	1.184451e+01	1.052799e+02
2.220000e-06	1.639946e-06	1.670238e-09	1.215190e+01	1.091114e+02
2.230000e-06	1.681193e-06	1.720487e-09	1.245754e+01	1.128380e+02
2.240000e-06	1.722217e-06	1.771135e-09	1.276153e+01	1.164596e+02
2.250000e-06	1.763113e-06	1.819783e-09	1.306456e+01	1.199764e+02
2.260000e-06	1.803953e-06	1.865977e-09	1.336718e+01	1.233891e+02
2.270000e-06	1.844685e-06	1.911876e-09	1.366900e+01	1.266986e+02
2.280000e-06	1.885102e-06	1.955470e-09	1.396849e+01	1.299062e+02
2.290000e-06	1.925301e-06	1.995093e-09	1.426636e+01	1.330134e+02
2.300000e-06	1.965462e-06	2.034970e-09	1.456396e+01	1.360221e+02
2.310000e-06	2.005533e-06	2.076070e-09	1.486088e+01	1.389343e+02
2.320000e-06	2.045534e-06	2.114253e-09	1.515728e+01	1.417523e+02
2.330000e-06	2.085455e-06	2.150484e-09	1.545310e+01	1.444787e+02
2.340000e-06	2.125259e-06	2.188396e-09	1.574804e+01	1.471160e+02
2.350000e-06	2.164959e-06	2.225088e-09	1.604222e+01	1.496673e+02
2.360000e-06	2.204595e-06	2.258903e-09	1.633592e+01	1.521353e+02
2.370000e-06	2.244056e-06	2.293258e-09	1.662832e+01	1.545233e+02
2.380000e-06	2.283374e-06	2.327375e-09	1.691967e+01	1.568344e+02
2.390000e-06	2.322617e-06	2.361080e-09	1.721045e+01	1.590717e+02
2.400000e-06	2.361690e-06	2.392224e-09	1.749998e+01	1.612385e+02
2.410000e-06	2.400584e-06	2.421758e-09	1.778818e+01	1.633381e+02
2.420000e-06	2.439254e-06	2.449359e-09	1.807472e+01	1.653738e+02
2.430000e-06	2.477637e-06	2.476658e-09	1.835914e+01	1.673488e+02
2.440000e-06	2.515839e-06	2.504605e-09	1.864222e+01	1.692662e+02
2.450000e-06	2.553992e-06	2.532143e-09	1.892492e+01	1.711293e+02
2.460000e-06	2.592033e-06	2.559184e-09	1.920681e+01	1.729409e+02
2.470000e-06	2.629875e-06	2.584413e-09	1.948721e+01	1.747042e+02
2.480000e-06	2.667521e-06	2.609964e-09	1.976617e+01	1.764220e+02
2.490000e-06	2.704963e-06	2.634933e-09	2.004361e+01	1.780969e+02
2.500000e-06	2.742159e-06	2.659576e-09	2.031924e+01	1.797316e+02
2.510000e-06	2.779184e-06	2.684695e-09	2.059359e+01	1.813285e+02
2.520000e-06	2.816081e-06	2.710130e-09	2.086699e+01	1.828900e+02
2.530000e-06	2.852672e-06	2.735127e-09	2.113813e+01	1.844182e+02
2.540000e-06	2.888958e-06	2.757779e-09	2.140701e+01	1.859152e+02
2.550000e-06	2.925101e-06	2.779152e-09	2.167482e+01	1.873828e+02
2.560000e-06	2.961134e-06	2.802964e-09	2.194182e+01	1.888226e+02
2.570000e-06	2.997074e-06	2.825477e-09	2.220813e+01	1.902363e+02
2.580000e-06	3.032937e-06	2.844786e-09	2.247388e+01	1.916252e+02
2.590000e-06	3.068726e-06	2.863914e-09	2.273907e+01	1.929905e+02
2.600000e-06	3.104400e-06	2.885694e-09	2.300341e+01	1.943333e+02
2.610000e-06	3.139918e-06	2.908055e-09	2.326660e+01	1.956545e+02
2.620000e-06	3.175240e-06	2.927386e-09	2.352833e+01	1.969550e+02
2.630000e-06	3.210326e-06	2.944522e-09	2.378833e+01	1.982353e+02
2.640000e-06	3.245090e-06	2.963215e-09	2.404592e+01	1.994959e+02
2.650000e-06	3.279425e-06	2.983927e-09	2.430034e+01	2.007373e+02
2.660000e-06	3.313274e-06	3.003243e-09	2.455116e+01	2.019597e+02
2.670000e-06	3.346660e-06	3.020047e-09	2.479855e+01	2.031633e+02
2.680000e-06	3.379646e-06	3.035820e-09	2.504297e+01	2.043482e+02
2.690000e-06	3.412304e-06	3.051750e-09	2.528497e+01	2.055144e+02
2.700000e-06	3.444705e-06	3.068475e-09	2.552505e+01	2.066617e+02
2.710000e-06	3.476857e-06	3.083069e-09	2.576330e+01	2.077901e+02
2.720000e-06	3.508875e-06	3.095520e-09	2.600055e+01	2.088994e+02
2.730000e-06	3.540804e-06	3.109290e-09	2.623714e+01	2.099892e+02
2.740000e-06	3.572596e-06	3.123808e-09	2.647272e+01	2.110594e+02
2.750000e-06	3.604190e-06	3.137000e-09	2.670683e+01	2.121096e+02
2.760000e-06	3.635582e-06	3.149130e-09	2.693944e+01	2.131394e+02
2.770000e-06	3.666723e-06	3.162365e-09	2.717019e+01	2.141487e+02
2.780000e-06	3.697552e-06	3.176739e-09	2.739863e+01	2.151369e+02
2.790000e-06	3.728080e-06	3.192601e-09	2.762484e+01	2.161038e+02
2.800000e-06	3.758346e-06	3.206659e-09	2.784912e+01	2.170492e+02
2.810000e-06	3.788325e-06	3.217883e-09	2.807126e+01	2.179727e+02
2.820000e-06	3.817998e-06	3.230246e-09	2.829114e+01	2.188741e+02
2.830000e-06	3.847533e-06	3.244527e-09	2.850999e+01	2.197532e+02
2.840000e-06	3.876882e-06	3.258865e-09	2.872746e+01	2.206098e+02
2.850000e-06	3.905903e-06	3.272402e-09	2.894250e+01	2.214438e+02
2.860000e-06	3.934695e-06	3.284327e-09	2.915585e+01	2.222553e+02
2.870000e-06	3.963241e-06	3.296736e-09	2.936737e+01	2.230441e+02
2.880000e-06	3.991484e-06	3.310696e-09	2.957665e+01	2.238104e+02
2.890000e-06	4.019509e-06	3.323190e-09	2.978432e+01	2.245542e+02
2.900000e-06	4.047396e-06	3.334448e-09	2.999096e+01	2.252758e+02
2.910000e-06	4.075159e-06	3.346495e-09	3.019668e+01	2.259755e+02
2.920000e-06	4.102727e-06	3.358544e-09	3.040096e+01	2.266536e+02
2.930000e-06	4.130056e-06	3.370799e-09	3.060347e+01	2.273104e+02
2.940000e-06	4.156987e-06	3.382605e-09	3.080302e+01	2.279464e+02
2.950000e-06	4.183418e-06	3.392950e-09	3.099888e+01	2.285622e+02
2.960000e-06	4.209335e-06	3.401299e-09	3.119092e+01	2.291583e+02
2.970000e-06	4.234706e-06	3.410869e-09	3.137892e+01	2.297353e+02
2.980000e-06	4.259546e-06	3.423143e-09	3.156298e+01	2.302940e+02
2.990000e-06	4.284001e-06	3.433770e-09	3.174419e+01	2.308351e+02
3.000000e-06	4.308210e-06	3.442553e-09	3.192357e+01	2.313594e+02
3.010000e-06	4.332220e-06	3.453091e-09	3.210149e+01	2.318677e+02
3.020000e-06	4.356033e-06	3.463931e-09	3.227794e+01	2.323608e+02
3.030000e-06	4.379607e-06	3.474748e-09	3.245262e+01	2.328396e+02
3.040000e-06	4.402833e-06	3.484626e-09	3.262473e+01	2.333052e+02
3.050000e-06	4.425772e-06	3.492056e-09	3.279470e+01	2.337582e+02
3.060000e-06	4.448505e-06	3.496452e-09	3.296315e+01	2.341998e+02
3.070000e-06	4.470845e-06	3.500149e-09	3.312869e+01	2.346309e+02
3.080000e-06	4.492783e-06	3.506213e-09	3.329125e+01	2.350522e+02
3.090000e-06	4.514460e-06	3.513163e-09	3.345187e+01	2.354649e+02
3.100000e-06	4.535863e-06	3.521874e-09	3.361047e+01	2.358697e+02
3.110000e-06	4.556934e-06	3.531564e-09	3.376660e+01	2.362676e+02
3.120000e-06	4.577662e-06	3.540905e-09	3.392020e+01	2.366593e+02
3.130000e-06	4.598120e-06	3.548463e-09	3.407179e+01	2.370456e+02
3.140000e-06	4.618329e-06	3.554950e-09	3.422154e+01	2.374273e+02
3.150000e-06	4.638296e-06	3.560848e-09	3.436950e+01	2.378051e+02
3.160000e-06	4.658091e-06	3.566086e-09	3.451617e+01	2.381796e+02
3.170000e-06	4.677714e-06	3.570722e-09	3.466157e+01	2.385513e+02
3.180000e-06	4.697134e-06	3.574852e-09	3.480548e+01	2.389207e+02
3.190000e-06	4.716240e-06	3.579511e-09	3.494705e+01	2.392883e+02
3.200000e-06	4.734961e-06	3.587614e-09	3.508577e+01	2.396544e+02
3.210000e-06	4.753236e-06	3.594370e-09	3.522119e+01	2.400191e+02
3.220000e-06	4.771104e-06	3.598928e-09	3.535359e+01	2.403828e+02
3.230000e-06	4.788635e-06	3.605936e-09	3.548350e+01	2.407453e+02
3.240000e-06	4.805819e-06	3.613873e-09	3.561083e+01	2.411068e+02
3.250000e-06	4.822721e-06	3.616546e-09	3.573607e+01	2.414672e+02
3.260000e-06	4.839370e-06	3.617692e-09	3.585944e+01	2.418261e+02
3.270000e-06	4.855834e-06	3.621666e-09	3.598144e+01	2.421834e+02
3.280000e-06	4.871956e-06	3.624731e-09	3.610090e+01	2.425387e+02
3.290000e-06	4.887525e-06	3.629032e-09	3.621627e+01	2.428914e+02
3.300000e-06	4.902593e-06	3.633990e-09	3.632792e+01	2.432412e+02
3.310000e-06	4.917189e-06	3.638931e-09	3.643607e+01	2.435874e+02
3.320000e-06	4.931398e-06	3.643968e-09	3.654136e+01	2.439293e+02
3.330000e-06	4.945242e-06	3.650628e-09	3.664394e+01	2.442662e+02
3.340000e-06	4.958750e-06	3.653892e-09	3.674404e+01	2.445973e+02
3.350000e-06	4.971923e-06	3.656502e-09	3.684165e+01	2.449218e+02
3.360000e-06	4.984692e-06	3.661336e-09	3.693627e+01	2.452388e+02
3.370000e-06	4.997073e-06	3.664058e-09	3.702801e+01	2.455474e+02
3.380000e-06	5.009083e-06	3.664537e-09	3.711701e+01	2.458467e+02
3.390000e-06	5.020756e-06	3.664677e-09	3.720350e+01	2.461358e+02
3.400000e-06	5.032083e-06	3.665496e-09	3.728743e+01	2.464138e+02
3.410000e-06	5.043015e-06	3.668337e-09	3.736843e+01	2.466797e+02
3.420000e-06	5.053406e-06	3.673105e-09	3.744543e+01	2.469327e+02
3.430000e-06	5.063195e-06	3.677202e-09	3.751797e+01	2.471719e+02
3.440000e-06	5.072485e-06	3.681755e-09	3.758681e+01	2.473966e+02
3.450000e-06	5.081286e-06	3.689081e-09	3.765202e+01	2.476060e+02
3.460000e-06	5.089617e-06	3.694455e-09	3.771375e+01	2.477995e+02
3.470000e-06	5.097614e-06	3.696175e-09	3.777301e+01	2.479764e+02
3.480000e-06	5.105395e-06	3.698846e-09	3.783067e+01	2.481363e+02
3.490000e-06	5.112912e-06	3.702292e-09	3.788637e+01	2.482788e+02
3.500000e-06	5.120099e-06	3.705239e-09	3.793962e+01	2.484036e+02
3.510000e-06	5.126976e-06	3.707046e-09	3.799058e+01	2.485105e+02
3.520000e-06	5.133565e-06	3.708197e-09	3.803940e+01	2.485996e+02
3.530000e-06	5.139789e-06	3.709112e-09	3.808552e+01	2.486709e+02
3.540000e-06	5.145591e-06	3.710422e-09	3.812852e+01	2.487247e+02
3.550000e-06	5.151021e-06	3.712806e-09	3.816875e+01	2.487614e+02
3.560000e-06	5.156105e-06	3.715389e-09	3.820642e+01	2.487814e+02
3.570000e-06	5.160845e-06	3.716240e-09	3.824155e+01	2.487855e+02
3.580000e-06	5.165209e-06	3.717995e-09	3.827388e+01	2.487745e+02
3.590000e-06	5.169271e-06	3.721729e-09	3.830399e+01	2.487494e+02
3.600000e-06	5.173157e-06	3.724941e-09	3.833278e+01	2.487113e+02
3.610000e-06	5.176796e-06	3.725784e-09	3.835974e+01	2.486615e+02
3.620000e-06	5.180066e-06	3.727331e-09	3.838397e+01	2.486013e+02
3.630000e-06	5.183066e-06	3.729349e-09	3.840621e+01	2.485324e+02
3.640000e-06	5.185750e-06	3.729720e-09	3.842610e+01	2.484563e+02
3.650000e-06	5.187778e-06	3.729584e-09	3.844112e+01	2.483749e+02
3.660000e-06	5.189101e-06	3.730152e-09	3.845092e+01	2.482899e+02
3.670000e-06	5.189905e-06	3.732220e-09	3.845688e+01	2.482035e+02
3.680000e-06	5.190276e-06	3.735681e-09	3.845963e+01	2.481175e+02
3.690000e-06	5.190326e-06	3.738176e-09	3.846000e+01	2.480341e+02
3.700000e-06	5.190161e-06	3.737478e-09	3.845878e+01	2.479554e+02
3.710000e-06	5.189759e-06	3.736320e-09	3.845580e+01	2.478836e+02
3.720000e-06	5.188999e-06	3.734591e-09	3.845017e+01	2.478209e+02
3.730000e-06	5.187884e-06	3.731756e-09	3.844190e+01	2.477694e+02
3.740000e-06	5.186437e-06	3.730342e-09	3.843119e+01	2.477312e+02
3.750000e-06	5.184612e-06	3.729118e-09	3.841766e+01	2.477086e+02
3.760000e-06	5.182480e-06	3.718495e-09	3.840186e+01	2.477034e+02
3.770000e-06	5.180089e-06	3.717974e-09	3.838415e+01	2.477177e+02
3.780000e-06	5.177391e-06	3.766776e-09	3.836416e+01	2.477534e+02
3.790000e-06	5.174310e-06	3.772769e-09	3.834132e+01	2.478121e+02
3.800000e-06	5.170697e-06	3.680561e-09	3.831455e+01	2.478954e+02
3.810000e-06	5.166629e-06	3.686590e-09	3.828441e+01	2.480048e+02
3.820000e-06	5.162388e-06	3.799501e-09	3.825298e+01	2.481415e+02
3.830000e-06	5.157962e-06	3.908685e-09	3.822019e+01	2.483067e+02
3.840000e-06	5.153305e-06	3.825384e-09	3.818568e+01	2.485011e+02
3.850000e-06	5.148235e-06	3.676398e-09	3.814811e+01	2.487255e+02
3.860000e-06	5.142723e-06	3.698705e-09	3.810726e+01	2.489803e+02
3.870000e-06	5.137017e-06	3.835936e-09	3.806498e+01	2.492657e+02
3.880000e-06	5.130823e-06	3.871590e-09	3.801908e+01	2.495817e+02
3.890000e-06	5.123847e-06	3.702286e-09	3.796740e+01	2.499280e+02
3.900000e-06	5.116345e-06	3.617231e-09	3.791181e+01	2.503040e+02
3.910000e-06	5.108571e-06	3.724119e-09	3.785420e+01	2.507089e+02
3.920000e-06	5.100457e-06	3.887072e-09	3.779407e+01	2.511418e+02
3.930000e-06	5.091950e-06	3.800057e-09	3.773104e+01	2.516012e+02
3.940000e-06	5.083207e-06	3.618183e-09	3.766626e+01	2.520857e+02
3.950000e-06	5.074296e-06	3.638809e-09	3.760022e+01	2.525935e+02
3.960000e-06	5.065068e-06	3.855295e-09	3.753185e+01	2.531226e+02
3.970000e-06	5.055377e-06	3.920322e-09	3.746004e+01	2.536706e+02
3.980000e-06	5.045325e-06	3.790265e-09	3.738555e+01	2.542353e+02
3.990000e-06	5.034930e-06	3.753632e-09	3.730853e+01	2.548139e+02
4.000000e-06	5.024090e-06	3.946283e-09	3.722820e+01	2.554037e+02
4.010000e-06	5.012836e-06	4.090046e-09	3.714481e+01	2.560016e+02
4.020000e-06	5.001282e-06	4.022264e-09	3.705920e+01	2.566046e+02
4.030000e-06	4.989365e-06	4.015000e-09	3.697089e+01	2.572095e+02
4.040000e-06	4.976973e-06	4.180925e-09	3.687907e+01	2.578130e+02
4.050000e-06	4.964284e-06	4.247245e-09	3.678505e+01	2.584116e+02
4.060000e-06	4.951275e-06	4.156886e-09	3.668865e+01	2.590020e+02
4.070000e-06	4.937645e-06	4.203953e-09	3.658765e+01	2.595807e+02
4.080000e-06	4.923297e-06	4.258530e-09	3.648133e+01	2.601443e+02
4.090000e-06	4.908391e-06	4.222032e-09	3.637088e+01	2.606894e+02
4.100000e-06	4.893018e-06	4.257968e-09	3.625696e+01	2.612127e+02
4.110000e-06	4.877232e-06	4.311310e-09	3.613999e+01	2.617109e+02
4.120000e-06	4.861201e-06	4.152127e-09	3.602121e+01	2.621809e+02
4.130000e-06	4.844980e-06	4.082855e-09	3.590101e+01	2.626197e+02
4.140000e-06	4.828506e-06	4.251626e-09	3.577894e+01	2.630244e+02
4.150000e-06	4.811701e-06	4.242258e-09	3.565441e+01	2.633923e+02
4.160000e-06	4.794617e-06	4.009694e-09	3.552783e+01	2.637211e+02
4.170000e-06	4.777226e-06	4.059022e-09	3.539896e+01	2.640084e+02
4.180000e-06	4.759518e-06	4.263294e-09	3.526774e+01	2.642523e+02
4.190000e-06	4.741524e-06	4.178171e-09	3.513441e+01	2.644510e+02
4.200000e-06	4.723188e-06	4.004363e-09	3.499854e+01	2.646030e+02
4.210000e-06	4.704477e-06	4.089750e-09	3.485989e+01	2.647071e+02
4.220000e-06	4.685374e-06	4.181319e-09	3.471833e+01	2.647624e+02
4.230000e-06	4.665884e-06	4.094300e-09	3.457392e+01	2.647682e+02
4.240000e-06	4.646139e-06	4.041065e-09	3.442761e+01	2.647243e+02
4.250000e-06	4.626176e-06	4.089808e-09	3.427968e+01	2.646306e+02
4.260000e-06	4.605997e-06	4.098652e-09	3.413016e+01	2.644873e+02
4.270000e-06	4.585735e-06	4.066501e-09	3.398002e+01	2.642950e+02
4.280000e-06	4.565343e-06	4.079928e-09	3.382892e+01	2.640545e+02
4.290000e-06	4.544624e-06	4.081686e-09	3.367539e+01	2.637671e+02
4.300000e-06	4.523378e-06	4.043688e-09	3.351796e+01	2.634339e+02
4.310000e-06	4.501542e-06	4.044560e-09	3.335615e+01	2.630567e+02
4.320000e-06	4.479210e-06	4.094978e-09	3.319068e+01	2.626373e+02
4.330000e-06	4.456328e-06	4.063899e-09	3.302112e+01	2.621778e+02
4.340000e-06	4.432921e-06	3.994472e-09	3.284768e+01	2.616804e+02
4.350000e-06	4.409208e-06	4.028500e-09	3.267197e+01	2.611476e+02
4.360000e-06	4.385268e-06	4.089275e-09	3.249457e+01	2.605820e+02
4.370000e-06	4.361141e-06	4.026302e-09	3.231579e+01	2.599864e+02
4.380000e-06	4.336827e-06	3.971138e-09	3.213562e+01	2.593634e+02
4.390000e-06	4.312222e-06	4.017172e-09	3.195330e+01	2.587160e+02
4.400000e-06	4.287267e-06	4.034323e-09	3.176839e+01	2.580472e+02
4.410000e-06	4.262009e-06	3.975780e-09	3.158123e+01	2.573598e+02
4.420000e-06	4.236424e-06	3.962100e-09	3.139165e+01	2.566569e+02
4.430000e-06	4.210506e-06	3.983890e-09	3.119960e+01	2.559413e+02
4.440000e-06	4.184394e-06	3.970992e-09	3.100611e+01	2.552158e+02
4.450000e-06	4.158144e-06	3.950976e-09	3.081159e+01	2.544832e+02
4.460000e-06	4.131599e-06	3.953199e-09	3.061490e+01	2.537461e+02
4.470000e-06	4.104649e-06	3.942274e-09	3.041520e+01	2.530071e+02
4.480000e-06	4.077359e-06	3.923585e-09	3.021298e+01	2.522684e+02
4.490000e-06	4.049779e-06	3.929740e-09	3.000862e+01	2.515321e+02
4.500000e-06	4.021947e-06	3.931301e-09	2.980238e+01	2.508003e+02
4.510000e-06	3.993941e-06	3.897009e-09	2.959486e+01	2.500747e+02
4.520000e-06	3.965802e-06	3.876160e-09	2.938636e+01	2.493567e+02
4.530000e-06	3.937512e-06	3.897720e-09	2.917673e+01	2.486476e+02
4.540000e-06	3.909004e-06	3.894698e-09	2.896548e+01	2.479484e+02
4.550000e-06	3.880160e-06	3.854097e-09	2.875175e+01	2.472598e+02
4.560000e-06	3.850903e-06	3.846071e-09	2.853496e+01	2.465823e+02
4.570000e-06	3.821342e-06	3.869460e-09	2.831592e+01	2.459162e+02
4.580000e-06	3.791460e-06	3.856359e-09	2.809449e+01	2.452612e+02
4.590000e-06	3.761083e-06	3.822856e-09	2.786939e+01	2.446172e+02
4.600000e-06	3.730166e-06	3.816887e-09	2.764030e+01	2.439835e+02
4.610000e-06	3.698902e-06	3.824289e-09	2.740864e+01	2.433594e+02
4.620000e-06	3.667364e-06	3.810005e-09	2.717495e+01	2.427437e+02
4.630000e-06	3.635536e-06	3.791527e-09	2.693910e+01	2.421352e+02
4.640000e-06	3.603545e-06	3.782432e-09	2.670205e+01	2.415323e+02
4.650000e-06	3.571418e-06	3.775710e-09	2.646399e+01	2.409334e+02
4.660000e-06	3.539207e-06	3.765855e-09	2.622531e+01	2.403367e+02
4.670000e-06	3.506807e-06	3.758343e-09	2.598523e+01	2.397402e+02
4.680000e-06	3.474077e-06	3.743882e-09	2.574270e+01	2.391417e+02
4.690000e-06	3.441152e-06	3.721514e-09	2.549873e+01	2.385390e+02
4.700000e-06	3.407967e-06	3.710194e-09	2.525283e+01	2.379298e+02
4.710000e-06	3.374467e-06	3.709994e-09	2.500460e+01	2.373118e+02
4.720000e-06	3.340786e-06	3.694669e-09	2.475502e+01	2.366826e+02
4.730000e-06	3.306922e-06	3.670220e-09	2.450409e+01	2.360398e+02
4.740000e-06	3.272880e-06	3.661875e-09	2.425184e+01	2.353811e+02
4.750000e-06	3.238588e-06	3.661447e-09	2.399774e+01	2.347041e+02
4.760000e-06	3.203966e-06	3.645834e-09	2.374119e+01	2.340066e+02
4.770000e-06	3.169118e-06	3.622062e-09	2.348297e+01	2.332864e+02
4.780000e-06	3.134088e-06	3.607886e-09	2.322341e+01	2.325416e+02
4.790000e-06	3.098886e-06	3.596467e-09	2.296256e+01	2.317703e+02
4.800000e-06	3.063464e-06	3.580663e-09	2.270008e+01	2.309707e+02
4.810000e-06	3.027757e-06	3.566067e-09	2.243550e+01	2.301413e+02
4.820000e-06	2.991909e-06	3.554299e-09	2.216986e+01	2.292806e+02
4.830000e-06	2.956019e-06	3.541254e-09	2.190392e+01	2.283876e+02
4.840000e-06	2.920050e-06	3.530231e-09	2.163740e+01	2.274612e+02
4.850000e-06	2.883978e-06	3.519927e-09	2.137011e+01	2.265006e+02
4.860000e-06	2.847781e-06	3.503087e-09	2.110188e+01	2.255055e+02
4.870000e-06	2.811419e-06	3.482973e-09	2.083245e+01	2.244753e+02
4.880000e-06	2.774925e-06	3.468747e-09	2.056203e+01	2.234100e+02
4.890000e-06	2.738224e-06	3.455235e-09	2.029007e+01	2.223098e+02
4.900000e-06	2.701233e-06	3.436149e-09	2.001597e+01	2.211749e+02
4.910000e-06	2.663890e-06	3.414085e-09	1.973927e+01	2.200059e+02
4.920000e-06	2.626204e-06	3.395928e-09	1.946001e+01	2.188035e+02
4.930000e-06	2.588179e-06	3.380230e-09	1.917825e+01	2.175685e+02
4.940000e-06	2.549794e-06	3.364154e-09	1.889382e+01	2.163020e+02
4.950000e-06	2.511153e-06	3.346914e-09	1.860749e+01	2.150052e+02
4.960000e-06	2.472176e-06	3.332932e-09	1.831867e+01	2.136794e+02
4.970000e-06	2.432853e-06	3.318904e-09	1.802730e+01	2.123259e+02
4.980000e-06	2.393336e-06	3.301731e-09	1.773448e+01	2.109462e+02
4.990000e-06	2.353688e-06	3.281746e-09	1.744069e+01	2.095419e+02
5.000000e-06	2.313936e-06	3.259307e-09	1.714613e+01	2.081144e+02
5.010000e-06	2.274054e-06	3.235165e-09	1.685060e+01	2.066653e+02
5.020000e-06	2.234083e-06	3.212884e-09	1.655442e+01	2.051961e+02
5.030000e-06	2.194086e-06	3.195954e-09	1.625805e+01	2.037082e+02
5.040000e-06	2.154008e-06	3.176369e-09	1.596107e+01	2.022030e+02
5.050000e-06	2.113788e-06	3.153865e-09	1.566304e+01	2.006817e+02
5.060000e-06	2.073462e-06	3.133424e-09	1.536423e+01	1.991455e+02
5.070000e-06	2.033109e-06	3.116079e-09	1.506521e+01	1.975952e+02
5.080000e-06	1.992721e-06	3.094654e-09	1.476594e+01	1.960316e+02
5.090000e-06	1.952206e-06	3.070343e-09	1.446573e+01	1.944552e+02
5.100000e-06	1.911484e-06	3.047392e-09	1.416398e+01	1.928664e+02
5.110000e-06	1.870644e-06	3.022714e-09	1.386136e+01	1.912653e+02
5.120000e-06	1.829690e-06	2.995077e-09	1.355789e+01	1.896517e+02
5.130000e-06	1.788510e-06	2.967887e-09	1.325275e+01	1.880251e+02
5.140000e-06	1.747143e-06	2.942242e-09	1.294622e+01	1.863847e+02
5.150000e-06	1.705646e-06	2.913880e-09	1.263873e+01	1.847296e+02
5.160000e-06	1.663994e-06	2.884326e-09	1.233009e+01	1.830584e+02
5.170000e-06	1.622225e-06	2.856122e-09	1.202059e+01	1.813694e+02
5.180000e-06	1.580444e-06	2.826158e-09	1.171100e+01	1.796608e+02
5.190000e-06	1.538551e-06	2.793851e-09	1.140057e+01	1.779304e+02
5.200000e-06	1.496484e-06	2.764595e-09	1.108885e+01	1.761755e+02
5.210000e-06	1.454321e-06	2.732806e-09	1.077643e+01	1.743935e+02
5.220000e-06	1.412111e-06	2.699050e-09	1.046366e+01	1.725814e+02
5.230000e-06	1.369860e-06	2.667239e-09	1.015058e+01	1.707358e+02
5.240000e-06	1.327542e-06	2.635187e-09	9.837008e+00	1.688532e+02
5.250000e-06	1.285145e-06	2.603337e-09	9.522850e+00	1.669299e+02
5.260000e-06	1.242676e-06	2.571094e-09	9.208157e+00	1.649621e+02
5.270000e-06	1.200061e-06	2.538080e-09	8.892379e+00	1.629458e+02
5.280000e-06	1.157327e-06	2.504173e-09	8.575721e+00	1.608767e+02
5.290000e-06	1.114513e-06	2.470523e-09	8.258473e+00	1.587506e+02
5.300000e-06	1.071629e-06	2.434788e-09	7.940704e+00	1.565633e+02
5.310000e-06	1.028660e-06	2.397856e-09	7.622305e+00	1.543104e+02
5.320000e-06	9.856059e-07	2.361320e-09	7.303280e+00	1.519876e+02
5.330000e-06	9.425029e-07	2.323860e-09	6.983890e+00	1.495907e+02
5.340000e-06	8.993513e-07	2.286300e-09	6.664139e+00	1.471154e+02
5.350000e-06	8.561080e-07	2.248034e-09	6.343709e+00	1.445577e+02
5.360000e-06	8.127257e-07	2.207992e-09	6.022248e+00	1.419138e+02
5.370000e-06	7.692563e-07	2.165403e-09	5.700143e+00	1.391798e+02
5.380000e-06	7.257219e-07	2.118938e-09	5.377556e+00	1.363523e+02
5.390000e-06	6.821506e-07	2.073200e-09	5.054695e+00	1.334282e+02
5.400000e-06	6.385625e-07	2.027102e-09	4.731709e+00	1.304044e+02
5.410000e-06	5.950040e-07	1.977366e-09	4.408944e+00	1.272783e+02
5.420000e-06	5.514275e-07	1.925088e-09	4.086045e+00	1.240477e+02
5.430000e-06	5.077912e-07	1.870475e-09	3.762702e+00	1.207107e+02
5.440000e-06	4.640944e-07	1.815496e-09	3.438912e+00	1.172659e+02
5.450000e-06	4.203785e-07	1.761264e-09	3.114979e+00	1.137121e+02
5.460000e-06	3.765628e-07	1.704303e-09	2.790307e+00	1.100487e+02
5.470000e-06	3.326557e-07	1.645227e-09	2.464959e+00	1.062757e+02
5.480000e-06	2.887850e-07	1.587348e-09	2.139879e+00	1.023932e+02
5.490000e-06	2.448894e-07	1.529003e-09	1.814615e+00	9.840211e+01
5.500000e-06	2.009981e-07	1.467769e-09	1.489384e+00	9.430367e+01
5.510000e-06	1.571265e-07	1.403481e-09	1.164298e+00	9.009964e+01
5.520000e-06	1.132146e-07	1.337305e-09	8.389133e-01	8.579224e+01
5.530000e-06	6.930483e-08	1.268980e-09	5.135446e-01	8.138421e+01
5.540000e-06	2.540230e-08	1.199330e-09	1.882295e-01	7.687872e+01
5.550000e-06	-1.851062e-08	1.129048e-09	-1.371626e-01	7.227943e+01
5.560000e-06	-6.240949e-08	1.057869e-09	-4.624505e-01	6.759043e+01
5.570000e-06	-1.063182e-07	9.873613e-10	-7.878116e-01	6.281625e+01
5.580000e-06	-1.502414e-07	9.187634e-10	-1.113279e+00	5.796182e+01
5.590000e-06	-1.941083e-07	8.473688e-10	-1.438331e+00	5.303245e+01
5.600000e-06	-2.379401e-07	7.699605e-10	-1.763122e+00	4.803382e+01
5.610000e-06	-2.818200e-07	6.908284e-10	-2.088269e+00	4.297194e+01
5.620000e-06	-3.257237e-07	6.135294e-10	-2.413593e+00	3.785311e+01
5.630000e-06	-3.696019e-07	5.345846e-10	-2.738728e+00	3.268390e+01
5.640000e-06	-4.134508e-07	4.507566e-10	-3.063646e+00	2.747112e+01
5.650000e-06	-4.572710e-07	3.651883e-10	-3.388351e+00	2.222177e+01
5.660000e-06	-5.010558e-07	2.845292e-10	-3.712793e+00	1.694303e+01
5.670000e-06	-5.448073e-07	2.054423e-10	-4.036989e+00	1.164216e+01
5.680000e-06	-5.884912e-07	1.232596e-10	-4.360684e+00	6.326564e+00
5.690000e-06	-6.321223e-07	3.959874e-11	-4.683988e+00	1.003646e+00
5.700000e-06	-6.757392e-07	-4.318247e-11	-5.007186e+00	-4.319159e+00
5.710000e-06	-7.192326e-07	-1.265808e-10	-5.329470e+00	-9.634448e+00
5.720000e-06	-7.625725e-07	-2.108973e-10	-5.650616e+00	-1.493489e+01
5.730000e-06	-8.058703e-07	-2.956483e-10	-5.971451e+00	-2.021324e+01
5.740000e-06	-8.492326e-07	-3.812038e-10	-6.292762e+00	-2.546242e+01
5.750000e-06	-8.926065e-07	-4.649271e-10	-6.614160e+00	-3.067549e+01
5.760000e-06	-9.358408e-07	-5.446477e-10	-6.934523e+00	-3.584575e+01
5.770000e-06	-9.789645e-07	-6.231467e-10	-7.254068e+00	-4.096672e+01
5.780000e-06	-1.022033e-06	-7.026985e-10	-7.573201e+00	-4.603216e+01
5.790000e-06	-1.065003e-06	-7.808250e-10	-7.891604e+00	-5.103617e+01
5.800000e-06	-1.107908e-06	-8.585777e-10	-8.209532e+00	-5.597313e+01
5.810000e-06	-1.150799e-06	-9.351112e-10	-8.527349e+00	-6.083777e+01
5.820000e-06	-1.193493e-06	-1.008907e-09	-8.843713e+00	-6.562518e+01
5.830000e-06	-1.235974e-06	-1.083706e-09	-9.158491e+00	-7.033081e+01
5.840000e-06	-1.278374e-06	-1.159970e-09	-9.472676e+00	-7.495051e+01
5.850000e-06	-1.320691e-06	-1.232971e-09	-9.786242e+00	-7.948053e+01
5.860000e-06	-1.362950e-06	-1.301382e-09	-1.009937e+01	-8.391752e+01
5.870000e-06	-1.405187e-06	-1.368507e-09	-1.041235e+01	-8.825854e+01
5.880000e-06	-1.447337e-06	-1.433778e-09	-1.072468e+01	-9.250108e+01
5.890000e-06	-1.489353e-06	-1.496960e-09	-1.103602e+01	-9.664304e+01
5.900000e-06	-1.531324e-06	-1.559094e-09	-1.134702e+01	-1.006827e+02
5.910000e-06	-1.573297e-06	-1.620410e-09	-1.165804e+01	-1.046189e+02
5.920000e-06	-1.615143e-06	-1.680764e-09	-1.196811e+01	-1.084506e+02
5.930000e-06	-1.656825e-06	-1.738191e-09	-1.227697e+01	-1.121774e+02
5.940000e-06	-1.698400e-06	-1.794502e-09	-1.258504e+01	-1.157992e+02
5.950000e-06	-1.739831e-06	-1.850361e-09	-1.289205e+01	-1.193162e+02
5.960000e-06	-1.781130e-06	-1.903663e-09	-1.319807e+01	-1.227291e+02
5.970000e-06	-1.822251e-06	-1.953274e-09	-1.350277e+01	-1.260389e+02
5.980000e-06	-1.863241e-06	-2.000374e-09	-1.380650e+01	-1.292467e+02
5.990000e-06	-1.904117e-06	-2.048983e-09	-1.410939e+01	-1.323541e+02
6.000000e-06	-1.944806e-06	-2.097473e-09	-1.441090e+01	-1.353629e+02
6.010000e-06	-1.985361e-06	-2.143907e-09	-1.471141e+01	-1.382753e+02
6.020000e-06	-2.025828e-06	-2.191273e-09	-1.501126e+01	-1.410936e+02
6.030000e-06	-2.066159e-06	-2.237442e-09	-1.531011e+01	-1.438201e+02
6.040000e-06	-2.106363e-06	-2.279775e-09	-1.560802e+01	-1.464577e+02
6.050000e-06	-2.146521e-06	-2.320565e-09	-1.590559e+01	-1.490092e+02
6.060000e-06	-2.186602e-06	-2.362223e-09	-1.620259e+01	-1.514774e+02
6.070000e-06	-2.226610e-06	-2.402760e-09	-1.649905e+01	-1.538656e+02
6.080000e-06	-2.266560e-06	-2.440417e-09	-1.679508e+01	-1.561768e+02
6.090000e-06	-2.306370e-06	-2.475636e-09	-1.709006e+01	-1.584143e+02
6.100000e-06	-2.346028e-06	-2.511546e-09	-1.738393e+01	-1.605814e+02
6.110000e-06	-2.385547e-06	-2.547465e-09	-1.767676e+01	-1.626812e+02
6.120000e-06	-2.424856e-06	-2.580743e-09	-1.796804e+01	-1.647171e+02
6.130000e-06	-2.463896e-06	-2.613118e-09	-1.825732e+01	-1.666923e+02
6.140000e-06	-2.502734e-06	-2.647208e-09	-1.854511e+01	-1.686099e+02
6.150000e-06	-2.541329e-06	-2.681438e-09	-1.883110e+01	-1.704732e+02
6.160000e-06	-2.579549e-06	-2.712611e-09	-1.911430e+01	-1.722851e+02
6.170000e-06	-2.617376e-06	-2.742504e-09	-1.939460e+01	-1.740486e+02
6.180000e-06	-2.654918e-06	-2.772043e-09	-1.967278e+01	-1.757665e+02
6.190000e-06	-2.692160e-06	-2.800882e-09	-1.994874e+01	-1.774416e+02
6.200000e-06	-2.728949e-06	-2.830190e-09	-2.022135e+01	-1.790765e+02
6.210000e-06	-2.765466e-06	-2.856633e-09	-2.049193e+01	-1.806737e+02
6.220000e-06	-2.801894e-06	-2.881964e-09	-2.076187e+01	-1.822354e+02
6.230000e-06	-2.838172e-06	-2.908480e-09	-2.103068e+01	-1.837638e+02
6.240000e-06	-2.874301e-06	-2.936881e-09	-2.129839e+01	-1.852610e+02
6.250000e-06	-2.910357e-06	-2.963145e-09	-2.156557e+01	-1.867287e+02
6.260000e-06	-2.946330e-06	-2.988057e-09	-2.183212e+01	-1.881688e+02
6.270000e-06	-2.982204e-06	-3.013184e-09	-2.209795e+01	-1.895827e+02
6.280000e-06	-3.017977e-06	-3.034721e-09	-2.236302e+01	-1.909717e+02
6.290000e-06	-3.053596e-06	-3.056939e-09	-2.262696e+01	-1.923373e+02
6.300000e-06	-3.088978e-06	-3.078311e-09	-2.288914e+01	-1.936803e+02
6.310000e-06	-3.124052e-06	-3.097435e-09	-2.314904e+01	-1.950017e+02
6.320000e-06	-3.158889e-06	-3.116048e-09	-2.340717e+01	-1.963024e+02
6.330000e-06	-3.193488e-06	-3.135249e-09	-2.366356e+01	-1.975829e+02
6.340000e-06	-3.227773e-06	-3.154187e-09	-2.391760e+01	-1.988437e+02
6.350000e-06	-3.261846e-06	-3.171676e-09	-2.417008e+01	-2.000853e+02
6.360000e-06	-3.295733e-06	-3.187729e-09	-2.442118e+01	-2.013079e+02
6.370000e-06	-3.329401e-06	-3.205537e-09	-2.467066e+01	-2.025117e+02
6.380000e-06	-3.362775e-06	-3.225335e-09	-2.491796e+01	-2.036968e+02
6.390000e-06	-3.395884e-06	-3.243445e-09	-2.516329e+01	-2.048632e+02
6.400000e-06	-3.428822e-06	-3.258217e-09	-2.540736e+01	-2.060107e+02
6.410000e-06	-3.461458e-06	-3.272954e-09	-2.564919e+01	-2.071394e+02
6.420000e-06	-3.493825e-06	-3.288429e-09	-2.588903e+01	-2.082488e+02
6.430000e-06	-3.526056e-06	-3.302493e-09	-2.612786e+01	-2.093389e+02
6.440000e-06	-3.558140e-06	-3.315585e-09	-2.636560e+01	-2.104092e+02
6.450000e-06	-3.590103e-06	-3.329352e-09	-2.660245e+01	-2.114596e+02
6.460000e-06	-3.621970e-06	-3.345318e-09	-2.683858e+01	-2.124897e+02
6.470000e-06	-3.653629e-06	-3.360925e-09	-2.707317e+01	-2.134991e+02
6.480000e-06	-3.685006e-06	-3.374478e-09	-2.730567e+01	-2.144876e+02
6.490000e-06	-3.715987e-06	-3.388327e-09	-2.753524e+01	-2.154547e+02
6.500000e-06	-3.746541e-06	-3.402087e-09	-2.776164e+01	-2.164003e+02
6.510000e-06	-3.776649e-06	-3.415575e-09	-2.798474e+01	-2.173240e+02
6.520000e-06	-3.806259e-06	-3.430173e-09	-2.820415e+01	-2.182256e+02
6.530000e-06	-3.835414e-06	-3.443880e-09	-2.842019e+01	-2.191048e+02
6.540000e-06	-3.864202e-06	-3.456395e-09	-2.863351e+01	-2.199617e+02
6.550000e-06	-3.892763e-06	-3.467863e-09	-2.884514e+01	-2.207959e+02
6.560000e-06	-3.921119e-06	-3.481197e-09	-2.905526e+01	-2.216076e+02
6.570000e-06	-3.949265e-06	-3.495757e-09	-2.926382e+01	-2.223966e+02
6.580000e-06	-3.977307e-06	-3.508424e-09	-2.947161e+01	-2.231631e+02
6.590000e-06	-4.005219e-06	-3.517093e-09	-2.967843e+01	-2.239071e+02
6.600000e-06	-4.032842e-06	-3.524908e-09	-2.988312e+01	-2.246290e+02
6.610000e-06	-4.060203e-06	-3.535307e-09	-3.008586e+01	-2.253288e+02
6.620000e-06	-4.087389e-06	-3.546906e-09	-3.028730e+01	-2.260071e+02
6.630000e-06	-4.114227e-06	-3.557418e-09	-3.048617e+01	-2.266641e+02
6.640000e-06	-4.140736e-06	-3.566425e-09	-3.068260e+01	-2.273003e+02
6.650000e-06	-4.167023e-06	-3.577085e-09	-3.087739e+01	-2.279163e+02
6.660000e-06	-4.192934e-06	-3.587629e-09	-3.106939e+01	-2.285126e+02
6.670000e-06	-4.218418e-06	-3.598013e-09	-3.125822e+01	-2.290899e+02
6.680000e-06	-4.243650e-06	-3.609208e-09	-3.144519e+01	-2.296488e+02
6.690000e-06	-4.268683e-06	-3.617779e-09	-3.163068e+01	-2.301901e+02
6.700000e-06	-4.293346e-06	-3.624302e-09	-3.181343e+01	-2.307145e+02
6.710000e-06	-4.317738e-06	-3.632440e-09	-3.199418e+01	-2.312230e+02
6.720000e-06	-4.341935e-06	-3.642384e-09	-3.217347e+01	-2.317163e+02
6.730000e-06	-4.365929e-06	-3.650944e-09	-3.235127e+01	-2.321954e+02
6.740000e-06	-4.389725e-06	-3.658680e-09	-3.252760e+01	-2.326611e+02
6.750000e-06	-4.413207e-06	-3.666804e-09	-3.270159e+01	-2.331144e+02
6.760000e-06	-4.436329e-06	-3.673934e-09	-3.287293e+01	-2.335562e+02
6.770000e-06	-4.459033e-06	-3.681079e-09	-3.304117e+01	-2.339874e+02
6.780000e-06	-4.481258e-06	-3.688213e-09	-3.320585e+01	-2.344090e+02
6.790000e-06	-4.502992e-06	-3.695302e-09	-3.336690e+01	-2.348219e+02
6.800000e-06	-4.524283e-06	-3.704167e-09	-3.352466e+01	-2.352269e+02
6.810000e-06	-4.545240e-06	-3.712385e-09	-3.367996e+01	-2.356249e+02
6.820000e-06	-4.565835e-06	-3.718871e-09	-3.383256e+01	-2.360169e+02
6.830000e-06	-4.586091e-06	-3.724836e-09	-3.398266e+01	-2.364034e+02
6.840000e-06	-4.606156e-06	-3.730973e-09	-3.413133e+01	-2.367853e+02
6.850000e-06	-4.626015e-06	-3.737819e-09	-3.427849e+01	-2.371633e+02
6.860000e-06	-4.645622e-06	-3.744231e-09	-3.442378e+01	-2.375380e+02
6.870000e-06	-4.665054e-06	-3.749019e-09	-3.456777e+01	-2.379099e+02
6.880000e-06	-4.684152e-06	-3.753014e-09	-3.470928e+01	-2.382796e+02
6.890000e-06	-4.702791e-06	-3.757303e-09	-3.484740e+01	-2.386474e+02
6.900000e-06	-4.721118e-06	-3.762202e-09	-3.498320e+01	-2.390136e+02
6.910000e-06	-4.739169e-06	-3.767831e-09	-3.511696e+01	-2.393786e+02
6.920000e-06	-4.756912e-06	-3.773100e-09	-3.524843e+01	-2.397424e+02
6.930000e-06	-4.774346e-06	-3.778024e-09	-3.537762e+01	-2.401052e+02
6.940000e-06	-4.791434e-06	-3.783360e-09	-3.550424e+01	-2.404669e+02
6.950000e-06	-4.808115e-06	-3.789641e-09	-3.562784e+01	-2.408274e+02
6.960000e-06	-4.824491e-06	-3.797527e-09	-3.574919e+01	-2.411866e+02
6.970000e-06	-4.840689e-06	-3.803210e-09	-3.586922e+01	-2.415441e+02
6.980000e-06	-4.856704e-06	-3.804979e-09	-3.598788e+01	-2.418995e+02
6.990000e-06	-4.872485e-06	-3.807883e-09	-3.610482e+01	-2.422525e+02
7.000000e-06	-4.887889e-06	-3.814236e-09	-3.621896e+01	-2.426025e+02
7.010000e-06	-4.902655e-06	-3.821878e-09	-3.632838e+01	-2.429489e+02
7.020000e-06	-4.916741e-06	-3.825523e-09	-3.643275e+01	-2.432910e+02
7.030000e-06	-4.930247e-06	-3.826999e-09	-3.653283e+01	-2.436281e+02
7.040000e-06	-4.943202e-06	-3.829414e-09	-3.662883e+01	-2.439594e+02
7.050000e-06	-4.955765e-06	-3.831791e-09	-3.672192e+01	-2.442841e+02
7.060000e-06	-4.968034e-06	-3.833938e-09	-3.681283e+01	-2.446013e+02
7.070000e-06	-4.980004e-06	-3.835972e-09	-3.690153e+01	-2.449101e+02
7.080000e-06	-4.991667e-06	-3.836839e-09	-3.698795e+01	-2.452096e+02
7.090000e-06	-5.002910e-06	-3.838521e-09	-3.707126e+01	-2.454989e+02
7.100000e-06	-5.013720e-06	-3.840780e-09	-3.715136e+01	-2.457771e+02
7.110000e-06	-5.024220e-06	-3.843945e-09	-3.722917e+01	-2.460432e+02
7.120000e-06	-5.034433e-06	-3.848755e-09	-3.730484e+01	-2.462964e+02
7.130000e-06	-5.044326e-06	-3.851997e-09	-3.737815e+01	-2.465359e+02
7.140000e-06	-5.053882e-06	-3.852502e-09	-3.744896e+01	-2.467608e+02
7.150000e-06	-5.062988e-06	-3.853128e-09	-3.751643e+01	-2.469704e+02
7.160000e-06	-5.071740e-06	-3.854964e-09	-3.758129e+01	-2.471640e+02
7.170000e-06	-5.080285e-06	-3.856187e-09	-3.764460e+01	-2.473412e+02
7.180000e-06	-5.088606e-06	-3.857491e-09	-3.770627e+01	-2.475013e+02
7.190000e-06	-5.096696e-06	-3.859634e-09	-3.776621e+01	-2.476439e+02
7.200000e-06	-5.104468e-06	-3.861013e-09	-3.782380e+01	-2.477689e+02
7.210000e-06	-5.111942e-06	-3.861937e-09	-3.787918e+01	-2.478761e+02
7.220000e-06	-5.119154e-06	-3.864631e-09	-3.793262e+01	-2.479654e+02
7.230000e-06	-5.125838e-06	-3.867411e-09	-3.798215e+01	-2.480369e+02
7.240000e-06	-5.131809e-06	-3.868904e-09	-3.802639e+01	-2.480909e+02
7.250000e-06	-5.137163e-06	-3.867636e-09	-3.806607e+01	-2.481277e+02
7.260000e-06	-5.141999e-06	-3.866488e-09	-3.810190e+01	-2.481480e+02
7.270000e-06	-5.146443e-06	-3.868312e-09	-3.813483e+01	-2.481523e+02
7.280000e-06	-5.150660e-06	-3.870786e-09	-3.816608e+01	-2.481415e+02
7.290000e-06	-5.154689e-06	-3.871869e-09	-3.819593e+01	-2.481166e+02
7.300000e-06	-5.158438e-06	-3.874261e-09	-3.822371e+01	-2.480787e+02
7.310000e-06	-5.161825e-06	-3.877228e-09	-3.824881e+01	-2.480291e+02
7.320000e-06	-5.164870e-06	-3.878564e-09	-3.827138e+01	-2.479691e+02
7.330000e-06	-5.167627e-06	-3.879262e-09	-3.829181e+01	-2.479004e+02
7.340000e-06	-5.170064e-06	-3.879549e-09	-3.830986e+01	-2.478245e+02
7.350000e-06	-5.172182e-06	-3.879839e-09	-3.832556e+01	-2.477433e+02
7.360000e-06	-5.173924e-06	-3.881050e-09	-3.833846e+01	-2.476586e+02
7.370000e-06	-5.175121e-06	-3.883901e-09	-3.834734e+01	-2.475723e+02
7.380000e-06	-5.175956e-06	-3.887458e-09	-3.835352e+01	-2.474865e+02
7.390000e-06	-5.176627e-06	-3.889673e-09	-3.835849e+01	-2.474033e+02
7.400000e-06	-5.176994e-06	-3.890319e-09	-3.836121e+01	-2.473248e+02
