# Temperatura_=_20.0
# Concentracion g/m^3_=_9000.0
# C_Vs_to_Am_M_A/Vsm_=_65563218390.804596
# pendiente_HvsI_1/m_=_3716.3
# ordenada_HvsI_A/m_=_1297.0
# frecuencia_Hz_=_135116.3877322378

Tiempo_(s)	Campo_(V.s)	Magnetizacion_(V.s)	Campo_(kA/m)	Magnetizacion_(A/m)
0.000000e+00	-5.182146e-06	-3.771043e-09	-3.836872e+01	-2.437607e+02
1.000000e-08	-5.182360e-06	-3.770120e-09	-3.837030e+01	-2.436749e+02
2.000000e-08	-5.182344e-06	-3.768480e-09	-3.837018e+01	-2.435973e+02
3.000000e-08	-5.181954e-06	-3.766334e-09	-3.836730e+01	-2.435299e+02
4.000000e-08	-5.181153e-06	-3.765202e-09	-3.836137e+01	-2.434748e+02
5.000000e-08	-5.179859e-06	-3.770279e-09	-3.835179e+01	-2.434341e+02
6.000000e-08	-5.177929e-06	-3.785696e-09	-3.833749e+01	-2.434099e+02
7.000000e-08	-5.175502e-06	-3.782193e-09	-3.831952e+01	-2.434040e+02
8.000000e-08	-5.172538e-06	-3.733366e-09	-3.829758e+01	-2.434183e+02
9.000000e-08	-5.169036e-06	-3.708458e-09	-3.827165e+01	-2.434547e+02
1.000000e-07	-5.165222e-06	-3.757928e-09	-3.824341e+01	-2.435146e+02
1.100000e-07	-5.161146e-06	-3.808622e-09	-3.821323e+01	-2.435996e+02
1.200000e-07	-5.156918e-06	-3.765057e-09	-3.818193e+01	-2.437111e+02
1.300000e-07	-5.152502e-06	-3.667825e-09	-3.814924e+01	-2.438500e+02
1.400000e-07	-5.147722e-06	-3.715504e-09	-3.811384e+01	-2.440175e+02
1.500000e-07	-5.142469e-06	-3.818157e-09	-3.807495e+01	-2.442143e+02
1.600000e-07	-5.136839e-06	-3.843543e-09	-3.803327e+01	-2.444408e+02
1.700000e-07	-5.130854e-06	-3.788658e-09	-3.798895e+01	-2.446975e+02
1.800000e-07	-5.124451e-06	-3.749343e-09	-3.794154e+01	-2.449844e+02
1.900000e-07	-5.117796e-06	-3.814659e-09	-3.789227e+01	-2.453013e+02
2.000000e-07	-5.110868e-06	-3.817782e-09	-3.784098e+01	-2.456479e+02
2.100000e-07	-5.103553e-06	-3.798203e-09	-3.778682e+01	-2.460234e+02
2.200000e-07	-5.095904e-06	-3.700710e-09	-3.773018e+01	-2.464271e+02
2.300000e-07	-5.087998e-06	-3.681339e-09	-3.767164e+01	-2.468578e+02
2.400000e-07	-5.079889e-06	-3.687959e-09	-3.761161e+01	-2.473140e+02
2.500000e-07	-5.071353e-06	-3.686894e-09	-3.754840e+01	-2.477942e+02
2.600000e-07	-5.062123e-06	-3.571300e-09	-3.748006e+01	-2.482965e+02
2.700000e-07	-5.052370e-06	-3.543435e-09	-3.740785e+01	-2.488188e+02
2.800000e-07	-5.042210e-06	-3.679669e-09	-3.733263e+01	-2.493588e+02
2.900000e-07	-5.031510e-06	-3.779575e-09	-3.725341e+01	-2.499141e+02
3.000000e-07	-5.020184e-06	-3.682516e-09	-3.716954e+01	-2.504820e+02
3.100000e-07	-5.008493e-06	-3.638473e-09	-3.708299e+01	-2.510596e+02
3.200000e-07	-4.996519e-06	-3.814615e-09	-3.699433e+01	-2.516441e+02
3.300000e-07	-4.984104e-06	-3.957627e-09	-3.690241e+01	-2.522322e+02
3.400000e-07	-4.971362e-06	-3.906522e-09	-3.680807e+01	-2.528208e+02
3.500000e-07	-4.958313e-06	-3.824294e-09	-3.671146e+01	-2.534065e+02
3.600000e-07	-4.944927e-06	-3.854345e-09	-3.661234e+01	-2.539861e+02
3.700000e-07	-4.931212e-06	-3.877284e-09	-3.651080e+01	-2.545562e+02
3.800000e-07	-4.917121e-06	-3.916624e-09	-3.640647e+01	-2.551133e+02
3.900000e-07	-4.902405e-06	-3.885071e-09	-3.629751e+01	-2.556541e+02
4.000000e-07	-4.886970e-06	-3.830728e-09	-3.618323e+01	-2.561753e+02
4.100000e-07	-4.871117e-06	-3.798210e-09	-3.606586e+01	-2.566736e+02
4.200000e-07	-4.854954e-06	-3.922508e-09	-3.594618e+01	-2.571458e+02
4.300000e-07	-4.838359e-06	-3.957708e-09	-3.582331e+01	-2.575889e+02
4.400000e-07	-4.821425e-06	-3.862115e-09	-3.569793e+01	-2.579999e+02
4.500000e-07	-4.804256e-06	-3.827964e-09	-3.557081e+01	-2.583761e+02
4.600000e-07	-4.786879e-06	-3.976988e-09	-3.544216e+01	-2.587150e+02
4.700000e-07	-4.769157e-06	-4.002994e-09	-3.531094e+01	-2.590141e+02
4.800000e-07	-4.751089e-06	-3.883555e-09	-3.517716e+01	-2.592713e+02
4.900000e-07	-4.732733e-06	-3.856712e-09	-3.504126e+01	-2.594847e+02
5.000000e-07	-4.713961e-06	-3.965044e-09	-3.490227e+01	-2.596526e+02
5.100000e-07	-4.694772e-06	-3.963569e-09	-3.476019e+01	-2.597737e+02
5.200000e-07	-4.675248e-06	-3.887758e-09	-3.461563e+01	-2.598469e+02
5.300000e-07	-4.655559e-06	-3.877216e-09	-3.446986e+01	-2.598713e+02
5.400000e-07	-4.635760e-06	-3.906471e-09	-3.432326e+01	-2.598463e+02
5.500000e-07	-4.615774e-06	-3.901156e-09	-3.417529e+01	-2.597718e+02
5.600000e-07	-4.595528e-06	-3.899216e-09	-3.402538e+01	-2.596477e+02
5.700000e-07	-4.574933e-06	-3.891594e-09	-3.387290e+01	-2.594744e+02
5.800000e-07	-4.554007e-06	-3.849923e-09	-3.371797e+01	-2.592526e+02
5.900000e-07	-4.532737e-06	-3.857959e-09	-3.356048e+01	-2.589831e+02
6.000000e-07	-4.511112e-06	-3.900463e-09	-3.340037e+01	-2.586672e+02
6.100000e-07	-4.489188e-06	-3.878701e-09	-3.323804e+01	-2.583061e+02
6.200000e-07	-4.466938e-06	-3.809750e-09	-3.307330e+01	-2.579017e+02
6.300000e-07	-4.444384e-06	-3.836865e-09	-3.290631e+01	-2.574558e+02
6.400000e-07	-4.421528e-06	-3.885343e-09	-3.273708e+01	-2.569705e+02
6.500000e-07	-4.398346e-06	-3.853651e-09	-3.256545e+01	-2.564481e+02
6.600000e-07	-4.374903e-06	-3.789421e-09	-3.239187e+01	-2.558912e+02
6.700000e-07	-4.351221e-06	-3.809229e-09	-3.221653e+01	-2.553022e+02
6.800000e-07	-4.327291e-06	-3.831962e-09	-3.203935e+01	-2.546839e+02
6.900000e-07	-4.303139e-06	-3.810796e-09	-3.186054e+01	-2.540392e+02
7.000000e-07	-4.278714e-06	-3.772929e-09	-3.167969e+01	-2.533710e+02
7.100000e-07	-4.253941e-06	-3.776373e-09	-3.149627e+01	-2.526821e+02
7.200000e-07	-4.228760e-06	-3.778137e-09	-3.130983e+01	-2.519755e+02
7.300000e-07	-4.203026e-06	-3.776832e-09	-3.111929e+01	-2.512541e+02
7.400000e-07	-4.176771e-06	-3.761313e-09	-3.092490e+01	-2.505209e+02
7.500000e-07	-4.150157e-06	-3.744466e-09	-3.072785e+01	-2.497786e+02
7.600000e-07	-4.123185e-06	-3.730688e-09	-3.052815e+01	-2.490300e+02
7.700000e-07	-4.095866e-06	-3.739771e-09	-3.032588e+01	-2.482777e+02
7.800000e-07	-4.068340e-06	-3.733544e-09	-3.012208e+01	-2.475242e+02
7.900000e-07	-4.040641e-06	-3.699291e-09	-2.991699e+01	-2.467718e+02
8.000000e-07	-4.012665e-06	-3.675891e-09	-2.970986e+01	-2.460225e+02
8.100000e-07	-3.984467e-06	-3.695086e-09	-2.950108e+01	-2.452784e+02
8.200000e-07	-3.956027e-06	-3.706033e-09	-2.929051e+01	-2.445411e+02
8.300000e-07	-3.927297e-06	-3.674965e-09	-2.907779e+01	-2.438122e+02
8.400000e-07	-3.898302e-06	-3.651630e-09	-2.886311e+01	-2.430928e+02
8.500000e-07	-3.869071e-06	-3.662274e-09	-2.864668e+01	-2.423840e+02
8.600000e-07	-3.839607e-06	-3.666643e-09	-2.842853e+01	-2.416864e+02
8.700000e-07	-3.809839e-06	-3.636746e-09	-2.820813e+01	-2.410006e+02
8.800000e-07	-3.779837e-06	-3.614038e-09	-2.798599e+01	-2.403268e+02
8.900000e-07	-3.749635e-06	-3.610347e-09	-2.776238e+01	-2.396648e+02
9.000000e-07	-3.719177e-06	-3.613568e-09	-2.753686e+01	-2.390145e+02
9.100000e-07	-3.688472e-06	-3.599305e-09	-2.730952e+01	-2.383751e+02
9.200000e-07	-3.657535e-06	-3.582600e-09	-2.708047e+01	-2.377459e+02
9.300000e-07	-3.626368e-06	-3.569684e-09	-2.684970e+01	-2.371258e+02
9.400000e-07	-3.594942e-06	-3.568554e-09	-2.661702e+01	-2.365136e+02
9.500000e-07	-3.563325e-06	-3.565702e-09	-2.638293e+01	-2.359077e+02
9.600000e-07	-3.531616e-06	-3.551637e-09	-2.614816e+01	-2.353067e+02
9.700000e-07	-3.499781e-06	-3.524392e-09	-2.591246e+01	-2.347085e+02
9.800000e-07	-3.467672e-06	-3.515277e-09	-2.567472e+01	-2.341112e+02
9.900000e-07	-3.435272e-06	-3.515414e-09	-2.543482e+01	-2.335128e+02
1.000000e-06	-3.402605e-06	-3.504110e-09	-2.519296e+01	-2.329110e+02
1.010000e-06	-3.369602e-06	-3.477548e-09	-2.494860e+01	-2.323035e+02
1.020000e-06	-3.336223e-06	-3.462781e-09	-2.470147e+01	-2.316881e+02
1.030000e-06	-3.302420e-06	-3.459395e-09	-2.445119e+01	-2.310623e+02
1.040000e-06	-3.268225e-06	-3.451844e-09	-2.419801e+01	-2.304238e+02
1.050000e-06	-3.233697e-06	-3.431335e-09	-2.394236e+01	-2.297703e+02
1.060000e-06	-3.198795e-06	-3.412198e-09	-2.368394e+01	-2.290995e+02
1.070000e-06	-3.163535e-06	-3.403051e-09	-2.342288e+01	-2.284090e+02
1.080000e-06	-3.128058e-06	-3.396459e-09	-2.316021e+01	-2.276969e+02
1.090000e-06	-3.092460e-06	-3.381818e-09	-2.289664e+01	-2.269611e+02
1.100000e-06	-3.056789e-06	-3.361480e-09	-2.263253e+01	-2.261996e+02
1.110000e-06	-3.021027e-06	-3.346288e-09	-2.236775e+01	-2.254107e+02
1.120000e-06	-2.985123e-06	-3.337167e-09	-2.210191e+01	-2.245930e+02
1.130000e-06	-2.949064e-06	-3.326669e-09	-2.183493e+01	-2.237448e+02
1.140000e-06	-2.912830e-06	-3.308270e-09	-2.156666e+01	-2.228652e+02
1.150000e-06	-2.876335e-06	-3.289670e-09	-2.129644e+01	-2.219529e+02
1.160000e-06	-2.839592e-06	-3.275968e-09	-2.102440e+01	-2.210074e+02
1.170000e-06	-2.802674e-06	-3.267911e-09	-2.075105e+01	-2.200278e+02
1.180000e-06	-2.765586e-06	-3.253678e-09	-2.047646e+01	-2.190140e+02
1.190000e-06	-2.728292e-06	-3.233164e-09	-2.020033e+01	-2.179657e+02
1.200000e-06	-2.690793e-06	-3.214702e-09	-1.992269e+01	-2.168829e+02
1.210000e-06	-2.653148e-06	-3.203001e-09	-1.964396e+01	-2.157659e+02
1.220000e-06	-2.615364e-06	-3.186812e-09	-1.936421e+01	-2.146152e+02
1.230000e-06	-2.577444e-06	-3.167098e-09	-1.908345e+01	-2.134314e+02
1.240000e-06	-2.539387e-06	-3.149222e-09	-1.880167e+01	-2.122151e+02
1.250000e-06	-2.501043e-06	-3.134555e-09	-1.851777e+01	-2.109675e+02
1.260000e-06	-2.462394e-06	-3.116747e-09	-1.823161e+01	-2.096895e+02
1.270000e-06	-2.423601e-06	-3.096681e-09	-1.794439e+01	-2.083824e+02
1.280000e-06	-2.384747e-06	-3.075883e-09	-1.765672e+01	-2.070474e+02
1.290000e-06	-2.345740e-06	-3.056410e-09	-1.736791e+01	-2.056858e+02
1.300000e-06	-2.306479e-06	-3.037933e-09	-1.707722e+01	-2.042991e+02
1.310000e-06	-2.267050e-06	-3.018005e-09	-1.678529e+01	-2.028886e+02
1.320000e-06	-2.227506e-06	-2.993872e-09	-1.649250e+01	-2.014558e+02
1.330000e-06	-2.187889e-06	-2.973364e-09	-1.619917e+01	-2.000021e+02
1.340000e-06	-2.148166e-06	-2.955862e-09	-1.590507e+01	-1.985287e+02
1.350000e-06	-2.108335e-06	-2.934624e-09	-1.561016e+01	-1.970368e+02
1.360000e-06	-2.068490e-06	-2.909682e-09	-1.531514e+01	-1.955277e+02
1.370000e-06	-2.028555e-06	-2.887013e-09	-1.501946e+01	-1.940022e+02
1.380000e-06	-1.988417e-06	-2.865562e-09	-1.472228e+01	-1.924612e+02
1.390000e-06	-1.948145e-06	-2.843118e-09	-1.442411e+01	-1.909053e+02
1.400000e-06	-1.907856e-06	-2.819972e-09	-1.412581e+01	-1.893351e+02
1.410000e-06	-1.867504e-06	-2.796743e-09	-1.382704e+01	-1.877506e+02
1.420000e-06	-1.826939e-06	-2.775195e-09	-1.352669e+01	-1.861518e+02
1.430000e-06	-1.786127e-06	-2.751849e-09	-1.322452e+01	-1.845386e+02
1.440000e-06	-1.745171e-06	-2.725618e-09	-1.292128e+01	-1.829103e+02
1.450000e-06	-1.704084e-06	-2.699842e-09	-1.261707e+01	-1.812662e+02
1.460000e-06	-1.662811e-06	-2.675919e-09	-1.231148e+01	-1.796051e+02
1.470000e-06	-1.621306e-06	-2.649990e-09	-1.200418e+01	-1.779256e+02
1.480000e-06	-1.579481e-06	-2.621459e-09	-1.169451e+01	-1.762261e+02
1.490000e-06	-1.537412e-06	-2.592490e-09	-1.138303e+01	-1.745046e+02
1.500000e-06	-1.495190e-06	-2.564898e-09	-1.107042e+01	-1.727589e+02
1.510000e-06	-1.452791e-06	-2.538510e-09	-1.075650e+01	-1.709864e+02
1.520000e-06	-1.410227e-06	-2.511560e-09	-1.044135e+01	-1.691844e+02
1.530000e-06	-1.367551e-06	-2.480379e-09	-1.012538e+01	-1.673499e+02
1.540000e-06	-1.324764e-06	-2.451045e-09	-9.808582e+00	-1.654795e+02
1.550000e-06	-1.281810e-06	-2.423922e-09	-9.490547e+00	-1.635699e+02
1.560000e-06	-1.238696e-06	-2.394625e-09	-9.171331e+00	-1.616174e+02
1.570000e-06	-1.195472e-06	-2.361737e-09	-8.851296e+00	-1.596181e+02
1.580000e-06	-1.152170e-06	-2.330186e-09	-8.530688e+00	-1.575681e+02
1.590000e-06	-1.108789e-06	-2.299361e-09	-8.209496e+00	-1.554634e+02
1.600000e-06	-1.065320e-06	-2.267442e-09	-7.887655e+00	-1.532998e+02
1.610000e-06	-1.021733e-06	-2.231666e-09	-7.564934e+00	-1.510731e+02
1.620000e-06	-9.780895e-07	-2.194438e-09	-7.241795e+00	-1.487791e+02
1.630000e-06	-9.344812e-07	-2.158345e-09	-6.918919e+00	-1.464137e+02
1.640000e-06	-8.908355e-07	-2.123528e-09	-6.595765e+00	-1.439727e+02
1.650000e-06	-8.470986e-07	-2.087360e-09	-6.271936e+00	-1.414521e+02
1.660000e-06	-8.033208e-07	-2.046238e-09	-5.947804e+00	-1.388481e+02
1.670000e-06	-7.595349e-07	-2.005861e-09	-5.623613e+00	-1.361568e+02
1.680000e-06	-7.157480e-07	-1.967074e-09	-5.299413e+00	-1.333749e+02
1.690000e-06	-6.719455e-07	-1.926112e-09	-4.975098e+00	-1.304990e+02
1.700000e-06	-6.281656e-07	-1.882969e-09	-4.650951e+00	-1.275260e+02
1.710000e-06	-5.843889e-07	-1.839099e-09	-4.326828e+00	-1.244533e+02
1.720000e-06	-5.405430e-07	-1.793480e-09	-4.002192e+00	-1.212785e+02
1.730000e-06	-4.966643e-07	-1.744690e-09	-3.677313e+00	-1.179996e+02
1.740000e-06	-4.527865e-07	-1.694244e-09	-3.352440e+00	-1.146149e+02
1.750000e-06	-4.089146e-07	-1.643780e-09	-3.027613e+00	-1.111231e+02
1.760000e-06	-3.650077e-07	-1.592982e-09	-2.702525e+00	-1.075234e+02
1.770000e-06	-3.210202e-07	-1.540693e-09	-2.376840e+00	-1.038156e+02
1.780000e-06	-2.770096e-07	-1.486632e-09	-2.050985e+00	-9.999959e+01
1.790000e-06	-2.330005e-07	-1.432062e-09	-1.725141e+00	-9.607600e+01
1.800000e-06	-1.889935e-07	-1.376138e-09	-1.399312e+00	-9.204586e+01
1.810000e-06	-1.450325e-07	-1.319783e-09	-1.073823e+00	-8.791066e+01
1.820000e-06	-1.010972e-07	-1.260792e-09	-7.485256e-01	-8.367242e+01
1.830000e-06	-5.714770e-08	-1.198584e-09	-4.231228e-01	-7.933360e+01
1.840000e-06	-1.318187e-08	-1.132301e-09	-9.759884e-02	-7.489715e+01
1.850000e-06	3.079313e-08	-1.062698e-09	2.279930e-01	-7.036648e+01
1.860000e-06	7.475916e-08	-9.916427e-10	5.535184e-01	-6.574548e+01
1.870000e-06	1.187241e-07	-9.197404e-10	8.790356e-01	-6.103843e+01
1.880000e-06	1.627294e-07	-8.467696e-10	1.204852e+00	-5.625008e+01
1.890000e-06	2.067136e-07	-7.718397e-10	1.530512e+00	-5.138553e+01
1.900000e-06	2.506378e-07	-6.959778e-10	1.855727e+00	-4.645030e+01
1.910000e-06	2.945523e-07	-6.201629e-10	2.180872e+00	-4.145021e+01
1.920000e-06	3.384788e-07	-5.436764e-10	2.506104e+00	-3.639144e+01
1.930000e-06	3.823774e-07	-4.640764e-10	2.831130e+00	-3.128042e+01
1.940000e-06	4.262485e-07	-3.819594e-10	3.155953e+00	-2.612386e+01
1.950000e-06	4.701415e-07	-3.008878e-10	3.480938e+00	-2.092866e+01
1.960000e-06	5.139946e-07	-2.197920e-10	3.805626e+00	-1.570194e+01
1.970000e-06	5.578263e-07	-1.391592e-10	4.130157e+00	-1.045092e+01
1.980000e-06	6.016717e-07	-5.756754e-11	4.454790e+00	-5.182964e+00
1.990000e-06	6.454933e-07	2.662168e-11	4.779246e+00	9.452585e-02
2.000000e-06	6.892799e-07	1.091004e-10	5.103443e+00	5.374103e+00
2.010000e-06	7.330494e-07	1.897283e-10	5.427513e+00	1.064834e+01
2.020000e-06	7.768018e-07	2.721025e-10	5.751457e+00	1.590984e+01
2.030000e-06	8.205410e-07	3.546791e-10	6.075303e+00	2.115131e+01
2.040000e-06	8.642531e-07	4.346577e-10	6.398948e+00	2.636558e+01
2.050000e-06	9.078969e-07	5.143531e-10	6.722088e+00	3.154564e+01
2.060000e-06	9.514981e-07	5.959428e-10	7.044912e+00	3.668464e+01
2.070000e-06	9.951026e-07	6.762853e-10	7.367760e+00	4.177600e+01
2.080000e-06	1.038710e-06	7.537330e-10	7.690629e+00	4.681336e+01
2.090000e-06	1.082232e-06	8.315467e-10	8.012866e+00	5.179068e+01
2.100000e-06	1.125646e-06	9.081368e-10	8.334308e+00	5.670218e+01
2.110000e-06	1.168969e-06	9.817220e-10	8.655073e+00	6.154246e+01
2.120000e-06	1.212177e-06	1.053488e-09	8.974983e+00	6.630645e+01
2.130000e-06	1.255244e-06	1.123488e-09	9.293852e+00	7.098946e+01
2.140000e-06	1.298073e-06	1.190861e-09	9.610956e+00	7.558718e+01
2.150000e-06	1.340751e-06	1.257576e-09	9.926951e+00	8.009571e+01
2.160000e-06	1.383481e-06	1.319047e-09	1.024332e+01	8.451157e+01
2.170000e-06	1.426086e-06	1.377008e-09	1.055877e+01	8.883168e+01
2.180000e-06	1.468448e-06	1.436777e-09	1.087242e+01	9.305340e+01
2.190000e-06	1.510678e-06	1.494343e-09	1.118509e+01	9.717451e+01
2.200000e-06	1.552744e-06	1.547400e-09	1.149655e+01	1.011932e+02
2.210000e-06	1.594519e-06	1.598269e-09	1.180585e+01	1.051081e+02
2.220000e-06	1.636063e-06	1.648541e-09	1.211344e+01	1.089182e+02
2.230000e-06	1.677482e-06	1.698849e-09	1.242011e+01	1.126231e+02
2.240000e-06	1.718627e-06	1.748054e-09	1.272475e+01	1.162224e+02
2.250000e-06	1.759443e-06	1.794058e-09	1.302695e+01	1.197165e+02
2.260000e-06	1.800112e-06	1.838267e-09	1.332807e+01	1.231059e+02
2.270000e-06	1.840691e-06	1.884589e-09	1.362851e+01	1.263916e+02
2.280000e-06	1.881132e-06	1.929755e-09	1.392794e+01	1.295747e+02
2.290000e-06	1.921383e-06	1.969072e-09	1.422596e+01	1.326569e+02
2.300000e-06	1.961501e-06	2.005255e-09	1.452300e+01	1.356399e+02
2.310000e-06	2.001570e-06	2.043221e-09	1.481967e+01	1.385260e+02
2.320000e-06	2.041511e-06	2.083137e-09	1.511539e+01	1.413174e+02
2.330000e-06	2.081339e-06	2.122733e-09	1.541028e+01	1.440167e+02
2.340000e-06	2.121117e-06	2.161649e-09	1.570480e+01	1.466267e+02
2.350000e-06	2.160811e-06	2.198136e-09	1.599869e+01	1.491502e+02
2.360000e-06	2.200402e-06	2.232639e-09	1.629182e+01	1.515903e+02
2.370000e-06	2.239875e-06	2.269155e-09	1.658408e+01	1.539502e+02
2.380000e-06	2.279230e-06	2.303069e-09	1.687546e+01	1.562331e+02
2.390000e-06	2.318510e-06	2.332646e-09	1.716630e+01	1.584422e+02
2.400000e-06	2.357664e-06	2.360956e-09	1.745619e+01	1.605811e+02
2.410000e-06	2.396545e-06	2.392143e-09	1.774407e+01	1.626529e+02
2.420000e-06	2.435238e-06	2.424446e-09	1.803055e+01	1.646611e+02
2.430000e-06	2.473782e-06	2.453552e-09	1.831594e+01	1.666089e+02
2.440000e-06	2.512124e-06	2.481590e-09	1.859982e+01	1.684998e+02
2.450000e-06	2.550353e-06	2.510468e-09	1.888287e+01	1.703368e+02
2.460000e-06	2.588381e-06	2.541087e-09	1.916442e+01	1.721230e+02
2.470000e-06	2.626214e-06	2.568609e-09	1.944454e+01	1.738616e+02
2.480000e-06	2.663889e-06	2.593386e-09	1.972349e+01	1.755554e+02
2.490000e-06	2.701362e-06	2.618278e-09	2.000094e+01	1.772072e+02
2.500000e-06	2.738640e-06	2.645688e-09	2.027695e+01	1.788196e+02
2.510000e-06	2.775700e-06	2.673318e-09	2.055134e+01	1.803952e+02
2.520000e-06	2.812610e-06	2.697563e-09	2.082463e+01	1.819362e+02
2.530000e-06	2.849356e-06	2.719721e-09	2.109669e+01	1.834449e+02
2.540000e-06	2.885876e-06	2.743711e-09	2.136709e+01	1.849233e+02
2.550000e-06	2.922205e-06	2.768855e-09	2.163606e+01	1.863732e+02
2.560000e-06	2.958357e-06	2.793833e-09	2.190373e+01	1.877962e+02
2.570000e-06	2.994342e-06	2.815335e-09	2.217017e+01	1.891939e+02
2.580000e-06	3.030198e-06	2.833916e-09	2.243565e+01	1.905677e+02
2.590000e-06	3.065976e-06	2.853568e-09	2.270055e+01	1.919186e+02
2.600000e-06	3.101666e-06	2.875397e-09	2.296480e+01	1.932478e+02
2.610000e-06	3.137154e-06	2.896872e-09	2.322756e+01	1.945560e+02
2.620000e-06	3.172393e-06	2.916241e-09	2.348847e+01	1.958439e+02
2.630000e-06	3.207418e-06	2.934813e-09	2.374779e+01	1.971121e+02
2.640000e-06	3.242189e-06	2.953644e-09	2.400524e+01	1.983611e+02
2.650000e-06	3.276641e-06	2.972560e-09	2.426032e+01	1.995910e+02
2.660000e-06	3.310752e-06	2.992587e-09	2.451288e+01	2.008021e+02
2.670000e-06	3.344339e-06	3.011833e-09	2.476156e+01	2.019945e+02
2.680000e-06	3.377393e-06	3.027257e-09	2.500629e+01	2.031681e+02
2.690000e-06	3.410075e-06	3.041047e-09	2.524827e+01	2.043228e+02
2.700000e-06	3.442512e-06	3.055531e-09	2.548843e+01	2.054584e+02
2.710000e-06	3.474832e-06	3.069698e-09	2.572773e+01	2.065747e+02
2.720000e-06	3.506946e-06	3.081686e-09	2.596550e+01	2.076714e+02
2.730000e-06	3.538843e-06	3.092941e-09	2.620166e+01	2.087480e+02
2.740000e-06	3.570618e-06	3.104417e-09	2.643693e+01	2.098043e+02
2.750000e-06	3.602226e-06	3.117233e-09	2.667096e+01	2.108397e+02
2.760000e-06	3.633656e-06	3.129444e-09	2.690367e+01	2.118541e+02
2.770000e-06	3.664885e-06	3.141757e-09	2.713489e+01	2.128468e+02
2.780000e-06	3.695783e-06	3.152971e-09	2.736366e+01	2.138175e+02
2.790000e-06	3.726378e-06	3.165735e-09	2.759018e+01	2.147658e+02
2.800000e-06	3.756706e-06	3.179944e-09	2.781473e+01	2.156914e+02
2.810000e-06	3.786760e-06	3.189817e-09	2.803725e+01	2.165940e+02
2.820000e-06	3.816558e-06	3.199643e-09	2.825787e+01	2.174732e+02
2.830000e-06	3.846117e-06	3.211390e-09	2.847673e+01	2.183289e+02
2.840000e-06	3.875511e-06	3.223494e-09	2.869436e+01	2.191609e+02
2.850000e-06	3.904698e-06	3.236174e-09	2.891046e+01	2.199690e+02
2.860000e-06	3.933602e-06	3.249132e-09	2.912447e+01	2.207533e+02
2.870000e-06	3.962191e-06	3.261641e-09	2.933615e+01	2.215137e+02
2.880000e-06	3.990457e-06	3.273704e-09	2.954543e+01	2.222503e+02
2.890000e-06	4.018487e-06	3.284549e-09	2.975296e+01	2.229633e+02
2.900000e-06	4.046296e-06	3.292954e-09	2.995886e+01	2.236529e+02
2.910000e-06	4.073956e-06	3.301897e-09	3.016366e+01	2.243194e+02
2.920000e-06	4.101501e-06	3.314188e-09	3.036760e+01	2.249633e+02
2.930000e-06	4.128799e-06	3.325428e-09	3.056971e+01	2.255849e+02
2.940000e-06	4.155806e-06	3.335128e-09	3.076968e+01	2.261848e+02
2.950000e-06	4.182404e-06	3.344200e-09	3.096661e+01	2.267635e+02
2.960000e-06	4.208551e-06	3.352758e-09	3.116020e+01	2.273218e+02
2.970000e-06	4.234213e-06	3.360797e-09	3.135020e+01	2.278604e+02
2.980000e-06	4.259342e-06	3.370552e-09	3.153626e+01	2.283799e+02
2.990000e-06	4.284032e-06	3.379875e-09	3.171906e+01	2.288813e+02
3.000000e-06	4.308288e-06	3.388124e-09	3.189866e+01	2.293654e+02
3.010000e-06	4.332278e-06	3.399597e-09	3.207628e+01	2.298331e+02
3.020000e-06	4.356071e-06	3.408662e-09	3.225244e+01	2.302853e+02
3.030000e-06	4.379605e-06	3.415531e-09	3.242669e+01	2.307231e+02
3.040000e-06	4.402856e-06	3.425957e-09	3.259884e+01	2.311474e+02
3.050000e-06	4.425820e-06	3.437476e-09	3.276887e+01	2.315592e+02
3.060000e-06	4.448555e-06	3.442978e-09	3.293720e+01	2.319595e+02
3.070000e-06	4.470923e-06	3.445796e-09	3.310281e+01	2.323494e+02
3.080000e-06	4.492922e-06	3.453500e-09	3.326569e+01	2.327297e+02
3.090000e-06	4.514705e-06	3.464735e-09	3.342697e+01	2.331016e+02
3.100000e-06	4.536236e-06	3.475132e-09	3.358639e+01	2.334660e+02
3.110000e-06	4.557511e-06	3.484037e-09	3.374391e+01	2.338237e+02
3.120000e-06	4.578444e-06	3.491910e-09	3.389890e+01	2.341757e+02
3.130000e-06	4.599030e-06	3.499079e-09	3.405131e+01	2.345228e+02
3.140000e-06	4.619355e-06	3.504701e-09	3.420180e+01	2.348659e+02
3.150000e-06	4.639411e-06	3.507865e-09	3.435030e+01	2.352055e+02
3.160000e-06	4.659235e-06	3.511354e-09	3.449707e+01	2.355425e+02
3.170000e-06	4.678873e-06	3.518109e-09	3.464247e+01	2.358773e+02
3.180000e-06	4.698261e-06	3.525286e-09	3.478602e+01	2.362105e+02
3.190000e-06	4.717333e-06	3.530914e-09	3.492723e+01	2.365426e+02
3.200000e-06	4.736051e-06	3.537527e-09	3.506582e+01	2.368738e+02
3.210000e-06	4.754394e-06	3.543916e-09	3.520163e+01	2.372046e+02
3.220000e-06	4.772376e-06	3.549740e-09	3.533477e+01	2.375350e+02
3.230000e-06	4.789951e-06	3.554595e-09	3.546490e+01	2.378651e+02
3.240000e-06	4.807165e-06	3.559535e-09	3.559235e+01	2.381950e+02
3.250000e-06	4.824112e-06	3.565086e-09	3.571783e+01	2.385245e+02
3.260000e-06	4.840819e-06	3.570557e-09	3.584152e+01	2.388536e+02
3.270000e-06	4.857177e-06	3.573696e-09	3.596264e+01	2.391818e+02
3.280000e-06	4.873040e-06	3.577605e-09	3.608009e+01	2.395088e+02
3.290000e-06	4.888531e-06	3.584379e-09	3.619479e+01	2.398343e+02
3.300000e-06	4.903687e-06	3.590279e-09	3.630700e+01	2.401576e+02
3.310000e-06	4.918367e-06	3.593662e-09	3.641569e+01	2.404783e+02
3.320000e-06	4.932670e-06	3.595872e-09	3.652159e+01	2.407956e+02
3.330000e-06	4.946681e-06	3.600348e-09	3.662533e+01	2.411087e+02
3.340000e-06	4.960275e-06	3.605158e-09	3.672598e+01	2.414171e+02
3.350000e-06	4.973464e-06	3.609344e-09	3.682363e+01	2.417197e+02
3.360000e-06	4.986290e-06	3.611281e-09	3.691859e+01	2.420157e+02
3.370000e-06	4.998795e-06	3.613236e-09	3.701119e+01	2.423043e+02
3.380000e-06	5.010981e-06	3.618382e-09	3.710141e+01	2.425845e+02
3.390000e-06	5.022772e-06	3.622596e-09	3.718871e+01	2.428553e+02
3.400000e-06	5.034243e-06	3.622111e-09	3.727364e+01	2.431160e+02
3.410000e-06	5.045329e-06	3.624199e-09	3.735572e+01	2.433655e+02
3.420000e-06	5.055924e-06	3.631965e-09	3.743417e+01	2.436030e+02
3.430000e-06	5.065964e-06	3.637052e-09	3.750851e+01	2.438275e+02
3.440000e-06	5.075431e-06	3.639795e-09	3.757860e+01	2.440384e+02
3.450000e-06	5.084310e-06	3.643860e-09	3.764433e+01	2.442348e+02
3.460000e-06	5.092684e-06	3.648638e-09	3.770634e+01	2.444160e+02
3.470000e-06	5.100765e-06	3.652299e-09	3.776617e+01	2.445814e+02
3.480000e-06	5.108565e-06	3.650237e-09	3.782392e+01	2.447305e+02
3.490000e-06	5.116085e-06	3.647439e-09	3.787960e+01	2.448629e+02
3.500000e-06	5.123343e-06	3.650125e-09	3.793334e+01	2.449782e+02
3.510000e-06	5.130253e-06	3.653798e-09	3.798450e+01	2.450762e+02
3.520000e-06	5.136844e-06	3.652361e-09	3.803330e+01	2.451569e+02
3.530000e-06	5.143129e-06	3.649785e-09	3.807983e+01	2.452202e+02
3.540000e-06	5.148979e-06	3.652443e-09	3.812315e+01	2.452663e+02
3.550000e-06	5.154450e-06	3.656608e-09	3.816366e+01	2.452956e+02
3.560000e-06	5.159591e-06	3.656741e-09	3.820172e+01	2.453085e+02
3.570000e-06	5.164388e-06	3.655314e-09	3.823724e+01	2.453056e+02
3.580000e-06	5.168862e-06	3.654832e-09	3.827036e+01	2.452877e+02
3.590000e-06	5.172974e-06	3.657537e-09	3.830081e+01	2.452556e+02
3.600000e-06	5.176832e-06	3.662842e-09	3.832937e+01	2.452103e+02
3.610000e-06	5.180476e-06	3.665537e-09	3.835635e+01	2.451531e+02
3.620000e-06	5.183854e-06	3.667457e-09	3.838136e+01	2.450852e+02
3.630000e-06	5.186855e-06	3.670487e-09	3.840359e+01	2.450082e+02
3.640000e-06	5.189345e-06	3.673156e-09	3.842202e+01	2.449234e+02
3.650000e-06	5.191310e-06	3.672523e-09	3.843657e+01	2.448327e+02
3.660000e-06	5.192797e-06	3.672501e-09	3.844757e+01	2.447378e+02
3.670000e-06	5.193780e-06	3.675671e-09	3.845486e+01	2.446405e+02
3.680000e-06	5.194281e-06	3.679130e-09	3.845857e+01	2.445428e+02
3.690000e-06	5.194475e-06	3.682243e-09	3.846000e+01	2.444468e+02
3.700000e-06	5.194448e-06	3.683560e-09	3.845980e+01	2.443545e+02
3.710000e-06	5.194155e-06	3.684161e-09	3.845763e+01	2.442680e+02
3.720000e-06	5.193534e-06	3.685148e-09	3.845303e+01	2.441894e+02
3.730000e-06	5.192544e-06	3.683711e-09	3.844570e+01	2.441208e+02
3.740000e-06	5.191129e-06	3.677801e-09	3.843523e+01	2.440644e+02
3.750000e-06	5.189365e-06	3.661868e-09	3.842216e+01	2.440223e+02
3.760000e-06	5.187305e-06	3.650791e-09	3.840691e+01	2.439964e+02
3.770000e-06	5.184942e-06	3.693553e-09	3.838942e+01	2.439887e+02
3.780000e-06	5.182292e-06	3.745919e-09	3.836980e+01	2.440011e+02
3.790000e-06	5.179156e-06	3.716466e-09	3.834658e+01	2.440353e+02
3.800000e-06	5.175501e-06	3.652532e-09	3.831952e+01	2.440931e+02
3.810000e-06	5.171542e-06	3.657894e-09	3.829020e+01	2.441757e+02
3.820000e-06	5.167382e-06	3.770954e-09	3.825941e+01	2.442847e+02
3.830000e-06	5.163005e-06	3.798471e-09	3.822700e+01	2.444212e+02
3.840000e-06	5.158234e-06	3.674593e-09	3.819167e+01	2.445860e+02
3.850000e-06	5.152933e-06	3.622649e-09	3.815242e+01	2.447801e+02
3.860000e-06	5.147262e-06	3.687667e-09	3.811044e+01	2.450040e+02
3.870000e-06	5.141507e-06	3.808929e-09	3.806783e+01	2.452579e+02
3.880000e-06	5.135359e-06	3.720581e-09	3.802230e+01	2.455421e+02
3.890000e-06	5.128398e-06	3.580827e-09	3.797077e+01	2.458563e+02
3.900000e-06	5.120842e-06	3.581776e-09	3.791482e+01	2.462002e+02
3.910000e-06	5.113046e-06	3.732061e-09	3.785710e+01	2.465732e+02
3.920000e-06	5.104921e-06	3.792714e-09	3.779694e+01	2.469744e+02
3.930000e-06	5.096300e-06	3.630054e-09	3.773312e+01	2.474026e+02
3.940000e-06	5.087469e-06	3.542385e-09	3.766772e+01	2.478566e+02
3.950000e-06	5.078531e-06	3.630177e-09	3.760155e+01	2.483346e+02
3.960000e-06	5.069243e-06	3.787912e-09	3.753278e+01	2.488349e+02
3.970000e-06	5.059468e-06	3.710835e-09	3.746041e+01	2.493555e+02
3.980000e-06	5.049399e-06	3.628207e-09	3.738586e+01	2.498939e+02
3.990000e-06	5.039066e-06	3.707099e-09	3.730935e+01	2.504479e+02
4.000000e-06	5.028259e-06	3.884322e-09	3.722933e+01	2.510146e+02
4.010000e-06	5.016982e-06	3.882433e-09	3.714584e+01	2.515913e+02
4.020000e-06	5.005493e-06	3.829700e-09	3.706078e+01	2.521751e+02
4.030000e-06	4.993740e-06	3.921873e-09	3.697376e+01	2.527628e+02
4.040000e-06	4.981522e-06	4.060237e-09	3.688329e+01	2.533513e+02
4.050000e-06	4.968884e-06	4.037024e-09	3.678972e+01	2.539372e+02
4.060000e-06	4.955875e-06	4.017258e-09	3.669341e+01	2.545173e+02
4.070000e-06	4.942344e-06	4.077894e-09	3.659322e+01	2.550880e+02
4.080000e-06	4.928183e-06	4.083947e-09	3.648837e+01	2.556462e+02
4.090000e-06	4.913469e-06	4.068900e-09	3.637943e+01	2.561883e+02
4.100000e-06	4.898220e-06	4.143924e-09	3.626652e+01	2.567110e+02
4.110000e-06	4.882560e-06	4.135882e-09	3.615058e+01	2.572111e+02
4.120000e-06	4.866563e-06	3.991699e-09	3.603213e+01	2.576854e+02
4.130000e-06	4.850366e-06	4.025475e-09	3.591221e+01	2.581309e+02
4.140000e-06	4.834001e-06	4.147514e-09	3.579105e+01	2.585445e+02
4.150000e-06	4.817305e-06	4.063487e-09	3.566742e+01	2.589235e+02
4.160000e-06	4.800290e-06	3.908135e-09	3.554145e+01	2.592653e+02
4.170000e-06	4.783003e-06	4.038398e-09	3.541346e+01	2.595676e+02
4.180000e-06	4.765387e-06	4.142600e-09	3.528303e+01	2.598282e+02
4.190000e-06	4.747333e-06	4.021491e-09	3.514935e+01	2.600451e+02
4.200000e-06	4.728995e-06	3.937779e-09	3.501357e+01	2.602167e+02
4.210000e-06	4.710395e-06	4.063934e-09	3.487586e+01	2.603416e+02
4.220000e-06	4.691391e-06	4.075736e-09	3.473516e+01	2.604185e+02
4.230000e-06	4.671955e-06	3.973106e-09	3.459126e+01	2.604468e+02
4.240000e-06	4.652221e-06	3.967458e-09	3.444514e+01	2.604257e+02
4.250000e-06	4.632357e-06	4.033953e-09	3.429807e+01	2.603551e+02
4.260000e-06	4.612311e-06	3.993301e-09	3.414965e+01	2.602350e+02
4.270000e-06	4.592036e-06	3.963146e-09	3.399953e+01	2.600656e+02
4.280000e-06	4.571496e-06	3.997318e-09	3.384745e+01	2.598476e+02
4.290000e-06	4.550581e-06	3.986165e-09	3.369260e+01	2.595819e+02
4.300000e-06	4.529223e-06	3.936503e-09	3.353446e+01	2.592695e+02
4.310000e-06	4.507602e-06	3.976300e-09	3.337438e+01	2.589120e+02
4.320000e-06	4.485433e-06	4.010639e-09	3.321024e+01	2.585109e+02
4.330000e-06	4.462544e-06	3.943851e-09	3.304077e+01	2.580681e+02
4.340000e-06	4.439252e-06	3.911558e-09	3.286832e+01	2.575859e+02
4.350000e-06	4.415608e-06	3.976075e-09	3.269325e+01	2.570663e+02
4.360000e-06	4.391661e-06	3.980757e-09	3.251595e+01	2.565119e+02
4.370000e-06	4.367515e-06	3.901212e-09	3.233717e+01	2.559253e+02
4.380000e-06	4.343185e-06	3.897792e-09	3.215704e+01	2.553092e+02
4.390000e-06	4.318600e-06	3.947153e-09	3.197500e+01	2.546663e+02
4.400000e-06	4.293646e-06	3.929983e-09	3.179024e+01	2.539997e+02
4.410000e-06	4.268330e-06	3.878390e-09	3.160280e+01	2.533122e+02
4.420000e-06	4.242759e-06	3.891969e-09	3.141348e+01	2.526068e+02
4.430000e-06	4.216954e-06	3.905291e-09	3.122241e+01	2.518864e+02
4.440000e-06	4.190902e-06	3.887488e-09	3.102953e+01	2.511538e+02
4.450000e-06	4.164663e-06	3.874938e-09	3.083525e+01	2.504120e+02
4.460000e-06	4.138132e-06	3.878711e-09	3.063881e+01	2.496636e+02
4.470000e-06	4.111125e-06	3.853448e-09	3.043886e+01	2.489113e+02
4.480000e-06	4.083841e-06	3.845715e-09	3.023684e+01	2.481576e+02
4.490000e-06	4.056333e-06	3.860650e-09	3.003317e+01	2.474048e+02
4.500000e-06	4.028543e-06	3.851762e-09	2.982741e+01	2.466550e+02
4.510000e-06	4.000570e-06	3.811734e-09	2.962031e+01	2.459102e+02
4.520000e-06	3.972417e-06	3.816630e-09	2.941186e+01	2.451721e+02
4.530000e-06	3.944078e-06	3.835784e-09	2.920203e+01	2.444422e+02
4.540000e-06	3.915528e-06	3.813628e-09	2.899066e+01	2.437218e+02
4.550000e-06	3.886669e-06	3.776608e-09	2.877698e+01	2.430118e+02
4.560000e-06	3.857426e-06	3.784202e-09	2.856046e+01	2.423131e+02
4.570000e-06	3.827850e-06	3.794714e-09	2.834148e+01	2.416261e+02
4.580000e-06	3.797853e-06	3.770672e-09	2.811939e+01	2.409511e+02
4.590000e-06	3.767357e-06	3.747365e-09	2.789359e+01	2.402880e+02
4.600000e-06	3.736477e-06	3.749920e-09	2.766496e+01	2.396364e+02
4.610000e-06	3.705247e-06	3.747372e-09	2.743372e+01	2.389959e+02
4.620000e-06	3.673731e-06	3.732120e-09	2.720038e+01	2.383657e+02
4.630000e-06	3.642003e-06	3.725521e-09	2.696547e+01	2.377447e+02
4.640000e-06	3.610055e-06	3.718419e-09	2.672892e+01	2.371317e+02
4.650000e-06	3.577930e-06	3.705353e-09	2.649107e+01	2.365252e+02
4.660000e-06	3.545647e-06	3.696499e-09	2.625205e+01	2.359236e+02
4.670000e-06	3.513146e-06	3.694190e-09	2.601141e+01	2.353250e+02
4.680000e-06	3.480456e-06	3.676484e-09	2.576937e+01	2.347276e+02
4.690000e-06	3.447604e-06	3.654981e-09	2.552613e+01	2.341291e+02
4.700000e-06	3.414538e-06	3.648707e-09	2.528131e+01	2.335275e+02
4.710000e-06	3.381192e-06	3.647631e-09	2.503442e+01	2.329204e+02
4.720000e-06	3.347552e-06	3.628941e-09	2.478534e+01	2.323055e+02
4.730000e-06	3.313633e-06	3.612863e-09	2.453421e+01	2.316805e+02
4.740000e-06	3.279482e-06	3.606597e-09	2.428135e+01	2.310430e+02
4.750000e-06	3.245216e-06	3.598460e-09	2.402765e+01	2.303906e+02
4.760000e-06	3.210802e-06	3.578765e-09	2.377285e+01	2.297211e+02
4.770000e-06	3.176095e-06	3.562847e-09	2.351587e+01	2.290321e+02
4.780000e-06	3.141096e-06	3.549124e-09	2.325674e+01	2.283217e+02
4.790000e-06	3.105853e-06	3.535358e-09	2.299580e+01	2.275877e+02
4.800000e-06	3.070410e-06	3.520188e-09	2.273338e+01	2.268282e+02
4.810000e-06	3.034760e-06	3.509043e-09	2.246943e+01	2.260415e+02
4.820000e-06	2.998949e-06	3.496943e-09	2.220428e+01	2.252260e+02
4.830000e-06	2.963039e-06	3.484398e-09	2.193840e+01	2.243803e+02
4.840000e-06	2.927016e-06	3.471741e-09	2.167169e+01	2.235031e+02
4.850000e-06	2.890900e-06	3.459530e-09	2.140429e+01	2.225934e+02
4.860000e-06	2.854615e-06	3.440048e-09	2.113563e+01	2.216504e+02
4.870000e-06	2.818179e-06	3.420772e-09	2.086585e+01	2.206735e+02
4.880000e-06	2.781575e-06	3.410730e-09	2.059484e+01	2.196623e+02
4.890000e-06	2.744691e-06	3.398080e-09	2.032175e+01	2.186167e+02
4.900000e-06	2.707547e-06	3.378051e-09	2.004674e+01	2.175366e+02
4.910000e-06	2.670139e-06	3.359502e-09	1.976977e+01	2.164223e+02
4.920000e-06	2.632422e-06	3.345414e-09	1.949051e+01	2.152741e+02
4.930000e-06	2.594388e-06	3.328218e-09	1.920891e+01	2.140928e+02
4.940000e-06	2.555945e-06	3.309841e-09	1.892427e+01	2.128790e+02
4.950000e-06	2.517287e-06	3.293285e-09	1.863805e+01	2.116338e+02
4.960000e-06	2.478447e-06	3.279621e-09	1.835047e+01	2.103581e+02
4.970000e-06	2.439243e-06	3.263165e-09	1.806021e+01	2.090531e+02
4.980000e-06	2.399860e-06	3.244655e-09	1.776862e+01	2.077202e+02
4.990000e-06	2.360363e-06	3.224618e-09	1.747618e+01	2.063606e+02
5.000000e-06	2.320681e-06	3.207194e-09	1.718237e+01	2.049757e+02
5.010000e-06	2.280830e-06	3.188653e-09	1.688731e+01	2.035669e+02
5.020000e-06	2.240822e-06	3.169526e-09	1.659110e+01	2.021358e+02
5.030000e-06	2.200734e-06	3.149106e-09	1.629428e+01	2.006835e+02
5.040000e-06	2.160570e-06	3.128584e-09	1.599691e+01	1.992115e+02
5.050000e-06	2.120333e-06	3.109387e-09	1.569899e+01	1.977209e+02
5.060000e-06	2.080022e-06	3.091666e-09	1.540052e+01	1.962130e+02
5.070000e-06	2.039604e-06	3.069768e-09	1.510127e+01	1.946886e+02
5.080000e-06	1.999100e-06	3.047084e-09	1.480138e+01	1.931487e+02
5.090000e-06	1.958464e-06	3.026203e-09	1.450051e+01	1.915938e+02
5.100000e-06	1.917690e-06	3.005009e-09	1.419862e+01	1.900246e+02
5.110000e-06	1.876746e-06	2.976831e-09	1.389547e+01	1.884410e+02
5.120000e-06	1.835642e-06	2.949090e-09	1.359113e+01	1.868433e+02
5.130000e-06	1.794452e-06	2.926108e-09	1.328616e+01	1.852311e+02
5.140000e-06	1.753185e-06	2.901886e-09	1.298062e+01	1.836039e+02
5.150000e-06	1.711722e-06	2.873727e-09	1.267362e+01	1.819609e+02
5.160000e-06	1.670079e-06	2.846520e-09	1.236530e+01	1.803011e+02
5.170000e-06	1.628312e-06	2.823268e-09	1.205606e+01	1.786230e+02
5.180000e-06	1.586359e-06	2.796982e-09	1.174543e+01	1.769250e+02
5.190000e-06	1.544322e-06	2.768519e-09	1.143419e+01	1.752052e+02
5.200000e-06	1.502198e-06	2.738868e-09	1.112231e+01	1.734614e+02
5.210000e-06	1.459962e-06	2.709077e-09	1.080959e+01	1.716911e+02
5.220000e-06	1.417640e-06	2.677327e-09	1.049624e+01	1.698914e+02
5.230000e-06	1.375261e-06	2.647594e-09	1.018246e+01	1.680595e+02
5.240000e-06	1.332835e-06	2.618335e-09	9.868337e+00	1.661921e+02
5.250000e-06	1.290379e-06	2.587753e-09	9.553991e+00	1.642857e+02
5.260000e-06	1.247842e-06	2.555459e-09	9.239047e+00	1.623367e+02
5.270000e-06	1.205243e-06	2.523041e-09	8.923641e+00	1.603413e+02
5.280000e-06	1.162534e-06	2.489877e-09	8.607426e+00	1.582955e+02
5.290000e-06	1.119641e-06	2.454776e-09	8.289848e+00	1.561953e+02
5.300000e-06	1.076684e-06	2.419903e-09	7.971791e+00	1.540365e+02
5.310000e-06	1.033640e-06	2.383847e-09	7.653091e+00	1.518150e+02
5.320000e-06	9.905141e-07	2.345932e-09	7.333788e+00	1.495266e+02
5.330000e-06	9.473846e-07	2.309084e-09	7.014455e+00	1.471671e+02
5.340000e-06	9.042083e-07	2.274859e-09	6.694778e+00	1.447323e+02
5.350000e-06	8.609323e-07	2.239623e-09	6.374361e+00	1.422183e+02
5.360000e-06	8.175997e-07	2.198751e-09	6.053525e+00	1.396212e+02
5.370000e-06	7.742501e-07	2.153699e-09	5.732564e+00	1.369372e+02
5.380000e-06	7.308237e-07	2.107562e-09	5.411034e+00	1.341627e+02
5.390000e-06	6.872552e-07	2.062467e-09	5.088452e+00	1.312945e+02
5.400000e-06	6.436703e-07	2.014875e-09	4.765748e+00	1.283296e+02
5.410000e-06	6.000864e-07	1.963143e-09	4.443053e+00	1.252651e+02
5.420000e-06	5.564037e-07	1.912696e-09	4.119625e+00	1.220987e+02
5.430000e-06	5.126880e-07	1.863875e-09	3.795953e+00	1.188283e+02
5.440000e-06	4.689282e-07	1.812025e-09	3.471954e+00	1.154522e+02
5.450000e-06	4.250740e-07	1.756867e-09	3.147257e+00	1.119692e+02
5.460000e-06	3.812108e-07	1.699603e-09	2.822493e+00	1.083784e+02
5.470000e-06	3.373413e-07	1.641219e-09	2.497682e+00	1.046793e+02
5.480000e-06	2.934508e-07	1.583081e-09	2.172716e+00	1.008721e+02
5.490000e-06	2.495355e-07	1.522589e-09	1.847566e+00	9.695727e+01
5.500000e-06	2.055807e-07	1.459643e-09	1.522124e+00	9.293575e+01
5.510000e-06	1.616590e-07	1.397305e-09	1.196926e+00	8.880904e+01
5.520000e-06	1.177455e-07	1.333947e-09	8.717899e-01	8.457909e+01
5.530000e-06	7.382700e-08	1.266687e-09	5.466166e-01	8.024834e+01
5.540000e-06	2.994344e-08	1.198618e-09	2.217018e-01	7.581970e+01
5.550000e-06	-1.394257e-08	1.131068e-09	-1.032311e-01	7.129654e+01
5.560000e-06	-5.783788e-08	1.061763e-09	-4.282329e-01	6.668270e+01
5.570000e-06	-1.017166e-07	9.921839e-10	-7.531120e-01	6.198245e+01
5.580000e-06	-1.456097e-07	9.242324e-10	-1.078098e+00	5.720048e+01
5.590000e-06	-1.895308e-07	8.526092e-10	-1.403290e+00	5.234188e+01
5.600000e-06	-2.334313e-07	7.734844e-10	-1.728330e+00	4.741211e+01
5.610000e-06	-2.773218e-07	6.928637e-10	-2.053297e+00	4.241700e+01
5.620000e-06	-3.211886e-07	6.149932e-10	-2.378087e+00	3.736267e+01
5.630000e-06	-3.650199e-07	5.391371e-10	-2.702615e+00	3.225555e+01
5.640000e-06	-4.088588e-07	4.630453e-10	-3.027199e+00	2.710232e+01
5.650000e-06	-4.526705e-07	3.837991e-10	-3.351582e+00	2.190987e+01
5.660000e-06	-4.963527e-07	3.048647e-10	-3.675006e+00	1.668530e+01
5.670000e-06	-5.400258e-07	2.260810e-10	-3.998362e+00	1.143583e+01
5.680000e-06	-5.837684e-07	1.461916e-10	-4.322234e+00	6.168796e+00
5.690000e-06	-6.274637e-07	6.247739e-11	-4.645754e+00	8.916133e-01
5.700000e-06	-6.711483e-07	-2.386328e-11	-4.969196e+00	-4.388277e+00
5.710000e-06	-7.148422e-07	-1.087259e-10	-5.292707e+00	-9.663439e+00
5.720000e-06	-7.584276e-07	-1.911104e-10	-5.615414e+00	-1.492649e+01
5.730000e-06	-8.019046e-07	-2.718654e-10	-5.937318e+00	-2.017011e+01
5.740000e-06	-8.453140e-07	-3.544096e-10	-6.258723e+00	-2.538712e+01
5.750000e-06	-8.886663e-07	-4.366893e-10	-6.579704e+00	-3.057049e+01
5.760000e-06	-9.319315e-07	-5.165006e-10	-6.900040e+00	-3.571337e+01
5.770000e-06	-9.750799e-07	-5.942993e-10	-7.219512e+00	-4.080915e+01
5.780000e-06	-1.018130e-06	-6.721404e-10	-7.538257e+00	-4.585145e+01
5.790000e-06	-1.061133e-06	-7.524369e-10	-7.856650e+00	-5.083419e+01
5.800000e-06	-1.104081e-06	-8.332421e-10	-8.174641e+00	-5.575160e+01
5.810000e-06	-1.146907e-06	-9.117366e-10	-8.491726e+00	-6.059821e+01
5.820000e-06	-1.189619e-06	-9.862540e-10	-8.807967e+00	-6.536894e+01
5.830000e-06	-1.232206e-06	-1.058800e-09	-9.123281e+00	-7.005907e+01
5.840000e-06	-1.274688e-06	-1.131628e-09	-9.437815e+00	-7.466426e+01
5.850000e-06	-1.317183e-06	-1.201723e-09	-9.752451e+00	-7.918056e+01
5.860000e-06	-1.359610e-06	-1.268036e-09	-1.006658e+01	-8.360447e+01
5.870000e-06	-1.401891e-06	-1.332668e-09	-1.037963e+01	-8.793287e+01
5.880000e-06	-1.444042e-06	-1.398157e-09	-1.069171e+01	-9.216308e+01
5.890000e-06	-1.486113e-06	-1.463053e-09	-1.100321e+01	-9.629285e+01
5.900000e-06	-1.528182e-06	-1.527019e-09	-1.131469e+01	-1.003203e+02
5.910000e-06	-1.570198e-06	-1.589189e-09	-1.162578e+01	-1.042441e+02
5.920000e-06	-1.612170e-06	-1.648483e-09	-1.193654e+01	-1.080632e+02
5.930000e-06	-1.654005e-06	-1.703689e-09	-1.224629e+01	-1.117771e+02
5.940000e-06	-1.695629e-06	-1.757927e-09	-1.255447e+01	-1.153854e+02
5.950000e-06	-1.737067e-06	-1.813070e-09	-1.286128e+01	-1.188885e+02
5.960000e-06	-1.778412e-06	-1.864115e-09	-1.316740e+01	-1.222868e+02
5.970000e-06	-1.819602e-06	-1.910894e-09	-1.347237e+01	-1.255812e+02
5.980000e-06	-1.860612e-06	-1.958899e-09	-1.377601e+01	-1.287730e+02
5.990000e-06	-1.901523e-06	-2.010402e-09	-1.407892e+01	-1.318637e+02
6.000000e-06	-1.942262e-06	-2.061008e-09	-1.438055e+01	-1.348552e+02
6.010000e-06	-1.982849e-06	-2.107127e-09	-1.468105e+01	-1.377495e+02
6.020000e-06	-2.023350e-06	-2.152737e-09	-1.498092e+01	-1.405489e+02
6.030000e-06	-2.063723e-06	-2.199003e-09	-1.527985e+01	-1.432560e+02
6.040000e-06	-2.103999e-06	-2.243055e-09	-1.557805e+01	-1.458735e+02
6.050000e-06	-2.144245e-06	-2.283405e-09	-1.587603e+01	-1.484043e+02
6.060000e-06	-2.184393e-06	-2.322243e-09	-1.617329e+01	-1.508514e+02
6.070000e-06	-2.224444e-06	-2.363105e-09	-1.646983e+01	-1.532180e+02
6.080000e-06	-2.264428e-06	-2.403173e-09	-1.676587e+01	-1.555074e+02
6.090000e-06	-2.304318e-06	-2.440622e-09	-1.706122e+01	-1.577228e+02
6.100000e-06	-2.344035e-06	-2.476827e-09	-1.735529e+01	-1.598675e+02
6.110000e-06	-2.383596e-06	-2.511872e-09	-1.764819e+01	-1.619450e+02
6.120000e-06	-2.422955e-06	-2.543471e-09	-1.793961e+01	-1.639586e+02
6.130000e-06	-2.462057e-06	-2.573955e-09	-1.822912e+01	-1.659116e+02
6.140000e-06	-2.500948e-06	-2.607411e-09	-1.851707e+01	-1.678072e+02
6.150000e-06	-2.539499e-06	-2.640021e-09	-1.880251e+01	-1.696488e+02
6.160000e-06	-2.577625e-06	-2.668933e-09	-1.908479e+01	-1.714394e+02
6.170000e-06	-2.615548e-06	-2.701207e-09	-1.936558e+01	-1.731820e+02
6.180000e-06	-2.653283e-06	-2.734907e-09	-1.964496e+01	-1.748796e+02
6.190000e-06	-2.690610e-06	-2.766157e-09	-1.992134e+01	-1.765350e+02
6.200000e-06	-2.727584e-06	-2.794966e-09	-2.019509e+01	-1.781508e+02
6.210000e-06	-2.764324e-06	-2.821279e-09	-2.046711e+01	-1.797296e+02
6.220000e-06	-2.800879e-06	-2.844830e-09	-2.073776e+01	-1.812736e+02
6.230000e-06	-2.837210e-06	-2.868145e-09	-2.100676e+01	-1.827851e+02
6.240000e-06	-2.873383e-06	-2.893058e-09	-2.127459e+01	-1.842662e+02
6.250000e-06	-2.909493e-06	-2.915828e-09	-2.154195e+01	-1.857185e+02
6.260000e-06	-2.945513e-06	-2.937459e-09	-2.180864e+01	-1.871440e+02
6.270000e-06	-2.981413e-06	-2.962638e-09	-2.207445e+01	-1.885440e+02
6.280000e-06	-3.017136e-06	-2.989151e-09	-2.233894e+01	-1.899199e+02
6.290000e-06	-3.052640e-06	-3.014684e-09	-2.260181e+01	-1.912729e+02
6.300000e-06	-3.087968e-06	-3.035945e-09	-2.286338e+01	-1.926040e+02
6.310000e-06	-3.123125e-06	-3.052985e-09	-2.312368e+01	-1.939141e+02
6.320000e-06	-3.158070e-06	-3.072571e-09	-2.338242e+01	-1.952039e+02
6.330000e-06	-3.192749e-06	-3.091965e-09	-2.363918e+01	-1.964739e+02
6.340000e-06	-3.227193e-06	-3.108860e-09	-2.389420e+01	-1.977247e+02
6.350000e-06	-3.261386e-06	-3.126261e-09	-2.414737e+01	-1.989564e+02
6.360000e-06	-3.295336e-06	-3.145287e-09	-2.439874e+01	-2.001693e+02
6.370000e-06	-3.329102e-06	-3.163972e-09	-2.464874e+01	-2.013634e+02
6.380000e-06	-3.362673e-06	-3.181838e-09	-2.489730e+01	-2.025388e+02
6.390000e-06	-3.396022e-06	-3.197725e-09	-2.514422e+01	-2.036953e+02
6.400000e-06	-3.429109e-06	-3.212510e-09	-2.538919e+01	-2.048327e+02
6.410000e-06	-3.461906e-06	-3.227577e-09	-2.563203e+01	-2.059508e+02
6.420000e-06	-3.494394e-06	-3.242382e-09	-2.587257e+01	-2.070493e+02
6.430000e-06	-3.526675e-06	-3.255073e-09	-2.611157e+01	-2.081278e+02
6.440000e-06	-3.558842e-06	-3.266480e-09	-2.634974e+01	-2.091860e+02
6.450000e-06	-3.590887e-06	-3.278288e-09	-2.658700e+01	-2.102235e+02
6.460000e-06	-3.622763e-06	-3.290751e-09	-2.682302e+01	-2.112397e+02
6.470000e-06	-3.654410e-06	-3.304630e-09	-2.705733e+01	-2.122345e+02
6.480000e-06	-3.685805e-06	-3.319258e-09	-2.728977e+01	-2.132072e+02
6.490000e-06	-3.716913e-06	-3.334108e-09	-2.752010e+01	-2.141577e+02
6.500000e-06	-3.747626e-06	-3.348077e-09	-2.774750e+01	-2.150854e+02
6.510000e-06	-3.777852e-06	-3.361040e-09	-2.797130e+01	-2.159901e+02
6.520000e-06	-3.807565e-06	-3.372410e-09	-2.819129e+01	-2.168715e+02
6.530000e-06	-3.836815e-06	-3.384084e-09	-2.840786e+01	-2.177293e+02
6.540000e-06	-3.865707e-06	-3.396426e-09	-2.862178e+01	-2.185635e+02
6.550000e-06	-3.894353e-06	-3.407386e-09	-2.883387e+01	-2.193738e+02
6.560000e-06	-3.922808e-06	-3.418920e-09	-2.904455e+01	-2.201602e+02
6.570000e-06	-3.951079e-06	-3.432899e-09	-2.925387e+01	-2.209228e+02
6.580000e-06	-3.979177e-06	-3.447539e-09	-2.946191e+01	-2.216616e+02
6.590000e-06	-4.007081e-06	-3.457981e-09	-2.966851e+01	-2.223768e+02
6.600000e-06	-4.034750e-06	-3.466797e-09	-2.987337e+01	-2.230685e+02
6.610000e-06	-4.062108e-06	-3.479570e-09	-3.007593e+01	-2.237372e+02
6.620000e-06	-4.089149e-06	-3.492769e-09	-3.027614e+01	-2.243831e+02
6.630000e-06	-4.115949e-06	-3.503256e-09	-3.047458e+01	-2.250068e+02
6.640000e-06	-4.142498e-06	-3.512026e-09	-3.067114e+01	-2.256086e+02
6.650000e-06	-4.168705e-06	-3.521126e-09	-3.086518e+01	-2.261893e+02
6.660000e-06	-4.194604e-06	-3.531071e-09	-3.105694e+01	-2.267495e+02
6.670000e-06	-4.220173e-06	-3.541232e-09	-3.124625e+01	-2.272899e+02
6.680000e-06	-4.245515e-06	-3.549271e-09	-3.143388e+01	-2.278112e+02
6.690000e-06	-4.270623e-06	-3.555058e-09	-3.161978e+01	-2.283142e+02
6.700000e-06	-4.295322e-06	-3.563109e-09	-3.180265e+01	-2.287999e+02
6.710000e-06	-4.319765e-06	-3.573065e-09	-3.198363e+01	-2.292691e+02
6.720000e-06	-4.344044e-06	-3.581329e-09	-3.216339e+01	-2.297229e+02
6.730000e-06	-4.368091e-06	-3.588800e-09	-3.234144e+01	-2.301620e+02
6.740000e-06	-4.391903e-06	-3.597854e-09	-3.251774e+01	-2.305876e+02
6.750000e-06	-4.415461e-06	-3.606076e-09	-3.269217e+01	-2.310006e+02
6.760000e-06	-4.438673e-06	-3.613759e-09	-3.286403e+01	-2.314020e+02
6.770000e-06	-4.461450e-06	-3.622062e-09	-3.303267e+01	-2.317929e+02
6.780000e-06	-4.483738e-06	-3.628616e-09	-3.319769e+01	-2.321743e+02
6.790000e-06	-4.505522e-06	-3.632933e-09	-3.335898e+01	-2.325470e+02
6.800000e-06	-4.526845e-06	-3.639219e-09	-3.351685e+01	-2.329122e+02
6.810000e-06	-4.547740e-06	-3.647212e-09	-3.367156e+01	-2.332706e+02
6.820000e-06	-4.568232e-06	-3.653488e-09	-3.382329e+01	-2.336233e+02
6.830000e-06	-4.588486e-06	-3.658601e-09	-3.397325e+01	-2.339710e+02
6.840000e-06	-4.608594e-06	-3.663896e-09	-3.412213e+01	-2.343145e+02
6.850000e-06	-4.628492e-06	-3.670190e-09	-3.426945e+01	-2.346546e+02
6.860000e-06	-4.648166e-06	-3.674683e-09	-3.441512e+01	-2.349919e+02
6.870000e-06	-4.667527e-06	-3.676611e-09	-3.455846e+01	-2.353271e+02
6.880000e-06	-4.686476e-06	-3.679103e-09	-3.469877e+01	-2.356607e+02
6.890000e-06	-4.705086e-06	-3.682673e-09	-3.483655e+01	-2.359930e+02
6.900000e-06	-4.723425e-06	-3.686527e-09	-3.497233e+01	-2.363246e+02
6.910000e-06	-4.741543e-06	-3.691355e-09	-3.510649e+01	-2.366555e+02
6.920000e-06	-4.759368e-06	-3.697189e-09	-3.523846e+01	-2.369862e+02
6.930000e-06	-4.776843e-06	-3.701706e-09	-3.536784e+01	-2.373165e+02
6.940000e-06	-4.793960e-06	-3.705614e-09	-3.549458e+01	-2.376466e+02
6.950000e-06	-4.810699e-06	-3.708817e-09	-3.561852e+01	-2.379764e+02
6.960000e-06	-4.827179e-06	-3.713118e-09	-3.574053e+01	-2.383057e+02
6.970000e-06	-4.843463e-06	-3.716227e-09	-3.586111e+01	-2.386342e+02
6.980000e-06	-4.859469e-06	-3.718189e-09	-3.597961e+01	-2.389615e+02
6.990000e-06	-4.875248e-06	-3.722040e-09	-3.609644e+01	-2.392874e+02
7.000000e-06	-4.890703e-06	-3.726729e-09	-3.621087e+01	-2.396111e+02
7.010000e-06	-4.905489e-06	-3.731353e-09	-3.632034e+01	-2.399322e+02
7.020000e-06	-4.919608e-06	-3.734558e-09	-3.642488e+01	-2.402500e+02
7.030000e-06	-4.933096e-06	-3.736883e-09	-3.652475e+01	-2.405637e+02
7.040000e-06	-4.946054e-06	-3.738265e-09	-3.662068e+01	-2.408727e+02
7.050000e-06	-4.958684e-06	-3.739780e-09	-3.671420e+01	-2.411760e+02
7.060000e-06	-4.971028e-06	-3.740136e-09	-3.680559e+01	-2.414728e+02
7.070000e-06	-4.983080e-06	-3.740772e-09	-3.689483e+01	-2.417623e+02
7.080000e-06	-4.994807e-06	-3.742168e-09	-3.698165e+01	-2.420434e+02
7.090000e-06	-5.006163e-06	-3.744139e-09	-3.706574e+01	-2.423153e+02
7.100000e-06	-5.017094e-06	-3.745096e-09	-3.714667e+01	-2.425770e+02
7.110000e-06	-5.027631e-06	-3.746125e-09	-3.722469e+01	-2.428277e+02
7.120000e-06	-5.037867e-06	-3.748889e-09	-3.730048e+01	-2.430664e+02
7.130000e-06	-5.047862e-06	-3.750173e-09	-3.737448e+01	-2.432923e+02
7.140000e-06	-5.057509e-06	-3.748675e-09	-3.744590e+01	-2.435045e+02
7.150000e-06	-5.066731e-06	-3.747988e-09	-3.751418e+01	-2.437023e+02
7.160000e-06	-5.075534e-06	-3.750219e-09	-3.757936e+01	-2.438850e+02
7.170000e-06	-5.084010e-06	-3.752701e-09	-3.764212e+01	-2.440520e+02
7.180000e-06	-5.092284e-06	-3.753341e-09	-3.770338e+01	-2.442027e+02
7.190000e-06	-5.100363e-06	-3.753811e-09	-3.776320e+01	-2.443367e+02
7.200000e-06	-5.108147e-06	-3.755104e-09	-3.782083e+01	-2.444536e+02
7.210000e-06	-5.115607e-06	-3.757011e-09	-3.787606e+01	-2.445533e+02
7.220000e-06	-5.122753e-06	-3.757923e-09	-3.792897e+01	-2.446356e+02
7.230000e-06	-5.129368e-06	-3.757361e-09	-3.797795e+01	-2.447005e+02
7.240000e-06	-5.135363e-06	-3.756995e-09	-3.802233e+01	-2.447483e+02
7.250000e-06	-5.140737e-06	-3.756681e-09	-3.806212e+01	-2.447792e+02
7.260000e-06	-5.145598e-06	-3.755495e-09	-3.809812e+01	-2.447936e+02
7.270000e-06	-5.150214e-06	-3.756470e-09	-3.813229e+01	-2.447922e+02
7.280000e-06	-5.154597e-06	-3.758495e-09	-3.816474e+01	-2.447757e+02
7.290000e-06	-5.158707e-06	-3.759836e-09	-3.819517e+01	-2.447450e+02
7.300000e-06	-5.162549e-06	-3.763192e-09	-3.822362e+01	-2.447010e+02
7.310000e-06	-5.166030e-06	-3.765369e-09	-3.824939e+01	-2.446449e+02
7.320000e-06	-5.169124e-06	-3.764860e-09	-3.827230e+01	-2.445781e+02
7.330000e-06	-5.171818e-06	-3.764087e-09	-3.829225e+01	-2.445019e+02
7.340000e-06	-5.174231e-06	-3.763964e-09	-3.831011e+01	-2.444179e+02
7.350000e-06	-5.176449e-06	-3.762267e-09	-3.832654e+01	-2.443278e+02
7.360000e-06	-5.178349e-06	-3.761301e-09	-3.834060e+01	-2.442334e+02
7.370000e-06	-5.179734e-06	-3.762862e-09	-3.835086e+01	-2.441364e+02
7.380000e-06	-5.180683e-06	-3.765816e-09	-3.835789e+01	-2.440390e+02
7.390000e-06	-5.181431e-06	-3.767431e-09	-3.836342e+01	-2.439429e+02
7.400000e-06	-5.181878e-06	-3.768698e-09	-3.836673e+01	-2.438504e+02
