# Temperatura_=_20.0
# Concentracion g/m^3_=_9000.0
# C_Vs_to_Am_M_A/Vsm_=_65563218390.804596
# pendiente_HvsI_1/m_=_3716.3
# ordenada_HvsI_A/m_=_1297.0
# frecuencia_Hz_=_300802.472356663

Tiempo_(s)	Campo_(V.s)	Magnetizacion_(V.s)	Campo_(kA/m)	Magnetizacion_(A/m)
0.000000e+00	-4.065998e-06	-5.077488e-11	-5.683229e+01	-3.068899e+00
1.000000e-08	-4.064217e-06	-5.184763e-11	-5.680740e+01	-3.063476e+00
2.000000e-08	-4.060880e-06	-5.057055e-11	-5.676075e+01	-3.053704e+00
3.000000e-08	-4.056325e-06	-4.997805e-11	-5.669708e+01	-3.039259e+00
4.000000e-08	-4.050601e-06	-4.857924e-11	-5.661708e+01	-3.019972e+00
5.000000e-08	-4.043627e-06	-4.751311e-11	-5.651960e+01	-2.995900e+00
6.000000e-08	-4.035490e-06	-4.141594e-11	-5.640587e+01	-2.967404e+00
7.000000e-08	-4.025862e-06	-2.299238e-11	-5.627129e+01	-2.935207e+00
8.000000e-08	-4.014389e-06	-4.327342e-11	-5.611093e+01	-2.900427e+00
9.000000e-08	-4.001077e-06	-1.012841e-10	-5.592486e+01	-2.864571e+00
1.000000e-07	-3.985665e-06	-1.068921e-10	-5.570943e+01	-2.829481e+00
1.100000e-07	-3.968500e-06	-6.447088e-11	-5.546952e+01	-2.797234e+00
1.200000e-07	-3.950193e-06	7.194181e-11	-5.521363e+01	-2.769992e+00
1.300000e-07	-3.930942e-06	1.652249e-11	-5.494456e+01	-2.749824e+00
1.400000e-07	-3.910763e-06	-1.851848e-10	-5.466250e+01	-2.738501e+00
1.500000e-07	-3.889546e-06	-5.356559e-11	-5.436594e+01	-2.737305e+00
1.600000e-07	-3.867226e-06	6.278023e-12	-5.405396e+01	-2.746853e+00
1.700000e-07	-3.843293e-06	-7.389314e-11	-5.371944e+01	-2.766979e+00
1.800000e-07	-3.817540e-06	2.428746e-11	-5.335947e+01	-2.796679e+00
1.900000e-07	-3.790644e-06	-7.310487e-11	-5.298354e+01	-2.834136e+00
2.000000e-07	-3.762615e-06	-1.889867e-10	-5.259177e+01	-2.876823e+00
2.100000e-07	-3.733056e-06	7.629391e-11	-5.217861e+01	-2.921687e+00
2.200000e-07	-3.702320e-06	7.300186e-11	-5.174900e+01	-2.965386e+00
2.300000e-07	-3.670597e-06	-1.798283e-10	-5.130559e+01	-3.004563e+00
2.400000e-07	-3.637472e-06	-1.003698e-10	-5.084259e+01	-3.036124e+00
2.500000e-07	-3.602795e-06	2.514303e-11	-5.035790e+01	-3.057488e+00
2.600000e-07	-3.566747e-06	3.228487e-11	-4.985403e+01	-3.066792e+00
2.700000e-07	-3.529466e-06	-4.829778e-11	-4.933295e+01	-3.063009e+00
2.800000e-07	-3.491026e-06	-1.417259e-10	-4.879565e+01	-3.045990e+00
2.900000e-07	-3.451432e-06	-2.745020e-11	-4.824223e+01	-3.016402e+00
3.000000e-07	-3.410627e-06	3.689650e-11	-4.767187e+01	-2.975601e+00
3.100000e-07	-3.368358e-06	-8.043123e-11	-4.708106e+01	-2.925428e+00
3.200000e-07	-3.324728e-06	-5.389294e-11	-4.647122e+01	-2.867982e+00
3.300000e-07	-3.280040e-06	-3.259713e-11	-4.584660e+01	-2.805376e+00
3.400000e-07	-3.234245e-06	-7.663426e-11	-4.520650e+01	-2.739531e+00
3.500000e-07	-3.187143e-06	-2.775265e-12	-4.454814e+01	-2.672010e+00
3.600000e-07	-3.138826e-06	1.496662e-11	-4.387279e+01	-2.603927e+00
3.700000e-07	-3.089286e-06	-1.084979e-10	-4.318034e+01	-2.535930e+00
3.800000e-07	-3.038153e-06	-8.859062e-11	-4.246564e+01	-2.468257e+00
3.900000e-07	-2.985581e-06	6.238954e-11	-4.173081e+01	-2.400850e+00
4.000000e-07	-2.932055e-06	-3.381902e-12	-4.098266e+01	-2.333510e+00
4.100000e-07	-2.877689e-06	-1.168598e-10	-4.022276e+01	-2.266055e+00
4.200000e-07	-2.822403e-06	-3.933896e-11	-3.945001e+01	-2.198466e+00
4.300000e-07	-2.766154e-06	3.252868e-11	-3.866378e+01	-2.130988e+00
4.400000e-07	-2.708658e-06	-2.629072e-11	-3.786014e+01	-2.064171e+00
4.500000e-07	-2.649851e-06	-6.752595e-11	-3.703817e+01	-1.998846e+00
4.600000e-07	-2.590183e-06	-3.287680e-11	-3.620415e+01	-1.936039e+00
4.700000e-07	-2.529822e-06	-3.985445e-12	-3.536046e+01	-1.876831e+00
4.800000e-07	-2.468570e-06	-1.802733e-11	-3.450432e+01	-1.822191e+00
4.900000e-07	-2.406458e-06	-2.796994e-11	-3.363615e+01	-1.772809e+00
5.000000e-07	-2.343579e-06	-2.653566e-11	-3.275726e+01	-1.728955e+00
5.100000e-07	-2.279982e-06	-2.843541e-11	-3.186834e+01	-1.690380e+00
5.200000e-07	-2.215614e-06	-7.156776e-12	-3.096863e+01	-1.656296e+00
5.300000e-07	-2.150094e-06	-3.898443e-12	-3.005283e+01	-1.625419e+00
5.400000e-07	-2.083437e-06	-2.647443e-11	-2.912115e+01	-1.596085e+00
5.500000e-07	-2.016127e-06	-4.343279e-11	-2.818032e+01	-1.566423e+00
5.600000e-07	-1.948381e-06	-1.437864e-11	-2.723340e+01	-1.534554e+00
5.700000e-07	-1.880035e-06	8.454723e-12	-2.627810e+01	-1.498804e+00
5.800000e-07	-1.811014e-06	-2.877829e-11	-2.531335e+01	-1.457881e+00
5.900000e-07	-1.741434e-06	-4.763503e-11	-2.434082e+01	-1.411004e+00
6.000000e-07	-1.671313e-06	-1.401206e-11	-2.336069e+01	-1.357971e+00
6.100000e-07	-1.600539e-06	7.008798e-12	-2.237146e+01	-1.299136e+00
6.200000e-07	-1.529204e-06	-2.338885e-11	-2.137437e+01	-1.235322e+00
6.300000e-07	-1.457553e-06	-3.348988e-11	-2.037287e+01	-1.167669e+00
6.400000e-07	-1.385538e-06	-8.634182e-12	-1.936629e+01	-1.097447e+00
6.500000e-07	-1.312890e-06	7.563718e-13	-1.835086e+01	-1.025857e+00
6.600000e-07	-1.239399e-06	-1.264657e-11	-1.732365e+01	-9.538586e-01
6.700000e-07	-1.165212e-06	-1.765502e-11	-1.628669e+01	-8.820449e-01
6.800000e-07	-1.090505e-06	-1.011234e-11	-1.524248e+01	-8.105817e-01
6.900000e-07	-1.015322e-06	-6.436571e-12	-1.419161e+01	-7.392272e-01
7.000000e-07	-9.397470e-07	-8.424252e-13	-1.313527e+01	-6.674232e-01
7.100000e-07	-8.638430e-07	-1.176883e-12	-1.207432e+01	-5.944463e-01
7.200000e-07	-7.876920e-07	-7.774706e-12	-1.100993e+01	-5.195934e-01
7.300000e-07	-7.113210e-07	-6.251421e-12	-9.942454e+00	-4.423720e-01
7.400000e-07	-6.346389e-07	7.899880e-12	-8.870634e+00	-3.626647e-01
7.500000e-07	-5.575927e-07	5.908915e-12	-7.793725e+00	-2.808377e-01
7.600000e-07	-4.803491e-07	-8.917911e-12	-6.714056e+00	-1.977741e-01
7.700000e-07	-4.030523e-07	-5.264869e-12	-5.633644e+00	-1.148226e-01
7.800000e-07	-3.256518e-07	1.005678e-11	-4.551782e+00	-3.366382e-02
7.900000e-07	-2.481175e-07	1.014656e-11	-3.468051e+00	4.388917e-02
8.000000e-07	-1.704976e-07	-3.825956e-12	-2.383121e+00	1.161299e-01
8.100000e-07	-9.289156e-08	-1.708534e-12	-1.298387e+00	1.817038e-01
8.200000e-07	-1.523944e-08	1.029577e-11	-2.130086e-01	2.398242e-01
8.300000e-07	6.252127e-08	1.052204e-11	8.738880e-01	2.904261e-01
8.400000e-07	1.402712e-07	8.158301e-13	1.960633e+00	3.342323e-01
8.500000e-07	2.178868e-07	-1.212553e-12	3.045502e+00	3.727192e-01
8.600000e-07	2.954193e-07	3.538344e-12	4.129208e+00	4.079814e-01
8.700000e-07	3.729179e-07	4.829206e-12	5.212442e+00	4.425100e-01
8.800000e-07	4.503102e-07	4.692632e-12	6.294189e+00	4.789109e-01
8.900000e-07	5.275276e-07	2.106067e-12	7.373492e+00	5.195981e-01
9.000000e-07	6.045023e-07	1.276504e-12	8.449401e+00	5.665025e-01
9.100000e-07	6.812640e-07	5.763493e-12	9.522334e+00	6.208337e-01
9.200000e-07	7.577972e-07	1.175077e-11	1.059207e+01	6.829270e-01
9.300000e-07	8.340456e-07	9.031446e-12	1.165783e+01	7.521972e-01
9.400000e-07	9.099672e-07	3.793202e-12	1.271902e+01	8.272049e-01
9.500000e-07	9.855825e-07	7.685804e-12	1.377593e+01	9.058294e-01
9.600000e-07	1.060980e-06	1.435330e-11	1.482980e+01	9.855255e-01
9.700000e-07	1.136096e-06	1.283557e-11	1.587973e+01	1.063633e+00
9.800000e-07	1.210509e-06	7.005482e-12	1.691984e+01	1.137696e+00
9.900000e-07	1.283976e-06	9.294841e-12	1.794671e+01	1.205760e+00
1.000000e-06	1.356682e-06	1.412551e-11	1.896296e+01	1.266600e+00
1.010000e-06	1.428809e-06	1.389891e-11	1.997111e+01	1.319856e+00
1.020000e-06	1.500521e-06	1.129927e-11	2.097346e+01	1.366063e+00
1.030000e-06	1.571908e-06	1.255932e-11	2.197126e+01	1.406575e+00
1.040000e-06	1.642858e-06	1.309838e-11	2.296297e+01	1.443382e+00
1.050000e-06	1.713217e-06	1.226024e-11	2.394641e+01	1.478867e+00
1.060000e-06	1.782998e-06	1.280061e-11	2.492177e+01	1.515515e+00
1.070000e-06	1.852199e-06	1.221920e-11	2.588903e+01	1.555625e+00
1.080000e-06	1.920648e-06	1.305828e-11	2.684576e+01	1.601051e+00
1.090000e-06	1.988468e-06	1.499198e-11	2.779371e+01	1.653015e+00
1.100000e-06	2.055892e-06	1.790819e-11	2.873613e+01	1.711996e+00
1.110000e-06	2.122702e-06	1.970167e-11	2.966996e+01	1.777721e+00
1.120000e-06	2.188466e-06	2.064530e-11	3.058917e+01	1.849237e+00
1.130000e-06	2.253038e-06	2.235001e-11	3.149172e+01	1.925068e+00
1.140000e-06	2.316807e-06	2.404709e-11	3.238306e+01	2.003416e+00
1.150000e-06	2.380069e-06	2.375205e-11	3.326730e+01	2.082386e+00
1.160000e-06	2.442566e-06	2.243507e-11	3.414085e+01	2.160206e+00
1.170000e-06	2.504171e-06	2.412262e-11	3.500193e+01	2.235403e+00
1.180000e-06	2.564939e-06	2.507654e-11	3.585130e+01	2.306929e+00
1.190000e-06	2.624991e-06	2.545820e-11	3.669068e+01	2.374217e+00
1.200000e-06	2.684456e-06	2.693555e-11	3.752185e+01	2.437167e+00
1.210000e-06	2.742875e-06	2.925064e-11	3.833840e+01	2.496068e+00
1.220000e-06	2.799802e-06	2.969704e-11	3.913410e+01	2.551472e+00
1.230000e-06	2.855586e-06	2.884423e-11	3.991381e+01	2.604051e+00
1.240000e-06	2.910525e-06	2.912865e-11	4.068172e+01	2.654439e+00
1.250000e-06	2.964517e-06	3.131022e-11	4.143639e+01	2.703107e+00
1.260000e-06	3.017498e-06	3.335669e-11	4.217694e+01	2.750262e+00
1.270000e-06	3.069340e-06	3.302617e-11	4.290154e+01	2.795804e+00
1.280000e-06	3.119752e-06	3.394440e-11	4.360618e+01	2.839327e+00
1.290000e-06	3.168562e-06	3.447735e-11	4.428842e+01	2.880174e+00
1.300000e-06	3.216071e-06	3.358474e-11	4.495247e+01	2.917526e+00
1.310000e-06	3.262512e-06	3.320339e-11	4.560160e+01	2.950511e+00
1.320000e-06	3.307868e-06	3.351548e-11	4.623557e+01	2.978323e+00
1.330000e-06	3.352150e-06	3.186954e-11	4.685451e+01	3.000329e+00
1.340000e-06	3.395420e-06	3.051551e-11	4.745931e+01	3.016155e+00
1.350000e-06	3.437453e-06	3.143609e-11	4.804684e+01	3.025734e+00
1.360000e-06	3.477984e-06	3.303738e-11	4.861335e+01	3.029322e+00
1.370000e-06	3.517270e-06	3.352146e-11	4.916248e+01	3.027474e+00
1.380000e-06	3.555451e-06	3.249456e-11	4.969615e+01	3.020999e+00
1.390000e-06	3.592436e-06	3.171516e-11	5.021310e+01	3.010882e+00
1.400000e-06	3.628331e-06	3.245265e-11	5.071483e+01	2.998211e+00
1.410000e-06	3.663060e-06	3.377355e-11	5.120024e+01	2.984089e+00
1.420000e-06	3.696184e-06	3.211359e-11	5.166323e+01	2.969568e+00
1.430000e-06	3.727860e-06	3.077756e-11	5.210598e+01	2.955593e+00
1.440000e-06	3.758398e-06	3.303022e-11	5.253282e+01	2.942961e+00
1.450000e-06	3.787702e-06	3.457411e-11	5.294243e+01	2.932306e+00
1.460000e-06	3.815857e-06	3.398849e-11	5.333596e+01	2.924093e+00
1.470000e-06	3.842706e-06	3.327764e-11	5.371124e+01	2.918628e+00
1.480000e-06	3.867881e-06	3.411438e-11	5.406312e+01	2.916071e+00
1.490000e-06	3.891586e-06	3.497960e-11	5.439445e+01	2.916455e+00
1.500000e-06	3.914027e-06	3.547843e-11	5.470812e+01	2.919706e+00
1.510000e-06	3.935126e-06	3.583081e-11	5.500303e+01	2.925653e+00
1.520000e-06	3.955043e-06	3.543560e-11	5.528141e+01	2.934046e+00
1.530000e-06	3.973727e-06	3.562069e-11	5.554258e+01	2.944568e+00
1.540000e-06	3.990903e-06	3.660030e-11	5.578265e+01	2.956843e+00
1.550000e-06	4.006559e-06	3.696338e-11	5.600149e+01	2.970451e+00
1.560000e-06	4.020757e-06	3.674663e-11	5.619993e+01	2.984943e+00
1.570000e-06	4.033523e-06	3.743724e-11	5.637837e+01	2.999855e+00
1.580000e-06	4.044806e-06	3.855271e-11	5.653608e+01	3.014720e+00
1.590000e-06	4.054282e-06	3.951745e-11	5.666853e+01	3.029088e+00
1.600000e-06	4.062087e-06	4.075037e-11	5.677762e+01	3.042522e+00
1.610000e-06	4.068557e-06	4.227482e-11	5.686806e+01	3.054610e+00
1.620000e-06	4.073693e-06	4.291849e-11	5.693984e+01	3.064952e+00
1.630000e-06	4.077607e-06	4.231412e-11	5.699455e+01	3.073154e+00
1.640000e-06	4.080144e-06	4.266964e-11	5.703001e+01	3.078813e+00
1.650000e-06	4.080966e-06	4.328519e-11	5.704150e+01	3.081509e+00
1.660000e-06	4.080316e-06	4.291817e-11	5.703242e+01	3.080803e+00
1.670000e-06	4.078458e-06	4.133912e-11	5.700645e+01	3.076252e+00
1.680000e-06	4.075361e-06	4.146847e-11	5.696316e+01	3.067434e+00
1.690000e-06	4.071146e-06	4.096786e-11	5.690424e+01	3.054003e+00
1.700000e-06	4.065587e-06	4.211301e-11	5.682655e+01	3.035748e+00
1.710000e-06	4.058425e-06	4.445956e-11	5.672644e+01	3.012674e+00
1.720000e-06	4.049945e-06	5.333143e-11	5.660792e+01	2.985069e+00
1.730000e-06	4.040383e-06	7.512572e-11	5.647425e+01	2.953577e+00
1.740000e-06	4.029622e-06	2.723759e-11	5.632385e+01	2.919228e+00
1.750000e-06	4.016949e-06	-2.262786e-11	5.614670e+01	2.883449e+00
1.760000e-06	4.001659e-06	-1.657468e-11	5.593299e+01	2.848018e+00
1.770000e-06	3.984322e-06	7.076418e-11	5.569066e+01	2.814971e+00
1.780000e-06	3.966214e-06	1.788370e-10	5.543757e+01	2.786467e+00
1.790000e-06	3.947851e-06	1.817847e-12	5.518090e+01	2.764612e+00
1.800000e-06	3.928271e-06	-6.630590e-11	5.490722e+01	2.751258e+00
1.810000e-06	3.906466e-06	1.264183e-10	5.460245e+01	2.747807e+00
1.820000e-06	3.883358e-06	-4.620526e-12	5.427945e+01	2.755029e+00
1.830000e-06	3.859502e-06	3.847106e-11	5.394600e+01	2.772936e+00
1.840000e-06	3.833872e-06	1.944242e-10	5.358776e+01	2.800703e+00
1.850000e-06	3.806673e-06	-7.795674e-11	5.320759e+01	2.836680e+00
1.860000e-06	3.778679e-06	-1.288894e-11	5.281630e+01	2.878479e+00
1.870000e-06	3.749448e-06	2.574624e-10	5.240773e+01	2.923144e+00
1.880000e-06	3.718571e-06	1.225867e-11	5.197615e+01	2.967370e+00
1.890000e-06	3.686215e-06	-6.790342e-11	5.152389e+01	3.007782e+00
1.900000e-06	3.652618e-06	1.801326e-10	5.105429e+01	3.041204e+00
1.910000e-06	3.618003e-06	1.167749e-10	5.057046e+01	3.064928e+00
1.920000e-06	3.582151e-06	5.544326e-11	5.006935e+01	3.076924e+00
1.930000e-06	3.544985e-06	7.887588e-12	4.954985e+01	3.075980e+00
1.940000e-06	3.506652e-06	1.460323e-11	4.901406e+01	3.061758e+00
1.950000e-06	3.466758e-06	1.657676e-10	4.845644e+01	3.034761e+00
1.960000e-06	3.425384e-06	2.088044e-11	4.787814e+01	2.996212e+00
1.970000e-06	3.383086e-06	1.460163e-11	4.728692e+01	2.947868e+00
1.980000e-06	3.339802e-06	1.420386e-10	4.668192e+01	2.891791e+00
1.990000e-06	3.295329e-06	-1.998173e-11	4.606030e+01	2.830111e+00
2.000000e-06	3.249714e-06	5.237250e-11	4.542272e+01	2.764806e+00
2.010000e-06	3.203007e-06	1.540605e-10	4.476988e+01	2.697526e+00
2.020000e-06	3.155027e-06	4.366791e-12	4.409924e+01	2.629485e+00
2.030000e-06	3.105689e-06	-2.392158e-11	4.340962e+01	2.561428e+00
2.040000e-06	3.055360e-06	7.624252e-11	4.270615e+01	2.493673e+00
2.050000e-06	3.004043e-06	1.509892e-10	4.198887e+01	2.426215e+00
2.060000e-06	2.951478e-06	3.565845e-12	4.125414e+01	2.358870e+00
2.070000e-06	2.897476e-06	-3.832325e-11	4.049934e+01	2.291441e+00
2.080000e-06	2.842068e-06	1.090629e-10	3.972487e+01	2.223862e+00
2.090000e-06	2.785660e-06	7.657388e-11	3.893643e+01	2.156315e+00
2.100000e-06	2.728289e-06	1.341590e-11	3.813453e+01	2.089286e+00
2.110000e-06	2.670037e-06	1.039256e-11	3.732032e+01	2.023552e+00
2.120000e-06	2.611044e-06	6.238165e-11	3.649575e+01	1.960105e+00
2.130000e-06	2.551226e-06	6.949918e-11	3.565964e+01	1.900029e+00
2.140000e-06	2.490622e-06	8.509025e-12	3.481255e+01	1.844331e+00
2.150000e-06	2.429039e-06	5.846539e-11	3.395177e+01	1.793776e+00
2.160000e-06	2.366202e-06	5.637442e-11	3.307348e+01	1.748731e+00
2.170000e-06	2.302371e-06	1.623393e-11	3.218128e+01	1.709064e+00
2.180000e-06	2.237931e-06	5.070010e-11	3.128058e+01	1.674102e+00
2.190000e-06	2.172793e-06	5.643272e-11	3.037011e+01	1.642659e+00
2.200000e-06	2.106789e-06	3.516227e-11	2.944754e+01	1.613139e+00
2.210000e-06	2.040035e-06	1.366114e-11	2.851449e+01	1.583699e+00
2.220000e-06	1.972644e-06	5.684999e-11	2.757253e+01	1.552446e+00
2.230000e-06	1.904658e-06	6.300736e-11	2.662227e+01	1.517644e+00
2.240000e-06	1.836137e-06	2.723259e-12	2.566451e+01	1.477904e+00
2.250000e-06	1.766965e-06	2.836789e-11	2.469766e+01	1.432332e+00
2.260000e-06	1.696928e-06	5.836629e-11	2.371873e+01	1.380597e+00
2.270000e-06	1.625912e-06	3.656385e-11	2.272611e+01	1.322942e+00
2.280000e-06	1.554146e-06	8.892458e-12	2.172300e+01	1.260098e+00
2.290000e-06	1.482011e-06	3.166670e-11	2.071473e+01	1.193154e+00
2.300000e-06	1.409504e-06	5.408208e-11	1.970128e+01	1.123368e+00
2.310000e-06	1.336529e-06	2.268909e-11	1.868127e+01	1.051971e+00
2.320000e-06	1.263141e-06	1.734661e-11	1.765550e+01	9.799876e-01
2.330000e-06	1.189369e-06	2.830367e-11	1.662434e+01	9.080970e-01
2.340000e-06	1.115140e-06	2.956493e-11	1.558681e+01	8.365575e-01
2.350000e-06	1.040434e-06	2.403494e-11	1.454261e+01	7.652093e-01
2.360000e-06	9.653806e-07	2.820381e-11	1.349356e+01	6.935510e-01
2.370000e-06	8.899795e-07	2.776834e-11	1.243965e+01	6.208797e-01
2.380000e-06	8.141894e-07	1.117114e-11	1.138029e+01	5.464716e-01
2.390000e-06	7.381472e-07	1.802255e-11	1.031742e+01	4.697739e-01
2.400000e-06	6.619385e-07	2.654386e-11	9.252213e+00	3.905774e-01
2.410000e-06	5.854797e-07	1.214202e-11	8.183515e+00	3.091391e-01
2.420000e-06	5.088494e-07	2.261128e-13	7.112418e+00	2.262328e-01
2.430000e-06	4.321221e-07	1.289600e-11	6.039966e+00	1.431158e-01
2.440000e-06	3.550806e-07	2.305981e-11	4.963122e+00	6.141271e-02
2.450000e-06	2.777588e-07	7.129120e-12	3.882361e+00	-1.707263e-02
2.460000e-06	2.004160e-07	-4.346303e-12	2.801305e+00	-9.058989e-02
2.470000e-06	1.229981e-07	8.230078e-12	1.719200e+00	-1.576894e-01
2.480000e-06	4.531339e-08	1.326044e-11	6.333657e-01	-2.174473e-01
2.490000e-06	-3.244862e-08	-4.016749e-13	-4.535490e-01	-2.696351e-01
2.500000e-06	-1.099759e-07	-6.621593e-12	-1.537183e+00	-3.148061e-01
2.510000e-06	-1.873691e-07	-3.822544e-12	-2.618943e+00	-3.542832e-01
2.520000e-06	-2.648033e-07	-4.546609e-12	-3.701275e+00	-3.900448e-01
2.530000e-06	-3.420947e-07	-6.842816e-12	-4.781612e+00	-4.245192e-01
2.540000e-06	-4.190336e-07	-5.610499e-12	-5.857022e+00	-4.603130e-01
2.550000e-06	-4.957276e-07	-7.019845e-12	-6.929009e+00	-4.999072e-01
2.560000e-06	-5.722880e-07	-7.386487e-12	-7.999128e+00	-5.453586e-01
2.570000e-06	-6.486042e-07	-3.315933e-12	-9.065834e+00	-5.980474e-01
2.580000e-06	-7.246539e-07	-3.564479e-12	-1.012881e+01	-6.585041e-01
2.590000e-06	-8.004901e-07	-1.116465e-11	-1.118881e+01	-7.263391e-01
2.600000e-06	-8.759729e-07	-1.550519e-11	-1.224387e+01	-8.002846e-01
2.610000e-06	-9.510861e-07	-1.128895e-11	-1.329376e+01	-8.783469e-01
2.620000e-06	-1.025922e-06	-1.153599e-11	-1.433978e+01	-9.580470e-01
2.630000e-06	-1.100396e-06	-1.855335e-11	-1.538073e+01	-1.036722e+00
2.640000e-06	-1.174406e-06	-2.110444e-11	-1.641520e+01	-1.111846e+00
2.650000e-06	-1.247991e-06	-1.777988e-11	-1.744373e+01	-1.181335e+00
2.660000e-06	-1.321155e-06	-1.980154e-11	-1.846638e+01	-1.243793e+00
2.670000e-06	-1.393854e-06	-2.519208e-11	-1.948252e+01	-1.298667e+00
2.680000e-06	-1.466125e-06	-2.587282e-11	-2.049269e+01	-1.346305e+00
2.690000e-06	-1.538102e-06	-2.617906e-11	-2.149875e+01	-1.387896e+00
2.700000e-06	-1.609745e-06	-2.901029e-11	-2.250014e+01	-1.425314e+00
2.710000e-06	-1.680709e-06	-3.067243e-11	-2.349203e+01	-1.460881e+00
2.720000e-06	-1.750652e-06	-2.925758e-11	-2.446966e+01	-1.497085e+00
2.730000e-06	-1.819572e-06	-2.941921e-11	-2.543298e+01	-1.536286e+00
2.740000e-06	-1.887857e-06	-3.068510e-11	-2.638744e+01	-1.580455e+00
2.750000e-06	-1.955718e-06	-3.085466e-11	-2.733596e+01	-1.630960e+00
2.760000e-06	-2.022927e-06	-3.197222e-11	-2.827537e+01	-1.688445e+00
2.770000e-06	-2.089399e-06	-3.384151e-11	-2.920448e+01	-1.752792e+00
2.780000e-06	-2.155258e-06	-3.358739e-11	-3.012501e+01	-1.823185e+00
2.790000e-06	-2.220410e-06	-3.312161e-11	-3.103567e+01	-1.898243e+00
2.800000e-06	-2.284804e-06	-3.601953e-11	-3.193574e+01	-1.976220e+00
2.810000e-06	-2.348563e-06	-3.746615e-11	-3.282692e+01	-2.055222e+00
2.820000e-06	-2.411364e-06	-3.630075e-11	-3.370472e+01	-2.133434e+00
2.830000e-06	-2.472884e-06	-3.718882e-11	-3.456461e+01	-2.209305e+00
2.840000e-06	-2.533425e-06	-3.968662e-11	-3.541083e+01	-2.281691e+00
2.850000e-06	-2.593298e-06	-3.929693e-11	-3.624770e+01	-2.349919e+00
2.860000e-06	-2.652321e-06	-3.782180e-11	-3.707269e+01	-2.413795e+00
2.870000e-06	-2.710361e-06	-3.880784e-11	-3.788393e+01	-2.473532e+00
2.880000e-06	-2.767483e-06	-4.049797e-11	-3.868236e+01	-2.529639e+00
2.890000e-06	-2.823777e-06	-4.165613e-11	-3.946921e+01	-2.582775e+00
2.900000e-06	-2.879198e-06	-4.235663e-11	-4.024385e+01	-2.633595e+00
2.910000e-06	-2.933259e-06	-4.375372e-11	-4.099949e+01	-2.682612e+00
2.920000e-06	-2.985922e-06	-4.500668e-11	-4.173558e+01	-2.730098e+00
2.930000e-06	-3.037442e-06	-4.604095e-11	-4.245570e+01	-2.776018e+00
2.940000e-06	-3.087844e-06	-4.710014e-11	-4.316018e+01	-2.820030e+00
2.950000e-06	-3.136890e-06	-4.819660e-11	-4.384573e+01	-2.861525e+00
2.960000e-06	-3.184360e-06	-4.804032e-11	-4.450924e+01	-2.899708e+00
2.970000e-06	-3.230694e-06	-4.687307e-11	-4.515687e+01	-2.933708e+00
2.980000e-06	-3.276045e-06	-4.875471e-11	-4.579076e+01	-2.962698e+00
2.990000e-06	-3.320407e-06	-5.123054e-11	-4.641083e+01	-2.985998e+00
3.000000e-06	-3.363950e-06	-5.174716e-11	-4.701945e+01	-3.003174e+00
3.010000e-06	-3.406417e-06	-5.127287e-11	-4.761303e+01	-3.014089e+00
3.020000e-06	-3.447710e-06	-5.307303e-11	-4.819019e+01	-3.018932e+00
3.030000e-06	-3.488011e-06	-5.442412e-11	-4.875351e+01	-3.018197e+00
3.040000e-06	-3.527154e-06	-5.398888e-11	-4.930062e+01	-3.012644e+00
3.050000e-06	-3.564690e-06	-5.259296e-11	-4.982528e+01	-3.003227e+00
3.060000e-06	-3.600846e-06	-5.178267e-11	-5.033065e+01	-2.991018e+00
3.070000e-06	-3.635866e-06	-5.078365e-11	-5.082014e+01	-2.977124e+00
3.080000e-06	-3.669576e-06	-4.880030e-11	-5.129132e+01	-2.962614e+00
3.090000e-06	-3.702127e-06	-4.914254e-11	-5.174630e+01	-2.948458e+00
3.100000e-06	-3.733509e-06	-4.940343e-11	-5.218494e+01	-2.935487e+00
3.110000e-06	-3.763287e-06	-4.925770e-11	-5.260116e+01	-2.924373e+00
3.120000e-06	-3.791568e-06	-4.955731e-11	-5.299646e+01	-2.915614e+00
3.130000e-06	-3.818677e-06	-4.941850e-11	-5.337537e+01	-2.909551e+00
3.140000e-06	-3.844456e-06	-4.971765e-11	-5.373569e+01	-2.906372e+00
3.150000e-06	-3.868947e-06	-4.849527e-11	-5.407802e+01	-2.906138e+00
3.160000e-06	-3.892201e-06	-4.636783e-11	-5.440305e+01	-2.908794e+00
3.170000e-06	-3.913850e-06	-4.595217e-11	-5.470565e+01	-2.914190e+00
3.180000e-06	-3.934020e-06	-4.745332e-11	-5.498757e+01	-2.922092e+00
3.190000e-06	-3.952969e-06	-4.823668e-11	-5.525243e+01	-2.932196e+00
3.200000e-06	-3.970538e-06	-4.746755e-11	-5.549800e+01	-2.944138e+00
3.210000e-06	-3.986832e-06	-4.718594e-11	-5.572575e+01	-2.957506e+00
3.220000e-06	-4.001680e-06	-4.778993e-11	-5.593328e+01	-2.971857e+00
3.230000e-06	-4.014730e-06	-4.789218e-11	-5.611570e+01	-2.986726e+00
3.240000e-06	-4.026155e-06	-4.730227e-11	-5.627539e+01	-3.001649e+00
3.250000e-06	-4.036139e-06	-4.809956e-11	-5.641493e+01	-3.016169e+00
3.260000e-06	-4.044773e-06	-4.850828e-11	-5.653561e+01	-3.029847e+00
3.270000e-06	-4.052010e-06	-4.845483e-11	-5.663678e+01	-3.042266e+00
3.280000e-06	-4.057593e-06	-4.963149e-11	-5.671481e+01	-3.053024e+00
3.290000e-06	-4.061746e-06	-5.136414e-11	-5.677286e+01	-3.061727e+00
3.300000e-06	-4.064675e-06	-4.974487e-11	-5.681379e+01	-3.067974e+00
3.310000e-06	-4.066257e-06	-4.771816e-11	-5.683591e+01	-3.071350e+00
3.320000e-06	-4.066570e-06	-4.816867e-11	-5.684029e+01	-3.071419e+00
