# Temperatura_=_20.0
# Concentracion g/m^3_=_9000.0
# C_Vs_to_Am_M_A/Vsm_=_65563218390.804596
# pendiente_HvsI_1/m_=_3716.3
# ordenada_HvsI_A/m_=_1297.0
# frecuencia_Hz_=_135477.4776497

Tiempo_(s)	Campo_(V.s)	Magnetizacion_(V.s)	Campo_(kA/m)	Magnetizacion_(A/m)
0.000000e+00	-7.784755e-06	-4.445703e-09	-5.691062e+01	-2.954885e+02
1.000000e-08	-7.785056e-06	-4.445387e-09	-5.691282e+01	-2.955125e+02
2.000000e-08	-7.785003e-06	-4.445267e-09	-5.691244e+01	-2.955406e+02
3.000000e-08	-7.784368e-06	-4.448567e-09	-5.690779e+01	-2.955721e+02
4.000000e-08	-7.782917e-06	-4.449894e-09	-5.689718e+01	-2.956058e+02
5.000000e-08	-7.780581e-06	-4.447069e-09	-5.688011e+01	-2.956407e+02
6.000000e-08	-7.777534e-06	-4.442720e-09	-5.685783e+01	-2.956753e+02
7.000000e-08	-7.774026e-06	-4.434008e-09	-5.683219e+01	-2.957085e+02
8.000000e-08	-7.770212e-06	-4.410229e-09	-5.680430e+01	-2.957387e+02
9.000000e-08	-7.766029e-06	-4.407165e-09	-5.677373e+01	-2.957648e+02
1.000000e-07	-7.761215e-06	-4.487290e-09	-5.673853e+01	-2.957855e+02
1.100000e-07	-7.755509e-06	-4.580561e-09	-5.669682e+01	-2.957997e+02
1.200000e-07	-7.748879e-06	-4.543376e-09	-5.664835e+01	-2.958064e+02
1.300000e-07	-7.741528e-06	-4.319002e-09	-5.659461e+01	-2.958048e+02
1.400000e-07	-7.733884e-06	-4.228861e-09	-5.653873e+01	-2.957944e+02
1.500000e-07	-7.726125e-06	-4.463071e-09	-5.648201e+01	-2.957749e+02
1.600000e-07	-7.718066e-06	-4.663895e-09	-5.642309e+01	-2.957459e+02
1.700000e-07	-7.709555e-06	-4.456823e-09	-5.636087e+01	-2.957077e+02
1.800000e-07	-7.700442e-06	-4.266053e-09	-5.629425e+01	-2.956603e+02
1.900000e-07	-7.690517e-06	-4.386662e-09	-5.622169e+01	-2.956042e+02
2.000000e-07	-7.679692e-06	-4.589183e-09	-5.614256e+01	-2.955398e+02
2.100000e-07	-7.668290e-06	-4.644855e-09	-5.605920e+01	-2.954679e+02
2.200000e-07	-7.656436e-06	-4.494600e-09	-5.597254e+01	-2.953890e+02
2.300000e-07	-7.643761e-06	-4.294181e-09	-5.587989e+01	-2.953038e+02
2.400000e-07	-7.630424e-06	-4.417905e-09	-5.578238e+01	-2.952129e+02
2.500000e-07	-7.616758e-06	-4.744274e-09	-5.568248e+01	-2.951171e+02
2.600000e-07	-7.602312e-06	-4.663543e-09	-5.557687e+01	-2.950168e+02
2.700000e-07	-7.586696e-06	-4.270911e-09	-5.546271e+01	-2.949123e+02
2.800000e-07	-7.570459e-06	-4.355163e-09	-5.534401e+01	-2.948039e+02
2.900000e-07	-7.553819e-06	-4.717616e-09	-5.522236e+01	-2.946916e+02
3.000000e-07	-7.536539e-06	-4.621072e-09	-5.509604e+01	-2.945753e+02
3.100000e-07	-7.518861e-06	-4.346269e-09	-5.496680e+01	-2.944545e+02
3.200000e-07	-7.500883e-06	-4.467012e-09	-5.483537e+01	-2.943289e+02
3.300000e-07	-7.482292e-06	-4.639593e-09	-5.469946e+01	-2.941975e+02
3.400000e-07	-7.463001e-06	-4.556319e-09	-5.455843e+01	-2.940597e+02
3.500000e-07	-7.443328e-06	-4.526482e-09	-5.441461e+01	-2.939142e+02
3.600000e-07	-7.423391e-06	-4.468926e-09	-5.426886e+01	-2.937600e+02
3.700000e-07	-7.403039e-06	-4.395855e-09	-5.412008e+01	-2.935960e+02
3.800000e-07	-7.382236e-06	-4.499556e-09	-5.396800e+01	-2.934207e+02
3.900000e-07	-7.360983e-06	-4.645868e-09	-5.381263e+01	-2.932332e+02
4.000000e-07	-7.339130e-06	-4.471049e-09	-5.365287e+01	-2.930322e+02
4.100000e-07	-7.316618e-06	-4.339788e-09	-5.348829e+01	-2.928168e+02
4.200000e-07	-7.293547e-06	-4.541059e-09	-5.331963e+01	-2.925860e+02
4.300000e-07	-7.270080e-06	-4.681609e-09	-5.314808e+01	-2.923392e+02
4.400000e-07	-7.246265e-06	-4.475528e-09	-5.297398e+01	-2.920759e+02
4.500000e-07	-7.222003e-06	-4.342967e-09	-5.279661e+01	-2.917960e+02
4.600000e-07	-7.197232e-06	-4.518885e-09	-5.261552e+01	-2.914995e+02
4.700000e-07	-7.171860e-06	-4.627569e-09	-5.243004e+01	-2.911867e+02
4.800000e-07	-7.145663e-06	-4.451362e-09	-5.223853e+01	-2.908582e+02
4.900000e-07	-7.118639e-06	-4.363643e-09	-5.204097e+01	-2.905150e+02
5.000000e-07	-7.091108e-06	-4.492248e-09	-5.183970e+01	-2.901580e+02
5.100000e-07	-7.063272e-06	-4.541732e-09	-5.163621e+01	-2.897888e+02
5.200000e-07	-7.035105e-06	-4.464239e-09	-5.143029e+01	-2.894086e+02
5.300000e-07	-7.006502e-06	-4.431519e-09	-5.122119e+01	-2.890193e+02
5.400000e-07	-6.977361e-06	-4.430487e-09	-5.100815e+01	-2.886224e+02
5.500000e-07	-6.947678e-06	-4.445493e-09	-5.079115e+01	-2.882198e+02
5.600000e-07	-6.917552e-06	-4.494555e-09	-5.057092e+01	-2.878132e+02
5.700000e-07	-6.887006e-06	-4.453658e-09	-5.034761e+01	-2.874042e+02
5.800000e-07	-6.855924e-06	-4.364434e-09	-5.012038e+01	-2.869942e+02
5.900000e-07	-6.824390e-06	-4.396407e-09	-4.988985e+01	-2.865847e+02
6.000000e-07	-6.792586e-06	-4.484304e-09	-4.965735e+01	-2.861768e+02
6.100000e-07	-6.760424e-06	-4.439836e-09	-4.942223e+01	-2.857711e+02
6.200000e-07	-6.727727e-06	-4.346703e-09	-4.918320e+01	-2.853684e+02
6.300000e-07	-6.694423e-06	-4.355469e-09	-4.893973e+01	-2.849687e+02
6.400000e-07	-6.660426e-06	-4.431008e-09	-4.869119e+01	-2.845719e+02
6.500000e-07	-6.625656e-06	-4.424110e-09	-4.843700e+01	-2.841776e+02
6.600000e-07	-6.590292e-06	-4.346215e-09	-4.817848e+01	-2.837850e+02
6.700000e-07	-6.554611e-06	-4.325630e-09	-4.791763e+01	-2.833929e+02
6.800000e-07	-6.518626e-06	-4.381546e-09	-4.765456e+01	-2.830000e+02
6.900000e-07	-6.482204e-06	-4.385804e-09	-4.738830e+01	-2.826047e+02
7.000000e-07	-6.445270e-06	-4.335576e-09	-4.711829e+01	-2.822053e+02
7.100000e-07	-6.407812e-06	-4.311878e-09	-4.684445e+01	-2.817996e+02
7.200000e-07	-6.369872e-06	-4.329831e-09	-4.656709e+01	-2.813859e+02
7.300000e-07	-6.331526e-06	-4.341689e-09	-4.628676e+01	-2.809621e+02
7.400000e-07	-6.292755e-06	-4.339995e-09	-4.600333e+01	-2.805262e+02
7.500000e-07	-6.253612e-06	-4.311736e-09	-4.571717e+01	-2.800763e+02
7.600000e-07	-6.214232e-06	-4.289345e-09	-4.542928e+01	-2.796109e+02
7.700000e-07	-6.174562e-06	-4.307983e-09	-4.513927e+01	-2.791284e+02
7.800000e-07	-6.134486e-06	-4.321653e-09	-4.484629e+01	-2.786278e+02
7.900000e-07	-6.093915e-06	-4.280973e-09	-4.454970e+01	-2.781080e+02
8.000000e-07	-6.052717e-06	-4.247482e-09	-4.424852e+01	-2.775685e+02
8.100000e-07	-6.010748e-06	-4.268671e-09	-4.394170e+01	-2.770091e+02
8.200000e-07	-5.968070e-06	-4.284217e-09	-4.362971e+01	-2.764300e+02
8.300000e-07	-5.924898e-06	-4.251246e-09	-4.331410e+01	-2.758316e+02
8.400000e-07	-5.881377e-06	-4.221238e-09	-4.299594e+01	-2.752147e+02
8.500000e-07	-5.837534e-06	-4.232277e-09	-4.267542e+01	-2.745803e+02
8.600000e-07	-5.793352e-06	-4.245262e-09	-4.235243e+01	-2.739299e+02
8.700000e-07	-5.748873e-06	-4.226020e-09	-4.202726e+01	-2.732648e+02
8.800000e-07	-5.704101e-06	-4.195853e-09	-4.169996e+01	-2.725867e+02
8.900000e-07	-5.658959e-06	-4.190703e-09	-4.136995e+01	-2.718974e+02
9.000000e-07	-5.613363e-06	-4.194230e-09	-4.103661e+01	-2.711987e+02
9.100000e-07	-5.567325e-06	-4.184258e-09	-4.070006e+01	-2.704921e+02
9.200000e-07	-5.520884e-06	-4.159489e-09	-4.036054e+01	-2.697792e+02
9.300000e-07	-5.474079e-06	-4.144032e-09	-4.001837e+01	-2.690616e+02
9.400000e-07	-5.426910e-06	-4.140821e-09	-3.967355e+01	-2.683402e+02
9.500000e-07	-5.379360e-06	-4.140341e-09	-3.932593e+01	-2.676160e+02
9.600000e-07	-5.331443e-06	-4.125576e-09	-3.897563e+01	-2.668895e+02
9.700000e-07	-5.283063e-06	-4.104390e-09	-3.862195e+01	-2.661609e+02
9.800000e-07	-5.234148e-06	-4.094325e-09	-3.826435e+01	-2.654300e+02
9.900000e-07	-5.184673e-06	-4.096041e-09	-3.790267e+01	-2.646964e+02
1.000000e-06	-5.134687e-06	-4.082502e-09	-3.753724e+01	-2.639590e+02
1.010000e-06	-5.084171e-06	-4.054428e-09	-3.716794e+01	-2.632168e+02
1.020000e-06	-5.033127e-06	-4.036586e-09	-3.679479e+01	-2.624681e+02
1.030000e-06	-4.981647e-06	-4.034700e-09	-3.641844e+01	-2.617111e+02
1.040000e-06	-4.929715e-06	-4.024923e-09	-3.603879e+01	-2.609439e+02
1.050000e-06	-4.877398e-06	-4.003785e-09	-3.565632e+01	-2.601644e+02
1.060000e-06	-4.824785e-06	-3.987893e-09	-3.527169e+01	-2.593702e+02
1.070000e-06	-4.771836e-06	-3.980793e-09	-3.488461e+01	-2.585592e+02
1.080000e-06	-4.718536e-06	-3.970549e-09	-3.449496e+01	-2.577292e+02
1.090000e-06	-4.664889e-06	-3.954858e-09	-3.410277e+01	-2.568783e+02
1.100000e-06	-4.610952e-06	-3.937776e-09	-3.370846e+01	-2.560045e+02
1.110000e-06	-4.556662e-06	-3.921542e-09	-3.331158e+01	-2.551062e+02
1.120000e-06	-4.501982e-06	-3.909420e-09	-3.291184e+01	-2.541824e+02
1.130000e-06	-4.447070e-06	-3.897073e-09	-3.251040e+01	-2.532319e+02
1.140000e-06	-4.391918e-06	-3.880838e-09	-3.210721e+01	-2.522543e+02
1.150000e-06	-4.336500e-06	-3.863470e-09	-3.170208e+01	-2.512495e+02
1.160000e-06	-4.280863e-06	-3.852091e-09	-3.129534e+01	-2.502175e+02
1.170000e-06	-4.225002e-06	-3.840477e-09	-3.088697e+01	-2.491591e+02
1.180000e-06	-4.168931e-06	-3.824481e-09	-3.047706e+01	-2.480750e+02
1.190000e-06	-4.112660e-06	-3.806486e-09	-3.006569e+01	-2.469667e+02
1.200000e-06	-4.056137e-06	-3.791007e-09	-2.965248e+01	-2.458355e+02
1.210000e-06	-3.999206e-06	-3.775602e-09	-2.923628e+01	-2.446831e+02
1.220000e-06	-3.941890e-06	-3.758691e-09	-2.881727e+01	-2.435111e+02
1.230000e-06	-3.884196e-06	-3.739554e-09	-2.839550e+01	-2.423215e+02
1.240000e-06	-3.826003e-06	-3.720205e-09	-2.797008e+01	-2.411158e+02
1.250000e-06	-3.767451e-06	-3.699719e-09	-2.754204e+01	-2.398957e+02
1.260000e-06	-3.708589e-06	-3.678539e-09	-2.711172e+01	-2.386625e+02
1.270000e-06	-3.649434e-06	-3.658369e-09	-2.667927e+01	-2.374172e+02
1.280000e-06	-3.589984e-06	-3.639974e-09	-2.624465e+01	-2.361605e+02
1.290000e-06	-3.530275e-06	-3.619813e-09	-2.580815e+01	-2.348927e+02
1.300000e-06	-3.470373e-06	-3.597996e-09	-2.537024e+01	-2.336135e+02
1.310000e-06	-3.410289e-06	-3.576498e-09	-2.493099e+01	-2.323224e+02
1.320000e-06	-3.350022e-06	-3.555617e-09	-2.449041e+01	-2.310180e+02
1.330000e-06	-3.289550e-06	-3.532688e-09	-2.404833e+01	-2.296986e+02
1.340000e-06	-3.228917e-06	-3.510148e-09	-2.360507e+01	-2.283621e+02
1.350000e-06	-3.168065e-06	-3.490617e-09	-2.316021e+01	-2.270058e+02
1.360000e-06	-3.106994e-06	-3.466256e-09	-2.271375e+01	-2.256267e+02
1.370000e-06	-3.045683e-06	-3.440182e-09	-2.226553e+01	-2.242214e+02
1.380000e-06	-2.984054e-06	-3.417202e-09	-2.181500e+01	-2.227863e+02
1.390000e-06	-2.922174e-06	-3.395543e-09	-2.136262e+01	-2.213176e+02
1.400000e-06	-2.860173e-06	-3.371742e-09	-2.090935e+01	-2.198116e+02
1.410000e-06	-2.798047e-06	-3.347823e-09	-2.045518e+01	-2.182643e+02
1.420000e-06	-2.735676e-06	-3.325451e-09	-1.999922e+01	-2.166721e+02
1.430000e-06	-2.673122e-06	-3.301727e-09	-1.954192e+01	-2.150316e+02
1.440000e-06	-2.610451e-06	-3.276075e-09	-1.908376e+01	-2.133395e+02
1.450000e-06	-2.547619e-06	-3.247278e-09	-1.862443e+01	-2.115931e+02
1.460000e-06	-2.484641e-06	-3.219237e-09	-1.816402e+01	-2.097900e+02
1.470000e-06	-2.421485e-06	-3.192430e-09	-1.770232e+01	-2.079284e+02
1.480000e-06	-2.358215e-06	-3.164505e-09	-1.723978e+01	-2.060067e+02
1.490000e-06	-2.294867e-06	-3.133502e-09	-1.677668e+01	-2.040240e+02
1.500000e-06	-2.231324e-06	-3.103248e-09	-1.631214e+01	-2.019800e+02
1.510000e-06	-2.167611e-06	-3.074999e-09	-1.584637e+01	-1.998745e+02
1.520000e-06	-2.103840e-06	-3.044100e-09	-1.538017e+01	-1.977078e+02
1.530000e-06	-2.039954e-06	-3.008573e-09	-1.491313e+01	-1.954805e+02
1.540000e-06	-1.975901e-06	-2.971768e-09	-1.444487e+01	-1.931930e+02
1.550000e-06	-1.911756e-06	-2.936798e-09	-1.397593e+01	-1.908463e+02
1.560000e-06	-1.847443e-06	-2.900840e-09	-1.350578e+01	-1.884406e+02
1.570000e-06	-1.782984e-06	-2.862284e-09	-1.303454e+01	-1.859762e+02
1.580000e-06	-1.718447e-06	-2.822074e-09	-1.256275e+01	-1.834528e+02
1.590000e-06	-1.653807e-06	-2.781366e-09	-1.209019e+01	-1.808696e+02
1.600000e-06	-1.588995e-06	-2.739556e-09	-1.161639e+01	-1.782249e+02
1.610000e-06	-1.524048e-06	-2.697617e-09	-1.114159e+01	-1.755161e+02
1.620000e-06	-1.459000e-06	-2.654566e-09	-1.066605e+01	-1.727397e+02
1.630000e-06	-1.393751e-06	-2.609210e-09	-1.018905e+01	-1.698909e+02
1.640000e-06	-1.328367e-06	-2.564164e-09	-9.711056e+00	-1.669637e+02
1.650000e-06	-1.262853e-06	-2.519209e-09	-9.232116e+00	-1.639509e+02
1.660000e-06	-1.197151e-06	-2.470704e-09	-8.751796e+00	-1.608441e+02
1.670000e-06	-1.131293e-06	-2.418045e-09	-8.270340e+00	-1.576335e+02
1.680000e-06	-1.065383e-06	-2.363737e-09	-7.788508e+00	-1.543081e+02
1.690000e-06	-9.994351e-07	-2.310140e-09	-7.306392e+00	-1.508561e+02
1.700000e-06	-9.334818e-07	-2.254339e-09	-6.824239e+00	-1.472644e+02
1.710000e-06	-8.675320e-07	-2.193565e-09	-6.342112e+00	-1.435194e+02
1.720000e-06	-8.014146e-07	-2.131680e-09	-5.858759e+00	-1.396070e+02
1.730000e-06	-7.351577e-07	-2.070429e-09	-5.374386e+00	-1.355125e+02
1.740000e-06	-6.688769e-07	-2.005280e-09	-4.889839e+00	-1.312217e+02
1.750000e-06	-6.025402e-07	-1.934228e-09	-4.404883e+00	-1.267203e+02
1.760000e-06	-5.361222e-07	-1.859720e-09	-3.919333e+00	-1.219949e+02
1.770000e-06	-4.696527e-07	-1.786081e-09	-3.433407e+00	-1.170330e+02
1.780000e-06	-4.031570e-07	-1.710745e-09	-2.947288e+00	-1.118232e+02
1.790000e-06	-3.366103e-07	-1.629579e-09	-2.460797e+00	-1.063561e+02
1.800000e-06	-2.700028e-07	-1.544724e-09	-1.973861e+00	-1.006239e+02
1.810000e-06	-2.033663e-07	-1.457173e-09	-1.486713e+00	-9.462139e+01
1.820000e-06	-1.367729e-07	-1.366287e-09	-9.998814e-01	-8.834553e+01
1.830000e-06	-7.022382e-08	-1.270613e-09	-5.133728e-01	-8.179620e+01
1.840000e-06	-3.667071e-09	-1.169176e-09	-2.680820e-02	-7.497616e+01
1.850000e-06	6.288277e-08	-1.063850e-09	4.597059e-01	-6.789123e+01
1.860000e-06	1.294333e-07	-9.552245e-10	9.462252e-01	-6.055036e+01
1.870000e-06	1.960142e-07	-8.416423e-10	1.432966e+00	-5.296566e+01
1.880000e-06	2.626283e-07	-7.232925e-10	1.919950e+00	-4.515240e+01
1.890000e-06	3.292300e-07	-5.988635e-10	2.406843e+00	-3.712887e+01
1.900000e-06	3.957179e-07	-4.705304e-10	2.892904e+00	-2.891625e+01
1.910000e-06	4.621085e-07	-3.419795e-10	3.378255e+00	-2.053842e+01
1.920000e-06	5.285421e-07	-2.117534e-10	3.863919e+00	-1.202165e+01
1.930000e-06	5.950490e-07	-7.864845e-11	4.350119e+00	-3.394347e+00
1.940000e-06	6.615200e-07	5.785892e-11	4.836057e+00	5.313366e+00
1.950000e-06	7.278791e-07	1.971307e-10	5.321176e+00	1.407000e+01
1.960000e-06	7.941029e-07	3.347740e-10	5.805307e+00	2.284314e+01
1.970000e-06	8.601881e-07	4.709833e-10	6.288424e+00	3.159989e+01
1.980000e-06	9.260828e-07	6.085739e-10	6.770149e+00	4.030735e+01
1.990000e-06	9.919012e-07	7.461608e-10	7.251316e+00	4.893303e+01
2.000000e-06	1.057745e-06	8.787057e-10	7.732665e+00	5.744537e+01
2.010000e-06	1.123495e-06	1.007531e-09	8.213331e+00	6.581412e+01
2.020000e-06	1.189177e-06	1.135809e-09	8.693502e+00	7.401079e+01
2.030000e-06	1.254763e-06	1.259821e-09	9.172974e+00	8.200900e+01
2.040000e-06	1.320165e-06	1.377273e-09	9.651094e+00	8.978486e+01
2.050000e-06	1.385469e-06	1.489038e-09	1.012850e+01	9.731725e+01
2.060000e-06	1.450695e-06	1.595899e-09	1.060534e+01	1.045880e+02
2.070000e-06	1.515830e-06	1.697206e-09	1.108151e+01	1.115822e+02
2.080000e-06	1.580831e-06	1.792897e-09	1.155670e+01	1.182882e+02
2.090000e-06	1.645669e-06	1.881544e-09	1.203070e+01	1.246976e+02
2.100000e-06	1.710328e-06	1.967131e-09	1.250339e+01	1.308056e+02
2.110000e-06	1.774819e-06	2.053227e-09	1.297485e+01	1.366105e+02
2.120000e-06	1.839146e-06	2.133589e-09	1.344512e+01	1.421138e+02
2.130000e-06	1.903272e-06	2.208687e-09	1.391391e+01	1.473200e+02
2.140000e-06	1.967246e-06	2.283447e-09	1.438159e+01	1.522365e+02
2.150000e-06	2.031125e-06	2.357893e-09	1.484859e+01	1.568730e+02
2.160000e-06	2.094902e-06	2.426235e-09	1.531482e+01	1.612414e+02
2.170000e-06	2.158541e-06	2.484281e-09	1.578006e+01	1.653557e+02
2.180000e-06	2.222091e-06	2.540768e-09	1.624464e+01	1.692310e+02
2.190000e-06	2.285556e-06	2.599249e-09	1.670861e+01	1.728839e+02
2.200000e-06	2.348830e-06	2.654750e-09	1.717118e+01	1.763315e+02
2.210000e-06	2.411949e-06	2.705238e-09	1.763260e+01	1.795915e+02
2.220000e-06	2.474995e-06	2.755159e-09	1.809350e+01	1.826815e+02
2.230000e-06	2.537926e-06	2.804078e-09	1.855356e+01	1.856189e+02
2.240000e-06	2.600687e-06	2.850025e-09	1.901238e+01	1.884205e+02
2.250000e-06	2.663263e-06	2.892680e-09	1.946984e+01	1.911022e+02
2.260000e-06	2.725663e-06	2.929478e-09	1.992602e+01	1.936788e+02
2.270000e-06	2.787887e-06	2.963310e-09	2.038091e+01	1.961639e+02
2.280000e-06	2.849872e-06	2.998038e-09	2.083405e+01	1.985696e+02
2.290000e-06	2.911596e-06	3.032379e-09	2.128529e+01	2.009064e+02
2.300000e-06	2.973120e-06	3.063358e-09	2.173506e+01	2.031835e+02
2.310000e-06	3.034478e-06	3.095905e-09	2.218362e+01	2.054080e+02
2.320000e-06	3.095645e-06	3.130139e-09	2.263078e+01	2.075860e+02
2.330000e-06	3.156556e-06	3.164523e-09	2.307607e+01	2.097217e+02
2.340000e-06	3.217290e-06	3.195515e-09	2.352007e+01	2.118181e+02
2.350000e-06	3.277925e-06	3.220186e-09	2.396334e+01	2.138767e+02
2.360000e-06	3.338433e-06	3.245700e-09	2.440569e+01	2.158982e+02
2.370000e-06	3.398708e-06	3.273992e-09	2.484633e+01	2.178822e+02
2.380000e-06	3.458696e-06	3.300160e-09	2.528487e+01	2.198275e+02
2.390000e-06	3.518414e-06	3.322379e-09	2.572145e+01	2.217325e+02
2.400000e-06	3.577819e-06	3.344454e-09	2.615572e+01	2.235952e+02
2.410000e-06	3.636993e-06	3.370546e-09	2.658831e+01	2.254133e+02
2.420000e-06	3.696014e-06	3.397215e-09	2.701979e+01	2.271848e+02
2.430000e-06	3.754742e-06	3.419370e-09	2.744913e+01	2.289075e+02
2.440000e-06	3.813178e-06	3.439560e-09	2.787632e+01	2.305800e+02
2.450000e-06	3.871358e-06	3.459653e-09	2.830164e+01	2.322008e+02
2.460000e-06	3.929134e-06	3.479229e-09	2.872402e+01	2.337693e+02
2.470000e-06	3.986435e-06	3.497137e-09	2.914292e+01	2.352855e+02
2.480000e-06	4.043309e-06	3.514897e-09	2.955870e+01	2.367497e+02
2.490000e-06	4.099825e-06	3.532919e-09	2.997186e+01	2.381633e+02
2.500000e-06	4.155998e-06	3.550970e-09	3.038251e+01	2.395280e+02
2.510000e-06	4.211930e-06	3.569822e-09	3.079141e+01	2.408462e+02
2.520000e-06	4.267659e-06	3.588476e-09	3.119882e+01	2.421208e+02
2.530000e-06	4.323032e-06	3.607489e-09	3.160362e+01	2.433551e+02
2.540000e-06	4.378086e-06	3.624884e-09	3.200610e+01	2.445528e+02
2.550000e-06	4.432967e-06	3.643896e-09	3.240730e+01	2.457179e+02
2.560000e-06	4.487652e-06	3.659515e-09	3.280708e+01	2.468542e+02
2.570000e-06	4.542051e-06	3.673116e-09	3.320476e+01	2.479660e+02
2.580000e-06	4.596147e-06	3.692672e-09	3.360023e+01	2.490569e+02
2.590000e-06	4.649923e-06	3.711318e-09	3.399336e+01	2.501307e+02
2.600000e-06	4.703317e-06	3.727676e-09	3.438370e+01	2.511908e+02
2.610000e-06	4.756356e-06	3.743530e-09	3.477145e+01	2.522399e+02
2.620000e-06	4.809112e-06	3.760608e-09	3.515712e+01	2.532804e+02
2.630000e-06	4.861477e-06	3.776700e-09	3.553993e+01	2.543143e+02
2.640000e-06	4.913425e-06	3.788797e-09	3.591970e+01	2.553427e+02
2.650000e-06	4.964922e-06	3.800689e-09	3.629617e+01	2.563663e+02
2.660000e-06	5.015895e-06	3.814151e-09	3.666881e+01	2.573851e+02
2.670000e-06	5.066413e-06	3.829575e-09	3.703813e+01	2.583986e+02
2.680000e-06	5.116483e-06	3.842713e-09	3.740416e+01	2.594057e+02
2.690000e-06	5.166034e-06	3.853870e-09	3.776641e+01	2.604048e+02
2.700000e-06	5.215018e-06	3.868045e-09	3.812450e+01	2.613939e+02
2.710000e-06	5.263462e-06	3.882576e-09	3.847865e+01	2.623709e+02
2.720000e-06	5.311507e-06	3.894823e-09	3.882989e+01	2.633333e+02
2.730000e-06	5.359265e-06	3.903801e-09	3.917903e+01	2.642784e+02
2.740000e-06	5.406733e-06	3.916928e-09	3.952604e+01	2.652036e+02
2.750000e-06	5.453853e-06	3.931239e-09	3.987051e+01	2.661064e+02
2.760000e-06	5.500625e-06	3.942340e-09	4.021244e+01	2.669845e+02
2.770000e-06	5.547121e-06	3.953095e-09	4.055235e+01	2.678358e+02
2.780000e-06	5.593165e-06	3.965249e-09	4.088896e+01	2.686585e+02
2.790000e-06	5.638728e-06	3.978091e-09	4.122204e+01	2.694513e+02
2.800000e-06	5.683930e-06	3.989868e-09	4.155250e+01	2.702135e+02
2.810000e-06	5.728711e-06	3.999970e-09	4.187987e+01	2.709445e+02
2.820000e-06	5.773202e-06	4.010002e-09	4.220512e+01	2.716445e+02
2.830000e-06	5.817421e-06	4.020580e-09	4.252838e+01	2.723143e+02
2.840000e-06	5.861310e-06	4.031926e-09	4.284923e+01	2.729548e+02
2.850000e-06	5.904932e-06	4.042613e-09	4.316814e+01	2.735678e+02
2.860000e-06	5.948170e-06	4.051837e-09	4.348423e+01	2.741551e+02
2.870000e-06	5.990958e-06	4.062122e-09	4.379703e+01	2.747190e+02
2.880000e-06	6.033156e-06	4.072648e-09	4.410552e+01	2.752623e+02
2.890000e-06	6.074617e-06	4.083052e-09	4.440862e+01	2.757876e+02
2.900000e-06	6.115504e-06	4.091582e-09	4.470752e+01	2.762979e+02
2.910000e-06	6.155938e-06	4.098865e-09	4.500312e+01	2.767960e+02
2.920000e-06	6.195876e-06	4.108915e-09	4.529509e+01	2.772847e+02
2.930000e-06	6.235404e-06	4.121213e-09	4.558405e+01	2.777667e+02
2.940000e-06	6.274574e-06	4.131195e-09	4.587041e+01	2.782445e+02
2.950000e-06	6.313354e-06	4.139912e-09	4.615392e+01	2.787201e+02
2.960000e-06	6.351726e-06	4.147976e-09	4.643443e+01	2.791953e+02
2.970000e-06	6.389623e-06	4.156008e-09	4.671148e+01	2.796715e+02
2.980000e-06	6.427011e-06	4.163235e-09	4.698481e+01	2.801497e+02
2.990000e-06	6.464007e-06	4.169140e-09	4.725526e+01	2.806302e+02
3.000000e-06	6.500669e-06	4.174073e-09	4.752328e+01	2.811133e+02
3.010000e-06	6.536962e-06	4.180186e-09	4.778861e+01	2.815984e+02
3.020000e-06	6.572945e-06	4.185065e-09	4.805166e+01	2.820847e+02
3.030000e-06	6.608627e-06	4.190332e-09	4.831251e+01	2.825712e+02
3.040000e-06	6.643836e-06	4.195889e-09	4.856991e+01	2.830564e+02
3.050000e-06	6.678446e-06	4.206262e-09	4.882292e+01	2.835384e+02
3.060000e-06	6.712351e-06	4.219089e-09	4.907079e+01	2.840155e+02
3.070000e-06	6.745504e-06	4.228563e-09	4.931316e+01	2.844856e+02
3.080000e-06	6.778034e-06	4.235854e-09	4.955097e+01	2.849468e+02
3.090000e-06	6.810099e-06	4.241516e-09	4.978538e+01	2.853970e+02
3.100000e-06	6.841803e-06	4.248785e-09	5.001715e+01	2.858343e+02
3.110000e-06	6.873130e-06	4.254855e-09	5.024617e+01	2.862572e+02
3.120000e-06	6.904054e-06	4.259930e-09	5.047224e+01	2.866642e+02
3.130000e-06	6.934506e-06	4.264816e-09	5.069485e+01	2.870542e+02
3.140000e-06	6.964464e-06	4.272379e-09	5.091386e+01	2.874264e+02
3.150000e-06	6.993897e-06	4.280985e-09	5.112903e+01	2.877804e+02
3.160000e-06	7.022832e-06	4.287310e-09	5.134057e+01	2.881161e+02
3.170000e-06	7.051344e-06	4.293733e-09	5.154901e+01	2.884340e+02
3.180000e-06	7.079493e-06	4.300921e-09	5.175479e+01	2.887347e+02
3.190000e-06	7.107325e-06	4.308321e-09	5.195826e+01	2.890193e+02
3.200000e-06	7.134778e-06	4.315670e-09	5.215895e+01	2.892892e+02
3.210000e-06	7.161682e-06	4.318123e-09	5.235563e+01	2.895460e+02
3.220000e-06	7.187807e-06	4.321930e-09	5.254662e+01	2.897915e+02
3.230000e-06	7.213130e-06	4.328553e-09	5.273174e+01	2.900277e+02
3.240000e-06	7.237788e-06	4.335081e-09	5.291201e+01	2.902566e+02
3.250000e-06	7.261942e-06	4.338893e-09	5.308859e+01	2.904804e+02
3.260000e-06	7.285654e-06	4.343119e-09	5.326193e+01	2.907010e+02
3.270000e-06	7.308933e-06	4.349767e-09	5.343211e+01	2.909202e+02
3.280000e-06	7.331783e-06	4.355671e-09	5.359916e+01	2.911397e+02
3.290000e-06	7.354108e-06	4.358888e-09	5.376237e+01	2.913610e+02
3.300000e-06	7.375838e-06	4.361177e-09	5.392123e+01	2.915852e+02
3.310000e-06	7.397084e-06	4.365220e-09	5.407655e+01	2.918130e+02
3.320000e-06	7.417846e-06	4.368967e-09	5.422833e+01	2.920450e+02
3.330000e-06	7.438064e-06	4.374194e-09	5.437613e+01	2.922813e+02
3.340000e-06	7.457951e-06	4.380080e-09	5.452151e+01	2.925215e+02
3.350000e-06	7.477486e-06	4.385545e-09	5.466432e+01	2.927650e+02
3.360000e-06	7.496531e-06	4.390346e-09	5.480356e+01	2.930108e+02
3.370000e-06	7.515025e-06	4.395560e-09	5.493876e+01	2.932578e+02
3.380000e-06	7.532964e-06	4.402687e-09	5.506990e+01	2.935044e+02
3.390000e-06	7.550366e-06	4.407501e-09	5.519711e+01	2.937488e+02
3.400000e-06	7.567218e-06	4.411283e-09	5.532032e+01	2.939892e+02
3.410000e-06	7.583595e-06	4.415469e-09	5.544004e+01	2.942237e+02
3.420000e-06	7.599421e-06	4.417915e-09	5.555573e+01	2.944503e+02
3.430000e-06	7.614571e-06	4.419855e-09	5.566649e+01	2.946671e+02
3.440000e-06	7.629021e-06	4.421442e-09	5.577213e+01	2.948723e+02
3.450000e-06	7.642898e-06	4.424826e-09	5.587357e+01	2.950643e+02
3.460000e-06	7.656249e-06	4.428215e-09	5.597118e+01	2.952416e+02
3.470000e-06	7.669002e-06	4.429843e-09	5.606441e+01	2.954031e+02
3.480000e-06	7.681248e-06	4.430462e-09	5.615393e+01	2.955481e+02
3.490000e-06	7.693013e-06	4.433146e-09	5.623994e+01	2.956759e+02
3.500000e-06	7.704255e-06	4.435905e-09	5.632213e+01	2.957864e+02
3.510000e-06	7.714676e-06	4.434888e-09	5.639831e+01	2.958798e+02
3.520000e-06	7.724048e-06	4.436983e-09	5.646682e+01	2.959567e+02
3.530000e-06	7.732654e-06	4.442028e-09	5.652973e+01	2.960179e+02
3.540000e-06	7.740753e-06	4.449664e-09	5.658894e+01	2.960645e+02
3.550000e-06	7.748454e-06	4.451689e-09	5.664524e+01	2.960979e+02
3.560000e-06	7.755750e-06	4.446490e-09	5.669858e+01	2.961198e+02
3.570000e-06	7.762544e-06	4.446546e-09	5.674825e+01	2.961320e+02
3.580000e-06	7.768816e-06	4.450761e-09	5.679410e+01	2.961363e+02
3.590000e-06	7.774608e-06	4.454130e-09	5.683644e+01	2.961346e+02
3.600000e-06	7.779826e-06	4.452366e-09	5.687459e+01	2.961290e+02
3.610000e-06	7.784409e-06	4.454620e-09	5.690809e+01	2.961212e+02
3.620000e-06	7.788489e-06	4.460679e-09	5.693792e+01	2.961130e+02
3.630000e-06	7.792285e-06	4.465218e-09	5.696567e+01	2.961060e+02
3.640000e-06	7.795791e-06	4.465339e-09	5.699130e+01	2.961014e+02
3.650000e-06	7.798734e-06	4.463309e-09	5.701282e+01	2.961005e+02
3.660000e-06	7.800894e-06	4.464765e-09	5.702861e+01	2.961040e+02
3.670000e-06	7.802177e-06	4.465558e-09	5.703799e+01	2.961125e+02
3.680000e-06	7.802658e-06	4.464597e-09	5.704150e+01	2.961261e+02
3.690000e-06	7.802650e-06	4.465492e-09	5.704145e+01	2.961450e+02
3.700000e-06	7.802332e-06	4.467080e-09	5.703912e+01	2.961686e+02
3.710000e-06	7.801605e-06	4.466872e-09	5.703380e+01	2.961965e+02
3.720000e-06	7.800281e-06	4.462904e-09	5.702412e+01	2.962278e+02
3.730000e-06	7.798398e-06	4.462759e-09	5.701036e+01	2.962614e+02
3.740000e-06	7.796059e-06	4.465927e-09	5.699326e+01	2.962963e+02
3.750000e-06	7.793200e-06	4.471063e-09	5.697236e+01	2.963310e+02
3.760000e-06	7.789814e-06	4.487718e-09	5.694761e+01	2.963644e+02
3.770000e-06	7.786024e-06	4.515333e-09	5.691990e+01	2.963950e+02
3.780000e-06	7.781886e-06	4.456803e-09	5.688965e+01	2.964215e+02
3.790000e-06	7.777106e-06	4.320901e-09	5.685471e+01	2.964428e+02
3.800000e-06	7.771120e-06	4.271405e-09	5.681095e+01	2.964575e+02
3.810000e-06	7.763886e-06	4.496916e-09	5.675806e+01	2.964649e+02
3.820000e-06	7.756004e-06	4.700376e-09	5.670044e+01	2.964641e+02
3.830000e-06	7.748027e-06	4.548445e-09	5.664212e+01	2.964546e+02
3.840000e-06	7.739897e-06	4.236652e-09	5.658269e+01	2.964358e+02
3.850000e-06	7.731084e-06	4.332280e-09	5.651826e+01	2.964077e+02
3.860000e-06	7.721747e-06	4.632924e-09	5.645000e+01	2.963703e+02
3.870000e-06	7.712465e-06	4.617967e-09	5.638214e+01	2.963237e+02
3.880000e-06	7.702850e-06	4.392653e-09	5.631185e+01	2.962684e+02
3.890000e-06	7.692078e-06	4.244725e-09	5.623311e+01	2.962047e+02
3.900000e-06	7.680547e-06	4.391659e-09	5.614880e+01	2.961334e+02
3.910000e-06	7.669025e-06	4.615506e-09	5.606458e+01	2.960551e+02
3.920000e-06	7.656927e-06	4.682816e-09	5.597613e+01	2.959705e+02
3.930000e-06	7.643599e-06	4.342193e-09	5.587870e+01	2.958801e+02
3.940000e-06	7.629666e-06	4.220142e-09	5.577684e+01	2.957847e+02
3.950000e-06	7.615540e-06	4.615937e-09	5.567357e+01	2.956848e+02
3.960000e-06	7.600641e-06	4.704880e-09	5.556466e+01	2.955807e+02
3.970000e-06	7.584777e-06	4.340579e-09	5.544868e+01	2.954727e+02
3.980000e-06	7.568397e-06	4.382943e-09	5.532893e+01	2.953607e+02
3.990000e-06	7.551622e-06	4.786509e-09	5.520630e+01	2.952448e+02
4.000000e-06	7.534287e-06	4.649182e-09	5.507957e+01	2.951245e+02
4.010000e-06	7.516396e-06	4.317130e-09	5.494878e+01	2.949993e+02
4.020000e-06	7.498097e-06	4.510089e-09	5.481500e+01	2.948686e+02
4.030000e-06	7.479315e-06	4.628266e-09	5.467770e+01	2.947313e+02
4.040000e-06	7.459934e-06	4.434445e-09	5.453601e+01	2.945866e+02
4.050000e-06	7.440084e-06	4.541795e-09	5.439090e+01	2.944332e+02
4.060000e-06	7.419902e-06	4.676330e-09	5.424336e+01	2.942701e+02
4.070000e-06	7.399300e-06	4.413945e-09	5.409274e+01	2.940959e+02
4.080000e-06	7.378077e-06	4.417943e-09	5.393759e+01	2.939095e+02
4.090000e-06	7.356220e-06	4.712589e-09	5.377781e+01	2.937097e+02
4.100000e-06	7.333687e-06	4.574057e-09	5.361308e+01	2.934955e+02
4.110000e-06	7.310286e-06	4.323131e-09	5.344200e+01	2.932661e+02
4.120000e-06	7.286240e-06	4.500298e-09	5.326622e+01	2.930207e+02
4.130000e-06	7.261906e-06	4.720855e-09	5.308832e+01	2.927589e+02
4.140000e-06	7.237093e-06	4.524185e-09	5.290693e+01	2.924804e+02
4.150000e-06	7.211674e-06	4.331497e-09	5.272110e+01	2.921853e+02
4.160000e-06	7.185875e-06	4.502156e-09	5.253250e+01	2.918739e+02
4.170000e-06	7.159634e-06	4.673287e-09	5.234066e+01	2.915467e+02
4.180000e-06	7.132765e-06	4.485085e-09	5.214424e+01	2.912047e+02
4.190000e-06	7.105417e-06	4.359473e-09	5.194431e+01	2.908489e+02
4.200000e-06	7.077740e-06	4.522818e-09	5.174198e+01	2.904807e+02
4.210000e-06	7.049715e-06	4.570731e-09	5.153710e+01	2.901015e+02
4.220000e-06	7.021281e-06	4.437621e-09	5.132923e+01	2.897129e+02
4.230000e-06	6.992351e-06	4.442949e-09	5.111774e+01	2.893166e+02
4.240000e-06	6.962712e-06	4.487849e-09	5.090106e+01	2.889145e+02
4.250000e-06	6.932135e-06	4.446486e-09	5.067753e+01	2.885081e+02
4.260000e-06	6.900815e-06	4.457344e-09	5.044856e+01	2.880993e+02
4.270000e-06	6.869024e-06	4.490529e-09	5.021615e+01	2.876894e+02
4.280000e-06	6.836815e-06	4.415769e-09	4.998068e+01	2.872799e+02
4.290000e-06	6.804258e-06	4.376277e-09	4.974268e+01	2.868718e+02
4.300000e-06	6.771379e-06	4.457648e-09	4.950232e+01	2.864660e+02
4.310000e-06	6.738080e-06	4.483359e-09	4.925888e+01	2.860631e+02
4.320000e-06	6.704313e-06	4.386563e-09	4.901203e+01	2.856632e+02
4.330000e-06	6.670181e-06	4.358189e-09	4.876250e+01	2.852662e+02
4.340000e-06	6.635588e-06	4.442471e-09	4.850961e+01	2.848718e+02
4.350000e-06	6.600418e-06	4.446484e-09	4.825250e+01	2.844791e+02
4.360000e-06	6.564731e-06	4.357426e-09	4.799161e+01	2.840871e+02
4.370000e-06	6.528681e-06	4.344815e-09	4.772807e+01	2.836944e+02
4.380000e-06	6.492350e-06	4.396335e-09	4.746246e+01	2.832994e+02
4.390000e-06	6.455615e-06	4.380483e-09	4.719391e+01	2.829004e+02
4.400000e-06	6.418352e-06	4.346727e-09	4.692150e+01	2.824954e+02
4.410000e-06	6.380450e-06	4.357889e-09	4.664442e+01	2.820825e+02
4.420000e-06	6.341684e-06	4.361196e-09	4.636102e+01	2.816596e+02
4.430000e-06	6.302288e-06	4.340951e-09	4.607302e+01	2.812248e+02
4.440000e-06	6.262626e-06	4.351943e-09	4.578307e+01	2.807763e+02
4.450000e-06	6.222641e-06	4.346631e-09	4.549076e+01	2.803122e+02
4.460000e-06	6.182332e-06	4.305992e-09	4.519607e+01	2.798313e+02
4.470000e-06	6.141679e-06	4.298823e-09	4.489888e+01	2.793322e+02
4.480000e-06	6.100523e-06	4.331294e-09	4.459801e+01	2.788141e+02
4.490000e-06	6.058835e-06	4.309597e-09	4.429324e+01	2.782763e+02
4.500000e-06	6.016791e-06	4.266463e-09	4.398588e+01	2.777187e+02
4.510000e-06	5.974434e-06	4.277548e-09	4.367623e+01	2.771412e+02
4.520000e-06	5.931638e-06	4.303970e-09	4.336337e+01	2.765444e+02
4.530000e-06	5.888311e-06	4.276910e-09	4.304662e+01	2.759291e+02
4.540000e-06	5.844562e-06	4.242205e-09	4.272680e+01	2.752962e+02
4.550000e-06	5.800534e-06	4.249023e-09	4.240493e+01	2.746470e+02
4.560000e-06	5.756254e-06	4.261164e-09	4.208122e+01	2.739832e+02
4.570000e-06	5.711725e-06	4.234694e-09	4.175569e+01	2.733062e+02
4.580000e-06	5.666893e-06	4.205463e-09	4.142795e+01	2.726178e+02
4.590000e-06	5.621731e-06	4.204335e-09	4.109778e+01	2.719198e+02
4.600000e-06	5.576069e-06	4.206368e-09	4.076397e+01	2.712139e+02
4.610000e-06	5.529878e-06	4.196844e-09	4.042630e+01	2.705015e+02
4.620000e-06	5.483325e-06	4.186555e-09	4.008597e+01	2.697843e+02
4.630000e-06	5.436365e-06	4.176586e-09	3.974267e+01	2.690632e+02
4.640000e-06	5.389074e-06	4.164294e-09	3.939694e+01	2.683392e+02
4.650000e-06	5.341471e-06	4.157832e-09	3.904894e+01	2.676130e+02
4.660000e-06	5.293441e-06	4.146396e-09	3.869782e+01	2.668846e+02
4.670000e-06	5.244927e-06	4.120655e-09	3.834315e+01	2.661540e+02
4.680000e-06	5.195976e-06	4.098456e-09	3.798530e+01	2.654207e+02
4.690000e-06	5.146682e-06	4.101310e-09	3.762493e+01	2.646837e+02
4.700000e-06	5.096941e-06	4.097622e-09	3.726130e+01	2.639420e+02
4.710000e-06	5.046779e-06	4.075226e-09	3.689459e+01	2.631939e+02
4.720000e-06	4.996286e-06	4.059094e-09	3.652546e+01	2.624378e+02
4.730000e-06	4.945422e-06	4.060274e-09	3.615361e+01	2.616716e+02
4.740000e-06	4.894190e-06	4.054269e-09	3.577908e+01	2.608932e+02
4.750000e-06	4.842537e-06	4.036309e-09	3.540148e+01	2.601004e+02
4.760000e-06	4.790502e-06	4.018212e-09	3.502107e+01	2.592909e+02
4.770000e-06	4.738133e-06	4.006756e-09	3.463822e+01	2.584626e+02
4.780000e-06	4.685351e-06	3.989938e-09	3.425236e+01	2.576135e+02
4.790000e-06	4.632108e-06	3.974781e-09	3.386313e+01	2.567417e+02
4.800000e-06	4.578319e-06	3.966848e-09	3.346990e+01	2.558457e+02
4.810000e-06	4.524025e-06	3.959357e-09	3.307298e+01	2.549240e+02
4.820000e-06	4.469198e-06	3.949344e-09	3.267217e+01	2.539759e+02
4.830000e-06	4.413931e-06	3.937759e-09	3.226814e+01	2.530006e+02
4.840000e-06	4.358393e-06	3.923651e-09	3.186212e+01	2.519980e+02
4.850000e-06	4.302556e-06	3.904436e-09	3.145393e+01	2.509684e+02
4.860000e-06	4.246491e-06	3.885739e-09	3.104406e+01	2.499121e+02
4.870000e-06	4.190214e-06	3.869686e-09	3.063265e+01	2.488303e+02
4.880000e-06	4.133692e-06	3.850846e-09	3.021945e+01	2.477240e+02
4.890000e-06	4.076901e-06	3.832462e-09	2.980428e+01	2.465946e+02
4.900000e-06	4.019838e-06	3.820934e-09	2.938711e+01	2.454439e+02
4.910000e-06	3.962494e-06	3.809877e-09	2.896790e+01	2.442736e+02
4.920000e-06	3.904801e-06	3.794815e-09	2.854613e+01	2.430854e+02
4.930000e-06	3.846773e-06	3.778570e-09	2.812192e+01	2.418811e+02
4.940000e-06	3.788571e-06	3.764643e-09	2.769643e+01	2.406621e+02
4.950000e-06	3.730139e-06	3.746766e-09	2.726926e+01	2.394300e+02
4.960000e-06	3.671424e-06	3.727344e-09	2.684003e+01	2.381857e+02
4.970000e-06	3.612549e-06	3.708156e-09	2.640962e+01	2.369301e+02
4.980000e-06	3.553433e-06	3.689684e-09	2.597745e+01	2.356632e+02
4.990000e-06	3.494081e-06	3.668566e-09	2.554356e+01	2.343851e+02
5.000000e-06	3.434527e-06	3.647346e-09	2.510819e+01	2.330950e+02
5.010000e-06	3.374735e-06	3.626191e-09	2.467108e+01	2.317918e+02
5.020000e-06	3.314797e-06	3.604588e-09	2.423289e+01	2.304738e+02
5.030000e-06	3.254638e-06	3.580315e-09	2.379310e+01	2.291389e+02
5.040000e-06	3.194253e-06	3.555868e-09	2.335165e+01	2.277844e+02
5.050000e-06	3.133630e-06	3.532638e-09	2.290847e+01	2.264074e+02
5.060000e-06	3.072704e-06	3.508908e-09	2.246307e+01	2.250044e+02
5.070000e-06	3.011476e-06	3.487191e-09	2.201546e+01	2.235720e+02
5.080000e-06	2.949930e-06	3.468121e-09	2.156553e+01	2.221063e+02
5.090000e-06	2.888157e-06	3.445828e-09	2.111393e+01	2.206036e+02
5.100000e-06	2.826183e-06	3.419590e-09	2.066087e+01	2.190599e+02
5.110000e-06	2.763921e-06	3.393349e-09	2.020571e+01	2.174717e+02
5.120000e-06	2.701355e-06	3.368600e-09	1.974832e+01	2.158354e+02
5.130000e-06	2.638614e-06	3.343636e-09	1.928965e+01	2.141477e+02
5.140000e-06	2.575689e-06	3.317522e-09	1.882963e+01	2.124060e+02
5.150000e-06	2.512563e-06	3.291894e-09	1.836815e+01	2.106078e+02
5.160000e-06	2.449235e-06	3.264824e-09	1.790518e+01	2.087511e+02
5.170000e-06	2.385668e-06	3.236466e-09	1.744048e+01	2.068345e+02
5.180000e-06	2.321947e-06	3.207714e-09	1.697464e+01	2.048570e+02
5.190000e-06	2.258070e-06	3.179720e-09	1.650767e+01	2.028182e+02
5.200000e-06	2.193961e-06	3.150213e-09	1.603900e+01	2.007178e+02
5.210000e-06	2.129640e-06	3.120286e-09	1.556878e+01	1.985563e+02
5.220000e-06	2.065244e-06	3.089988e-09	1.509801e+01	1.963340e+02
5.230000e-06	2.000763e-06	3.055067e-09	1.462662e+01	1.940516e+02
5.240000e-06	1.936137e-06	3.015521e-09	1.415417e+01	1.917098e+02
5.250000e-06	1.871457e-06	2.979243e-09	1.368133e+01	1.893090e+02
5.260000e-06	1.806713e-06	2.945609e-09	1.320802e+01	1.868496e+02
5.270000e-06	1.741838e-06	2.909384e-09	1.273375e+01	1.843312e+02
5.280000e-06	1.676869e-06	2.869402e-09	1.225879e+01	1.817531e+02
5.290000e-06	1.611883e-06	2.828337e-09	1.178371e+01	1.791137e+02
5.300000e-06	1.546766e-06	2.789194e-09	1.130767e+01	1.764104e+02
5.310000e-06	1.481507e-06	2.753329e-09	1.083059e+01	1.736398e+02
5.320000e-06	1.416170e-06	2.713467e-09	1.035294e+01	1.707973e+02
5.330000e-06	1.350634e-06	2.666883e-09	9.873843e+00	1.678769e+02
5.340000e-06	1.284988e-06	2.620828e-09	9.393935e+00	1.648716e+02
5.350000e-06	1.219343e-06	2.575841e-09	8.914031e+00	1.617731e+02
5.360000e-06	1.153636e-06	2.524827e-09	8.433682e+00	1.585715e+02
5.370000e-06	1.087831e-06	2.468698e-09	7.952611e+00	1.552562e+02
5.380000e-06	1.021972e-06	2.408931e-09	7.471151e+00	1.518153e+02
5.390000e-06	9.560865e-07	2.348061e-09	6.989492e+00	1.482358e+02
5.400000e-06	8.901572e-07	2.289197e-09	6.507514e+00	1.445042e+02
5.410000e-06	8.241683e-07	2.231114e-09	6.025101e+00	1.406063e+02
5.420000e-06	7.581345e-07	2.170332e-09	5.542359e+00	1.365276e+02
5.430000e-06	6.920763e-07	2.105080e-09	5.059439e+00	1.322538e+02
5.440000e-06	6.258952e-07	2.037936e-09	4.575621e+00	1.277705e+02
5.450000e-06	5.595959e-07	1.967951e-09	4.090938e+00	1.230643e+02
5.460000e-06	4.932475e-07	1.893819e-09	3.605897e+00	1.181226e+02
5.470000e-06	4.268483e-07	1.811816e-09	3.120484e+00	1.129339e+02
5.480000e-06	3.604175e-07	1.726860e-09	2.634840e+00	1.074886e+02
5.490000e-06	2.939727e-07	1.641520e-09	2.149094e+00	1.017788e+02
5.500000e-06	2.274862e-07	1.553075e-09	1.663043e+00	9.579899e+01
5.510000e-06	1.609419e-07	1.460501e-09	1.176569e+00	8.954600e+01
5.520000e-06	9.440112e-08	1.365605e-09	6.901215e-01	8.301944e+01
5.530000e-06	2.791104e-08	1.267100e-09	2.040442e-01	7.622183e+01
5.540000e-06	-3.851344e-08	1.162988e-09	-2.815533e-01	6.915873e+01
5.550000e-06	-1.049432e-07	1.053821e-09	-7.671897e-01	6.183881e+01
5.560000e-06	-1.713858e-07	9.397589e-10	-1.252920e+00	5.427394e+01
5.570000e-06	-2.377491e-07	8.230051e-10	-1.738070e+00	4.647912e+01
5.580000e-06	-3.039899e-07	7.013176e-10	-2.222325e+00	3.847239e+01
5.590000e-06	-3.702619e-07	5.736840e-10	-2.706808e+00	3.027470e+01
5.600000e-06	-4.366119e-07	4.484617e-10	-3.191861e+00	2.190971e+01
5.610000e-06	-5.028793e-07	3.244189e-10	-3.676310e+00	1.340351e+01
5.620000e-06	-5.691213e-07	1.932978e-10	-4.160574e+00	4.784336e+00
5.630000e-06	-6.353695e-07	5.746507e-11	-4.644883e+00	-3.917815e+00
5.640000e-06	-7.015586e-07	-7.560009e-11	-5.128760e+00	-1.267155e+01
5.650000e-06	-7.676658e-07	-2.080435e-10	-5.612038e+00	-2.144452e+01
5.660000e-06	-8.336898e-07	-3.439396e-10	-6.094707e+00	-3.020385e+01
5.670000e-06	-8.995875e-07	-4.802243e-10	-6.576454e+00	-3.891662e+01
5.680000e-06	-9.653718e-07	-6.182600e-10	-7.057372e+00	-4.755029e+01
5.690000e-06	-1.031121e-06	-7.538056e-10	-7.538031e+00	-5.607320e+01
5.700000e-06	-1.096787e-06	-8.818370e-10	-8.018085e+00	-6.445498e+01
5.710000e-06	-1.162362e-06	-1.007382e-09	-8.497471e+00	-7.266698e+01
5.720000e-06	-1.227897e-06	-1.132028e-09	-8.976565e+00	-8.068263e+01
5.730000e-06	-1.293379e-06	-1.249659e-09	-9.455276e+00	-8.847782e+01
5.740000e-06	-1.358837e-06	-1.360649e-09	-9.933806e+00	-9.603118e+01
5.750000e-06	-1.424229e-06	-1.473096e-09	-1.041186e+01	-1.033243e+02
5.760000e-06	-1.489528e-06	-1.585631e-09	-1.088923e+01	-1.103420e+02
5.770000e-06	-1.554750e-06	-1.690752e-09	-1.136603e+01	-1.170723e+02
5.780000e-06	-1.619829e-06	-1.786995e-09	-1.184180e+01	-1.235066e+02
5.790000e-06	-1.684789e-06	-1.878624e-09	-1.231669e+01	-1.296398e+02
5.800000e-06	-1.749635e-06	-1.968241e-09	-1.279074e+01	-1.354699e+02
5.810000e-06	-1.814361e-06	-2.053004e-09	-1.326393e+01	-1.409981e+02
5.820000e-06	-1.879014e-06	-2.129893e-09	-1.373657e+01	-1.462289e+02
5.830000e-06	-1.943595e-06	-2.201932e-09	-1.420869e+01	-1.511691e+02
5.840000e-06	-2.008037e-06	-2.272374e-09	-1.467980e+01	-1.558284e+02
5.850000e-06	-2.072359e-06	-2.338730e-09	-1.515002e+01	-1.602187e+02
5.860000e-06	-2.136532e-06	-2.401362e-09	-1.561917e+01	-1.643534e+02
5.870000e-06	-2.200479e-06	-2.459827e-09	-1.608665e+01	-1.682480e+02
5.880000e-06	-2.264339e-06	-2.515611e-09	-1.655350e+01	-1.719187e+02
5.890000e-06	-2.328069e-06	-2.569588e-09	-1.701940e+01	-1.753827e+02
5.900000e-06	-2.391577e-06	-2.620647e-09	-1.748367e+01	-1.786577e+02
5.910000e-06	-2.454947e-06	-2.668973e-09	-1.794694e+01	-1.817611e+02
5.920000e-06	-2.518123e-06	-2.716383e-09	-1.840880e+01	-1.847106e+02
5.930000e-06	-2.580988e-06	-2.765018e-09	-1.886837e+01	-1.875228e+02
5.940000e-06	-2.643602e-06	-2.810235e-09	-1.932611e+01	-1.902138e+02
5.950000e-06	-2.706086e-06	-2.853274e-09	-1.978290e+01	-1.927986e+02
5.960000e-06	-2.768335e-06	-2.896542e-09	-2.023797e+01	-1.952908e+02
5.970000e-06	-2.830235e-06	-2.940044e-09	-2.069050e+01	-1.977026e+02
5.980000e-06	-2.891801e-06	-2.979728e-09	-2.114057e+01	-2.000448e+02
5.990000e-06	-2.953083e-06	-3.015775e-09	-2.158858e+01	-2.023265e+02
6.000000e-06	-3.014131e-06	-3.050506e-09	-2.203487e+01	-2.045551e+02
6.010000e-06	-3.074983e-06	-3.087138e-09	-2.247973e+01	-2.067368e+02
6.020000e-06	-3.135654e-06	-3.123441e-09	-2.292327e+01	-2.088758e+02
6.030000e-06	-3.196057e-06	-3.156900e-09	-2.336484e+01	-2.109753e+02
6.040000e-06	-3.256223e-06	-3.191991e-09	-2.380469e+01	-2.130370e+02
6.050000e-06	-3.316203e-06	-3.229655e-09	-2.424318e+01	-2.150616e+02
6.060000e-06	-3.375965e-06	-3.264638e-09	-2.468006e+01	-2.170487e+02
6.070000e-06	-3.435535e-06	-3.296269e-09	-2.511555e+01	-2.189972e+02
6.080000e-06	-3.494977e-06	-3.325715e-09	-2.555010e+01	-2.209056e+02
6.090000e-06	-3.554215e-06	-3.356991e-09	-2.598316e+01	-2.227718e+02
6.100000e-06	-3.613212e-06	-3.385737e-09	-2.641446e+01	-2.245937e+02
6.110000e-06	-3.671937e-06	-3.412110e-09	-2.684378e+01	-2.263691e+02
6.120000e-06	-3.730366e-06	-3.438542e-09	-2.727092e+01	-2.280959e+02
6.130000e-06	-3.788539e-06	-3.463370e-09	-2.769620e+01	-2.297725e+02
6.140000e-06	-3.846437e-06	-3.488943e-09	-2.811947e+01	-2.313976e+02
6.150000e-06	-3.904084e-06	-3.513800e-09	-2.854089e+01	-2.329705e+02
6.160000e-06	-3.961458e-06	-3.538211e-09	-2.896033e+01	-2.344910e+02
6.170000e-06	-4.018497e-06	-3.564198e-09	-2.937731e+01	-2.359595e+02
6.180000e-06	-4.075235e-06	-3.589872e-09	-2.979210e+01	-2.373772e+02
6.190000e-06	-4.131763e-06	-3.612089e-09	-3.020535e+01	-2.387458e+02
6.200000e-06	-4.188073e-06	-3.633786e-09	-3.061700e+01	-2.400677e+02
6.210000e-06	-4.244144e-06	-3.656683e-09	-3.102691e+01	-2.413458e+02
6.220000e-06	-4.299924e-06	-3.680188e-09	-3.143469e+01	-2.425833e+02
6.230000e-06	-4.355372e-06	-3.699895e-09	-3.184004e+01	-2.437838e+02
6.240000e-06	-4.410528e-06	-3.719662e-09	-3.224326e+01	-2.449514e+02
6.250000e-06	-4.465233e-06	-3.737856e-09	-3.264319e+01	-2.460900e+02
6.260000e-06	-4.519472e-06	-3.757761e-09	-3.303970e+01	-2.472035e+02
6.270000e-06	-4.573363e-06	-3.777799e-09	-3.343367e+01	-2.482960e+02
6.280000e-06	-4.626804e-06	-3.796093e-09	-3.382436e+01	-2.493711e+02
6.290000e-06	-4.679793e-06	-3.814414e-09	-3.421173e+01	-2.504321e+02
6.300000e-06	-4.732327e-06	-3.835074e-09	-3.459578e+01	-2.514820e+02
6.310000e-06	-4.784457e-06	-3.857065e-09	-3.497688e+01	-2.525231e+02
6.320000e-06	-4.836237e-06	-3.876846e-09	-3.535541e+01	-2.535575e+02
6.330000e-06	-4.887579e-06	-3.892696e-09	-3.573075e+01	-2.545863e+02
6.340000e-06	-4.938453e-06	-3.907710e-09	-3.610267e+01	-2.556102e+02
6.350000e-06	-4.988869e-06	-3.924141e-09	-3.647124e+01	-2.566294e+02
6.360000e-06	-5.038915e-06	-3.940473e-09	-3.683710e+01	-2.576433e+02
6.370000e-06	-5.088647e-06	-3.955840e-09	-3.720067e+01	-2.586509e+02
6.380000e-06	-5.137928e-06	-3.970433e-09	-3.756094e+01	-2.596506e+02
6.390000e-06	-5.186743e-06	-3.986387e-09	-3.791780e+01	-2.606407e+02
6.400000e-06	-5.235142e-06	-4.002418e-09	-3.827162e+01	-2.616187e+02
6.410000e-06	-5.283053e-06	-4.016907e-09	-3.862188e+01	-2.625823e+02
6.420000e-06	-5.330439e-06	-4.030325e-09	-3.896829e+01	-2.635289e+02
6.430000e-06	-5.377526e-06	-4.044958e-09	-3.931252e+01	-2.644559e+02
6.440000e-06	-5.424321e-06	-4.058137e-09	-3.965462e+01	-2.653606e+02
6.450000e-06	-5.470672e-06	-4.067842e-09	-3.999347e+01	-2.662408e+02
6.460000e-06	-5.516671e-06	-4.077206e-09	-4.032974e+01	-2.670943e+02
6.470000e-06	-5.562340e-06	-4.090045e-09	-4.066361e+01	-2.679194e+02
6.480000e-06	-5.607649e-06	-4.103262e-09	-4.099484e+01	-2.687147e+02
6.490000e-06	-5.652568e-06	-4.114303e-09	-4.132322e+01	-2.694794e+02
6.500000e-06	-5.697150e-06	-4.124505e-09	-4.164914e+01	-2.702130e+02
6.510000e-06	-5.741435e-06	-4.135563e-09	-4.197289e+01	-2.709155e+02
6.520000e-06	-5.785411e-06	-4.144028e-09	-4.229437e+01	-2.715877e+02
6.530000e-06	-5.829044e-06	-4.150891e-09	-4.261336e+01	-2.722306e+02
6.540000e-06	-5.872401e-06	-4.158061e-09	-4.293031e+01	-2.728457e+02
6.550000e-06	-5.915422e-06	-4.166917e-09	-4.324482e+01	-2.734350e+02
6.560000e-06	-5.957930e-06	-4.177477e-09	-4.355558e+01	-2.740008e+02
6.570000e-06	-6.000016e-06	-4.187391e-09	-4.386325e+01	-2.745456e+02
6.580000e-06	-6.041737e-06	-4.196477e-09	-4.416825e+01	-2.750723e+02
6.590000e-06	-6.083024e-06	-4.206261e-09	-4.447008e+01	-2.755837e+02
6.600000e-06	-6.123927e-06	-4.215719e-09	-4.476910e+01	-2.760826e+02
6.610000e-06	-6.164449e-06	-4.223449e-09	-4.506534e+01	-2.765719e+02
6.620000e-06	-6.204604e-06	-4.230609e-09	-4.535889e+01	-2.770544e+02
6.630000e-06	-6.244438e-06	-4.239059e-09	-4.565010e+01	-2.775324e+02
6.640000e-06	-6.283861e-06	-4.247447e-09	-4.593830e+01	-2.780080e+02
6.650000e-06	-6.322818e-06	-4.253820e-09	-4.622310e+01	-2.784832e+02
6.660000e-06	-6.361244e-06	-4.259569e-09	-4.650402e+01	-2.789592e+02
6.670000e-06	-6.398993e-06	-4.264790e-09	-4.677998e+01	-2.794371e+02
6.680000e-06	-6.436056e-06	-4.270186e-09	-4.705093e+01	-2.799174e+02
6.690000e-06	-6.472636e-06	-4.274622e-09	-4.731834e+01	-2.804002e+02
6.700000e-06	-6.508872e-06	-4.280253e-09	-4.758325e+01	-2.808851e+02
6.710000e-06	-6.544722e-06	-4.287361e-09	-4.784533e+01	-2.813714e+02
6.720000e-06	-6.580142e-06	-4.294485e-09	-4.810428e+01	-2.818579e+02
6.730000e-06	-6.615120e-06	-4.302441e-09	-4.835998e+01	-2.823431e+02
6.740000e-06	-6.649656e-06	-4.310314e-09	-4.861246e+01	-2.828255e+02
6.750000e-06	-6.683736e-06	-4.316282e-09	-4.886160e+01	-2.833030e+02
6.760000e-06	-6.717325e-06	-4.322392e-09	-4.910715e+01	-2.837737e+02
6.770000e-06	-6.750422e-06	-4.330169e-09	-4.934911e+01	-2.842357e+02
6.780000e-06	-6.783093e-06	-4.335721e-09	-4.958795e+01	-2.846868e+02
6.790000e-06	-6.815417e-06	-4.338547e-09	-4.982426e+01	-2.851252e+02
6.800000e-06	-6.847354e-06	-4.343665e-09	-5.005773e+01	-2.855494e+02
6.810000e-06	-6.878769e-06	-4.349599e-09	-5.028740e+01	-2.859577e+02
6.820000e-06	-6.909603e-06	-4.353796e-09	-5.051280e+01	-2.863490e+02
6.830000e-06	-6.939779e-06	-4.358135e-09	-5.073340e+01	-2.867227e+02
6.840000e-06	-6.969205e-06	-4.362329e-09	-5.094852e+01	-2.870781e+02
6.850000e-06	-6.997996e-06	-4.364865e-09	-5.115900e+01	-2.874154e+02
6.860000e-06	-7.026353e-06	-4.365910e-09	-5.136631e+01	-2.877346e+02
6.870000e-06	-7.054372e-06	-4.367617e-09	-5.157114e+01	-2.880367e+02
6.880000e-06	-7.081965e-06	-4.371174e-09	-5.177286e+01	-2.883226e+02
6.890000e-06	-7.109051e-06	-4.374035e-09	-5.197087e+01	-2.885936e+02
6.900000e-06	-7.135630e-06	-4.374891e-09	-5.216518e+01	-2.888513e+02
6.910000e-06	-7.161753e-06	-4.377954e-09	-5.235615e+01	-2.890976e+02
6.920000e-06	-7.187356e-06	-4.384436e-09	-5.254333e+01	-2.893345e+02
6.930000e-06	-7.212365e-06	-4.390229e-09	-5.272615e+01	-2.895639e+02
6.940000e-06	-7.236941e-06	-4.393637e-09	-5.290581e+01	-2.897880e+02
6.950000e-06	-7.261254e-06	-4.396964e-09	-5.308356e+01	-2.900087e+02
6.960000e-06	-7.285306e-06	-4.398674e-09	-5.325939e+01	-2.902279e+02
6.970000e-06	-7.308890e-06	-4.398286e-09	-5.343180e+01	-2.904473e+02
6.980000e-06	-7.331718e-06	-4.398380e-09	-5.359868e+01	-2.906684e+02
6.990000e-06	-7.353719e-06	-4.397563e-09	-5.375952e+01	-2.908922e+02
7.000000e-06	-7.374995e-06	-4.397701e-09	-5.391506e+01	-2.911197e+02
7.010000e-06	-7.395659e-06	-4.401291e-09	-5.406613e+01	-2.913513e+02
7.020000e-06	-7.415830e-06	-4.405837e-09	-5.421359e+01	-2.915871e+02
7.030000e-06	-7.435673e-06	-4.409176e-09	-5.435865e+01	-2.918270e+02
7.040000e-06	-7.455141e-06	-4.412983e-09	-5.450097e+01	-2.920702e+02
7.050000e-06	-7.474057e-06	-4.417600e-09	-5.463926e+01	-2.923159e+02
7.060000e-06	-7.492421e-06	-4.420296e-09	-5.477351e+01	-2.925627e+02
7.070000e-06	-7.510304e-06	-4.422272e-09	-5.490424e+01	-2.928093e+02
7.080000e-06	-7.527680e-06	-4.423985e-09	-5.503127e+01	-2.930540e+02
7.090000e-06	-7.544517e-06	-4.425783e-09	-5.515436e+01	-2.932947e+02
7.100000e-06	-7.560953e-06	-4.427449e-09	-5.527451e+01	-2.935298e+02
7.110000e-06	-7.577015e-06	-4.427031e-09	-5.539193e+01	-2.937570e+02
7.120000e-06	-7.592495e-06	-4.426783e-09	-5.550510e+01	-2.939747e+02
7.130000e-06	-7.607205e-06	-4.429482e-09	-5.561264e+01	-2.941809e+02
7.140000e-06	-7.621060e-06	-4.433228e-09	-5.571393e+01	-2.943739e+02
7.150000e-06	-7.634118e-06	-4.434813e-09	-5.580939e+01	-2.945525e+02
7.160000e-06	-7.646594e-06	-4.435583e-09	-5.590059e+01	-2.947153e+02
7.170000e-06	-7.658523e-06	-4.437355e-09	-5.598780e+01	-2.948616e+02
7.180000e-06	-7.669806e-06	-4.438803e-09	-5.607029e+01	-2.949908e+02
7.190000e-06	-7.680496e-06	-4.438864e-09	-5.614844e+01	-2.951027e+02
7.200000e-06	-7.690698e-06	-4.438200e-09	-5.622302e+01	-2.951975e+02
7.210000e-06	-7.700460e-06	-4.437010e-09	-5.629438e+01	-2.952757e+02
7.220000e-06	-7.709769e-06	-4.439016e-09	-5.636244e+01	-2.953381e+02
7.230000e-06	-7.718542e-06	-4.442766e-09	-5.642657e+01	-2.953858e+02
7.240000e-06	-7.726883e-06	-4.442357e-09	-5.648755e+01	-2.954202e+02
7.250000e-06	-7.734903e-06	-4.441924e-09	-5.654618e+01	-2.954430e+02
7.260000e-06	-7.742414e-06	-4.444068e-09	-5.660109e+01	-2.954558e+02
7.270000e-06	-7.749217e-06	-4.444491e-09	-5.665082e+01	-2.954607e+02
7.280000e-06	-7.755080e-06	-4.442925e-09	-5.669369e+01	-2.954594e+02
7.290000e-06	-7.760052e-06	-4.441951e-09	-5.673003e+01	-2.954540e+02
7.300000e-06	-7.764470e-06	-4.441200e-09	-5.676233e+01	-2.954463e+02
7.310000e-06	-7.768551e-06	-4.441246e-09	-5.679216e+01	-2.954380e+02
7.320000e-06	-7.772351e-06	-4.441919e-09	-5.681994e+01	-2.954307e+02
7.330000e-06	-7.775684e-06	-4.442226e-09	-5.684431e+01	-2.954259e+02
7.340000e-06	-7.778447e-06	-4.444053e-09	-5.686451e+01	-2.954246e+02
7.350000e-06	-7.780676e-06	-4.446563e-09	-5.688080e+01	-2.954276e+02
7.360000e-06	-7.782438e-06	-4.449002e-09	-5.689369e+01	-2.954356e+02
7.370000e-06	-7.783636e-06	-4.446739e-09	-5.690244e+01	-2.954488e+02
7.380000e-06	-7.784301e-06	-4.443913e-09	-5.690730e+01	-2.954672e+02
