# Temperatura_=_20.0
# Concentracion g/m^3_=_12600.0
# C_Vs_to_Am_M_A/Vsm_=_65563218390.804596
# pendiente_HvsI_1/m_=_3716.3
# ordenada_HvsI_A/m_=_1297.0
# frecuencia_Hz_=_135169.28454558185

Tiempo_(s)	Campo_(V.s)	Magnetizacion_(V.s)	Campo_(kA/m)	Magnetizacion_(A/m)
0.000000e+00	-5.146673e-06	-4.722080e-09	-3.844347e+01	-3.077948e+02
1.000000e-08	-5.146811e-06	-4.724619e-09	-3.844449e+01	-3.078374e+02
2.000000e-08	-5.146790e-06	-4.726368e-09	-3.844433e+01	-3.078613e+02
3.000000e-08	-5.146487e-06	-4.724683e-09	-3.844207e+01	-3.078649e+02
4.000000e-08	-5.145738e-06	-4.722108e-09	-3.843648e+01	-3.078465e+02
5.000000e-08	-5.144486e-06	-4.715920e-09	-3.842712e+01	-3.078044e+02
6.000000e-08	-5.142618e-06	-4.704048e-09	-3.841318e+01	-3.077373e+02
7.000000e-08	-5.140195e-06	-4.703111e-09	-3.839507e+01	-3.076436e+02
8.000000e-08	-5.137304e-06	-4.736831e-09	-3.837348e+01	-3.075223e+02
9.000000e-08	-5.133891e-06	-4.763515e-09	-3.834799e+01	-3.073723e+02
1.000000e-07	-5.129981e-06	-4.712193e-09	-3.831878e+01	-3.071930e+02
1.100000e-07	-5.125840e-06	-4.633153e-09	-3.828785e+01	-3.069839e+02
1.200000e-07	-5.121550e-06	-4.631024e-09	-3.825580e+01	-3.067450e+02
1.300000e-07	-5.116944e-06	-4.739997e-09	-3.822140e+01	-3.064766e+02
1.400000e-07	-5.111993e-06	-4.794138e-09	-3.818441e+01	-3.061792e+02
1.500000e-07	-5.106671e-06	-4.693059e-09	-3.814467e+01	-3.058540e+02
1.600000e-07	-5.100997e-06	-4.582807e-09	-3.810228e+01	-3.055022e+02
1.700000e-07	-5.094973e-06	-4.588688e-09	-3.805728e+01	-3.051255e+02
1.800000e-07	-5.088601e-06	-4.726580e-09	-3.800969e+01	-3.047259e+02
1.900000e-07	-5.081946e-06	-4.761488e-09	-3.795998e+01	-3.043058e+02
2.000000e-07	-5.075029e-06	-4.667606e-09	-3.790831e+01	-3.038675e+02
2.100000e-07	-5.067822e-06	-4.549616e-09	-3.785448e+01	-3.034138e+02
2.200000e-07	-5.060262e-06	-4.585839e-09	-3.779801e+01	-3.029476e+02
2.300000e-07	-5.052387e-06	-4.692467e-09	-3.773919e+01	-3.024717e+02
2.400000e-07	-5.044225e-06	-4.661920e-09	-3.767822e+01	-3.019892e+02
2.500000e-07	-5.035601e-06	-4.525325e-09	-3.761380e+01	-3.015028e+02
2.600000e-07	-5.026438e-06	-4.501206e-09	-3.754536e+01	-3.010155e+02
2.700000e-07	-5.016841e-06	-4.625632e-09	-3.747367e+01	-3.005298e+02
2.800000e-07	-5.006838e-06	-4.654527e-09	-3.739896e+01	-3.000480e+02
2.900000e-07	-4.996345e-06	-4.560908e-09	-3.732058e+01	-2.995725e+02
3.000000e-07	-4.985289e-06	-4.533140e-09	-3.723799e+01	-2.991048e+02
3.100000e-07	-4.973763e-06	-4.627325e-09	-3.715190e+01	-2.986465e+02
3.200000e-07	-4.961886e-06	-4.641849e-09	-3.706318e+01	-2.981987e+02
3.300000e-07	-4.949667e-06	-4.546048e-09	-3.697191e+01	-2.977619e+02
3.400000e-07	-4.937098e-06	-4.551150e-09	-3.687802e+01	-2.973364e+02
3.500000e-07	-4.924136e-06	-4.654738e-09	-3.678121e+01	-2.969219e+02
3.600000e-07	-4.910773e-06	-4.610699e-09	-3.668139e+01	-2.965179e+02
3.700000e-07	-4.897096e-06	-4.498356e-09	-3.657922e+01	-2.961231e+02
3.800000e-07	-4.883060e-06	-4.515183e-09	-3.647439e+01	-2.957363e+02
3.900000e-07	-4.868566e-06	-4.625910e-09	-3.636612e+01	-2.953557e+02
4.000000e-07	-4.853517e-06	-4.576636e-09	-3.625371e+01	-2.949792e+02
4.100000e-07	-4.837855e-06	-4.460553e-09	-3.613672e+01	-2.946044e+02
4.200000e-07	-4.821787e-06	-4.477961e-09	-3.601670e+01	-2.942290e+02
4.300000e-07	-4.805305e-06	-4.572515e-09	-3.589359e+01	-2.938503e+02
4.400000e-07	-4.788443e-06	-4.557053e-09	-3.576764e+01	-2.934656e+02
4.500000e-07	-4.771410e-06	-4.468855e-09	-3.564041e+01	-2.930721e+02
4.600000e-07	-4.754206e-06	-4.422476e-09	-3.551190e+01	-2.926674e+02
4.700000e-07	-4.736703e-06	-4.448979e-09	-3.538116e+01	-2.922488e+02
4.800000e-07	-4.718834e-06	-4.505803e-09	-3.524768e+01	-2.918139e+02
4.900000e-07	-4.700569e-06	-4.505282e-09	-3.511126e+01	-2.913608e+02
5.000000e-07	-4.681873e-06	-4.410451e-09	-3.497160e+01	-2.908873e+02
5.100000e-07	-4.662753e-06	-4.345579e-09	-3.482879e+01	-2.903922e+02
5.200000e-07	-4.643269e-06	-4.425804e-09	-3.468325e+01	-2.898739e+02
5.300000e-07	-4.623576e-06	-4.493527e-09	-3.453615e+01	-2.893317e+02
5.400000e-07	-4.603758e-06	-4.406883e-09	-3.438812e+01	-2.887650e+02
5.500000e-07	-4.583762e-06	-4.301241e-09	-3.423876e+01	-2.881736e+02
5.600000e-07	-4.563513e-06	-4.339825e-09	-3.408750e+01	-2.875577e+02
5.700000e-07	-4.542960e-06	-4.410315e-09	-3.393399e+01	-2.869176e+02
5.800000e-07	-4.522108e-06	-4.391239e-09	-3.377822e+01	-2.862542e+02
5.900000e-07	-4.500983e-06	-4.321378e-09	-3.362043e+01	-2.855685e+02
6.000000e-07	-4.479575e-06	-4.290706e-09	-3.346053e+01	-2.848616e+02
6.100000e-07	-4.457808e-06	-4.302136e-09	-3.329793e+01	-2.841351e+02
6.200000e-07	-4.435616e-06	-4.328471e-09	-3.313217e+01	-2.833904e+02
6.300000e-07	-4.413115e-06	-4.319296e-09	-3.296410e+01	-2.826291e+02
6.400000e-07	-4.390405e-06	-4.270379e-09	-3.279446e+01	-2.818529e+02
6.500000e-07	-4.367406e-06	-4.223367e-09	-3.262267e+01	-2.810634e+02
6.600000e-07	-4.344070e-06	-4.232239e-09	-3.244836e+01	-2.802621e+02
6.700000e-07	-4.320465e-06	-4.271537e-09	-3.227204e+01	-2.794504e+02
6.800000e-07	-4.296656e-06	-4.269259e-09	-3.209419e+01	-2.786296e+02
6.900000e-07	-4.272636e-06	-4.199782e-09	-3.191478e+01	-2.778006e+02
7.000000e-07	-4.248374e-06	-4.147895e-09	-3.173355e+01	-2.769643e+02
7.100000e-07	-4.223821e-06	-4.181304e-09	-3.155015e+01	-2.761213e+02
7.200000e-07	-4.198942e-06	-4.229992e-09	-3.136432e+01	-2.752718e+02
7.300000e-07	-4.173704e-06	-4.187117e-09	-3.117580e+01	-2.744160e+02
7.400000e-07	-4.147922e-06	-4.098349e-09	-3.098322e+01	-2.735537e+02
7.500000e-07	-4.121510e-06	-4.084977e-09	-3.078593e+01	-2.726843e+02
7.600000e-07	-4.094736e-06	-4.142524e-09	-3.058594e+01	-2.718073e+02
7.700000e-07	-4.067609e-06	-4.154695e-09	-3.038332e+01	-2.709217e+02
7.800000e-07	-4.040091e-06	-4.082074e-09	-3.017777e+01	-2.700265e+02
7.900000e-07	-4.012405e-06	-4.023083e-09	-2.997096e+01	-2.691206e+02
8.000000e-07	-3.984537e-06	-4.045903e-09	-2.976280e+01	-2.682026e+02
8.100000e-07	-3.956441e-06	-4.086648e-09	-2.955293e+01	-2.672712e+02
8.200000e-07	-3.928174e-06	-4.055388e-09	-2.934179e+01	-2.663252e+02
8.300000e-07	-3.899697e-06	-3.982171e-09	-2.912908e+01	-2.653632e+02
8.400000e-07	-3.870856e-06	-3.956071e-09	-2.891365e+01	-2.643840e+02
8.500000e-07	-3.841705e-06	-3.988521e-09	-2.869591e+01	-2.633866e+02
8.600000e-07	-3.812346e-06	-4.000477e-09	-2.847661e+01	-2.623698e+02
8.700000e-07	-3.782754e-06	-3.954177e-09	-2.825557e+01	-2.613331e+02
8.800000e-07	-3.752966e-06	-3.902540e-09	-2.803306e+01	-2.602757e+02
8.900000e-07	-3.723006e-06	-3.902053e-09	-2.780928e+01	-2.591974e+02
9.000000e-07	-3.692729e-06	-3.921585e-09	-2.758312e+01	-2.580979e+02
9.100000e-07	-3.662054e-06	-3.904804e-09	-2.735399e+01	-2.569775e+02
9.200000e-07	-3.631151e-06	-3.855788e-09	-2.712316e+01	-2.558363e+02
9.300000e-07	-3.600080e-06	-3.824762e-09	-2.689107e+01	-2.546749e+02
9.400000e-07	-3.568821e-06	-3.822570e-09	-2.665758e+01	-2.534941e+02
9.500000e-07	-3.537322e-06	-3.820728e-09	-2.642229e+01	-2.522948e+02
9.600000e-07	-3.505605e-06	-3.798726e-09	-2.618538e+01	-2.510779e+02
9.700000e-07	-3.473748e-06	-3.767997e-09	-2.594743e+01	-2.498447e+02
9.800000e-07	-3.441721e-06	-3.744844e-09	-2.570819e+01	-2.485964e+02
9.900000e-07	-3.409479e-06	-3.732664e-09	-2.546736e+01	-2.473342e+02
1.000000e-06	-3.377003e-06	-3.723069e-09	-2.522478e+01	-2.460594e+02
1.010000e-06	-3.344342e-06	-3.704122e-09	-2.498082e+01	-2.447732e+02
1.020000e-06	-3.311513e-06	-3.672549e-09	-2.473560e+01	-2.434767e+02
1.030000e-06	-3.278309e-06	-3.642295e-09	-2.448758e+01	-2.421711e+02
1.040000e-06	-3.244632e-06	-3.627469e-09	-2.423602e+01	-2.408570e+02
1.050000e-06	-3.210544e-06	-3.619588e-09	-2.398140e+01	-2.395353e+02
1.060000e-06	-3.176077e-06	-3.596994e-09	-2.372394e+01	-2.382065e+02
1.070000e-06	-3.141250e-06	-3.558697e-09	-2.346380e+01	-2.368707e+02
1.080000e-06	-3.106075e-06	-3.530240e-09	-2.320106e+01	-2.355282e+02
1.090000e-06	-3.070670e-06	-3.523197e-09	-2.293660e+01	-2.341787e+02
1.100000e-06	-3.035040e-06	-3.515001e-09	-2.267046e+01	-2.328218e+02
1.110000e-06	-2.999228e-06	-3.484269e-09	-2.240296e+01	-2.314570e+02
1.120000e-06	-2.963351e-06	-3.446912e-09	-2.213497e+01	-2.300835e+02
1.130000e-06	-2.927417e-06	-3.426247e-09	-2.186656e+01	-2.287002e+02
1.140000e-06	-2.891368e-06	-3.415644e-09	-2.159729e+01	-2.273061e+02
1.150000e-06	-2.855106e-06	-3.392520e-09	-2.132643e+01	-2.258999e+02
1.160000e-06	-2.818704e-06	-3.356448e-09	-2.105452e+01	-2.244803e+02
1.170000e-06	-2.782224e-06	-3.322665e-09	-2.078203e+01	-2.230458e+02
1.180000e-06	-2.745521e-06	-3.302315e-09	-2.050788e+01	-2.215951e+02
1.190000e-06	-2.708595e-06	-3.287092e-09	-2.023206e+01	-2.201268e+02
1.200000e-06	-2.671428e-06	-3.262727e-09	-1.995443e+01	-2.186396e+02
1.210000e-06	-2.634011e-06	-3.231283e-09	-1.967494e+01	-2.171322e+02
1.220000e-06	-2.596361e-06	-3.203359e-09	-1.939372e+01	-2.156034e+02
1.230000e-06	-2.558447e-06	-3.180104e-09	-1.911051e+01	-2.140523e+02
1.240000e-06	-2.520376e-06	-3.155527e-09	-1.882614e+01	-2.124782e+02
1.250000e-06	-2.482258e-06	-3.128097e-09	-1.854141e+01	-2.108802e+02
1.260000e-06	-2.443958e-06	-3.100220e-09	-1.825533e+01	-2.092580e+02
1.270000e-06	-2.405485e-06	-3.072118e-09	-1.796795e+01	-2.076114e+02
1.280000e-06	-2.366910e-06	-3.046434e-09	-1.767981e+01	-2.059403e+02
1.290000e-06	-2.328126e-06	-3.022635e-09	-1.739011e+01	-2.042449e+02
1.300000e-06	-2.289214e-06	-2.998478e-09	-1.709946e+01	-2.025254e+02
1.310000e-06	-2.250096e-06	-2.969146e-09	-1.680726e+01	-2.007824e+02
1.320000e-06	-2.210765e-06	-2.934428e-09	-1.651348e+01	-1.990166e+02
1.330000e-06	-2.171345e-06	-2.904313e-09	-1.621903e+01	-1.972286e+02
1.340000e-06	-2.131798e-06	-2.880536e-09	-1.592363e+01	-1.954194e+02
1.350000e-06	-2.092133e-06	-2.852339e-09	-1.562734e+01	-1.935898e+02
1.360000e-06	-2.052370e-06	-2.818211e-09	-1.533033e+01	-1.917408e+02
1.370000e-06	-2.012524e-06	-2.787440e-09	-1.503270e+01	-1.898734e+02
1.380000e-06	-1.972567e-06	-2.763884e-09	-1.473424e+01	-1.879885e+02
1.390000e-06	-1.932512e-06	-2.738112e-09	-1.443504e+01	-1.860870e+02
1.400000e-06	-1.892396e-06	-2.703921e-09	-1.413539e+01	-1.841696e+02
1.410000e-06	-1.852209e-06	-2.667554e-09	-1.383522e+01	-1.822369e+02
1.420000e-06	-1.811922e-06	-2.637267e-09	-1.353429e+01	-1.802897e+02
1.430000e-06	-1.771538e-06	-2.611373e-09	-1.323264e+01	-1.783281e+02
1.440000e-06	-1.730941e-06	-2.581455e-09	-1.292939e+01	-1.763526e+02
1.450000e-06	-1.690107e-06	-2.547494e-09	-1.262438e+01	-1.743631e+02
1.460000e-06	-1.649173e-06	-2.515227e-09	-1.231862e+01	-1.723596e+02
1.470000e-06	-1.608217e-06	-2.485773e-09	-1.201270e+01	-1.703418e+02
1.480000e-06	-1.567061e-06	-2.458020e-09	-1.170528e+01	-1.683094e+02
1.490000e-06	-1.525648e-06	-2.429545e-09	-1.139594e+01	-1.662618e+02
1.500000e-06	-1.484073e-06	-2.397088e-09	-1.108540e+01	-1.641983e+02
1.510000e-06	-1.442261e-06	-2.363007e-09	-1.077308e+01	-1.621183e+02
1.520000e-06	-1.400240e-06	-2.329357e-09	-1.045920e+01	-1.600208e+02
1.530000e-06	-1.358003e-06	-2.298247e-09	-1.014371e+01	-1.579049e+02
1.540000e-06	-1.315512e-06	-2.266580e-09	-9.826316e+00	-1.557697e+02
1.550000e-06	-1.272959e-06	-2.230079e-09	-9.508466e+00	-1.536143e+02
1.560000e-06	-1.230506e-06	-2.191575e-09	-9.191358e+00	-1.514376e+02
1.570000e-06	-1.187993e-06	-2.156660e-09	-8.873806e+00	-1.492389e+02
1.580000e-06	-1.145180e-06	-2.122830e-09	-8.554005e+00	-1.470172e+02
1.590000e-06	-1.102134e-06	-2.087861e-09	-8.232475e+00	-1.447719e+02
1.600000e-06	-1.059008e-06	-2.052472e-09	-7.910342e+00	-1.425022e+02
1.610000e-06	-1.015779e-06	-2.015573e-09	-7.587437e+00	-1.402076e+02
1.620000e-06	-9.724881e-07	-1.978444e-09	-7.264073e+00	-1.378876e+02
1.630000e-06	-9.291013e-07	-1.943078e-09	-6.939992e+00	-1.355420e+02
1.640000e-06	-8.856036e-07	-1.905952e-09	-6.615083e+00	-1.331705e+02
1.650000e-06	-8.420790e-07	-1.865389e-09	-6.289973e+00	-1.307731e+02
1.660000e-06	-7.985845e-07	-1.826014e-09	-5.965087e+00	-1.283499e+02
1.670000e-06	-7.550235e-07	-1.791387e-09	-5.639705e+00	-1.259011e+02
1.680000e-06	-7.113567e-07	-1.757637e-09	-5.313532e+00	-1.234269e+02
1.690000e-06	-6.676968e-07	-1.719720e-09	-4.987412e+00	-1.209277e+02
1.700000e-06	-6.240680e-07	-1.680714e-09	-4.661523e+00	-1.184040e+02
1.710000e-06	-5.804053e-07	-1.645008e-09	-4.335381e+00	-1.158562e+02
1.720000e-06	-5.366820e-07	-1.609726e-09	-4.008786e+00	-1.132849e+02
1.730000e-06	-4.929273e-07	-1.570759e-09	-3.681958e+00	-1.106907e+02
1.740000e-06	-4.491375e-07	-1.528588e-09	-3.354866e+00	-1.080741e+02
1.750000e-06	-4.053504e-07	-1.486748e-09	-3.027796e+00	-1.054357e+02
1.760000e-06	-3.615757e-07	-1.445731e-09	-2.700817e+00	-1.027760e+02
1.770000e-06	-3.177689e-07	-1.404782e-09	-2.373599e+00	-1.000956e+02
1.780000e-06	-2.739362e-07	-1.362886e-09	-2.046187e+00	-9.739477e+01
1.790000e-06	-2.301239e-07	-1.319634e-09	-1.718928e+00	-9.467400e+01
1.800000e-06	-1.863053e-07	-1.277825e-09	-1.391622e+00	-9.193358e+01
1.810000e-06	-1.424790e-07	-1.236980e-09	-1.064257e+00	-8.917375e+01
1.820000e-06	-9.861955e-08	-1.194966e-09	-7.366462e-01	-8.639468e+01
1.830000e-06	-5.469881e-08	-1.150652e-09	-4.085769e-01	-8.359648e+01
1.840000e-06	-1.080287e-08	-1.105947e-09	-8.069286e-02	-8.077919e+01
1.850000e-06	3.307321e-08	-1.062512e-09	2.470429e-01	-7.794277e+01
1.860000e-06	7.691894e-08	-1.020152e-09	5.745519e-01	-7.508716e+01
1.870000e-06	1.207360e-07	-9.768239e-10	9.018467e-01	-7.221224e+01
1.880000e-06	1.645781e-07	-9.326891e-10	1.229329e+00	-6.931785e+01
1.890000e-06	2.084371e-07	-8.899804e-10	1.556936e+00	-6.640383e+01
1.900000e-06	2.522926e-07	-8.488118e-10	1.884519e+00	-6.346999e+01
1.910000e-06	2.961149e-07	-8.087765e-10	2.211853e+00	-6.051613e+01
1.920000e-06	3.399308e-07	-7.678985e-10	2.539139e+00	-5.754208e+01
1.930000e-06	3.837198e-07	-7.243551e-10	2.866224e+00	-5.454768e+01
1.940000e-06	4.274914e-07	-6.781308e-10	3.193179e+00	-5.153279e+01
1.950000e-06	4.712751e-07	-6.316764e-10	3.520225e+00	-4.849730e+01
1.960000e-06	5.149842e-07	-5.874244e-10	3.846713e+00	-4.544114e+01
1.970000e-06	5.586451e-07	-5.423259e-10	4.172841e+00	-4.236429e+01
1.980000e-06	6.022528e-07	-4.944524e-10	4.498573e+00	-3.926675e+01
1.990000e-06	6.458414e-07	-4.491047e-10	4.824161e+00	-3.614856e+01
2.000000e-06	6.894619e-07	-4.072729e-10	5.149987e+00	-3.300981e+01
2.010000e-06	7.330642e-07	-3.635404e-10	5.475678e+00	-2.985063e+01
2.020000e-06	7.766027e-07	-3.144203e-10	5.800892e+00	-2.667115e+01
2.030000e-06	8.201226e-07	-2.642457e-10	6.125968e+00	-2.347156e+01
2.040000e-06	8.636953e-07	-2.166605e-10	6.451437e+00	-2.025205e+01
2.050000e-06	9.072129e-07	-1.685297e-10	6.776496e+00	-1.701283e+01
2.060000e-06	9.505879e-07	-1.191324e-10	7.100488e+00	-1.375413e+01
2.070000e-06	9.938759e-07	-6.873946e-11	7.423831e+00	-1.047616e+01
2.080000e-06	1.037102e-06	-1.849307e-11	7.746711e+00	-7.179156e+00
2.090000e-06	1.080180e-06	3.036697e-11	8.068486e+00	-3.863345e+00
2.100000e-06	1.123147e-06	7.893697e-11	8.389433e+00	-5.289528e-01
2.110000e-06	1.166073e-06	1.273947e-10	8.710073e+00	2.823796e+00
2.120000e-06	1.208844e-06	1.751140e-10	9.029555e+00	6.194676e+00
2.130000e-06	1.251353e-06	2.210220e-10	9.347075e+00	9.583452e+00
2.140000e-06	1.293804e-06	2.693942e-10	9.664164e+00	1.298988e+01
2.150000e-06	1.336182e-06	3.214188e-10	9.980715e+00	1.641370e+01
2.160000e-06	1.378267e-06	3.724852e-10	1.029507e+01	1.985463e+01
2.170000e-06	1.420166e-06	4.224000e-10	1.060804e+01	2.331233e+01
2.180000e-06	1.461898e-06	4.740235e-10	1.091975e+01	2.678643e+01
2.190000e-06	1.503458e-06	5.276265e-10	1.123019e+01	3.027650e+01
2.200000e-06	1.544926e-06	5.788065e-10	1.153994e+01	3.378205e+01
2.210000e-06	1.586131e-06	6.285532e-10	1.184773e+01	3.730248e+01
2.220000e-06	1.627054e-06	6.800000e-10	1.215341e+01	4.083713e+01
2.230000e-06	1.667878e-06	7.308741e-10	1.245834e+01	4.438522e+01
2.240000e-06	1.708552e-06	7.808725e-10	1.276216e+01	4.794589e+01
2.250000e-06	1.748953e-06	8.300438e-10	1.306393e+01	5.151812e+01
2.260000e-06	1.789199e-06	8.820269e-10	1.336456e+01	5.510083e+01
2.270000e-06	1.829395e-06	9.377441e-10	1.366481e+01	5.869279e+01
2.280000e-06	1.869518e-06	9.923743e-10	1.396451e+01	6.229264e+01
2.290000e-06	1.909585e-06	1.044275e-09	1.426379e+01	6.589893e+01
2.300000e-06	1.949549e-06	1.095052e-09	1.456230e+01	6.951011e+01
2.310000e-06	1.989409e-06	1.146762e-09	1.486004e+01	7.312450e+01
2.320000e-06	2.029163e-06	1.196808e-09	1.515699e+01	7.674035e+01
2.330000e-06	2.068864e-06	1.245151e-09	1.545354e+01	8.035584e+01
2.340000e-06	2.108526e-06	1.295034e-09	1.574980e+01	8.396907e+01
2.350000e-06	2.148077e-06	1.346733e-09	1.604522e+01	8.757811e+01
2.360000e-06	2.187513e-06	1.397344e-09	1.633980e+01	9.118099e+01
2.370000e-06	2.226801e-06	1.447790e-09	1.663326e+01	9.477575e+01
2.380000e-06	2.265834e-06	1.500418e-09	1.692482e+01	9.836042e+01
2.390000e-06	2.304685e-06	1.554619e-09	1.721502e+01	1.019330e+02
2.400000e-06	2.343477e-06	1.607484e-09	1.750478e+01	1.054917e+02
2.410000e-06	2.382014e-06	1.658522e-09	1.779263e+01	1.090347e+02
2.420000e-06	2.420313e-06	1.707898e-09	1.807871e+01	1.125600e+02
2.430000e-06	2.458478e-06	1.757060e-09	1.836379e+01	1.160662e+02
2.440000e-06	2.496484e-06	1.807132e-09	1.864768e+01	1.195515e+02
2.450000e-06	2.534427e-06	1.857464e-09	1.893109e+01	1.230144e+02
2.460000e-06	2.572350e-06	1.908669e-09	1.921436e+01	1.264537e+02
2.470000e-06	2.610128e-06	1.959607e-09	1.949654e+01	1.298679e+02
2.480000e-06	2.647653e-06	2.010516e-09	1.977684e+01	1.332560e+02
2.490000e-06	2.684949e-06	2.061815e-09	2.005543e+01	1.366169e+02
2.500000e-06	2.722036e-06	2.111895e-09	2.033245e+01	1.399495e+02
2.510000e-06	2.758874e-06	2.159556e-09	2.060761e+01	1.432530e+02
2.520000e-06	2.795453e-06	2.207051e-09	2.088084e+01	1.465266e+02
2.530000e-06	2.831788e-06	2.254913e-09	2.115225e+01	1.497696e+02
2.540000e-06	2.867930e-06	2.301527e-09	2.142222e+01	1.529814e+02
2.550000e-06	2.903972e-06	2.346221e-09	2.169144e+01	1.561613e+02
2.560000e-06	2.939900e-06	2.390048e-09	2.195981e+01	1.593088e+02
2.570000e-06	2.975729e-06	2.436035e-09	2.222743e+01	1.624233e+02
2.580000e-06	3.011435e-06	2.482245e-09	2.249414e+01	1.655043e+02
2.590000e-06	3.047026e-06	2.525907e-09	2.275999e+01	1.685514e+02
2.600000e-06	3.082442e-06	2.569359e-09	2.302454e+01	1.715640e+02
2.610000e-06	3.117584e-06	2.613034e-09	2.328703e+01	1.745416e+02
2.620000e-06	3.152511e-06	2.655520e-09	2.354792e+01	1.774838e+02
2.630000e-06	3.187190e-06	2.698382e-09	2.380696e+01	1.803900e+02
2.640000e-06	3.221452e-06	2.739852e-09	2.406288e+01	1.832598e+02
2.650000e-06	3.255258e-06	2.779265e-09	2.431539e+01	1.860926e+02
2.660000e-06	3.288669e-06	2.821147e-09	2.456496e+01	1.888879e+02
2.670000e-06	3.321711e-06	2.865368e-09	2.481177e+01	1.916452e+02
2.680000e-06	3.354409e-06	2.910932e-09	2.505601e+01	1.943642e+02
2.690000e-06	3.386828e-06	2.952130e-09	2.529817e+01	1.970442e+02
2.700000e-06	3.419043e-06	2.989303e-09	2.553880e+01	1.996850e+02
2.710000e-06	3.451101e-06	3.026430e-09	2.577826e+01	2.022861e+02
2.720000e-06	3.483033e-06	3.065052e-09	2.601678e+01	2.048473e+02
2.730000e-06	3.514860e-06	3.102692e-09	2.625451e+01	2.073683e+02
2.740000e-06	3.546571e-06	3.135649e-09	2.649138e+01	2.098491e+02
2.750000e-06	3.578086e-06	3.167804e-09	2.672678e+01	2.122894e+02
2.760000e-06	3.609346e-06	3.203454e-09	2.696028e+01	2.146894e+02
2.770000e-06	3.640296e-06	3.241433e-09	2.719146e+01	2.170492e+02
2.780000e-06	3.670882e-06	3.275411e-09	2.741993e+01	2.193690e+02
2.790000e-06	3.701138e-06	3.305330e-09	2.764593e+01	2.216491e+02
2.800000e-06	3.731112e-06	3.334672e-09	2.786982e+01	2.238898e+02
2.810000e-06	3.760906e-06	3.368457e-09	2.809237e+01	2.260917e+02
2.820000e-06	3.790573e-06	3.401374e-09	2.831397e+01	2.282553e+02
2.830000e-06	3.820065e-06	3.431964e-09	2.853426e+01	2.303812e+02
2.840000e-06	3.849294e-06	3.461909e-09	2.875259e+01	2.324701e+02
2.850000e-06	3.878139e-06	3.495933e-09	2.896805e+01	2.345226e+02
2.860000e-06	3.906674e-06	3.531460e-09	2.918119e+01	2.365395e+02
2.870000e-06	3.934982e-06	3.561750e-09	2.939264e+01	2.385214e+02
2.880000e-06	3.963093e-06	3.588577e-09	2.960262e+01	2.404691e+02
2.890000e-06	3.991059e-06	3.617578e-09	2.981151e+01	2.423831e+02
2.900000e-06	4.018898e-06	3.647380e-09	3.001946e+01	2.442642e+02
2.910000e-06	4.046583e-06	3.675033e-09	3.022625e+01	2.461127e+02
2.920000e-06	4.074012e-06	3.699940e-09	3.043114e+01	2.479293e+02
2.930000e-06	4.100974e-06	3.725605e-09	3.063254e+01	2.497142e+02
2.940000e-06	4.127438e-06	3.753107e-09	3.083021e+01	2.514677e+02
2.950000e-06	4.153360e-06	3.780224e-09	3.102384e+01	2.531901e+02
2.960000e-06	4.178756e-06	3.806905e-09	3.121353e+01	2.548814e+02
2.970000e-06	4.203711e-06	3.831479e-09	3.139994e+01	2.565417e+02
2.980000e-06	4.228286e-06	3.857202e-09	3.158350e+01	2.581707e+02
2.990000e-06	4.252623e-06	3.881281e-09	3.176528e+01	2.597685e+02
3.000000e-06	4.276715e-06	3.903098e-09	3.194524e+01	2.613347e+02
3.010000e-06	4.300573e-06	3.922050e-09	3.212345e+01	2.628691e+02
3.020000e-06	4.324200e-06	3.940564e-09	3.229994e+01	2.643714e+02
3.030000e-06	4.347644e-06	3.962276e-09	3.247505e+01	2.658411e+02
3.040000e-06	4.370766e-06	3.984495e-09	3.264777e+01	2.672781e+02
3.050000e-06	4.393545e-06	4.006930e-09	3.281791e+01	2.686819e+02
3.060000e-06	4.416021e-06	4.029774e-09	3.298580e+01	2.700524e+02
3.070000e-06	4.438161e-06	4.051899e-09	3.315118e+01	2.713892e+02
3.080000e-06	4.460051e-06	4.074249e-09	3.331469e+01	2.726925e+02
3.090000e-06	4.481706e-06	4.097064e-09	3.347644e+01	2.739620e+02
3.100000e-06	4.503116e-06	4.118526e-09	3.363636e+01	2.751979e+02
3.110000e-06	4.524134e-06	4.136879e-09	3.379336e+01	2.764003e+02
3.120000e-06	4.544661e-06	4.151936e-09	3.394669e+01	2.775698e+02
3.130000e-06	4.564862e-06	4.165685e-09	3.409758e+01	2.787066e+02
3.140000e-06	4.584897e-06	4.180448e-09	3.424723e+01	2.798114e+02
3.150000e-06	4.604798e-06	4.198894e-09	3.439589e+01	2.808850e+02
3.160000e-06	4.624571e-06	4.221195e-09	3.454359e+01	2.819280e+02
3.170000e-06	4.644142e-06	4.243716e-09	3.468977e+01	2.829415e+02
3.180000e-06	4.663412e-06	4.261855e-09	3.483371e+01	2.839265e+02
3.190000e-06	4.682274e-06	4.276496e-09	3.497460e+01	2.848841e+02
3.200000e-06	4.700570e-06	4.292929e-09	3.511126e+01	2.858152e+02
3.210000e-06	4.718363e-06	4.310244e-09	3.524417e+01	2.867213e+02
3.220000e-06	4.735926e-06	4.325267e-09	3.537536e+01	2.876032e+02
3.230000e-06	4.753273e-06	4.337284e-09	3.550493e+01	2.884622e+02
3.240000e-06	4.770314e-06	4.349875e-09	3.563222e+01	2.892993e+02
3.250000e-06	4.787191e-06	4.364458e-09	3.575829e+01	2.901155e+02
3.260000e-06	4.803777e-06	4.379936e-09	3.588218e+01	2.909117e+02
3.270000e-06	4.819925e-06	4.394954e-09	3.600279e+01	2.916887e+02
3.280000e-06	4.835757e-06	4.409175e-09	3.612105e+01	2.924471e+02
3.290000e-06	4.851142e-06	4.421744e-09	3.623597e+01	2.931875e+02
3.300000e-06	4.865906e-06	4.434464e-09	3.634625e+01	2.939101e+02
3.310000e-06	4.880165e-06	4.446928e-09	3.645276e+01	2.946154e+02
3.320000e-06	4.894153e-06	4.457503e-09	3.655724e+01	2.953032e+02
3.330000e-06	4.907913e-06	4.467301e-09	3.666003e+01	2.959737e+02
3.340000e-06	4.921336e-06	4.479578e-09	3.676029e+01	2.966266e+02
3.350000e-06	4.934380e-06	4.491776e-09	3.685772e+01	2.972616e+02
3.360000e-06	4.947053e-06	4.504152e-09	3.695238e+01	2.978784e+02
3.370000e-06	4.959339e-06	4.517974e-09	3.704416e+01	2.984766e+02
3.380000e-06	4.971234e-06	4.529912e-09	3.713301e+01	2.990556e+02
3.390000e-06	4.982793e-06	4.541948e-09	3.721935e+01	2.996149e+02
3.400000e-06	4.994026e-06	4.554207e-09	3.730325e+01	3.001541e+02
3.410000e-06	5.004820e-06	4.563243e-09	3.738388e+01	3.006727e+02
3.420000e-06	5.015049e-06	4.568036e-09	3.746029e+01	3.011703e+02
3.430000e-06	5.024631e-06	4.574356e-09	3.753186e+01	3.016466e+02
3.440000e-06	5.033534e-06	4.581461e-09	3.759836e+01	3.021014e+02
3.450000e-06	5.041934e-06	4.586217e-09	3.766111e+01	3.025345e+02
3.460000e-06	5.050089e-06	4.590631e-09	3.772202e+01	3.029461e+02
3.470000e-06	5.058010e-06	4.596797e-09	3.778119e+01	3.033363e+02
3.480000e-06	5.065700e-06	4.605186e-09	3.783863e+01	3.037055e+02
3.490000e-06	5.073237e-06	4.613920e-09	3.789492e+01	3.040541e+02
3.500000e-06	5.080429e-06	4.621259e-09	3.794865e+01	3.043827e+02
3.510000e-06	5.087239e-06	4.627044e-09	3.799951e+01	3.046921e+02
3.520000e-06	5.093684e-06	4.632006e-09	3.804766e+01	3.049831e+02
3.530000e-06	5.099714e-06	4.638399e-09	3.809270e+01	3.052566e+02
3.540000e-06	5.105473e-06	4.645594e-09	3.813571e+01	3.055137e+02
3.550000e-06	5.110903e-06	4.649278e-09	3.817627e+01	3.057552e+02
3.560000e-06	5.115933e-06	4.652022e-09	3.821385e+01	3.059823e+02
3.570000e-06	5.120572e-06	4.656651e-09	3.824850e+01	3.061959e+02
3.580000e-06	5.124835e-06	4.662292e-09	3.828034e+01	3.063969e+02
3.590000e-06	5.128862e-06	4.666153e-09	3.831042e+01	3.065860e+02
3.600000e-06	5.132738e-06	4.667851e-09	3.833938e+01	3.067639e+02
3.610000e-06	5.136415e-06	4.670713e-09	3.836684e+01	3.069311e+02
3.620000e-06	5.139768e-06	4.673414e-09	3.839188e+01	3.070880e+02
3.630000e-06	5.142719e-06	4.673561e-09	3.841393e+01	3.072345e+02
3.640000e-06	5.145122e-06	4.673376e-09	3.843188e+01	3.073706e+02
3.650000e-06	5.146823e-06	4.674618e-09	3.844458e+01	3.074959e+02
3.660000e-06	5.147907e-06	4.677867e-09	3.845268e+01	3.076099e+02
3.670000e-06	5.148497e-06	4.680912e-09	3.845709e+01	3.077116e+02
3.680000e-06	5.148780e-06	4.683755e-09	3.845920e+01	3.078002e+02
3.690000e-06	5.148887e-06	4.685915e-09	3.846000e+01	3.078744e+02
3.700000e-06	5.148781e-06	4.686328e-09	3.845921e+01	3.079328e+02
3.710000e-06	5.148435e-06	4.687328e-09	3.845662e+01	3.079740e+02
3.720000e-06	5.147690e-06	4.685802e-09	3.845106e+01	3.079963e+02
3.730000e-06	5.146562e-06	4.681241e-09	3.844264e+01	3.079981e+02
3.740000e-06	5.145160e-06	4.678203e-09	3.843216e+01	3.079778e+02
3.750000e-06	5.143460e-06	4.686716e-09	3.841946e+01	3.079337e+02
3.760000e-06	5.141428e-06	4.694135e-09	3.840428e+01	3.078644e+02
3.770000e-06	5.139028e-06	4.658348e-09	3.838635e+01	3.077685e+02
3.780000e-06	5.136235e-06	4.612464e-09	3.836549e+01	3.076449e+02
3.790000e-06	5.132931e-06	4.653147e-09	3.834081e+01	3.074925e+02
3.800000e-06	5.129127e-06	4.744992e-09	3.831240e+01	3.073107e+02
3.810000e-06	5.125088e-06	4.773757e-09	3.828223e+01	3.070992e+02
3.820000e-06	5.121002e-06	4.649592e-09	3.825171e+01	3.068579e+02
3.830000e-06	5.116679e-06	4.535691e-09	3.821942e+01	3.065870e+02
3.840000e-06	5.111847e-06	4.627243e-09	3.818333e+01	3.062874e+02
3.850000e-06	5.106535e-06	4.775297e-09	3.814365e+01	3.059599e+02
3.860000e-06	5.101051e-06	4.806314e-09	3.810268e+01	3.056059e+02
3.870000e-06	5.095488e-06	4.643033e-09	3.806113e+01	3.052273e+02
3.880000e-06	5.089293e-06	4.535938e-09	3.801485e+01	3.048259e+02
3.890000e-06	5.082243e-06	4.634056e-09	3.796220e+01	3.044042e+02
3.900000e-06	5.074829e-06	4.803051e-09	3.790682e+01	3.039645e+02
3.910000e-06	5.067227e-06	4.782026e-09	3.785003e+01	3.035097e+02
3.920000e-06	5.059170e-06	4.578712e-09	3.778985e+01	3.030426e+02
3.930000e-06	5.050716e-06	4.532501e-09	3.772670e+01	3.025661e+02
3.940000e-06	5.042109e-06	4.691146e-09	3.766241e+01	3.020832e+02
3.950000e-06	5.033335e-06	4.791238e-09	3.759688e+01	3.015967e+02
3.960000e-06	5.024083e-06	4.623539e-09	3.752777e+01	3.011094e+02
3.970000e-06	5.014242e-06	4.497681e-09	3.745426e+01	3.006239e+02
3.980000e-06	5.004135e-06	4.621544e-09	3.737876e+01	3.001427e+02
3.990000e-06	4.993866e-06	4.720019e-09	3.730206e+01	2.996677e+02
4.000000e-06	4.983081e-06	4.575763e-09	3.722150e+01	2.992008e+02
4.010000e-06	4.971724e-06	4.510008e-09	3.713666e+01	2.987434e+02
4.020000e-06	4.960114e-06	4.669310e-09	3.704994e+01	2.982965e+02
4.030000e-06	4.948306e-06	4.681995e-09	3.696174e+01	2.978607e+02
4.040000e-06	4.936090e-06	4.483674e-09	3.687049e+01	2.974362e+02
4.050000e-06	4.923435e-06	4.516084e-09	3.677597e+01	2.970226e+02
4.060000e-06	4.910400e-06	4.706197e-09	3.667860e+01	2.966194e+02
4.070000e-06	4.896807e-06	4.647091e-09	3.657707e+01	2.962254e+02
4.080000e-06	4.882543e-06	4.420922e-09	3.647052e+01	2.958392e+02
4.090000e-06	4.867646e-06	4.447389e-09	3.635925e+01	2.954590e+02
4.100000e-06	4.852363e-06	4.631437e-09	3.624509e+01	2.950827e+02
4.110000e-06	4.836757e-06	4.589923e-09	3.612852e+01	2.947081e+02
4.120000e-06	4.820815e-06	4.390549e-09	3.600944e+01	2.943325e+02
4.130000e-06	4.804643e-06	4.354400e-09	3.588864e+01	2.939534e+02
4.140000e-06	4.788236e-06	4.507754e-09	3.576609e+01	2.935681e+02
4.150000e-06	4.771527e-06	4.531030e-09	3.564128e+01	2.931739e+02
4.160000e-06	4.754434e-06	4.421701e-09	3.551360e+01	2.927681e+02
4.170000e-06	4.736977e-06	4.371464e-09	3.538321e+01	2.923482e+02
4.180000e-06	4.719253e-06	4.410990e-09	3.525081e+01	2.919120e+02
4.190000e-06	4.701230e-06	4.444815e-09	3.511619e+01	2.914572e+02
4.200000e-06	4.682902e-06	4.481396e-09	3.497929e+01	2.909820e+02
4.210000e-06	4.664343e-06	4.435791e-09	3.484066e+01	2.904850e+02
4.220000e-06	4.645447e-06	4.330989e-09	3.469951e+01	2.899648e+02
4.230000e-06	4.626122e-06	4.344045e-09	3.455517e+01	2.894206e+02
4.240000e-06	4.606465e-06	4.457853e-09	3.440834e+01	2.888519e+02
4.250000e-06	4.586599e-06	4.430352e-09	3.425995e+01	2.882585e+02
4.260000e-06	4.566569e-06	4.302681e-09	3.411033e+01	2.876405e+02
4.270000e-06	4.546337e-06	4.289862e-09	3.395921e+01	2.869985e+02
4.280000e-06	4.525823e-06	4.357729e-09	3.380598e+01	2.863332e+02
4.290000e-06	4.504966e-06	4.362482e-09	3.365018e+01	2.856457e+02
4.300000e-06	4.483716e-06	4.326653e-09	3.349146e+01	2.849372e+02
4.310000e-06	4.461964e-06	4.298996e-09	3.332898e+01	2.842091e+02
4.320000e-06	4.439642e-06	4.271051e-09	3.316224e+01	2.834630e+02
4.330000e-06	4.416886e-06	4.275866e-09	3.299226e+01	2.827004e+02
4.340000e-06	4.393700e-06	4.317176e-09	3.281907e+01	2.819231e+02
4.350000e-06	4.370087e-06	4.318111e-09	3.264269e+01	2.811326e+02
4.360000e-06	4.346201e-06	4.238005e-09	3.246427e+01	2.803304e+02
4.370000e-06	4.322083e-06	4.181524e-09	3.228412e+01	2.795179e+02
4.380000e-06	4.297741e-06	4.234848e-09	3.210230e+01	2.786964e+02
4.390000e-06	4.273209e-06	4.303928e-09	3.191906e+01	2.778668e+02
4.400000e-06	4.248455e-06	4.241048e-09	3.173415e+01	2.770299e+02
4.410000e-06	4.223355e-06	4.127057e-09	3.154667e+01	2.761864e+02
4.420000e-06	4.197955e-06	4.137907e-09	3.135694e+01	2.753365e+02
4.430000e-06	4.172307e-06	4.235959e-09	3.116536e+01	2.744802e+02
4.440000e-06	4.146374e-06	4.231075e-09	3.097165e+01	2.736173e+02
4.450000e-06	4.120164e-06	4.120739e-09	3.077588e+01	2.727473e+02
4.460000e-06	4.093639e-06	4.067515e-09	3.057775e+01	2.718696e+02
4.470000e-06	4.066853e-06	4.129292e-09	3.037767e+01	2.709833e+02
4.480000e-06	4.039738e-06	4.177051e-09	3.017513e+01	2.700873e+02
4.490000e-06	4.012247e-06	4.121498e-09	2.996978e+01	2.691804e+02
4.500000e-06	3.984510e-06	4.041058e-09	2.976260e+01	2.682614e+02
4.510000e-06	3.956618e-06	4.040075e-09	2.955425e+01	2.673289e+02
4.520000e-06	3.928597e-06	4.082244e-09	2.934495e+01	2.663816e+02
4.530000e-06	3.900420e-06	4.077061e-09	2.913448e+01	2.654183e+02
4.540000e-06	3.872076e-06	4.019115e-09	2.892276e+01	2.644376e+02
4.550000e-06	3.843557e-06	3.978927e-09	2.870974e+01	2.634386e+02
4.560000e-06	3.814698e-06	3.988628e-09	2.849417e+01	2.624203e+02
4.570000e-06	3.785376e-06	4.004981e-09	2.827515e+01	2.613819e+02
4.580000e-06	3.755669e-06	3.983543e-09	2.805325e+01	2.603228e+02
4.590000e-06	3.725465e-06	3.942031e-09	2.782765e+01	2.592427e+02
4.600000e-06	3.694759e-06	3.922784e-09	2.759828e+01	2.581415e+02
4.610000e-06	3.663682e-06	3.925741e-09	2.736615e+01	2.570194e+02
4.620000e-06	3.632298e-06	3.921785e-09	2.713173e+01	2.558765e+02
4.630000e-06	3.600635e-06	3.899865e-09	2.689522e+01	2.547135e+02
4.640000e-06	3.568673e-06	3.871915e-09	2.665647e+01	2.535312e+02
4.650000e-06	3.536560e-06	3.848330e-09	2.641660e+01	2.523303e+02
4.660000e-06	3.504368e-06	3.833670e-09	2.617614e+01	2.511121e+02
4.670000e-06	3.472075e-06	3.825458e-09	2.593492e+01	2.498776e+02
4.680000e-06	3.439559e-06	3.813210e-09	2.569205e+01	2.486281e+02
4.690000e-06	3.406785e-06	3.785222e-09	2.544723e+01	2.473648e+02
4.700000e-06	3.373805e-06	3.751476e-09	2.520089e+01	2.460891e+02
4.710000e-06	3.340527e-06	3.736724e-09	2.495232e+01	2.448020e+02
4.720000e-06	3.307037e-06	3.738499e-09	2.470216e+01	2.435048e+02
4.730000e-06	3.273359e-06	3.720338e-09	2.445060e+01	2.421984e+02
4.740000e-06	3.239424e-06	3.677682e-09	2.419712e+01	2.408837e+02
4.750000e-06	3.205311e-06	3.648409e-09	2.394231e+01	2.395614e+02
4.760000e-06	3.170987e-06	3.650396e-09	2.368593e+01	2.382320e+02
4.770000e-06	3.136389e-06	3.645408e-09	2.342749e+01	2.368957e+02
4.780000e-06	3.101573e-06	3.609392e-09	2.316743e+01	2.355527e+02
4.790000e-06	3.066568e-06	3.572328e-09	2.290596e+01	2.342026e+02
4.800000e-06	3.031266e-06	3.564267e-09	2.264227e+01	2.328451e+02
4.810000e-06	2.995674e-06	3.564819e-09	2.237641e+01	2.314797e+02
4.820000e-06	2.959952e-06	3.544317e-09	2.210959e+01	2.301054e+02
4.830000e-06	2.924149e-06	3.510336e-09	2.184215e+01	2.287213e+02
4.840000e-06	2.888222e-06	3.487951e-09	2.157379e+01	2.273262e+02
4.850000e-06	2.852153e-06	3.478081e-09	2.130437e+01	2.259190e+02
4.860000e-06	2.815993e-06	3.461969e-09	2.103427e+01	2.244982e+02
4.870000e-06	2.779743e-06	3.433918e-09	2.076350e+01	2.230624e+02
4.880000e-06	2.743404e-06	3.407071e-09	2.049206e+01	2.216104e+02
4.890000e-06	2.706911e-06	3.388685e-09	2.021947e+01	2.201406e+02
4.900000e-06	2.670130e-06	3.371723e-09	1.994474e+01	2.186517e+02
4.910000e-06	2.633064e-06	3.351395e-09	1.966787e+01	2.171426e+02
4.920000e-06	2.595702e-06	3.329818e-09	1.938879e+01	2.156120e+02
4.930000e-06	2.558069e-06	3.306817e-09	1.910769e+01	2.140591e+02
4.940000e-06	2.520036e-06	3.281174e-09	1.882360e+01	2.124830e+02
4.950000e-06	2.481628e-06	3.254280e-09	1.853671e+01	2.108830e+02
4.960000e-06	2.443044e-06	3.230835e-09	1.824850e+01	2.092589e+02
4.970000e-06	2.404137e-06	3.207234e-09	1.795789e+01	2.076102e+02
4.980000e-06	2.364877e-06	3.176210e-09	1.766463e+01	2.059371e+02
4.990000e-06	2.325411e-06	3.142714e-09	1.736983e+01	2.042397e+02
5.000000e-06	2.285834e-06	3.118046e-09	1.707421e+01	2.025183e+02
5.010000e-06	2.246084e-06	3.101395e-09	1.677729e+01	2.007734e+02
5.020000e-06	2.206186e-06	3.077175e-09	1.647927e+01	1.990057e+02
5.030000e-06	2.166182e-06	3.043091e-09	1.618046e+01	1.972159e+02
5.040000e-06	2.126106e-06	3.015410e-09	1.588111e+01	1.954050e+02
5.050000e-06	2.085997e-06	2.999056e-09	1.558151e+01	1.935738e+02
5.060000e-06	2.045787e-06	2.976918e-09	1.528116e+01	1.917233e+02
5.070000e-06	2.005521e-06	2.941650e-09	1.498039e+01	1.898544e+02
5.080000e-06	1.965157e-06	2.906142e-09	1.467889e+01	1.879681e+02
5.090000e-06	1.924653e-06	2.883343e-09	1.437634e+01	1.860653e+02
5.100000e-06	1.884064e-06	2.865040e-09	1.407316e+01	1.841466e+02
5.110000e-06	1.843398e-06	2.836825e-09	1.376940e+01	1.822127e+02
5.120000e-06	1.802612e-06	2.799421e-09	1.346474e+01	1.802643e+02
5.130000e-06	1.761709e-06	2.767285e-09	1.315922e+01	1.783016e+02
5.140000e-06	1.720665e-06	2.743651e-09	1.285264e+01	1.763249e+02
5.150000e-06	1.679484e-06	2.718400e-09	1.254503e+01	1.743343e+02
5.160000e-06	1.638144e-06	2.685695e-09	1.223624e+01	1.723296e+02
5.170000e-06	1.596542e-06	2.650969e-09	1.192549e+01	1.703107e+02
5.180000e-06	1.554828e-06	2.622134e-09	1.161391e+01	1.682771e+02
5.190000e-06	1.513148e-06	2.595063e-09	1.130257e+01	1.662282e+02
5.200000e-06	1.471290e-06	2.565480e-09	1.098991e+01	1.641634e+02
5.210000e-06	1.429296e-06	2.534808e-09	1.067624e+01	1.620820e+02
5.220000e-06	1.387282e-06	2.501835e-09	1.036241e+01	1.599830e+02
5.230000e-06	1.345170e-06	2.466590e-09	1.004785e+01	1.578655e+02
5.240000e-06	1.302994e-06	2.432812e-09	9.732815e+00	1.557287e+02
5.250000e-06	1.260766e-06	2.404499e-09	9.417390e+00	1.535716e+02
5.260000e-06	1.218486e-06	2.373151e-09	9.101572e+00	1.513932e+02
5.270000e-06	1.176132e-06	2.333298e-09	8.785207e+00	1.491926e+02
5.280000e-06	1.133728e-06	2.295656e-09	8.468463e+00	1.469690e+02
5.290000e-06	1.091246e-06	2.266312e-09	8.151147e+00	1.447217e+02
5.300000e-06	1.048724e-06	2.240501e-09	7.833526e+00	1.424499e+02
5.310000e-06	1.006141e-06	2.207816e-09	7.515447e+00	1.401532e+02
5.320000e-06	9.634189e-07	2.169119e-09	7.196330e+00	1.378312e+02
5.330000e-06	9.206636e-07	2.135693e-09	6.876966e+00	1.354834e+02
5.340000e-06	8.778804e-07	2.108123e-09	6.557394e+00	1.331098e+02
5.350000e-06	8.349748e-07	2.075420e-09	6.236907e+00	1.307103e+02
5.360000e-06	7.919764e-07	2.034611e-09	5.915728e+00	1.282850e+02
5.370000e-06	7.489537e-07	1.993787e-09	5.594366e+00	1.258341e+02
5.380000e-06	7.058786e-07	1.959826e-09	5.272613e+00	1.233578e+02
5.390000e-06	6.627173e-07	1.926914e-09	4.950217e+00	1.208566e+02
5.400000e-06	6.195438e-07	1.887999e-09	4.627729e+00	1.183308e+02
5.410000e-06	5.763860e-07	1.848425e-09	4.305359e+00	1.157811e+02
5.420000e-06	5.331514e-07	1.812301e-09	3.982414e+00	1.132079e+02
5.430000e-06	4.897581e-07	1.776488e-09	3.658285e+00	1.106118e+02
5.440000e-06	4.462660e-07	1.736426e-09	3.333417e+00	1.079934e+02
5.450000e-06	4.028064e-07	1.692169e-09	3.008793e+00	1.053533e+02
5.460000e-06	3.593655e-07	1.647737e-09	2.684308e+00	1.026919e+02
5.470000e-06	3.158794e-07	1.603282e-09	2.359485e+00	1.000097e+02
5.480000e-06	2.723311e-07	1.559801e-09	2.034198e+00	9.730729e+01
5.490000e-06	2.287366e-07	1.519233e-09	1.708565e+00	9.458490e+01
5.500000e-06	1.851088e-07	1.477516e-09	1.382684e+00	9.184288e+01
5.510000e-06	1.414790e-07	1.433286e-09	1.056788e+00	8.908147e+01
5.520000e-06	9.793770e-08	1.388900e-09	7.315530e-01	8.630083e+01
5.530000e-06	5.441452e-08	1.346918e-09	4.064534e-01	8.350106e+01
5.540000e-06	1.084018e-08	1.303620e-09	8.097157e-02	8.068220e+01
5.550000e-06	-3.278248e-08	1.255945e-09	-2.448712e-01	7.784422e+01
5.560000e-06	-7.642740e-08	1.207515e-09	-5.708802e-01	7.498703e+01
5.570000e-06	-1.200068e-07	1.162280e-09	-8.964001e-01	7.211052e+01
5.580000e-06	-1.636147e-07	1.118369e-09	-1.222132e+00	6.921453e+01
5.590000e-06	-2.072518e-07	1.073070e-09	-1.548083e+00	6.629889e+01
5.600000e-06	-2.508374e-07	1.026765e-09	-1.873649e+00	6.336341e+01
5.610000e-06	-2.943733e-07	9.801443e-10	-2.198843e+00	6.040790e+01
5.620000e-06	-3.378613e-07	9.337168e-10	-2.523681e+00	5.743219e+01
5.630000e-06	-3.814223e-07	8.874247e-10	-2.849063e+00	5.443611e+01
5.640000e-06	-4.250206e-07	8.394220e-10	-3.174723e+00	5.141954e+01
5.650000e-06	-4.685099e-07	7.881589e-10	-3.499570e+00	4.838235e+01
5.660000e-06	-5.119021e-07	7.377812e-10	-3.823692e+00	4.532450e+01
5.670000e-06	-5.552889e-07	6.909856e-10	-4.147772e+00	4.224595e+01
5.680000e-06	-5.986115e-07	6.438159e-10	-4.471374e+00	3.914671e+01
5.690000e-06	-6.417844e-07	5.933173e-10	-4.793857e+00	3.602683e+01
5.700000e-06	-6.849093e-07	5.427738e-10	-5.115982e+00	3.288640e+01
5.710000e-06	-7.280800e-07	4.938770e-10	-5.438448e+00	2.972554e+01
5.720000e-06	-7.712939e-07	4.455744e-10	-5.761238e+00	2.654441e+01
5.730000e-06	-8.143799e-07	3.975322e-10	-6.083072e+00	2.334318e+01
5.740000e-06	-8.573446e-07	3.470747e-10	-6.404000e+00	2.012205e+01
5.750000e-06	-9.001658e-07	2.933699e-10	-6.723856e+00	1.688122e+01
5.760000e-06	-9.428820e-07	2.412615e-10	-7.042928e+00	1.362093e+01
5.770000e-06	-9.856568e-07	1.902352e-10	-7.362438e+00	1.034139e+01
5.780000e-06	-1.028398e-06	1.378648e-10	-7.681694e+00	7.042841e+00
5.790000e-06	-1.071025e-06	8.570417e-11	-8.000100e+00	3.725500e+00
5.800000e-06	-1.113530e-06	3.452350e-11	-8.317599e+00	3.895952e-01
5.810000e-06	-1.155974e-06	-1.704195e-11	-8.634638e+00	-2.964647e+00
5.820000e-06	-1.198392e-06	-6.845325e-11	-8.951483e+00	-6.337000e+00
5.830000e-06	-1.240739e-06	-1.210115e-10	-9.267791e+00	-9.727231e+00
5.840000e-06	-1.282967e-06	-1.758568e-10	-9.583217e+00	-1.313509e+01
5.850000e-06	-1.325108e-06	-2.321869e-10	-9.897996e+00	-1.656033e+01
5.860000e-06	-1.367196e-06	-2.890027e-10	-1.021237e+01	-2.000264e+01
5.870000e-06	-1.409231e-06	-3.450143e-10	-1.052636e+01	-2.346169e+01
5.880000e-06	-1.451217e-06	-4.012968e-10	-1.083997e+01	-2.693712e+01
5.890000e-06	-1.493093e-06	-4.576791e-10	-1.115277e+01	-3.042847e+01
5.900000e-06	-1.534808e-06	-5.130676e-10	-1.146436e+01	-3.393525e+01
5.910000e-06	-1.576403e-06	-5.659022e-10	-1.177506e+01	-3.745687e+01
5.920000e-06	-1.617913e-06	-6.191460e-10	-1.208512e+01	-4.099264e+01
5.930000e-06	-1.659303e-06	-6.754747e-10	-1.239429e+01	-4.454179e+01
5.940000e-06	-1.700593e-06	-7.327673e-10	-1.270271e+01	-4.810343e+01
5.950000e-06	-1.741765e-06	-7.895191e-10	-1.301025e+01	-5.167656e+01
5.960000e-06	-1.782668e-06	-8.452268e-10	-1.331578e+01	-5.526006e+01
5.970000e-06	-1.823398e-06	-9.013505e-10	-1.362001e+01	-5.885270e+01
5.980000e-06	-1.864045e-06	-9.581510e-10	-1.392362e+01	-6.245312e+01
5.990000e-06	-1.904530e-06	-1.015806e-09	-1.422603e+01	-6.605986e+01
6.000000e-06	-1.944894e-06	-1.073420e-09	-1.452753e+01	-6.967134e+01
6.010000e-06	-1.985164e-06	-1.131118e-09	-1.482833e+01	-7.328589e+01
6.020000e-06	-2.025327e-06	-1.190056e-09	-1.512834e+01	-7.690176e+01
6.030000e-06	-2.065458e-06	-1.248912e-09	-1.542809e+01	-8.051710e+01
6.040000e-06	-2.105569e-06	-1.307386e-09	-1.572770e+01	-8.413003e+01
6.050000e-06	-2.145597e-06	-1.365798e-09	-1.602670e+01	-8.773861e+01
6.060000e-06	-2.185558e-06	-1.424985e-09	-1.632519e+01	-9.134087e+01
6.070000e-06	-2.225401e-06	-1.484965e-09	-1.662280e+01	-9.493483e+01
6.080000e-06	-2.265154e-06	-1.543301e-09	-1.691974e+01	-9.851854e+01
6.090000e-06	-2.304782e-06	-1.600623e-09	-1.721574e+01	-1.020901e+02
6.100000e-06	-2.344169e-06	-1.656388e-09	-1.750995e+01	-1.056475e+02
6.110000e-06	-2.383370e-06	-1.710447e-09	-1.780276e+01	-1.091890e+02
6.120000e-06	-2.422377e-06	-1.764132e-09	-1.809413e+01	-1.127128e+02
6.130000e-06	-2.461029e-06	-1.818015e-09	-1.838284e+01	-1.162172e+02
6.140000e-06	-2.499454e-06	-1.874740e-09	-1.866986e+01	-1.197007e+02
6.150000e-06	-2.537703e-06	-1.930685e-09	-1.895557e+01	-1.231617e+02
6.160000e-06	-2.575515e-06	-1.985588e-09	-1.923800e+01	-1.265989e+02
6.170000e-06	-2.612886e-06	-2.042032e-09	-1.951715e+01	-1.300110e+02
6.180000e-06	-2.649906e-06	-2.097566e-09	-1.979367e+01	-1.333968e+02
6.190000e-06	-2.686650e-06	-2.151665e-09	-2.006814e+01	-1.367553e+02
6.200000e-06	-2.723176e-06	-2.203488e-09	-2.034097e+01	-1.400855e+02
6.210000e-06	-2.759538e-06	-2.254061e-09	-2.061258e+01	-1.433865e+02
6.220000e-06	-2.795792e-06	-2.305369e-09	-2.088338e+01	-1.466576e+02
6.230000e-06	-2.831936e-06	-2.357280e-09	-2.115336e+01	-1.498980e+02
6.240000e-06	-2.868009e-06	-2.407720e-09	-2.142281e+01	-1.531071e+02
6.250000e-06	-2.904025e-06	-2.455245e-09	-2.169183e+01	-1.562843e+02
6.260000e-06	-2.939894e-06	-2.505605e-09	-2.195976e+01	-1.594290e+02
6.270000e-06	-2.975566e-06	-2.559501e-09	-2.222621e+01	-1.625407e+02
6.280000e-06	-3.011023e-06	-2.611205e-09	-2.249106e+01	-1.656189e+02
6.290000e-06	-3.046198e-06	-2.660510e-09	-2.275381e+01	-1.686631e+02
6.300000e-06	-3.081128e-06	-2.709257e-09	-2.301472e+01	-1.716728e+02
6.310000e-06	-3.115840e-06	-2.759684e-09	-2.327400e+01	-1.746475e+02
6.320000e-06	-3.150333e-06	-2.809546e-09	-2.353165e+01	-1.775866e+02
6.330000e-06	-3.184688e-06	-2.856189e-09	-2.378827e+01	-1.804898e+02
6.340000e-06	-3.218870e-06	-2.896994e-09	-2.404359e+01	-1.833565e+02
6.350000e-06	-3.252843e-06	-2.938114e-09	-2.429735e+01	-1.861862e+02
6.360000e-06	-3.286645e-06	-2.985026e-09	-2.454984e+01	-1.889783e+02
6.370000e-06	-3.320205e-06	-3.031152e-09	-2.480052e+01	-1.917325e+02
6.380000e-06	-3.353401e-06	-3.075733e-09	-2.504848e+01	-1.944481e+02
6.390000e-06	-3.386346e-06	-3.118836e-09	-2.529457e+01	-1.971249e+02
6.400000e-06	-3.418972e-06	-3.162934e-09	-2.553827e+01	-1.997623e+02
6.410000e-06	-3.451307e-06	-3.203760e-09	-2.577980e+01	-2.023601e+02
6.420000e-06	-3.483563e-06	-3.242097e-09	-2.602074e+01	-2.049179e+02
6.430000e-06	-3.515701e-06	-3.279686e-09	-2.626079e+01	-2.074356e+02
6.440000e-06	-3.547741e-06	-3.316564e-09	-2.650012e+01	-2.099129e+02
6.450000e-06	-3.579626e-06	-3.354698e-09	-2.673829e+01	-2.123499e+02
6.460000e-06	-3.611279e-06	-3.391262e-09	-2.697472e+01	-2.147465e+02
6.470000e-06	-3.642622e-06	-3.426725e-09	-2.720884e+01	-2.171029e+02
6.480000e-06	-3.673581e-06	-3.463823e-09	-2.744009e+01	-2.194194e+02
6.490000e-06	-3.704103e-06	-3.503138e-09	-2.766807e+01	-2.216961e+02
6.500000e-06	-3.734198e-06	-3.541808e-09	-2.789287e+01	-2.239336e+02
6.510000e-06	-3.763938e-06	-3.576505e-09	-2.811502e+01	-2.261322e+02
6.520000e-06	-3.793223e-06	-3.605330e-09	-2.833376e+01	-2.282927e+02
6.530000e-06	-3.822013e-06	-3.634559e-09	-2.854881e+01	-2.304154e+02
6.540000e-06	-3.850516e-06	-3.666582e-09	-2.876172e+01	-2.325012e+02
6.550000e-06	-3.878811e-06	-3.699631e-09	-2.897307e+01	-2.345507e+02
6.560000e-06	-3.906963e-06	-3.730493e-09	-2.918336e+01	-2.365646e+02
6.570000e-06	-3.935032e-06	-3.760972e-09	-2.939302e+01	-2.385437e+02
6.580000e-06	-3.962916e-06	-3.792420e-09	-2.960130e+01	-2.404885e+02
6.590000e-06	-3.990564e-06	-3.824226e-09	-2.980782e+01	-2.423997e+02
6.600000e-06	-4.017950e-06	-3.854175e-09	-3.001238e+01	-2.442780e+02
6.610000e-06	-4.045006e-06	-3.880364e-09	-3.021447e+01	-2.461238e+02
6.620000e-06	-4.071747e-06	-3.903667e-09	-3.041422e+01	-2.479377e+02
6.630000e-06	-4.098288e-06	-3.927930e-09	-3.061247e+01	-2.497199e+02
6.640000e-06	-4.124594e-06	-3.953966e-09	-3.080897e+01	-2.514709e+02
6.650000e-06	-4.150605e-06	-3.978756e-09	-3.100326e+01	-2.531906e+02
6.660000e-06	-4.176311e-06	-4.002437e-09	-3.119527e+01	-2.548793e+02
6.670000e-06	-4.201741e-06	-4.027861e-09	-3.138522e+01	-2.565370e+02
6.680000e-06	-4.226848e-06	-4.058083e-09	-3.157276e+01	-2.581634e+02
6.690000e-06	-4.251584e-06	-4.086319e-09	-3.175753e+01	-2.597586e+02
6.700000e-06	-4.276041e-06	-4.111280e-09	-3.194021e+01	-2.613221e+02
6.710000e-06	-4.300328e-06	-4.134854e-09	-3.212162e+01	-2.628538e+02
6.720000e-06	-4.324453e-06	-4.157821e-09	-3.230183e+01	-2.643533e+02
6.730000e-06	-4.348323e-06	-4.177628e-09	-3.248013e+01	-2.658203e+02
6.740000e-06	-4.372008e-06	-4.195602e-09	-3.265704e+01	-2.672545e+02
6.750000e-06	-4.395421e-06	-4.212899e-09	-3.283193e+01	-2.686555e+02
6.760000e-06	-4.418359e-06	-4.231709e-09	-3.300326e+01	-2.700232e+02
6.770000e-06	-4.440801e-06	-4.252437e-09	-3.317090e+01	-2.713572e+02
6.780000e-06	-4.462721e-06	-4.273667e-09	-3.333463e+01	-2.726576e+02
6.790000e-06	-4.484098e-06	-4.292181e-09	-3.349431e+01	-2.739243e+02
6.800000e-06	-4.504956e-06	-4.309331e-09	-3.365011e+01	-2.751574e+02
6.810000e-06	-4.525477e-06	-4.327654e-09	-3.380339e+01	-2.763571e+02
6.820000e-06	-4.545801e-06	-4.344387e-09	-3.395521e+01	-2.775237e+02
6.830000e-06	-4.565916e-06	-4.357051e-09	-3.410546e+01	-2.786578e+02
6.840000e-06	-4.585808e-06	-4.369491e-09	-3.425404e+01	-2.797600e+02
6.850000e-06	-4.605507e-06	-4.385250e-09	-3.440118e+01	-2.808309e+02
6.860000e-06	-4.624927e-06	-4.403345e-09	-3.454624e+01	-2.818714e+02
6.870000e-06	-4.643928e-06	-4.422229e-09	-3.468817e+01	-2.828825e+02
6.880000e-06	-4.662574e-06	-4.437700e-09	-3.482745e+01	-2.838652e+02
6.890000e-06	-4.680952e-06	-4.452005e-09	-3.496472e+01	-2.848204e+02
6.900000e-06	-4.699099e-06	-4.469053e-09	-3.510028e+01	-2.857494e+02
6.910000e-06	-4.716917e-06	-4.485875e-09	-3.523337e+01	-2.866534e+02
6.920000e-06	-4.734327e-06	-4.497982e-09	-3.536341e+01	-2.875333e+02
6.930000e-06	-4.751459e-06	-4.507779e-09	-3.549138e+01	-2.883905e+02
6.940000e-06	-4.768278e-06	-4.517873e-09	-3.561701e+01	-2.892258e+02
6.950000e-06	-4.784807e-06	-4.527604e-09	-3.574047e+01	-2.900402e+02
6.960000e-06	-4.801147e-06	-4.535667e-09	-3.586253e+01	-2.908348e+02
6.970000e-06	-4.817288e-06	-4.546406e-09	-3.598310e+01	-2.916102e+02
6.980000e-06	-4.833214e-06	-4.557088e-09	-3.610206e+01	-2.923670e+02
6.990000e-06	-4.848776e-06	-4.566783e-09	-3.621830e+01	-2.931059e+02
7.000000e-06	-4.863844e-06	-4.576371e-09	-3.633085e+01	-2.938270e+02
7.010000e-06	-4.878301e-06	-4.585057e-09	-3.643884e+01	-2.945308e+02
7.020000e-06	-4.892071e-06	-4.591531e-09	-3.654170e+01	-2.952172e+02
7.030000e-06	-4.905294e-06	-4.597613e-09	-3.664046e+01	-2.958862e+02
7.040000e-06	-4.918117e-06	-4.604398e-09	-3.673624e+01	-2.965376e+02
7.050000e-06	-4.930580e-06	-4.610814e-09	-3.682934e+01	-2.971711e+02
7.060000e-06	-4.942744e-06	-4.617441e-09	-3.692020e+01	-2.977863e+02
7.070000e-06	-4.954623e-06	-4.624415e-09	-3.700893e+01	-2.983829e+02
7.080000e-06	-4.966165e-06	-4.631260e-09	-3.709514e+01	-2.989602e+02
7.090000e-06	-4.977254e-06	-4.638354e-09	-3.717798e+01	-2.995179e+02
7.100000e-06	-4.987932e-06	-4.646971e-09	-3.725774e+01	-3.000553e+02
7.110000e-06	-4.998315e-06	-4.654860e-09	-3.733529e+01	-3.005722e+02
7.120000e-06	-5.008371e-06	-4.660455e-09	-3.741040e+01	-3.010680e+02
7.130000e-06	-5.018103e-06	-4.665033e-09	-3.748310e+01	-3.015425e+02
7.140000e-06	-5.027529e-06	-4.669555e-09	-3.755351e+01	-3.019954e+02
7.150000e-06	-5.036573e-06	-4.673238e-09	-3.762106e+01	-3.024267e+02
7.160000e-06	-5.045240e-06	-4.677084e-09	-3.768580e+01	-3.028365e+02
7.170000e-06	-5.053629e-06	-4.682496e-09	-3.774846e+01	-3.032249e+02
7.180000e-06	-5.061802e-06	-4.688017e-09	-3.780952e+01	-3.035923e+02
7.190000e-06	-5.069782e-06	-4.692847e-09	-3.786912e+01	-3.039392e+02
7.200000e-06	-5.077507e-06	-4.697367e-09	-3.792682e+01	-3.042662e+02
7.210000e-06	-5.084854e-06	-4.701838e-09	-3.798170e+01	-3.045740e+02
7.220000e-06	-5.091617e-06	-4.704452e-09	-3.803222e+01	-3.048634e+02
7.230000e-06	-5.097726e-06	-4.704592e-09	-3.807785e+01	-3.051355e+02
7.240000e-06	-5.103177e-06	-4.704713e-09	-3.811856e+01	-3.053912e+02
7.250000e-06	-5.108115e-06	-4.705361e-09	-3.815545e+01	-3.056315e+02
7.260000e-06	-5.112741e-06	-4.707587e-09	-3.819001e+01	-3.058574e+02
7.270000e-06	-5.117127e-06	-4.710272e-09	-3.822277e+01	-3.060699e+02
7.280000e-06	-5.121308e-06	-4.713081e-09	-3.825399e+01	-3.062698e+02
7.290000e-06	-5.125238e-06	-4.717159e-09	-3.828335e+01	-3.064579e+02
7.300000e-06	-5.128935e-06	-4.721473e-09	-3.831097e+01	-3.066349e+02
7.310000e-06	-5.132323e-06	-4.724375e-09	-3.833627e+01	-3.068013e+02
7.320000e-06	-5.135303e-06	-4.726114e-09	-3.835854e+01	-3.069572e+02
7.330000e-06	-5.137852e-06	-4.726388e-09	-3.837757e+01	-3.071029e+02
7.340000e-06	-5.140075e-06	-4.726018e-09	-3.839418e+01	-3.072381e+02
7.350000e-06	-5.142079e-06	-4.725361e-09	-3.840914e+01	-3.073624e+02
7.360000e-06	-5.143671e-06	-4.726448e-09	-3.842104e+01	-3.074754e+02
7.370000e-06	-5.144856e-06	-4.727593e-09	-3.842989e+01	-3.075761e+02
7.380000e-06	-5.145758e-06	-4.725902e-09	-3.843663e+01	-3.076635e+02
7.390000e-06	-5.146348e-06	-4.724293e-09	-3.844103e+01	-3.077364e+02
