# Temperatura_=_20.0
# Concentracion g/m^3_=_12600.0
# C_Vs_to_Am_M_A/Vsm_=_65563218390.804596
# pendiente_HvsI_1/m_=_3716.3
# ordenada_HvsI_A/m_=_1297.0
# frecuencia_Hz_=_135176.99307387086

Tiempo_(s)	Campo_(V.s)	Magnetizacion_(V.s)	Campo_(kA/m)	Magnetizacion_(A/m)
0.000000e+00	-5.158950e-06	-5.194153e-09	-3.844180e+01	-3.349334e+02
1.000000e-08	-5.159055e-06	-5.193153e-09	-3.844258e+01	-3.350268e+02
2.000000e-08	-5.158902e-06	-5.193699e-09	-3.844145e+01	-3.351178e+02
3.000000e-08	-5.158434e-06	-5.193769e-09	-3.843796e+01	-3.352050e+02
4.000000e-08	-5.157490e-06	-5.189800e-09	-3.843092e+01	-3.352859e+02
5.000000e-08	-5.155993e-06	-5.180008e-09	-3.841977e+01	-3.353579e+02
6.000000e-08	-5.153950e-06	-5.164337e-09	-3.840454e+01	-3.354176e+02
7.000000e-08	-5.151387e-06	-5.182720e-09	-3.838545e+01	-3.354615e+02
8.000000e-08	-5.148224e-06	-5.242918e-09	-3.836188e+01	-3.354854e+02
9.000000e-08	-5.144482e-06	-5.209381e-09	-3.833399e+01	-3.354851e+02
1.000000e-07	-5.140421e-06	-5.035109e-09	-3.830374e+01	-3.354563e+02
1.100000e-07	-5.136285e-06	-5.092297e-09	-3.827291e+01	-3.353945e+02
1.200000e-07	-5.131975e-06	-5.258024e-09	-3.824080e+01	-3.352952e+02
1.300000e-07	-5.127270e-06	-5.316430e-09	-3.820574e+01	-3.351545e+02
1.400000e-07	-5.122195e-06	-5.119360e-09	-3.816792e+01	-3.349684e+02
1.500000e-07	-5.116842e-06	-4.985782e-09	-3.812803e+01	-3.347334e+02
1.600000e-07	-5.111098e-06	-5.094800e-09	-3.808523e+01	-3.344468e+02
1.700000e-07	-5.104844e-06	-5.191505e-09	-3.803863e+01	-3.341062e+02
1.800000e-07	-5.098306e-06	-5.230539e-09	-3.798992e+01	-3.337101e+02
1.900000e-07	-5.091658e-06	-5.106997e-09	-3.794037e+01	-3.332577e+02
2.000000e-07	-5.084677e-06	-5.013917e-09	-3.788836e+01	-3.327489e+02
2.100000e-07	-5.077200e-06	-5.028117e-09	-3.783265e+01	-3.321846e+02
2.200000e-07	-5.069443e-06	-5.226633e-09	-3.777484e+01	-3.315664e+02
2.300000e-07	-5.061579e-06	-5.193619e-09	-3.771624e+01	-3.308970e+02
2.400000e-07	-5.053303e-06	-4.954667e-09	-3.765458e+01	-3.301796e+02
2.500000e-07	-5.044282e-06	-4.905517e-09	-3.758735e+01	-3.294183e+02
2.600000e-07	-5.034741e-06	-5.149501e-09	-3.751626e+01	-3.286178e+02
2.700000e-07	-5.024944e-06	-5.140796e-09	-3.744326e+01	-3.277835e+02
2.800000e-07	-5.014541e-06	-4.826107e-09	-3.736574e+01	-3.269210e+02
2.900000e-07	-5.003493e-06	-4.789113e-09	-3.728341e+01	-3.260365e+02
3.000000e-07	-4.992143e-06	-5.069810e-09	-3.719885e+01	-3.251365e+02
3.100000e-07	-4.980475e-06	-5.023812e-09	-3.711190e+01	-3.242273e+02
3.200000e-07	-4.968442e-06	-4.719185e-09	-3.702223e+01	-3.233154e+02
3.300000e-07	-4.956029e-06	-4.808310e-09	-3.692974e+01	-3.224070e+02
3.400000e-07	-4.943255e-06	-5.059612e-09	-3.683455e+01	-3.215081e+02
3.500000e-07	-4.930130e-06	-4.857919e-09	-3.673675e+01	-3.206241e+02
3.600000e-07	-4.916717e-06	-4.626694e-09	-3.663681e+01	-3.197599e+02
3.700000e-07	-4.903007e-06	-4.896459e-09	-3.653465e+01	-3.189198e+02
3.800000e-07	-4.888956e-06	-5.011153e-09	-3.642995e+01	-3.181074e+02
3.900000e-07	-4.874299e-06	-4.734986e-09	-3.632073e+01	-3.173253e+02
4.000000e-07	-4.858892e-06	-4.644584e-09	-3.620592e+01	-3.165754e+02
4.100000e-07	-4.843104e-06	-4.856450e-09	-3.608828e+01	-3.158587e+02
4.200000e-07	-4.826981e-06	-4.863183e-09	-3.596814e+01	-3.151752e+02
4.300000e-07	-4.810425e-06	-4.764866e-09	-3.584477e+01	-3.145241e+02
4.400000e-07	-4.793590e-06	-4.746196e-09	-3.571933e+01	-3.139038e+02
4.500000e-07	-4.776522e-06	-4.717478e-09	-3.559215e+01	-3.133117e+02
4.600000e-07	-4.759160e-06	-4.699666e-09	-3.546277e+01	-3.127448e+02
4.700000e-07	-4.741489e-06	-4.824274e-09	-3.533110e+01	-3.121992e+02
4.800000e-07	-4.723417e-06	-4.818237e-09	-3.519643e+01	-3.116706e+02
4.900000e-07	-4.704962e-06	-4.630093e-09	-3.505892e+01	-3.111542e+02
5.000000e-07	-4.686099e-06	-4.592549e-09	-3.491836e+01	-3.106451e+02
5.100000e-07	-4.666793e-06	-4.773404e-09	-3.477450e+01	-3.101380e+02
5.200000e-07	-4.647322e-06	-4.812857e-09	-3.462941e+01	-3.096278e+02
5.300000e-07	-4.627740e-06	-4.639277e-09	-3.448350e+01	-3.091092e+02
5.400000e-07	-4.607864e-06	-4.528688e-09	-3.433540e+01	-3.085773e+02
5.500000e-07	-4.587728e-06	-4.631406e-09	-3.418535e+01	-3.080276e+02
5.600000e-07	-4.567425e-06	-4.740325e-09	-3.403406e+01	-3.074558e+02
5.700000e-07	-4.546837e-06	-4.660220e-09	-3.388066e+01	-3.068583e+02
5.800000e-07	-4.525822e-06	-4.533619e-09	-3.372406e+01	-3.062318e+02
5.900000e-07	-4.504512e-06	-4.550223e-09	-3.356527e+01	-3.055739e+02
6.000000e-07	-4.482888e-06	-4.612063e-09	-3.340414e+01	-3.048827e+02
6.100000e-07	-4.460937e-06	-4.599957e-09	-3.324058e+01	-3.041570e+02
6.200000e-07	-4.438674e-06	-4.572807e-09	-3.307468e+01	-3.033964e+02
6.300000e-07	-4.416032e-06	-4.524826e-09	-3.290596e+01	-3.026010e+02
6.400000e-07	-4.393088e-06	-4.467240e-09	-3.273500e+01	-3.017715e+02
6.500000e-07	-4.369876e-06	-4.489917e-09	-3.256203e+01	-3.009092e+02
6.600000e-07	-4.346393e-06	-4.561746e-09	-3.238705e+01	-3.000159e+02
6.700000e-07	-4.322688e-06	-4.515955e-09	-3.221042e+01	-2.990940e+02
6.800000e-07	-4.298833e-06	-4.407592e-09	-3.203266e+01	-2.981458e+02
6.900000e-07	-4.274768e-06	-4.392540e-09	-3.185334e+01	-2.971742e+02
7.000000e-07	-4.250362e-06	-4.469930e-09	-3.167148e+01	-2.961820e+02
7.100000e-07	-4.225526e-06	-4.486177e-09	-3.148641e+01	-2.951723e+02
7.200000e-07	-4.200236e-06	-4.402110e-09	-3.129797e+01	-2.941479e+02
7.300000e-07	-4.174460e-06	-4.318989e-09	-3.110590e+01	-2.931116e+02
7.400000e-07	-4.148213e-06	-4.343992e-09	-3.091031e+01	-2.920658e+02
7.500000e-07	-4.121619e-06	-4.403637e-09	-3.071215e+01	-2.910129e+02
7.600000e-07	-4.094639e-06	-4.379903e-09	-3.051111e+01	-2.899545e+02
7.700000e-07	-4.067325e-06	-4.285649e-09	-3.030758e+01	-2.888923e+02
7.800000e-07	-4.039793e-06	-4.245861e-09	-3.010243e+01	-2.878272e+02
7.900000e-07	-4.012047e-06	-4.286030e-09	-2.989568e+01	-2.867598e+02
8.000000e-07	-3.984115e-06	-4.312880e-09	-2.968755e+01	-2.856901e+02
8.100000e-07	-3.955992e-06	-4.256279e-09	-2.947799e+01	-2.846178e+02
8.200000e-07	-3.927641e-06	-4.183037e-09	-2.926673e+01	-2.835421e+02
8.300000e-07	-3.898964e-06	-4.174427e-09	-2.905304e+01	-2.824618e+02
8.400000e-07	-3.869991e-06	-4.205702e-09	-2.883715e+01	-2.813754e+02
8.500000e-07	-3.840729e-06	-4.201892e-09	-2.861911e+01	-2.802811e+02
8.600000e-07	-3.811228e-06	-4.150941e-09	-2.839928e+01	-2.791770e+02
8.700000e-07	-3.781546e-06	-4.102116e-09	-2.817810e+01	-2.780608e+02
8.800000e-07	-3.751596e-06	-4.099823e-09	-2.795494e+01	-2.769304e+02
8.900000e-07	-3.721374e-06	-4.121768e-09	-2.772974e+01	-2.757834e+02
9.000000e-07	-3.690982e-06	-4.105847e-09	-2.750327e+01	-2.746179e+02
9.100000e-07	-3.660342e-06	-4.053176e-09	-2.727496e+01	-2.734318e+02
9.200000e-07	-3.629383e-06	-4.015467e-09	-2.704427e+01	-2.722234e+02
9.300000e-07	-3.598145e-06	-4.015622e-09	-2.681150e+01	-2.709910e+02
9.400000e-07	-3.566684e-06	-4.015672e-09	-2.657707e+01	-2.697335e+02
9.500000e-07	-3.535075e-06	-3.990848e-09	-2.634153e+01	-2.684501e+02
9.600000e-07	-3.503318e-06	-3.947936e-09	-2.610490e+01	-2.671401e+02
9.700000e-07	-3.471458e-06	-3.913519e-09	-2.586749e+01	-2.658035e+02
9.800000e-07	-3.439438e-06	-3.901428e-09	-2.562889e+01	-2.644404e+02
9.900000e-07	-3.407135e-06	-3.902139e-09	-2.538819e+01	-2.630515e+02
1.000000e-06	-3.374487e-06	-3.881037e-09	-2.514491e+01	-2.616375e+02
1.010000e-06	-3.341502e-06	-3.834095e-09	-2.489913e+01	-2.601997e+02
1.020000e-06	-3.308185e-06	-3.798030e-09	-2.465087e+01	-2.587395e+02
1.030000e-06	-3.274543e-06	-3.797369e-09	-2.440018e+01	-2.572585e+02
1.040000e-06	-3.240474e-06	-3.794042e-09	-2.414632e+01	-2.557585e+02
1.050000e-06	-3.205967e-06	-3.756248e-09	-2.388919e+01	-2.542411e+02
1.060000e-06	-3.171164e-06	-3.705217e-09	-2.362986e+01	-2.527083e+02
1.070000e-06	-3.136014e-06	-3.685425e-09	-2.336794e+01	-2.511617e+02
1.080000e-06	-3.100594e-06	-3.689540e-09	-2.310401e+01	-2.496031e+02
1.090000e-06	-3.065043e-06	-3.674487e-09	-2.283910e+01	-2.480339e+02
1.100000e-06	-3.029391e-06	-3.628719e-09	-2.257344e+01	-2.464554e+02
1.110000e-06	-2.993592e-06	-3.591093e-09	-2.230669e+01	-2.448685e+02
1.120000e-06	-2.957606e-06	-3.582135e-09	-2.203854e+01	-2.432741e+02
1.130000e-06	-2.921552e-06	-3.571832e-09	-2.176988e+01	-2.416724e+02
1.140000e-06	-2.885367e-06	-3.538016e-09	-2.150025e+01	-2.400635e+02
1.150000e-06	-2.848907e-06	-3.495804e-09	-2.122857e+01	-2.384473e+02
1.160000e-06	-2.812281e-06	-3.469247e-09	-2.095565e+01	-2.368232e+02
1.170000e-06	-2.775482e-06	-3.451461e-09	-2.068144e+01	-2.351902e+02
1.180000e-06	-2.738401e-06	-3.428475e-09	-2.040513e+01	-2.335474e+02
1.190000e-06	-2.701141e-06	-3.398686e-09	-2.012749e+01	-2.318932e+02
1.200000e-06	-2.663726e-06	-3.369169e-09	-1.984869e+01	-2.302263e+02
1.210000e-06	-2.626125e-06	-3.344773e-09	-1.956851e+01	-2.285450e+02
1.220000e-06	-2.588336e-06	-3.320782e-09	-1.928693e+01	-2.268475e+02
1.230000e-06	-2.550321e-06	-3.293535e-09	-1.900366e+01	-2.251320e+02
1.240000e-06	-2.512195e-06	-3.262923e-09	-1.871956e+01	-2.233968e+02
1.250000e-06	-2.473931e-06	-3.229737e-09	-1.843444e+01	-2.216403e+02
1.260000e-06	-2.435451e-06	-3.195282e-09	-1.814771e+01	-2.198609e+02
1.270000e-06	-2.396887e-06	-3.163775e-09	-1.786035e+01	-2.180573e+02
1.280000e-06	-2.358159e-06	-3.139881e-09	-1.757177e+01	-2.162283e+02
1.290000e-06	-2.319216e-06	-3.115189e-09	-1.728159e+01	-2.143732e+02
1.300000e-06	-2.280164e-06	-3.079640e-09	-1.699059e+01	-2.124913e+02
1.310000e-06	-2.240972e-06	-3.041915e-09	-1.669856e+01	-2.105822e+02
1.320000e-06	-2.201552e-06	-3.018365e-09	-1.640481e+01	-2.086460e+02
1.330000e-06	-2.161971e-06	-2.997557e-09	-1.610988e+01	-2.066830e+02
1.340000e-06	-2.122347e-06	-2.960281e-09	-1.581462e+01	-2.046936e+02
1.350000e-06	-2.082623e-06	-2.915292e-09	-1.551862e+01	-2.026786e+02
1.360000e-06	-2.042812e-06	-2.883562e-09	-1.522197e+01	-2.006391e+02
1.370000e-06	-2.002929e-06	-2.859612e-09	-1.492478e+01	-1.985762e+02
1.380000e-06	-1.962943e-06	-2.827738e-09	-1.462683e+01	-1.964913e+02
1.390000e-06	-1.922818e-06	-2.787087e-09	-1.432784e+01	-1.943856e+02
1.400000e-06	-1.882641e-06	-2.749659e-09	-1.402846e+01	-1.922608e+02
1.410000e-06	-1.842377e-06	-2.720720e-09	-1.372843e+01	-1.901180e+02
1.420000e-06	-1.801953e-06	-2.694349e-09	-1.342721e+01	-1.879589e+02
1.430000e-06	-1.761378e-06	-2.660958e-09	-1.312487e+01	-1.857844e+02
1.440000e-06	-1.720597e-06	-2.620361e-09	-1.282099e+01	-1.835959e+02
1.450000e-06	-1.679657e-06	-2.583485e-09	-1.251593e+01	-1.813941e+02
1.460000e-06	-1.638501e-06	-2.553740e-09	-1.220926e+01	-1.791797e+02
1.470000e-06	-1.597210e-06	-2.520851e-09	-1.190158e+01	-1.769532e+02
1.480000e-06	-1.555838e-06	-2.482834e-09	-1.159329e+01	-1.747147e+02
1.490000e-06	-1.514172e-06	-2.446665e-09	-1.128282e+01	-1.724641e+02
1.500000e-06	-1.472277e-06	-2.412967e-09	-1.097064e+01	-1.702011e+02
1.510000e-06	-1.430186e-06	-2.380292e-09	-1.065700e+01	-1.679250e+02
1.520000e-06	-1.387882e-06	-2.346743e-09	-1.034177e+01	-1.656349e+02
1.530000e-06	-1.345457e-06	-2.312576e-09	-1.002564e+01	-1.633299e+02
1.540000e-06	-1.302892e-06	-2.275214e-09	-9.708470e+00	-1.610085e+02
1.550000e-06	-1.260211e-06	-2.232891e-09	-9.390434e+00	-1.586694e+02
1.560000e-06	-1.217385e-06	-2.189551e-09	-9.071319e+00	-1.563112e+02
1.570000e-06	-1.174426e-06	-2.151025e-09	-8.751211e+00	-1.539323e+02
1.580000e-06	-1.131331e-06	-2.112160e-09	-8.430085e+00	-1.515311e+02
1.590000e-06	-1.088093e-06	-2.071379e-09	-8.107900e+00	-1.491062e+02
1.600000e-06	-1.044789e-06	-2.033472e-09	-7.785226e+00	-1.466562e+02
1.610000e-06	-1.001484e-06	-1.999526e-09	-7.462533e+00	-1.441797e+02
1.620000e-06	-9.580969e-07	-1.961627e-09	-7.139237e+00	-1.416756e+02
1.630000e-06	-9.145872e-07	-1.918094e-09	-6.815026e+00	-1.391431e+02
1.640000e-06	-8.710456e-07	-1.875099e-09	-6.490577e+00	-1.365815e+02
1.650000e-06	-8.274334e-07	-1.835956e-09	-6.165601e+00	-1.339904e+02
1.660000e-06	-7.837734e-07	-1.798686e-09	-5.840270e+00	-1.313695e+02
1.670000e-06	-7.401477e-07	-1.757490e-09	-5.515194e+00	-1.287190e+02
1.680000e-06	-6.965606e-07	-1.712849e-09	-5.190406e+00	-1.260391e+02
1.690000e-06	-6.529636e-07	-1.671253e-09	-4.865544e+00	-1.233306e+02
1.700000e-06	-6.092866e-07	-1.636020e-09	-4.540085e+00	-1.205940e+02
1.710000e-06	-5.655381e-07	-1.599723e-09	-4.214095e+00	-1.178306e+02
1.720000e-06	-5.217696e-07	-1.555259e-09	-3.887955e+00	-1.150413e+02
1.730000e-06	-4.779514e-07	-1.510860e-09	-3.561444e+00	-1.122274e+02
1.740000e-06	-4.341280e-07	-1.473323e-09	-3.234895e+00	-1.093903e+02
1.750000e-06	-3.903484e-07	-1.433508e-09	-2.908672e+00	-1.065314e+02
1.760000e-06	-3.465087e-07	-1.388829e-09	-2.582002e+00	-1.036520e+02
1.770000e-06	-3.026107e-07	-1.344463e-09	-2.254897e+00	-1.007534e+02
1.780000e-06	-2.587338e-07	-1.301640e-09	-1.927949e+00	-9.783695e+01
1.790000e-06	-2.148904e-07	-1.257199e-09	-1.601251e+00	-9.490365e+01
1.800000e-06	-1.710777e-07	-1.213681e-09	-1.274782e+00	-9.195450e+01
1.810000e-06	-1.272360e-07	-1.171270e-09	-9.480965e-01	-8.899025e+01
1.820000e-06	-8.334473e-08	-1.128130e-09	-6.210414e-01	-8.601148e+01
1.830000e-06	-3.940901e-08	-1.084344e-09	-2.936553e-01	-8.301854e+01
1.840000e-06	4.513727e-09	-1.040751e-09	3.363393e-02	-8.001157e+01
1.850000e-06	4.841513e-08	-9.968683e-10	3.607643e-01	-7.699047e+01
1.860000e-06	9.233359e-08	-9.491625e-10	6.880217e-01	-7.395495e+01
1.870000e-06	1.362084e-07	-9.006787e-10	1.014954e+00	-7.090452e+01
1.880000e-06	1.800415e-07	-8.581193e-10	1.341575e+00	-6.783850e+01
1.890000e-06	2.238670e-07	-8.171883e-10	1.668140e+00	-6.475610e+01
1.900000e-06	2.676690e-07	-7.717728e-10	1.994530e+00	-6.165637e+01
1.910000e-06	3.114421e-07	-7.262430e-10	2.320704e+00	-5.853832e+01
1.920000e-06	3.552530e-07	-6.813942e-10	2.647160e+00	-5.540087e+01
1.930000e-06	3.990888e-07	-6.359716e-10	2.973801e+00	-5.224298e+01
1.940000e-06	4.428717e-07	-5.899295e-10	3.300049e+00	-4.906360e+01
1.950000e-06	4.866157e-07	-5.412106e-10	3.626006e+00	-4.586176e+01
1.960000e-06	5.303317e-07	-4.914627e-10	3.951755e+00	-4.263657e+01
1.970000e-06	5.741000e-07	-4.370151e-10	4.277893e+00	-3.938730e+01
1.980000e-06	6.178966e-07	-3.846028e-10	4.604243e+00	-3.611333e+01
1.990000e-06	6.616193e-07	-3.387694e-10	4.930041e+00	-3.281422e+01
2.000000e-06	7.053311e-07	-2.925592e-10	5.255759e+00	-2.948971e+01
2.010000e-06	7.490206e-07	-2.436127e-10	5.581310e+00	-2.613973e+01
2.020000e-06	7.926134e-07	-1.938596e-10	5.906141e+00	-2.276438e+01
2.030000e-06	8.361565e-07	-1.448388e-10	6.230602e+00	-1.936395e+01
2.040000e-06	8.797038e-07	-9.493700e-11	6.555093e+00	-1.593889e+01
2.050000e-06	9.232342e-07	-4.118387e-11	6.879459e+00	-1.248983e+01
2.060000e-06	9.666918e-07	1.459406e-11	7.203282e+00	-9.017495e+00
2.070000e-06	1.010029e-06	6.888428e-11	7.526208e+00	-5.522734e+00
2.080000e-06	1.053245e-06	1.210138e-10	7.848229e+00	-2.006473e+00
2.090000e-06	1.096383e-06	1.744242e-10	8.169677e+00	1.530310e+00
2.100000e-06	1.139466e-06	2.297716e-10	8.490709e+00	5.086614e+00
2.110000e-06	1.182463e-06	2.840502e-10	8.811093e+00	8.661442e+00
2.120000e-06	1.225355e-06	3.352308e-10	9.130702e+00	1.225383e+01
2.130000e-06	1.268125e-06	3.840562e-10	9.449407e+00	1.586286e+01
2.140000e-06	1.310764e-06	4.387492e-10	9.767131e+00	1.948771e+01
2.150000e-06	1.353187e-06	4.967306e-10	1.008324e+01	2.312760e+01
2.160000e-06	1.395387e-06	5.535292e-10	1.039769e+01	2.678189e+01
2.170000e-06	1.437457e-06	6.080089e-10	1.071118e+01	3.045002e+01
2.180000e-06	1.479467e-06	6.636283e-10	1.102421e+01	3.413152e+01
2.190000e-06	1.521226e-06	7.204346e-10	1.133539e+01	3.782603e+01
2.200000e-06	1.562719e-06	7.736960e-10	1.164457e+01	4.153326e+01
2.210000e-06	1.604016e-06	8.240293e-10	1.195229e+01	4.525296e+01
2.220000e-06	1.644984e-06	8.756548e-10	1.225756e+01	4.898494e+01
2.230000e-06	1.685718e-06	9.286937e-10	1.256109e+01	5.272901e+01
2.240000e-06	1.726348e-06	9.818466e-10	1.286385e+01	5.648497e+01
2.250000e-06	1.766857e-06	1.036760e-09	1.316569e+01	6.025256e+01
2.260000e-06	1.807236e-06	1.095633e-09	1.346658e+01	6.403143e+01
2.270000e-06	1.847531e-06	1.152598e-09	1.376684e+01	6.782115e+01
2.280000e-06	1.887724e-06	1.206232e-09	1.406633e+01	7.162113e+01
2.290000e-06	1.927735e-06	1.261453e-09	1.436448e+01	7.543061e+01
2.300000e-06	1.967608e-06	1.318861e-09	1.466159e+01	7.924868e+01
2.310000e-06	2.007395e-06	1.371826e-09	1.495806e+01	8.307418e+01
2.320000e-06	2.047102e-06	1.421581e-09	1.525394e+01	8.690577e+01
2.330000e-06	2.086800e-06	1.475276e-09	1.554974e+01	9.074188e+01
2.340000e-06	2.126448e-06	1.532746e-09	1.584518e+01	9.458073e+01
2.350000e-06	2.166013e-06	1.590895e-09	1.614000e+01	9.842033e+01
2.360000e-06	2.205542e-06	1.644330e-09	1.643455e+01	1.022585e+02
2.370000e-06	2.244962e-06	1.696795e-09	1.672829e+01	1.060929e+02
2.380000e-06	2.284166e-06	1.753193e-09	1.702041e+01	1.099209e+02
2.390000e-06	2.323161e-06	1.810492e-09	1.731098e+01	1.137401e+02
2.400000e-06	2.361924e-06	1.865072e-09	1.759983e+01	1.175476e+02
2.410000e-06	2.400451e-06	1.917339e-09	1.788691e+01	1.213408e+02
2.420000e-06	2.438833e-06	1.972520e-09	1.817291e+01	1.251169e+02
2.430000e-06	2.477069e-06	2.029749e-09	1.845782e+01	1.288732e+02
2.440000e-06	2.515072e-06	2.083050e-09	1.874101e+01	1.326072e+02
2.450000e-06	2.552915e-06	2.134837e-09	1.902299e+01	1.363162e+02
2.460000e-06	2.590687e-06	2.187737e-09	1.930445e+01	1.399982e+02
2.470000e-06	2.628349e-06	2.241898e-09	1.958508e+01	1.436508e+02
2.480000e-06	2.665839e-06	2.295983e-09	1.986444e+01	1.472721e+02
2.490000e-06	2.703140e-06	2.347735e-09	2.014239e+01	1.508606e+02
2.500000e-06	2.740281e-06	2.395570e-09	2.041914e+01	1.544149e+02
2.510000e-06	2.777148e-06	2.444046e-09	2.069385e+01	1.579336e+02
2.520000e-06	2.813708e-06	2.495245e-09	2.096629e+01	1.614161e+02
2.530000e-06	2.850056e-06	2.546378e-09	2.123713e+01	1.648616e+02
2.540000e-06	2.886177e-06	2.595328e-09	2.150628e+01	1.682698e+02
2.550000e-06	2.922159e-06	2.642873e-09	2.177440e+01	1.716406e+02
2.560000e-06	2.958092e-06	2.690410e-09	2.204216e+01	1.749739e+02
2.570000e-06	2.993973e-06	2.740213e-09	2.230952e+01	1.782700e+02
2.580000e-06	3.029786e-06	2.789251e-09	2.257638e+01	1.815292e+02
2.590000e-06	3.065424e-06	2.835599e-09	2.284194e+01	1.847520e+02
2.600000e-06	3.100871e-06	2.879236e-09	2.310607e+01	1.879388e+02
2.610000e-06	3.136165e-06	2.925212e-09	2.336907e+01	1.910902e+02
2.620000e-06	3.171221e-06	2.975839e-09	2.363028e+01	1.942066e+02
2.630000e-06	3.206024e-06	3.025051e-09	2.388962e+01	1.972885e+02
2.640000e-06	3.240472e-06	3.069939e-09	2.414631e+01	2.003362e+02
2.650000e-06	3.274369e-06	3.112426e-09	2.439889e+01	2.033499e+02
2.660000e-06	3.307729e-06	3.158470e-09	2.464747e+01	2.063297e+02
2.670000e-06	3.340711e-06	3.206906e-09	2.489323e+01	2.092756e+02
2.680000e-06	3.373424e-06	3.252241e-09	2.513700e+01	2.121872e+02
2.690000e-06	3.405845e-06	3.293691e-09	2.537858e+01	2.150642e+02
2.700000e-06	3.438019e-06	3.334738e-09	2.561832e+01	2.179061e+02
2.710000e-06	3.470038e-06	3.375763e-09	2.585691e+01	2.207120e+02
2.720000e-06	3.501891e-06	3.418731e-09	2.609426e+01	2.234812e+02
2.730000e-06	3.533608e-06	3.461093e-09	2.633060e+01	2.262127e+02
2.740000e-06	3.565210e-06	3.498725e-09	2.656608e+01	2.289055e+02
2.750000e-06	3.596675e-06	3.533707e-09	2.680054e+01	2.315585e+02
2.760000e-06	3.627909e-06	3.572867e-09	2.703328e+01	2.341707e+02
2.770000e-06	3.658838e-06	3.612029e-09	2.726375e+01	2.367410e+02
2.780000e-06	3.689482e-06	3.647187e-09	2.749210e+01	2.392684e+02
2.790000e-06	3.719773e-06	3.679915e-09	2.771781e+01	2.417521e+02
2.800000e-06	3.749758e-06	3.713322e-09	2.794124e+01	2.441914e+02
2.810000e-06	3.779544e-06	3.748774e-09	2.816319e+01	2.465858e+02
2.820000e-06	3.809103e-06	3.784307e-09	2.838345e+01	2.489349e+02
2.830000e-06	3.838474e-06	3.820133e-09	2.860230e+01	2.512385e+02
2.840000e-06	3.867609e-06	3.855259e-09	2.881941e+01	2.534969e+02
2.850000e-06	3.896416e-06	3.889398e-09	2.903406e+01	2.557102e+02
2.860000e-06	3.924915e-06	3.922475e-09	2.924642e+01	2.578792e+02
2.870000e-06	3.953148e-06	3.952453e-09	2.945679e+01	2.600046e+02
2.880000e-06	3.981209e-06	3.982862e-09	2.966589e+01	2.620873e+02
2.890000e-06	4.009102e-06	4.014129e-09	2.987374e+01	2.641287e+02
2.900000e-06	4.036868e-06	4.044607e-09	3.008063e+01	2.661300e+02
2.910000e-06	4.064512e-06	4.074185e-09	3.028662e+01	2.680927e+02
2.920000e-06	4.091954e-06	4.103678e-09	3.049110e+01	2.700183e+02
2.930000e-06	4.119055e-06	4.137422e-09	3.069304e+01	2.719084e+02
2.940000e-06	4.145697e-06	4.167944e-09	3.089157e+01	2.737646e+02
2.950000e-06	4.171843e-06	4.192681e-09	3.108639e+01	2.755883e+02
2.960000e-06	4.197469e-06	4.217197e-09	3.127735e+01	2.773810e+02
2.970000e-06	4.222562e-06	4.244945e-09	3.146433e+01	2.791440e+02
2.980000e-06	4.247192e-06	4.273626e-09	3.164786e+01	2.808783e+02
2.990000e-06	4.271417e-06	4.296659e-09	3.182837e+01	2.825848e+02
3.000000e-06	4.295355e-06	4.313630e-09	3.200674e+01	2.842643e+02
3.010000e-06	4.319187e-06	4.332869e-09	3.218433e+01	2.859170e+02
3.020000e-06	4.342825e-06	4.359104e-09	3.236047e+01	2.875432e+02
3.030000e-06	4.366145e-06	4.387243e-09	3.253423e+01	2.891428e+02
3.040000e-06	4.389188e-06	4.408687e-09	3.270594e+01	2.907155e+02
3.050000e-06	4.411931e-06	4.429075e-09	3.287541e+01	2.922606e+02
3.060000e-06	4.434324e-06	4.451341e-09	3.304227e+01	2.937774e+02
3.070000e-06	4.456395e-06	4.473240e-09	3.320673e+01	2.952651e+02
3.080000e-06	4.478196e-06	4.493230e-09	3.336918e+01	2.967223e+02
3.090000e-06	4.499785e-06	4.513617e-09	3.353004e+01	2.981482e+02
3.100000e-06	4.521076e-06	4.535321e-09	3.368870e+01	2.995413e+02
3.110000e-06	4.542046e-06	4.555484e-09	3.384495e+01	3.009006e+02
3.120000e-06	4.562640e-06	4.575146e-09	3.399841e+01	3.022248e+02
3.130000e-06	4.582891e-06	4.595166e-09	3.414931e+01	3.035130e+02
3.140000e-06	4.602946e-06	4.615701e-09	3.429875e+01	3.047642e+02
3.150000e-06	4.622805e-06	4.635655e-09	3.444673e+01	3.059778e+02
3.160000e-06	4.642483e-06	4.657550e-09	3.459336e+01	3.071533e+02
3.170000e-06	4.662026e-06	4.679334e-09	3.473898e+01	3.082906e+02
3.180000e-06	4.681275e-06	4.697300e-09	3.488242e+01	3.093897e+02
3.190000e-06	4.700076e-06	4.712777e-09	3.502251e+01	3.104510e+02
3.200000e-06	4.718408e-06	4.727636e-09	3.515911e+01	3.114752e+02
3.210000e-06	4.736259e-06	4.743150e-09	3.529213e+01	3.124633e+02
3.220000e-06	4.753681e-06	4.759865e-09	3.542194e+01	3.134165e+02
3.230000e-06	4.770805e-06	4.775249e-09	3.554954e+01	3.143364e+02
3.240000e-06	4.787789e-06	4.790270e-09	3.567610e+01	3.152247e+02
3.250000e-06	4.804493e-06	4.805057e-09	3.580057e+01	3.160833e+02
3.260000e-06	4.820882e-06	4.821361e-09	3.592270e+01	3.169141e+02
3.270000e-06	4.837005e-06	4.838374e-09	3.604284e+01	3.177194e+02
3.280000e-06	4.852607e-06	4.852747e-09	3.615909e+01	3.185013e+02
3.290000e-06	4.867726e-06	4.865202e-09	3.627175e+01	3.192618e+02
3.300000e-06	4.882472e-06	4.879425e-09	3.638163e+01	3.200029e+02
3.310000e-06	4.896787e-06	4.894718e-09	3.648830e+01	3.207265e+02
3.320000e-06	4.910682e-06	4.907502e-09	3.659184e+01	3.214343e+02
3.330000e-06	4.924263e-06	4.919980e-09	3.669304e+01	3.221276e+02
3.340000e-06	4.937499e-06	4.934891e-09	3.679166e+01	3.228075e+02
3.350000e-06	4.950370e-06	4.950676e-09	3.688757e+01	3.234749e+02
3.360000e-06	4.962846e-06	4.966341e-09	3.698053e+01	3.241303e+02
3.370000e-06	4.974966e-06	4.980398e-09	3.707085e+01	3.247737e+02
3.380000e-06	4.986807e-06	4.994544e-09	3.715908e+01	3.254050e+02
3.390000e-06	4.998348e-06	5.008907e-09	3.724508e+01	3.260237e+02
3.400000e-06	5.009508e-06	5.021422e-09	3.732824e+01	3.266290e+02
3.410000e-06	5.020146e-06	5.030815e-09	3.740751e+01	3.272198e+02
3.420000e-06	5.030181e-06	5.040028e-09	3.748228e+01	3.277948e+02
3.430000e-06	5.039719e-06	5.049658e-09	3.755336e+01	3.283526e+02
3.440000e-06	5.048782e-06	5.055649e-09	3.762089e+01	3.288915e+02
3.450000e-06	5.057248e-06	5.060357e-09	3.768397e+01	3.294101e+02
3.460000e-06	5.065311e-06	5.067437e-09	3.774405e+01	3.299066e+02
3.470000e-06	5.073174e-06	5.077302e-09	3.780265e+01	3.303796e+02
3.480000e-06	5.080797e-06	5.087283e-09	3.785944e+01	3.308278e+02
3.490000e-06	5.088087e-06	5.095385e-09	3.791377e+01	3.312499e+02
3.500000e-06	5.095084e-06	5.102019e-09	3.796590e+01	3.316451e+02
3.510000e-06	5.101739e-06	5.108360e-09	3.801550e+01	3.320128e+02
3.520000e-06	5.108075e-06	5.113741e-09	3.806271e+01	3.323527e+02
3.530000e-06	5.114095e-06	5.123696e-09	3.810757e+01	3.326650e+02
3.540000e-06	5.119680e-06	5.131265e-09	3.814918e+01	3.329501e+02
3.550000e-06	5.124901e-06	5.136391e-09	3.818809e+01	3.332089e+02
3.560000e-06	5.129797e-06	5.142063e-09	3.822457e+01	3.334428e+02
3.570000e-06	5.134241e-06	5.147850e-09	3.825768e+01	3.336532e+02
3.580000e-06	5.138348e-06	5.154269e-09	3.828829e+01	3.338420e+02
3.590000e-06	5.142280e-06	5.158470e-09	3.831758e+01	3.340114e+02
3.600000e-06	5.146071e-06	5.162605e-09	3.834583e+01	3.341637e+02
3.610000e-06	5.149672e-06	5.165844e-09	3.837267e+01	3.343014e+02
3.620000e-06	5.152926e-06	5.169470e-09	3.839691e+01	3.344268e+02
3.630000e-06	5.155724e-06	5.174083e-09	3.841776e+01	3.345425e+02
3.640000e-06	5.158003e-06	5.178460e-09	3.843475e+01	3.346506e+02
3.650000e-06	5.159686e-06	5.182320e-09	3.844728e+01	3.347534e+02
3.660000e-06	5.160733e-06	5.184947e-09	3.845509e+01	3.348526e+02
3.670000e-06	5.161226e-06	5.183192e-09	3.845876e+01	3.349497e+02
3.680000e-06	5.161392e-06	5.185382e-09	3.846000e+01	3.350455e+02
3.690000e-06	5.161342e-06	5.186031e-09	3.845962e+01	3.351407e+02
3.700000e-06	5.161068e-06	5.184722e-09	3.845758e+01	3.352352e+02
3.710000e-06	5.160527e-06	5.185384e-09	3.845355e+01	3.353284e+02
3.720000e-06	5.159742e-06	5.185104e-09	3.844770e+01	3.354190e+02
3.730000e-06	5.158611e-06	5.183656e-09	3.843928e+01	3.355053e+02
3.740000e-06	5.157079e-06	5.185970e-09	3.842786e+01	3.355851e+02
3.750000e-06	5.155252e-06	5.199241e-09	3.841424e+01	3.356553e+02
3.760000e-06	5.153125e-06	5.193123e-09	3.839840e+01	3.357128e+02
3.770000e-06	5.150620e-06	5.103263e-09	3.837973e+01	3.357537e+02
3.780000e-06	5.147575e-06	5.101554e-09	3.835704e+01	3.357739e+02
3.790000e-06	5.144013e-06	5.307482e-09	3.833050e+01	3.357693e+02
3.800000e-06	5.140095e-06	5.285181e-09	3.830131e+01	3.357354e+02
3.810000e-06	5.135988e-06	5.096480e-09	3.827070e+01	3.356677e+02
3.820000e-06	5.131780e-06	4.971284e-09	3.823934e+01	3.355619e+02
3.830000e-06	5.127200e-06	5.109612e-09	3.820522e+01	3.354140e+02
3.840000e-06	5.122076e-06	5.338029e-09	3.816704e+01	3.352200e+02
3.850000e-06	5.116850e-06	5.246454e-09	3.812809e+01	3.349767e+02
3.860000e-06	5.111550e-06	5.066880e-09	3.808860e+01	3.346814e+02
3.870000e-06	5.105634e-06	4.962390e-09	3.804451e+01	3.343317e+02
3.880000e-06	5.098949e-06	5.150756e-09	3.799470e+01	3.339263e+02
3.890000e-06	5.091785e-06	5.327147e-09	3.794132e+01	3.334645e+02
3.900000e-06	5.084305e-06	5.269231e-09	3.788559e+01	3.329465e+02
3.910000e-06	5.076387e-06	4.981334e-09	3.782658e+01	3.323731e+02
3.920000e-06	5.068132e-06	4.959567e-09	3.776507e+01	3.317464e+02
3.930000e-06	5.059730e-06	5.303688e-09	3.770246e+01	3.310688e+02
3.940000e-06	5.051085e-06	5.400655e-09	3.763805e+01	3.303439e+02
3.950000e-06	5.042018e-06	5.068420e-09	3.757049e+01	3.295758e+02
3.960000e-06	5.032506e-06	4.866533e-09	3.749961e+01	3.287693e+02
3.970000e-06	5.022652e-06	5.170679e-09	3.742618e+01	3.279299e+02
3.980000e-06	5.012483e-06	5.289845e-09	3.735041e+01	3.270634e+02
3.990000e-06	5.001917e-06	4.877918e-09	3.727167e+01	3.261760e+02
4.000000e-06	4.990987e-06	4.692629e-09	3.719023e+01	3.252741e+02
4.010000e-06	4.979819e-06	5.044770e-09	3.710701e+01	3.243641e+02
4.020000e-06	4.968274e-06	4.979790e-09	3.702098e+01	3.234525e+02
4.030000e-06	4.956294e-06	4.452692e-09	3.693172e+01	3.225454e+02
4.040000e-06	4.943976e-06	4.544232e-09	3.683993e+01	3.216486e+02
4.050000e-06	4.931322e-06	5.031036e-09	3.674564e+01	3.207677e+02
4.060000e-06	4.918122e-06	4.720294e-09	3.664728e+01	3.199073e+02
4.070000e-06	4.904146e-06	4.264887e-09	3.654314e+01	3.190717e+02
4.080000e-06	4.889609e-06	4.642991e-09	3.643481e+01	3.182643e+02
4.090000e-06	4.874675e-06	5.026498e-09	3.632353e+01	3.174875e+02
4.100000e-06	4.859195e-06	4.612430e-09	3.620818e+01	3.167432e+02
4.110000e-06	4.843340e-06	4.412162e-09	3.609004e+01	3.160321e+02
4.120000e-06	4.827320e-06	4.760190e-09	3.597067e+01	3.153542e+02
4.130000e-06	4.811077e-06	4.845605e-09	3.584963e+01	3.147085e+02
4.140000e-06	4.794454e-06	4.617828e-09	3.572577e+01	3.140931e+02
4.150000e-06	4.777428e-06	4.657257e-09	3.559890e+01	3.135056e+02
4.160000e-06	4.760175e-06	4.745376e-09	3.547034e+01	3.129426e+02
4.170000e-06	4.742649e-06	4.602761e-09	3.533974e+01	3.124002e+02
4.180000e-06	4.724775e-06	4.673923e-09	3.520655e+01	3.118740e+02
4.190000e-06	4.706652e-06	4.827821e-09	3.507152e+01	3.113593e+02
4.200000e-06	4.688256e-06	4.663180e-09	3.493444e+01	3.108510e+02
4.210000e-06	4.669478e-06	4.486192e-09	3.479451e+01	3.103438e+02
4.220000e-06	4.650296e-06	4.632826e-09	3.465158e+01	3.098326e+02
4.230000e-06	4.630851e-06	4.771775e-09	3.450668e+01	3.093122e+02
4.240000e-06	4.611157e-06	4.672319e-09	3.435993e+01	3.087778e+02
4.250000e-06	4.591151e-06	4.506569e-09	3.421086e+01	3.082248e+02
4.260000e-06	4.570951e-06	4.539521e-09	3.406034e+01	3.076490e+02
4.270000e-06	4.550579e-06	4.666815e-09	3.390854e+01	3.070469e+02
4.280000e-06	4.529923e-06	4.647405e-09	3.375462e+01	3.064154e+02
4.290000e-06	4.508918e-06	4.525335e-09	3.359811e+01	3.057522e+02
4.300000e-06	4.487557e-06	4.533906e-09	3.343893e+01	3.050554e+02
4.310000e-06	4.465704e-06	4.549300e-09	3.327609e+01	3.043240e+02
4.320000e-06	4.443247e-06	4.501438e-09	3.310876e+01	3.035576e+02
4.330000e-06	4.420208e-06	4.546023e-09	3.293708e+01	3.027565e+02
4.340000e-06	4.396702e-06	4.587076e-09	3.276193e+01	3.019216e+02
4.350000e-06	4.372862e-06	4.441140e-09	3.258428e+01	3.010541e+02
4.360000e-06	4.348862e-06	4.375711e-09	3.240545e+01	3.001560e+02
4.370000e-06	4.324728e-06	4.521352e-09	3.222562e+01	2.992295e+02
4.380000e-06	4.300302e-06	4.571935e-09	3.204360e+01	2.982773e+02
4.390000e-06	4.275599e-06	4.415650e-09	3.185953e+01	2.973022e+02
4.400000e-06	4.250619e-06	4.319043e-09	3.167340e+01	2.963070e+02
4.410000e-06	4.225311e-06	4.401858e-09	3.148481e+01	2.952947e+02
4.420000e-06	4.199814e-06	4.490069e-09	3.129482e+01	2.942682e+02
4.430000e-06	4.174025e-06	4.426046e-09	3.110266e+01	2.932302e+02
4.440000e-06	4.147873e-06	4.303502e-09	3.090778e+01	2.921832e+02
4.450000e-06	4.121521e-06	4.304417e-09	3.071142e+01	2.911293e+02
4.460000e-06	4.094861e-06	4.381525e-09	3.051276e+01	2.900703e+02
4.470000e-06	4.067837e-06	4.388025e-09	3.031139e+01	2.890077e+02
4.480000e-06	4.040563e-06	4.311448e-09	3.010817e+01	2.879422e+02
4.490000e-06	4.013011e-06	4.252810e-09	2.990286e+01	2.868745e+02
4.500000e-06	3.985181e-06	4.254820e-09	2.969549e+01	2.858045e+02
4.510000e-06	3.957169e-06	4.285079e-09	2.948675e+01	2.847318e+02
4.520000e-06	3.929024e-06	4.265849e-09	2.927704e+01	2.836555e+02
4.530000e-06	3.900751e-06	4.209975e-09	2.906636e+01	2.825744e+02
4.540000e-06	3.872310e-06	4.176711e-09	2.885443e+01	2.814869e+02
4.550000e-06	3.843532e-06	4.181976e-09	2.863999e+01	2.803912e+02
4.560000e-06	3.814307e-06	4.191370e-09	2.842223e+01	2.792853e+02
4.570000e-06	3.784743e-06	4.181772e-09	2.820193e+01	2.781670e+02
4.580000e-06	3.754749e-06	4.136654e-09	2.797843e+01	2.770340e+02
4.590000e-06	3.724267e-06	4.097624e-09	2.775129e+01	2.758843e+02
4.600000e-06	3.693445e-06	4.101835e-09	2.752162e+01	2.747155e+02
4.610000e-06	3.662236e-06	4.116962e-09	2.728907e+01	2.735259e+02
4.620000e-06	3.630702e-06	4.094297e-09	2.705410e+01	2.723136e+02
4.630000e-06	3.598973e-06	4.048157e-09	2.681766e+01	2.710772e+02
4.640000e-06	3.567015e-06	4.020304e-09	2.657953e+01	2.698156e+02
4.650000e-06	3.534906e-06	4.022104e-09	2.634027e+01	2.685278e+02
4.660000e-06	3.502617e-06	4.025937e-09	2.609967e+01	2.672135e+02
4.670000e-06	3.470088e-06	4.005607e-09	2.585728e+01	2.658725e+02
4.680000e-06	3.437386e-06	3.963655e-09	2.561360e+01	2.645052e+02
4.690000e-06	3.404373e-06	3.931783e-09	2.536761e+01	2.631121e+02
4.700000e-06	3.371029e-06	3.932667e-09	2.511915e+01	2.616942e+02
4.710000e-06	3.337545e-06	3.937322e-09	2.486965e+01	2.602526e+02
4.720000e-06	3.303898e-06	3.902554e-09	2.461892e+01	2.587889e+02
4.730000e-06	3.270025e-06	3.851597e-09	2.436652e+01	2.573047e+02
4.740000e-06	3.235943e-06	3.839938e-09	2.411256e+01	2.558017e+02
4.750000e-06	3.201664e-06	3.850872e-09	2.385713e+01	2.542817e+02
4.760000e-06	3.167186e-06	3.832251e-09	2.360021e+01	2.527466e+02
4.770000e-06	3.132459e-06	3.782760e-09	2.334145e+01	2.511980e+02
4.780000e-06	3.097469e-06	3.753402e-09	2.308072e+01	2.496376e+02
4.790000e-06	3.062155e-06	3.754026e-09	2.281758e+01	2.480669e+02
4.800000e-06	3.026614e-06	3.745768e-09	2.255275e+01	2.464870e+02
4.810000e-06	2.990903e-06	3.709138e-09	2.228665e+01	2.448989e+02
4.820000e-06	2.954979e-06	3.674218e-09	2.201896e+01	2.433033e+02
4.830000e-06	2.918993e-06	3.658313e-09	2.175081e+01	2.417005e+02
4.840000e-06	2.882906e-06	3.642039e-09	2.148191e+01	2.400905e+02
4.850000e-06	2.846694e-06	3.616259e-09	2.121208e+01	2.384731e+02
4.860000e-06	2.810361e-06	3.591948e-09	2.094134e+01	2.368477e+02
4.870000e-06	2.773880e-06	3.568122e-09	2.066951e+01	2.352132e+02
4.880000e-06	2.737279e-06	3.542484e-09	2.039677e+01	2.335687e+02
4.890000e-06	2.700464e-06	3.514100e-09	2.012245e+01	2.319126e+02
4.900000e-06	2.663343e-06	3.496038e-09	1.984584e+01	2.302435e+02
4.910000e-06	2.625885e-06	3.477097e-09	1.956673e+01	2.285597e+02
4.920000e-06	2.588211e-06	3.445989e-09	1.928599e+01	2.268594e+02
4.930000e-06	2.550242e-06	3.411776e-09	1.900307e+01	2.251408e+02
4.940000e-06	2.511768e-06	3.387360e-09	1.871639e+01	2.234023e+02
4.950000e-06	2.473124e-06	3.370218e-09	1.842843e+01	2.216421e+02
4.960000e-06	2.434351e-06	3.342204e-09	1.813951e+01	2.198589e+02
4.970000e-06	2.395247e-06	3.300531e-09	1.784813e+01	2.180512e+02
4.980000e-06	2.355936e-06	3.265571e-09	1.755520e+01	2.162180e+02
4.990000e-06	2.316511e-06	3.247878e-09	1.726143e+01	2.143585e+02
5.000000e-06	2.276961e-06	3.228673e-09	1.696673e+01	2.124722e+02
5.010000e-06	2.237128e-06	3.190777e-09	1.666991e+01	2.105587e+02
5.020000e-06	2.197178e-06	3.149144e-09	1.637222e+01	2.086181e+02
5.030000e-06	2.157158e-06	3.125475e-09	1.607402e+01	2.066507e+02
5.040000e-06	2.117016e-06	3.110265e-09	1.577490e+01	2.046570e+02
5.050000e-06	2.076740e-06	3.079615e-09	1.547478e+01	2.026380e+02
5.060000e-06	2.036312e-06	3.034672e-09	1.517353e+01	2.005946e+02
5.070000e-06	1.995860e-06	3.001535e-09	1.487211e+01	1.985280e+02
5.080000e-06	1.955372e-06	2.980055e-09	1.457041e+01	1.964396e+02
5.090000e-06	1.914832e-06	2.953320e-09	1.426833e+01	1.943308e+02
5.100000e-06	1.874173e-06	2.916065e-09	1.396536e+01	1.922029e+02
5.110000e-06	1.833336e-06	2.876933e-09	1.366106e+01	1.900574e+02
5.120000e-06	1.792341e-06	2.841915e-09	1.335559e+01	1.878957e+02
5.130000e-06	1.751215e-06	2.813170e-09	1.304914e+01	1.857189e+02
5.140000e-06	1.709915e-06	2.782221e-09	1.274139e+01	1.835282e+02
5.150000e-06	1.668454e-06	2.749687e-09	1.243245e+01	1.813244e+02
5.160000e-06	1.626898e-06	2.715198e-09	1.212279e+01	1.791080e+02
5.170000e-06	1.585284e-06	2.683539e-09	1.181271e+01	1.768796e+02
5.180000e-06	1.543598e-06	2.653184e-09	1.150209e+01	1.746392e+02
5.190000e-06	1.501727e-06	2.621763e-09	1.119008e+01	1.723867e+02
5.200000e-06	1.459764e-06	2.587321e-09	1.087740e+01	1.701216e+02
5.210000e-06	1.417778e-06	2.549640e-09	1.056454e+01	1.678433e+02
5.220000e-06	1.375652e-06	2.511463e-09	1.025064e+01	1.655509e+02
5.230000e-06	1.333425e-06	2.478401e-09	9.935990e+00	1.632433e+02
5.240000e-06	1.291181e-06	2.450901e-09	9.621206e+00	1.609192e+02
5.250000e-06	1.248901e-06	2.416575e-09	9.306158e+00	1.585771e+02
5.260000e-06	1.206485e-06	2.372176e-09	8.990096e+00	1.562156e+02
5.270000e-06	1.163978e-06	2.331689e-09	8.673354e+00	1.538332e+02
5.280000e-06	1.121419e-06	2.301854e-09	8.356232e+00	1.514283e+02
5.290000e-06	1.078691e-06	2.273286e-09	8.037841e+00	1.489993e+02
5.300000e-06	1.035799e-06	2.235812e-09	7.718232e+00	1.465450e+02
5.310000e-06	9.928830e-07	2.193271e-09	7.398445e+00	1.440641e+02
5.320000e-06	9.500026e-07	2.159234e-09	7.078923e+00	1.415555e+02
5.330000e-06	9.071105e-07	2.129730e-09	6.759314e+00	1.390183e+02
5.340000e-06	8.641100e-07	2.094435e-09	6.438896e+00	1.364518e+02
5.350000e-06	8.210033e-07	2.050117e-09	6.117688e+00	1.338558e+02
5.360000e-06	7.779018e-07	2.010700e-09	5.796518e+00	1.312301e+02
5.370000e-06	7.347303e-07	1.978495e-09	5.474826e+00	1.285747e+02
5.380000e-06	6.914612e-07	1.943435e-09	5.152408e+00	1.258901e+02
5.390000e-06	6.481993e-07	1.900299e-09	4.830042e+00	1.231769e+02
5.400000e-06	6.050009e-07	1.857952e-09	4.508151e+00	1.204359e+02
5.410000e-06	5.616483e-07	1.818930e-09	4.185110e+00	1.176681e+02
5.420000e-06	5.181596e-07	1.780126e-09	3.861055e+00	1.148747e+02
5.430000e-06	4.746988e-07	1.739845e-09	3.537208e+00	1.120570e+02
5.440000e-06	4.311855e-07	1.697229e-09	3.212969e+00	1.092163e+02
5.450000e-06	3.876264e-07	1.653564e-09	2.888390e+00	1.063539e+02
5.460000e-06	3.440262e-07	1.608230e-09	2.563503e+00	1.034713e+02
5.470000e-06	3.003881e-07	1.563168e-09	2.238335e+00	1.005698e+02
5.480000e-06	2.567234e-07	1.519796e-09	1.912969e+00	9.765049e+01
5.490000e-06	2.130269e-07	1.473995e-09	1.587365e+00	9.471458e+01
5.500000e-06	1.693889e-07	1.424252e-09	1.262198e+00	9.176294e+01
5.510000e-06	1.257322e-07	1.376846e-09	9.368906e-01	8.879633e+01
5.520000e-06	8.194315e-08	1.332303e-09	6.105975e-01	8.581527e+01
5.530000e-06	3.821513e-08	1.285703e-09	2.847592e-01	8.282007e+01
5.540000e-06	-5.474215e-09	1.233943e-09	-4.079099e-02	7.981084e+01
5.550000e-06	-4.918767e-08	1.183931e-09	-3.665208e-01	7.678745e+01
5.560000e-06	-9.292425e-08	1.139113e-09	-6.924230e-01	7.374956e+01
5.570000e-06	-1.366893e-07	1.094787e-09	-1.018537e+00	7.069667e+01
5.580000e-06	-1.803975e-07	1.043745e-09	-1.344228e+00	6.762807e+01
5.590000e-06	-2.241048e-07	9.895803e-10	-1.669912e+00	6.454293e+01
5.600000e-06	-2.677584e-07	9.393719e-10	-1.995196e+00	6.144031e+01
5.610000e-06	-3.113857e-07	8.933751e-10	-2.320284e+00	5.831918e+01
5.620000e-06	-3.550066e-07	8.447077e-10	-2.645324e+00	5.517849e+01
5.630000e-06	-3.985987e-07	7.906376e-10	-2.970150e+00	5.201717e+01
5.640000e-06	-4.422150e-07	7.371562e-10	-3.295155e+00	4.883419e+01
5.650000e-06	-4.858337e-07	6.866150e-10	-3.620179e+00	4.562860e+01
5.660000e-06	-5.294298e-07	6.386037e-10	-3.945035e+00	4.239954e+01
5.670000e-06	-5.729898e-07	5.880862e-10	-4.269621e+00	3.914628e+01
5.680000e-06	-6.163843e-07	5.319023e-10	-4.592974e+00	3.586823e+01
5.690000e-06	-6.596108e-07	4.769096e-10	-4.915076e+00	3.256498e+01
5.700000e-06	-7.028494e-07	4.239132e-10	-5.237267e+00	2.923631e+01
5.710000e-06	-7.460893e-07	3.696634e-10	-5.559468e+00	2.588217e+01
5.720000e-06	-7.891746e-07	3.158815e-10	-5.880517e+00	2.250270e+01
5.730000e-06	-8.322030e-07	2.639932e-10	-6.201143e+00	1.909822e+01
5.740000e-06	-8.752791e-07	2.109058e-10	-6.522123e+00	1.566920e+01
5.750000e-06	-9.182441e-07	1.539907e-10	-6.842275e+00	1.221629e+01
5.760000e-06	-9.610916e-07	9.844535e-11	-7.161553e+00	8.740242e+00
5.770000e-06	-1.003876e-06	4.471686e-11	-7.480357e+00	5.241916e+00
5.780000e-06	-1.046616e-06	-1.077261e-11	-7.798838e+00	1.722251e+00
5.790000e-06	-1.089293e-06	-6.794112e-11	-8.116844e+00	-1.817770e+00
5.800000e-06	-1.131809e-06	-1.261359e-10	-8.433646e+00	-5.377145e+00
5.810000e-06	-1.174216e-06	-1.805984e-10	-8.749646e+00	-8.954880e+00
5.820000e-06	-1.216643e-06	-2.344092e-10	-9.065790e+00	-1.255002e+01
5.830000e-06	-1.258992e-06	-2.928945e-10	-9.381353e+00	-1.616166e+01
5.840000e-06	-1.301259e-06	-3.521775e-10	-9.696303e+00	-1.978897e+01
5.850000e-06	-1.343473e-06	-4.089487e-10	-1.001086e+01	-2.343122e+01
5.860000e-06	-1.385614e-06	-4.656674e-10	-1.032487e+01	-2.708777e+01
5.870000e-06	-1.427676e-06	-5.238241e-10	-1.063829e+01	-3.075807e+01
5.880000e-06	-1.469634e-06	-5.836491e-10	-1.095095e+01	-3.444168e+01
5.890000e-06	-1.511521e-06	-6.427661e-10	-1.126306e+01	-3.813825e+01
5.900000e-06	-1.553354e-06	-7.001030e-10	-1.157478e+01	-4.184748e+01
5.910000e-06	-1.595090e-06	-7.576980e-10	-1.188578e+01	-4.556916e+01
5.920000e-06	-1.636654e-06	-8.174482e-10	-1.219549e+01	-4.930308e+01
5.930000e-06	-1.677989e-06	-8.792020e-10	-1.250350e+01	-5.304907e+01
5.940000e-06	-1.719211e-06	-9.376977e-10	-1.281066e+01	-5.680690e+01
5.950000e-06	-1.760279e-06	-9.927731e-10	-1.311668e+01	-6.057630e+01
5.960000e-06	-1.801095e-06	-1.047834e-09	-1.342082e+01	-6.435694e+01
5.970000e-06	-1.841828e-06	-1.106206e-09	-1.372434e+01	-6.814832e+01
5.980000e-06	-1.882510e-06	-1.165425e-09	-1.402748e+01	-7.194986e+01
5.990000e-06	-1.923079e-06	-1.225402e-09	-1.432978e+01	-7.576076e+01
6.000000e-06	-1.963543e-06	-1.285530e-09	-1.463130e+01	-7.958006e+01
6.010000e-06	-2.003960e-06	-1.347150e-09	-1.493246e+01	-8.340659e+01
6.020000e-06	-2.044259e-06	-1.412732e-09	-1.523275e+01	-8.723896e+01
6.030000e-06	-2.084451e-06	-1.479102e-09	-1.553224e+01	-9.107557e+01
6.040000e-06	-2.124596e-06	-1.540746e-09	-1.583138e+01	-9.491461e+01
6.050000e-06	-2.164674e-06	-1.598607e-09	-1.613002e+01	-9.875404e+01
6.060000e-06	-2.204657e-06	-1.657292e-09	-1.642795e+01	-1.025916e+02
6.070000e-06	-2.244530e-06	-1.718144e-09	-1.672507e+01	-1.064251e+02
6.080000e-06	-2.284285e-06	-1.778905e-09	-1.702130e+01	-1.102517e+02
6.090000e-06	-2.323887e-06	-1.836969e-09	-1.731639e+01	-1.140690e+02
6.100000e-06	-2.363329e-06	-1.893896e-09	-1.761029e+01	-1.178743e+02
6.110000e-06	-2.402485e-06	-1.952778e-09	-1.790207e+01	-1.216647e+02
6.120000e-06	-2.441379e-06	-2.015469e-09	-1.819188e+01	-1.254376e+02
6.130000e-06	-2.480072e-06	-2.075388e-09	-1.848020e+01	-1.291903e+02
6.140000e-06	-2.518421e-06	-2.129962e-09	-1.876596e+01	-1.329202e+02
6.150000e-06	-2.556437e-06	-2.184822e-09	-1.904923e+01	-1.366248e+02
6.160000e-06	-2.594178e-06	-2.245427e-09	-1.933046e+01	-1.403019e+02
6.170000e-06	-2.631652e-06	-2.304545e-09	-1.960970e+01	-1.439494e+02
6.180000e-06	-2.668808e-06	-2.356402e-09	-1.988657e+01	-1.475653e+02
6.190000e-06	-2.705588e-06	-2.409393e-09	-2.016063e+01	-1.511481e+02
6.200000e-06	-2.742134e-06	-2.465131e-09	-2.043295e+01	-1.546964e+02
6.210000e-06	-2.778539e-06	-2.524728e-09	-2.070422e+01	-1.582091e+02
6.220000e-06	-2.814831e-06	-2.581475e-09	-2.097465e+01	-1.616854e+02
6.230000e-06	-2.851037e-06	-2.633325e-09	-2.124444e+01	-1.651246e+02
6.240000e-06	-2.887117e-06	-2.687057e-09	-2.151329e+01	-1.685265e+02
6.250000e-06	-2.923071e-06	-2.745286e-09	-2.178120e+01	-1.718909e+02
6.260000e-06	-2.958954e-06	-2.803441e-09	-2.204858e+01	-1.752179e+02
6.270000e-06	-2.994758e-06	-2.854086e-09	-2.231537e+01	-1.785077e+02
6.280000e-06	-3.030393e-06	-2.901674e-09	-2.258090e+01	-1.817607e+02
6.290000e-06	-3.065696e-06	-2.953679e-09	-2.284397e+01	-1.849774e+02
6.300000e-06	-3.100678e-06	-3.008434e-09	-2.310463e+01	-1.881582e+02
6.310000e-06	-3.135430e-06	-3.063378e-09	-2.336359e+01	-1.913036e+02
6.320000e-06	-3.169948e-06	-3.116479e-09	-2.362079e+01	-1.944142e+02
6.330000e-06	-3.204294e-06	-3.166820e-09	-2.387672e+01	-1.974903e+02
6.340000e-06	-3.238461e-06	-3.215579e-09	-2.413132e+01	-2.005322e+02
6.350000e-06	-3.272416e-06	-3.264886e-09	-2.438434e+01	-2.035402e+02
6.360000e-06	-3.306171e-06	-3.314985e-09	-2.463586e+01	-2.065143e+02
6.370000e-06	-3.339658e-06	-3.359709e-09	-2.488539e+01	-2.094544e+02
6.380000e-06	-3.372854e-06	-3.403699e-09	-2.513274e+01	-2.123602e+02
6.390000e-06	-3.405777e-06	-3.449938e-09	-2.537807e+01	-2.152313e+02
6.400000e-06	-3.438477e-06	-3.496647e-09	-2.562174e+01	-2.180671e+02
6.410000e-06	-3.470975e-06	-3.541678e-09	-2.586390e+01	-2.208669e+02
6.420000e-06	-3.503279e-06	-3.585412e-09	-2.610460e+01	-2.236298e+02
6.430000e-06	-3.535445e-06	-3.627622e-09	-2.634429e+01	-2.263548e+02
6.440000e-06	-3.567437e-06	-3.668656e-09	-2.658268e+01	-2.290410e+02
6.450000e-06	-3.599278e-06	-3.712308e-09	-2.681994e+01	-2.316872e+02
6.460000e-06	-3.631012e-06	-3.753474e-09	-2.705641e+01	-2.342924e+02
6.470000e-06	-3.662364e-06	-3.790669e-09	-2.729003e+01	-2.368555e+02
6.480000e-06	-3.693207e-06	-3.830863e-09	-2.751985e+01	-2.393756e+02
6.490000e-06	-3.723623e-06	-3.873589e-09	-2.774649e+01	-2.418519e+02
6.500000e-06	-3.753626e-06	-3.913991e-09	-2.797006e+01	-2.442837e+02
6.510000e-06	-3.783323e-06	-3.952671e-09	-2.819135e+01	-2.466704e+02
6.520000e-06	-3.812518e-06	-3.988421e-09	-2.840890e+01	-2.490118e+02
6.530000e-06	-3.841206e-06	-4.020097e-09	-2.862266e+01	-2.513078e+02
6.540000e-06	-3.869652e-06	-4.055056e-09	-2.883462e+01	-2.535586e+02
6.550000e-06	-3.897909e-06	-4.090233e-09	-2.904518e+01	-2.557644e+02
6.560000e-06	-3.926058e-06	-4.124301e-09	-2.925493e+01	-2.579260e+02
6.570000e-06	-3.954115e-06	-4.155035e-09	-2.946400e+01	-2.600441e+02
6.580000e-06	-3.981988e-06	-4.185088e-09	-2.967170e+01	-2.621197e+02
6.590000e-06	-4.009656e-06	-4.221935e-09	-2.987786e+01	-2.641542e+02
6.600000e-06	-4.037041e-06	-4.257476e-09	-3.008192e+01	-2.661489e+02
6.610000e-06	-4.064041e-06	-4.288893e-09	-3.028311e+01	-2.681052e+02
6.620000e-06	-4.090748e-06	-4.316054e-09	-3.048211e+01	-2.700247e+02
6.630000e-06	-4.117221e-06	-4.343285e-09	-3.067938e+01	-2.719090e+02
6.640000e-06	-4.143354e-06	-4.370759e-09	-3.087411e+01	-2.737596e+02
6.650000e-06	-4.169248e-06	-4.397024e-09	-3.106706e+01	-2.755780e+02
6.660000e-06	-4.194885e-06	-4.423426e-09	-3.125810e+01	-2.773656e+02
6.670000e-06	-4.220121e-06	-4.448343e-09	-3.144614e+01	-2.791236e+02
6.680000e-06	-4.245074e-06	-4.471670e-09	-3.163207e+01	-2.808531e+02
6.690000e-06	-4.269734e-06	-4.498147e-09	-3.181583e+01	-2.825550e+02
6.700000e-06	-4.294154e-06	-4.528043e-09	-3.199780e+01	-2.842299e+02
6.710000e-06	-4.318458e-06	-4.554810e-09	-3.217889e+01	-2.858781e+02
6.720000e-06	-4.342570e-06	-4.576523e-09	-3.235857e+01	-2.874998e+02
6.730000e-06	-4.366404e-06	-4.598143e-09	-3.253616e+01	-2.890949e+02
6.740000e-06	-4.389931e-06	-4.618844e-09	-3.271148e+01	-2.906629e+02
6.750000e-06	-4.413231e-06	-4.638119e-09	-3.288509e+01	-2.922033e+02
6.760000e-06	-4.436191e-06	-4.658064e-09	-3.305618e+01	-2.937153e+02
6.770000e-06	-4.458540e-06	-4.677640e-09	-3.322271e+01	-2.951978e+02
6.780000e-06	-4.480250e-06	-4.695629e-09	-3.338448e+01	-2.966498e+02
6.790000e-06	-4.501523e-06	-4.714709e-09	-3.354300e+01	-2.980702e+02
6.800000e-06	-4.522431e-06	-4.736226e-09	-3.369879e+01	-2.994577e+02
6.810000e-06	-4.543003e-06	-4.756090e-09	-3.385209e+01	-3.008111e+02
6.820000e-06	-4.563341e-06	-4.773528e-09	-3.400363e+01	-3.021293e+02
6.830000e-06	-4.583491e-06	-4.788265e-09	-3.415378e+01	-3.034113e+02
6.840000e-06	-4.603500e-06	-4.805224e-09	-3.430288e+01	-3.046562e+02
6.850000e-06	-4.623219e-06	-4.823319e-09	-3.444981e+01	-3.058634e+02
6.860000e-06	-4.642511e-06	-4.839501e-09	-3.459357e+01	-3.070325e+02
6.870000e-06	-4.661481e-06	-4.854829e-09	-3.473493e+01	-3.081633e+02
6.880000e-06	-4.680167e-06	-4.873381e-09	-3.487416e+01	-3.092560e+02
6.890000e-06	-4.698543e-06	-4.892865e-09	-3.501109e+01	-3.103110e+02
6.900000e-06	-4.716668e-06	-4.909578e-09	-3.514614e+01	-3.113290e+02
6.910000e-06	-4.734432e-06	-4.924894e-09	-3.527852e+01	-3.123111e+02
6.920000e-06	-4.751824e-06	-4.938779e-09	-3.540811e+01	-3.132586e+02
6.930000e-06	-4.768956e-06	-4.951695e-09	-3.553577e+01	-3.141730e+02
6.940000e-06	-4.785781e-06	-4.964356e-09	-3.566114e+01	-3.150561e+02
6.950000e-06	-4.802260e-06	-4.975825e-09	-3.578393e+01	-3.159098e+02
6.960000e-06	-4.818512e-06	-4.985139e-09	-3.590503e+01	-3.167362e+02
6.970000e-06	-4.834596e-06	-4.995585e-09	-3.602488e+01	-3.175373e+02
6.980000e-06	-4.850404e-06	-5.009027e-09	-3.614268e+01	-3.183154e+02
6.990000e-06	-4.865782e-06	-5.023542e-09	-3.625727e+01	-3.190725e+02
7.000000e-06	-4.880608e-06	-5.035373e-09	-3.636774e+01	-3.198105e+02
7.010000e-06	-4.894751e-06	-5.045073e-09	-3.647313e+01	-3.205312e+02
7.020000e-06	-4.908234e-06	-5.053820e-09	-3.657360e+01	-3.212364e+02
7.030000e-06	-4.921264e-06	-5.062637e-09	-3.667069e+01	-3.219273e+02
7.040000e-06	-4.933927e-06	-5.072407e-09	-3.676505e+01	-3.226050e+02
7.050000e-06	-4.946276e-06	-5.081791e-09	-3.685706e+01	-3.232703e+02
7.060000e-06	-4.958278e-06	-5.087371e-09	-3.694650e+01	-3.239236e+02
7.070000e-06	-4.969964e-06	-5.094606e-09	-3.703357e+01	-3.245649e+02
7.080000e-06	-4.981285e-06	-5.104075e-09	-3.711793e+01	-3.251941e+02
7.090000e-06	-4.992182e-06	-5.112555e-09	-3.719913e+01	-3.258106e+02
7.100000e-06	-5.002792e-06	-5.119720e-09	-3.727819e+01	-3.264134e+02
7.110000e-06	-5.013110e-06	-5.125927e-09	-3.735508e+01	-3.270016e+02
7.120000e-06	-5.023084e-06	-5.133275e-09	-3.742940e+01	-3.275737e+02
7.130000e-06	-5.032702e-06	-5.140988e-09	-3.750106e+01	-3.281284e+02
7.140000e-06	-5.041974e-06	-5.147942e-09	-3.757016e+01	-3.286640e+02
7.150000e-06	-5.050862e-06	-5.152452e-09	-3.763638e+01	-3.291789e+02
7.160000e-06	-5.059373e-06	-5.156605e-09	-3.769981e+01	-3.296715e+02
7.170000e-06	-5.067711e-06	-5.161517e-09	-3.776194e+01	-3.301404e+02
7.180000e-06	-5.075892e-06	-5.167298e-09	-3.782290e+01	-3.305842e+02
7.190000e-06	-5.083776e-06	-5.171263e-09	-3.788164e+01	-3.310018e+02
7.200000e-06	-5.091298e-06	-5.173998e-09	-3.793769e+01	-3.313924e+02
7.210000e-06	-5.098488e-06	-5.177723e-09	-3.799127e+01	-3.317553e+02
7.220000e-06	-5.105213e-06	-5.182299e-09	-3.804138e+01	-3.320905e+02
7.230000e-06	-5.111263e-06	-5.186242e-09	-3.808647e+01	-3.323981e+02
7.240000e-06	-5.116699e-06	-5.186603e-09	-3.812697e+01	-3.326787e+02
7.250000e-06	-5.121680e-06	-5.183785e-09	-3.816409e+01	-3.329332e+02
7.260000e-06	-5.126323e-06	-5.183300e-09	-3.819868e+01	-3.331630e+02
7.270000e-06	-5.130679e-06	-5.186033e-09	-3.823114e+01	-3.333696e+02
7.280000e-06	-5.134781e-06	-5.190217e-09	-3.826171e+01	-3.335549e+02
7.290000e-06	-5.138643e-06	-5.192087e-09	-3.829049e+01	-3.337212e+02
7.300000e-06	-5.142180e-06	-5.193560e-09	-3.831684e+01	-3.338708e+02
7.310000e-06	-5.145350e-06	-5.197516e-09	-3.834046e+01	-3.340062e+02
7.320000e-06	-5.148201e-06	-5.200595e-09	-3.836171e+01	-3.341297e+02
7.330000e-06	-5.150725e-06	-5.202135e-09	-3.838051e+01	-3.342439e+02
7.340000e-06	-5.152939e-06	-5.202276e-09	-3.839701e+01	-3.343510e+02
7.350000e-06	-5.154841e-06	-5.200218e-09	-3.841119e+01	-3.344530e+02
7.360000e-06	-5.156306e-06	-5.197408e-09	-3.842210e+01	-3.345516e+02
7.370000e-06	-5.157352e-06	-5.197406e-09	-3.842989e+01	-3.346483e+02
7.380000e-06	-5.158082e-06	-5.196890e-09	-3.843534e+01	-3.347440e+02
7.390000e-06	-5.158592e-06	-5.195486e-09	-3.843913e+01	-3.348390e+02
