# Temperatura_=_20.0
# Concentracion g/m^3_=_9000.0
# C_Vs_to_Am_M_A/Vsm_=_65563218390.804596
# pendiente_HvsI_1/m_=_3716.3
# ordenada_HvsI_A/m_=_1297.0
# frecuencia_Hz_=_134984.33783927048

Tiempo_(s)	Campo_(V.s)	Magnetizacion_(V.s)	Campo_(kA/m)	Magnetizacion_(A/m)
0.000000e+00	-2.640888e-06	-2.831406e-09	-1.988071e+01	-1.859354e+02
1.000000e-08	-2.641216e-06	-2.824232e-09	-1.988318e+01	-1.859814e+02
2.000000e-08	-2.641439e-06	-2.802551e-09	-1.988486e+01	-1.860173e+02
3.000000e-08	-2.641530e-06	-2.787794e-09	-1.988554e+01	-1.860430e+02
4.000000e-08	-2.641460e-06	-2.825172e-09	-1.988502e+01	-1.860585e+02
5.000000e-08	-2.641186e-06	-2.925755e-09	-1.988296e+01	-1.860639e+02
6.000000e-08	-2.640762e-06	-2.975352e-09	-1.987976e+01	-1.860592e+02
7.000000e-08	-2.640299e-06	-2.885869e-09	-1.987627e+01	-1.860444e+02
8.000000e-08	-2.639529e-06	-2.782041e-09	-1.987047e+01	-1.860198e+02
9.000000e-08	-2.638296e-06	-2.775235e-09	-1.986119e+01	-1.859853e+02
1.000000e-07	-2.636910e-06	-2.894089e-09	-1.985076e+01	-1.859411e+02
1.100000e-07	-2.635318e-06	-2.903673e-09	-1.983877e+01	-1.858874e+02
1.200000e-07	-2.633349e-06	-2.779427e-09	-1.982396e+01	-1.858244e+02
1.300000e-07	-2.631078e-06	-2.694147e-09	-1.980686e+01	-1.857523e+02
1.400000e-07	-2.628445e-06	-2.766400e-09	-1.978704e+01	-1.856712e+02
1.500000e-07	-2.625496e-06	-2.899586e-09	-1.976483e+01	-1.855815e+02
1.600000e-07	-2.622328e-06	-2.861330e-09	-1.974099e+01	-1.854833e+02
1.700000e-07	-2.618917e-06	-2.729888e-09	-1.971531e+01	-1.853769e+02
1.800000e-07	-2.615379e-06	-2.737578e-09	-1.968867e+01	-1.852625e+02
1.900000e-07	-2.611750e-06	-2.915467e-09	-1.966136e+01	-1.851405e+02
2.000000e-07	-2.608017e-06	-2.910214e-09	-1.963325e+01	-1.850111e+02
2.100000e-07	-2.604190e-06	-2.757490e-09	-1.960444e+01	-1.848745e+02
2.200000e-07	-2.600261e-06	-2.699337e-09	-1.957486e+01	-1.847311e+02
2.300000e-07	-2.596205e-06	-2.876154e-09	-1.954433e+01	-1.845811e+02
2.400000e-07	-2.591999e-06	-2.952909e-09	-1.951267e+01	-1.844248e+02
2.500000e-07	-2.587729e-06	-2.785420e-09	-1.948053e+01	-1.842625e+02
2.600000e-07	-2.583318e-06	-2.597382e-09	-1.944732e+01	-1.840943e+02
2.700000e-07	-2.578636e-06	-2.698273e-09	-1.941207e+01	-1.839207e+02
2.800000e-07	-2.573728e-06	-2.927979e-09	-1.937513e+01	-1.837417e+02
2.900000e-07	-2.568595e-06	-2.892720e-09	-1.933649e+01	-1.835577e+02
3.000000e-07	-2.563225e-06	-2.657537e-09	-1.929606e+01	-1.833688e+02
3.100000e-07	-2.557737e-06	-2.597216e-09	-1.925475e+01	-1.831753e+02
3.200000e-07	-2.552149e-06	-2.841480e-09	-1.921267e+01	-1.829773e+02
3.300000e-07	-2.546398e-06	-2.964580e-09	-1.916938e+01	-1.827750e+02
3.400000e-07	-2.540445e-06	-2.766904e-09	-1.912457e+01	-1.825685e+02
3.500000e-07	-2.534251e-06	-2.557838e-09	-1.907794e+01	-1.823581e+02
3.600000e-07	-2.527874e-06	-2.710957e-09	-1.902993e+01	-1.821437e+02
3.700000e-07	-2.521361e-06	-2.937269e-09	-1.898091e+01	-1.819256e+02
3.800000e-07	-2.514627e-06	-2.865108e-09	-1.893021e+01	-1.817037e+02
3.900000e-07	-2.507624e-06	-2.621194e-09	-1.887749e+01	-1.814782e+02
4.000000e-07	-2.500444e-06	-2.638858e-09	-1.882344e+01	-1.812491e+02
4.100000e-07	-2.493189e-06	-2.855216e-09	-1.876883e+01	-1.810164e+02
4.200000e-07	-2.485853e-06	-2.899550e-09	-1.871360e+01	-1.807801e+02
4.300000e-07	-2.478280e-06	-2.702016e-09	-1.865659e+01	-1.805403e+02
4.400000e-07	-2.470558e-06	-2.604361e-09	-1.859846e+01	-1.802968e+02
4.500000e-07	-2.462823e-06	-2.737144e-09	-1.854023e+01	-1.800497e+02
4.600000e-07	-2.454983e-06	-2.854695e-09	-1.848121e+01	-1.797989e+02
4.700000e-07	-2.446993e-06	-2.758094e-09	-1.842106e+01	-1.795444e+02
4.800000e-07	-2.438915e-06	-2.618579e-09	-1.836025e+01	-1.792861e+02
4.900000e-07	-2.430723e-06	-2.663561e-09	-1.829858e+01	-1.790238e+02
5.000000e-07	-2.422315e-06	-2.801081e-09	-1.823528e+01	-1.787575e+02
5.100000e-07	-2.413704e-06	-2.798755e-09	-1.817046e+01	-1.784872e+02
5.200000e-07	-2.404904e-06	-2.667607e-09	-1.810421e+01	-1.782125e+02
5.300000e-07	-2.395829e-06	-2.631986e-09	-1.803589e+01	-1.779336e+02
5.400000e-07	-2.386501e-06	-2.736529e-09	-1.796567e+01	-1.776501e+02
5.500000e-07	-2.376925e-06	-2.792920e-09	-1.789358e+01	-1.773621e+02
5.600000e-07	-2.367057e-06	-2.698477e-09	-1.781930e+01	-1.770693e+02
5.700000e-07	-2.356949e-06	-2.616632e-09	-1.774321e+01	-1.767717e+02
5.800000e-07	-2.346608e-06	-2.674320e-09	-1.766536e+01	-1.764690e+02
5.900000e-07	-2.335962e-06	-2.763665e-09	-1.758521e+01	-1.761612e+02
6.000000e-07	-2.325048e-06	-2.721481e-09	-1.750306e+01	-1.758482e+02
6.100000e-07	-2.313945e-06	-2.622597e-09	-1.741947e+01	-1.755296e+02
6.200000e-07	-2.302588e-06	-2.626157e-09	-1.733398e+01	-1.752055e+02
6.300000e-07	-2.291056e-06	-2.714280e-09	-1.724716e+01	-1.748757e+02
6.400000e-07	-2.279406e-06	-2.717420e-09	-1.715946e+01	-1.745401e+02
6.500000e-07	-2.267540e-06	-2.628801e-09	-1.707013e+01	-1.741984e+02
6.600000e-07	-2.255544e-06	-2.594124e-09	-1.697983e+01	-1.738507e+02
6.700000e-07	-2.243503e-06	-2.660228e-09	-1.688918e+01	-1.734966e+02
6.800000e-07	-2.231278e-06	-2.692844e-09	-1.679715e+01	-1.731362e+02
6.900000e-07	-2.218943e-06	-2.635877e-09	-1.670429e+01	-1.727692e+02
7.000000e-07	-2.206420e-06	-2.581791e-09	-1.661002e+01	-1.723955e+02
7.100000e-07	-2.193643e-06	-2.606307e-09	-1.651383e+01	-1.720150e+02
7.200000e-07	-2.180679e-06	-2.644243e-09	-1.641624e+01	-1.716276e+02
7.300000e-07	-2.167464e-06	-2.624167e-09	-1.631676e+01	-1.712331e+02
7.400000e-07	-2.154099e-06	-2.571046e-09	-1.621614e+01	-1.708313e+02
7.500000e-07	-2.140630e-06	-2.557092e-09	-1.611475e+01	-1.704222e+02
7.600000e-07	-2.126993e-06	-2.586925e-09	-1.601209e+01	-1.700055e+02
7.700000e-07	-2.113228e-06	-2.597828e-09	-1.590846e+01	-1.695813e+02
7.800000e-07	-2.099355e-06	-2.557458e-09	-1.580403e+01	-1.691492e+02
7.900000e-07	-2.085272e-06	-2.522529e-09	-1.569801e+01	-1.687091e+02
8.000000e-07	-2.071011e-06	-2.541817e-09	-1.559065e+01	-1.682610e+02
8.100000e-07	-2.056648e-06	-2.568966e-09	-1.548253e+01	-1.678045e+02
8.200000e-07	-2.042110e-06	-2.546038e-09	-1.537308e+01	-1.673397e+02
8.300000e-07	-2.027292e-06	-2.502777e-09	-1.526153e+01	-1.668662e+02
8.400000e-07	-2.012124e-06	-2.504142e-09	-1.514735e+01	-1.663840e+02
8.500000e-07	-1.996732e-06	-2.528051e-09	-1.503148e+01	-1.658928e+02
8.600000e-07	-1.981153e-06	-2.516202e-09	-1.491420e+01	-1.653925e+02
8.700000e-07	-1.965420e-06	-2.473980e-09	-1.479576e+01	-1.648829e+02
8.800000e-07	-1.949523e-06	-2.459803e-09	-1.467609e+01	-1.643639e+02
8.900000e-07	-1.933437e-06	-2.474750e-09	-1.455499e+01	-1.638351e+02
9.000000e-07	-1.917191e-06	-2.475804e-09	-1.443269e+01	-1.632965e+02
9.100000e-07	-1.900742e-06	-2.448760e-09	-1.430886e+01	-1.627478e+02
9.200000e-07	-1.884073e-06	-2.428758e-09	-1.418338e+01	-1.621889e+02
9.300000e-07	-1.867209e-06	-2.432479e-09	-1.405642e+01	-1.616196e+02
9.400000e-07	-1.850315e-06	-2.440525e-09	-1.392924e+01	-1.610396e+02
9.500000e-07	-1.833320e-06	-2.423994e-09	-1.380131e+01	-1.604488e+02
9.600000e-07	-1.816198e-06	-2.394549e-09	-1.367241e+01	-1.598470e+02
9.700000e-07	-1.799044e-06	-2.382813e-09	-1.354327e+01	-1.592340e+02
9.800000e-07	-1.781808e-06	-2.392056e-09	-1.341352e+01	-1.586096e+02
9.900000e-07	-1.764510e-06	-2.387170e-09	-1.328330e+01	-1.579736e+02
1.000000e-06	-1.747135e-06	-2.363890e-09	-1.315250e+01	-1.573259e+02
1.010000e-06	-1.729660e-06	-2.350078e-09	-1.302095e+01	-1.566662e+02
1.020000e-06	-1.712093e-06	-2.352579e-09	-1.288871e+01	-1.559946e+02
1.030000e-06	-1.694407e-06	-2.350359e-09	-1.275556e+01	-1.553106e+02
1.040000e-06	-1.676592e-06	-2.333748e-09	-1.262145e+01	-1.546144e+02
1.050000e-06	-1.658677e-06	-2.314085e-09	-1.248658e+01	-1.539056e+02
1.060000e-06	-1.640677e-06	-2.304144e-09	-1.235108e+01	-1.531842e+02
1.070000e-06	-1.622520e-06	-2.299444e-09	-1.221439e+01	-1.524500e+02
1.080000e-06	-1.604272e-06	-2.288126e-09	-1.207702e+01	-1.517030e+02
1.090000e-06	-1.585947e-06	-2.271869e-09	-1.193907e+01	-1.509430e+02
1.100000e-06	-1.567457e-06	-2.258136e-09	-1.179988e+01	-1.501700e+02
1.110000e-06	-1.548926e-06	-2.251380e-09	-1.166037e+01	-1.493839e+02
1.120000e-06	-1.530271e-06	-2.242274e-09	-1.151994e+01	-1.485845e+02
1.130000e-06	-1.511383e-06	-2.227452e-09	-1.137775e+01	-1.477720e+02
1.140000e-06	-1.492369e-06	-2.212504e-09	-1.123462e+01	-1.469461e+02
1.150000e-06	-1.473151e-06	-2.201285e-09	-1.108994e+01	-1.461069e+02
1.160000e-06	-1.453825e-06	-2.190652e-09	-1.094445e+01	-1.452543e+02
1.170000e-06	-1.434473e-06	-2.175322e-09	-1.079877e+01	-1.443883e+02
1.180000e-06	-1.414989e-06	-2.155511e-09	-1.065210e+01	-1.435088e+02
1.190000e-06	-1.395439e-06	-2.138682e-09	-1.050492e+01	-1.426159e+02
1.200000e-06	-1.375851e-06	-2.125698e-09	-1.035746e+01	-1.417095e+02
1.210000e-06	-1.356226e-06	-2.114607e-09	-1.020972e+01	-1.407897e+02
1.220000e-06	-1.336546e-06	-2.100930e-09	-1.006157e+01	-1.398563e+02
1.230000e-06	-1.316821e-06	-2.087751e-09	-9.913079e+00	-1.389093e+02
1.240000e-06	-1.297073e-06	-2.075611e-09	-9.764417e+00	-1.379488e+02
1.250000e-06	-1.277289e-06	-2.063411e-09	-9.615484e+00	-1.369746e+02
1.260000e-06	-1.257491e-06	-2.047907e-09	-9.466439e+00	-1.359869e+02
1.270000e-06	-1.237667e-06	-2.029730e-09	-9.317207e+00	-1.349854e+02
1.280000e-06	-1.217767e-06	-2.011028e-09	-9.167398e+00	-1.339701e+02
1.290000e-06	-1.197807e-06	-1.994786e-09	-9.017141e+00	-1.329410e+02
1.300000e-06	-1.177840e-06	-1.978696e-09	-8.866825e+00	-1.318979e+02
1.310000e-06	-1.157822e-06	-1.961672e-09	-8.716131e+00	-1.308407e+02
1.320000e-06	-1.137706e-06	-1.945413e-09	-8.564693e+00	-1.297694e+02
1.330000e-06	-1.117540e-06	-1.929007e-09	-8.412885e+00	-1.286837e+02
1.340000e-06	-1.097398e-06	-1.911103e-09	-8.261255e+00	-1.275835e+02
1.350000e-06	-1.077169e-06	-1.891981e-09	-8.108972e+00	-1.264686e+02
1.360000e-06	-1.056748e-06	-1.873946e-09	-7.955241e+00	-1.253388e+02
1.370000e-06	-1.036286e-06	-1.855572e-09	-7.801205e+00	-1.241937e+02
1.380000e-06	-1.015846e-06	-1.834251e-09	-7.647327e+00	-1.230333e+02
1.390000e-06	-9.953369e-07	-1.812816e-09	-7.492935e+00	-1.218570e+02
1.400000e-06	-9.747758e-07	-1.796640e-09	-7.338150e+00	-1.206648e+02
1.410000e-06	-9.541287e-07	-1.781246e-09	-7.182718e+00	-1.194561e+02
1.420000e-06	-9.332815e-07	-1.764881e-09	-7.025780e+00	-1.182307e+02
1.430000e-06	-9.123254e-07	-1.746891e-09	-6.868021e+00	-1.169881e+02
1.440000e-06	-8.913679e-07	-1.724614e-09	-6.710253e+00	-1.157279e+02
1.450000e-06	-8.703487e-07	-1.698828e-09	-6.552019e+00	-1.144497e+02
1.460000e-06	-8.492221e-07	-1.675997e-09	-6.392977e+00	-1.131530e+02
1.470000e-06	-8.279592e-07	-1.656316e-09	-6.232910e+00	-1.118374e+02
1.480000e-06	-8.066201e-07	-1.635251e-09	-6.072268e+00	-1.105023e+02
1.490000e-06	-7.852253e-07	-1.612075e-09	-5.911207e+00	-1.091472e+02
1.500000e-06	-7.637532e-07	-1.594151e-09	-5.749564e+00	-1.077717e+02
1.510000e-06	-7.422492e-07	-1.575635e-09	-5.587681e+00	-1.063751e+02
1.520000e-06	-7.207293e-07	-1.552886e-09	-5.425678e+00	-1.049570e+02
1.530000e-06	-6.992064e-07	-1.528876e-09	-5.263653e+00	-1.035168e+02
1.540000e-06	-6.776765e-07	-1.507175e-09	-5.101575e+00	-1.020539e+02
1.550000e-06	-6.560974e-07	-1.487089e-09	-4.939127e+00	-1.005678e+02
1.560000e-06	-6.344678e-07	-1.462258e-09	-4.776299e+00	-9.905797e+01
1.570000e-06	-6.128183e-07	-1.434051e-09	-4.613320e+00	-9.752386e+01
1.580000e-06	-5.911378e-07	-1.408886e-09	-4.450109e+00	-9.596495e+01
1.590000e-06	-5.693914e-07	-1.388032e-09	-4.286401e+00	-9.438074e+01
1.600000e-06	-5.475961e-07	-1.366094e-09	-4.122325e+00	-9.277074e+01
1.610000e-06	-5.257962e-07	-1.340829e-09	-3.958214e+00	-9.113450e+01
1.620000e-06	-5.039726e-07	-1.314950e-09	-3.793926e+00	-8.947156e+01
1.630000e-06	-4.820261e-07	-1.289441e-09	-3.628711e+00	-8.778153e+01
1.640000e-06	-4.599762e-07	-1.263926e-09	-3.462719e+00	-8.606403e+01
1.650000e-06	-4.379473e-07	-1.239648e-09	-3.296884e+00	-8.431873e+01
1.660000e-06	-4.159731e-07	-1.211459e-09	-3.131462e+00	-8.254531e+01
1.670000e-06	-3.940337e-07	-1.180724e-09	-2.966301e+00	-8.074353e+01
1.680000e-06	-3.720860e-07	-1.152480e-09	-2.801078e+00	-7.891317e+01
1.690000e-06	-3.500818e-07	-1.127147e-09	-2.635430e+00	-7.705407e+01
1.700000e-06	-3.280146e-07	-1.100358e-09	-2.469307e+00	-7.516612e+01
1.710000e-06	-3.059310e-07	-1.070693e-09	-2.303061e+00	-7.324924e+01
1.720000e-06	-2.838418e-07	-1.041995e-09	-2.136772e+00	-7.130344e+01
1.730000e-06	-2.617692e-07	-1.014654e-09	-1.970609e+00	-6.932875e+01
1.740000e-06	-2.397000e-07	-9.858240e-10	-1.804471e+00	-6.732528e+01
1.750000e-06	-2.175849e-07	-9.550414e-10	-1.637988e+00	-6.529320e+01
1.760000e-06	-1.954777e-07	-9.239573e-10	-1.471564e+00	-6.323271e+01
1.770000e-06	-1.733691e-07	-8.946154e-10	-1.305129e+00	-6.114411e+01
1.780000e-06	-1.511962e-07	-8.652729e-10	-1.138211e+00	-5.902773e+01
1.790000e-06	-1.289945e-07	-8.347512e-10	-9.710760e-01	-5.688396e+01
1.800000e-06	-1.068342e-07	-8.041623e-10	-8.042520e-01	-5.471326e+01
1.810000e-06	-8.470166e-08	-7.730658e-10	-6.376374e-01	-5.251615e+01
1.820000e-06	-6.255437e-08	-7.409580e-10	-4.709118e-01	-5.029320e+01
1.830000e-06	-4.036769e-08	-7.076807e-10	-3.038895e-01	-4.804503e+01
1.840000e-06	-1.813583e-08	-6.740508e-10	-1.365273e-01	-4.577234e+01
1.850000e-06	4.063641e-09	-6.406610e-10	3.059125e-02	-4.347585e+01
1.860000e-06	2.623375e-08	-6.060315e-10	1.974887e-01	-4.115636e+01
1.870000e-06	4.840315e-08	-5.695720e-10	3.643808e-01	-3.881471e+01
1.880000e-06	7.055279e-08	-5.329701e-10	5.311242e-01	-3.645176e+01
1.890000e-06	9.269838e-08	-4.976630e-10	6.978370e-01	-3.406847e+01
1.900000e-06	1.147901e-07	-4.637715e-10	8.641443e-01	-3.166579e+01
1.910000e-06	1.369095e-07	-4.299686e-10	1.030660e+00	-2.924475e+01
1.920000e-06	1.591251e-07	-3.956650e-10	1.197900e+00	-2.680638e+01
1.930000e-06	1.813760e-07	-3.609012e-10	1.365406e+00	-2.435177e+01
1.940000e-06	2.035691e-07	-3.261825e-10	1.532476e+00	-2.188203e+01
1.950000e-06	2.256488e-07	-2.897681e-10	1.698693e+00	-1.939831e+01
1.960000e-06	2.477493e-07	-2.525037e-10	1.865066e+00	-1.690178e+01
1.970000e-06	2.698636e-07	-2.154877e-10	2.031544e+00	-1.439361e+01
1.980000e-06	2.919313e-07	-1.787733e-10	2.197671e+00	-1.187502e+01
1.990000e-06	3.139620e-07	-1.421066e-10	2.363519e+00	-9.347230e+00
2.000000e-06	3.359495e-07	-1.042897e-10	2.529041e+00	-6.811482e+00
2.010000e-06	3.578933e-07	-6.722025e-11	2.694235e+00	-4.269022e+00
2.020000e-06	3.798201e-07	-3.036924e-11	2.859300e+00	-1.721105e+00
2.030000e-06	4.017848e-07	6.643358e-12	3.024652e+00	8.310095e-01
2.040000e-06	4.237525e-07	4.438402e-11	3.190026e+00	3.386060e+00
2.050000e-06	4.456443e-07	8.525491e-11	3.354828e+00	5.942784e+00
2.060000e-06	4.674528e-07	1.261509e-10	3.519003e+00	8.499923e+00
2.070000e-06	4.892243e-07	1.651801e-10	3.682900e+00	1.105623e+01
2.080000e-06	5.109760e-07	2.045073e-10	3.846647e+00	1.361045e+01
2.090000e-06	5.327589e-07	2.439672e-10	4.010630e+00	1.616135e+01
2.100000e-06	5.545864e-07	2.803414e-10	4.174948e+00	1.870771e+01
2.110000e-06	5.764101e-07	3.161751e-10	4.339238e+00	2.124832e+01
2.120000e-06	5.981859e-07	3.536509e-10	4.503167e+00	2.378199e+01
2.130000e-06	6.198393e-07	3.900176e-10	4.666175e+00	2.630754e+01
2.140000e-06	6.414564e-07	4.270935e-10	4.828909e+00	2.882381e+01
2.150000e-06	6.631010e-07	4.647660e-10	4.991851e+00	3.132967e+01
2.160000e-06	6.846888e-07	5.010562e-10	5.154364e+00	3.382400e+01
2.170000e-06	7.062544e-07	5.369244e-10	5.316711e+00	3.630572e+01
2.180000e-06	7.277675e-07	5.733231e-10	5.478662e+00	3.877376e+01
2.190000e-06	7.491494e-07	6.086822e-10	5.639626e+00	4.122708e+01
2.200000e-06	7.704348e-07	6.436221e-10	5.799863e+00	4.366467e+01
2.210000e-06	7.917180e-07	6.770544e-10	5.960084e+00	4.608554e+01
2.220000e-06	8.129734e-07	7.099885e-10	6.120095e+00	4.848876e+01
2.230000e-06	8.341236e-07	7.453885e-10	6.279315e+00	5.087339e+01
2.240000e-06	8.551914e-07	7.805908e-10	6.437914e+00	5.323854e+01
2.250000e-06	8.762447e-07	8.136580e-10	6.596405e+00	5.558335e+01
2.260000e-06	8.972236e-07	8.468072e-10	6.754335e+00	5.790701e+01
2.270000e-06	9.180859e-07	8.820344e-10	6.911386e+00	6.020872e+01
2.280000e-06	9.388354e-07	9.149299e-10	7.067589e+00	6.248772e+01
2.290000e-06	9.594693e-07	9.444164e-10	7.222922e+00	6.474331e+01
2.300000e-06	9.800379e-07	9.738963e-10	7.377764e+00	6.697479e+01
2.310000e-06	1.000493e-06	1.004528e-09	7.531749e+00	6.918153e+01
2.320000e-06	1.020835e-06	1.035996e-09	7.684883e+00	7.136291e+01
2.330000e-06	1.041195e-06	1.067157e-09	7.838159e+00	7.351839e+01
2.340000e-06	1.061585e-06	1.096207e-09	7.991654e+00	7.564741e+01
2.350000e-06	1.081865e-06	1.125877e-09	8.144323e+00	7.774952e+01
2.360000e-06	1.102023e-06	1.157621e-09	8.296073e+00	7.982425e+01
2.370000e-06	1.122072e-06	1.187320e-09	8.447002e+00	8.187121e+01
2.380000e-06	1.142065e-06	1.215394e-09	8.597508e+00	8.389003e+01
2.390000e-06	1.162056e-06	1.245373e-09	8.748000e+00	8.588040e+01
2.400000e-06	1.181967e-06	1.275434e-09	8.897895e+00	8.784205e+01
2.410000e-06	1.201808e-06	1.304728e-09	9.047256e+00	8.977474e+01
2.420000e-06	1.221637e-06	1.333002e-09	9.196531e+00	9.167828e+01
2.430000e-06	1.241433e-06	1.360787e-09	9.345557e+00	9.355254e+01
2.440000e-06	1.261209e-06	1.390795e-09	9.494431e+00	9.539740e+01
2.450000e-06	1.280961e-06	1.420391e-09	9.643125e+00	9.721282e+01
2.460000e-06	1.300700e-06	1.445060e-09	9.791722e+00	9.899877e+01
2.470000e-06	1.320422e-06	1.467782e-09	9.940190e+00	1.007553e+02
2.480000e-06	1.340089e-06	1.493176e-09	1.008825e+01	1.024824e+02
2.490000e-06	1.359701e-06	1.519940e-09	1.023589e+01	1.041803e+02
2.500000e-06	1.379254e-06	1.544720e-09	1.038308e+01	1.058491e+02
2.510000e-06	1.398744e-06	1.568060e-09	1.052980e+01	1.074890e+02
2.520000e-06	1.418145e-06	1.592999e-09	1.067585e+01	1.091002e+02
2.530000e-06	1.437448e-06	1.620067e-09	1.082117e+01	1.106829e+02
2.540000e-06	1.456696e-06	1.646531e-09	1.096607e+01	1.122375e+02
2.550000e-06	1.475880e-06	1.668957e-09	1.111048e+01	1.137644e+02
2.560000e-06	1.494884e-06	1.690847e-09	1.125355e+01	1.152638e+02
2.570000e-06	1.513806e-06	1.712177e-09	1.139599e+01	1.167362e+02
2.580000e-06	1.532571e-06	1.734358e-09	1.153725e+01	1.181820e+02
2.590000e-06	1.551090e-06	1.756059e-09	1.167667e+01	1.196016e+02
2.600000e-06	1.569450e-06	1.777069e-09	1.181488e+01	1.209955e+02
2.610000e-06	1.587673e-06	1.798483e-09	1.195207e+01	1.223642e+02
2.620000e-06	1.605838e-06	1.819162e-09	1.208881e+01	1.237083e+02
2.630000e-06	1.623858e-06	1.839828e-09	1.222446e+01	1.250281e+02
2.640000e-06	1.641718e-06	1.860472e-09	1.235892e+01	1.263244e+02
2.650000e-06	1.659461e-06	1.881173e-09	1.249249e+01	1.275976e+02
2.660000e-06	1.677123e-06	1.903243e-09	1.262545e+01	1.288482e+02
2.670000e-06	1.694722e-06	1.924771e-09	1.275794e+01	1.300769e+02
2.680000e-06	1.712267e-06	1.943397e-09	1.289001e+01	1.312841e+02
2.690000e-06	1.729642e-06	1.961375e-09	1.302081e+01	1.324705e+02
2.700000e-06	1.746892e-06	1.981310e-09	1.315067e+01	1.336366e+02
2.710000e-06	1.764131e-06	2.001092e-09	1.328045e+01	1.347830e+02
2.720000e-06	1.781284e-06	2.018596e-09	1.340957e+01	1.359102e+02
2.730000e-06	1.798392e-06	2.036202e-09	1.353837e+01	1.370186e+02
2.740000e-06	1.815467e-06	2.054904e-09	1.366691e+01	1.381089e+02
2.750000e-06	1.832336e-06	2.072460e-09	1.379390e+01	1.391815e+02
2.760000e-06	1.849012e-06	2.088622e-09	1.391944e+01	1.402369e+02
2.770000e-06	1.865686e-06	2.105568e-09	1.404496e+01	1.412756e+02
2.780000e-06	1.882302e-06	2.121784e-09	1.417005e+01	1.422979e+02
2.790000e-06	1.898799e-06	2.138823e-09	1.429423e+01	1.433043e+02
2.800000e-06	1.915247e-06	2.156065e-09	1.441806e+01	1.442953e+02
2.810000e-06	1.931426e-06	2.172338e-09	1.453985e+01	1.452710e+02
2.820000e-06	1.947271e-06	2.187669e-09	1.465913e+01	1.462320e+02
2.830000e-06	1.962992e-06	2.204346e-09	1.477748e+01	1.471784e+02
2.840000e-06	1.978499e-06	2.220066e-09	1.489422e+01	1.481106e+02
2.850000e-06	1.993753e-06	2.233652e-09	1.500905e+01	1.490289e+02
2.860000e-06	2.008741e-06	2.248665e-09	1.512188e+01	1.499334e+02
2.870000e-06	2.023436e-06	2.263138e-09	1.523250e+01	1.508243e+02
2.880000e-06	2.038023e-06	2.275848e-09	1.534232e+01	1.517018e+02
2.890000e-06	2.052518e-06	2.288080e-09	1.545143e+01	1.525661e+02
2.900000e-06	2.066760e-06	2.301372e-09	1.555865e+01	1.534173e+02
2.910000e-06	2.080835e-06	2.316404e-09	1.566460e+01	1.542555e+02
2.920000e-06	2.094861e-06	2.330378e-09	1.577019e+01	1.550808e+02
2.930000e-06	2.108786e-06	2.342898e-09	1.587503e+01	1.558932e+02
2.940000e-06	2.122517e-06	2.356488e-09	1.597839e+01	1.566928e+02
2.950000e-06	2.136082e-06	2.370462e-09	1.608051e+01	1.574795e+02
2.960000e-06	2.149473e-06	2.383037e-09	1.618132e+01	1.582535e+02
2.970000e-06	2.162663e-06	2.394005e-09	1.628061e+01	1.590147e+02
2.980000e-06	2.175720e-06	2.403020e-09	1.637891e+01	1.597632e+02
2.990000e-06	2.188626e-06	2.412876e-09	1.647606e+01	1.604988e+02
3.000000e-06	2.201324e-06	2.425137e-09	1.657165e+01	1.612216e+02
3.010000e-06	2.213857e-06	2.435800e-09	1.666600e+01	1.619315e+02
3.020000e-06	2.226236e-06	2.446450e-09	1.675919e+01	1.626286e+02
3.030000e-06	2.238458e-06	2.456573e-09	1.685120e+01	1.633128e+02
3.040000e-06	2.250513e-06	2.465800e-09	1.694195e+01	1.639841e+02
3.050000e-06	2.262424e-06	2.476922e-09	1.703162e+01	1.646425e+02
3.060000e-06	2.274240e-06	2.488248e-09	1.712057e+01	1.652880e+02
3.070000e-06	2.285915e-06	2.496096e-09	1.720846e+01	1.659206e+02
3.080000e-06	2.297462e-06	2.502584e-09	1.729538e+01	1.665403e+02
3.090000e-06	2.308885e-06	2.511909e-09	1.738138e+01	1.671472e+02
3.100000e-06	2.320122e-06	2.522215e-09	1.746597e+01	1.677413e+02
3.110000e-06	2.331123e-06	2.531156e-09	1.754878e+01	1.683226e+02
3.120000e-06	2.341836e-06	2.539185e-09	1.762943e+01	1.688913e+02
3.130000e-06	2.352307e-06	2.549026e-09	1.770826e+01	1.694474e+02
3.140000e-06	2.362479e-06	2.559826e-09	1.778484e+01	1.699911e+02
3.150000e-06	2.372297e-06	2.569383e-09	1.785874e+01	1.705225e+02
3.160000e-06	2.381780e-06	2.577063e-09	1.793014e+01	1.710418e+02
3.170000e-06	2.390922e-06	2.583655e-09	1.799895e+01	1.715490e+02
3.180000e-06	2.399784e-06	2.593242e-09	1.806567e+01	1.720444e+02
3.190000e-06	2.408360e-06	2.603537e-09	1.813023e+01	1.725282e+02
3.200000e-06	2.416739e-06	2.610529e-09	1.819331e+01	1.730006e+02
3.210000e-06	2.425006e-06	2.617318e-09	1.825554e+01	1.734619e+02
3.220000e-06	2.433145e-06	2.626509e-09	1.831681e+01	1.739122e+02
3.230000e-06	2.441187e-06	2.634844e-09	1.837735e+01	1.743518e+02
3.240000e-06	2.449117e-06	2.642530e-09	1.843705e+01	1.747809e+02
3.250000e-06	2.456926e-06	2.650480e-09	1.849584e+01	1.751999e+02
3.260000e-06	2.464639e-06	2.658371e-09	1.855390e+01	1.756090e+02
3.270000e-06	2.472257e-06	2.665388e-09	1.861125e+01	1.760085e+02
3.280000e-06	2.479775e-06	2.671938e-09	1.866785e+01	1.763986e+02
3.290000e-06	2.487215e-06	2.679257e-09	1.872385e+01	1.767796e+02
3.300000e-06	2.494566e-06	2.687025e-09	1.877919e+01	1.771518e+02
3.310000e-06	2.501717e-06	2.695178e-09	1.883302e+01	1.775154e+02
3.320000e-06	2.508631e-06	2.700574e-09	1.888507e+01	1.778708e+02
3.330000e-06	2.515320e-06	2.707350e-09	1.893543e+01	1.782180e+02
3.340000e-06	2.521769e-06	2.716704e-09	1.898397e+01	1.785575e+02
3.350000e-06	2.528111e-06	2.725762e-09	1.903172e+01	1.788894e+02
3.360000e-06	2.534337e-06	2.734488e-09	1.907859e+01	1.792138e+02
3.370000e-06	2.540349e-06	2.741517e-09	1.912385e+01	1.795311e+02
3.380000e-06	2.546213e-06	2.744854e-09	1.916799e+01	1.798413e+02
3.390000e-06	2.551880e-06	2.749738e-09	1.921065e+01	1.801446e+02
3.400000e-06	2.557355e-06	2.757281e-09	1.925187e+01	1.804412e+02
3.410000e-06	2.562703e-06	2.761908e-09	1.929213e+01	1.807311e+02
3.420000e-06	2.567913e-06	2.765741e-09	1.933135e+01	1.810144e+02
3.430000e-06	2.572929e-06	2.772845e-09	1.936911e+01	1.812912e+02
3.440000e-06	2.577717e-06	2.781714e-09	1.940515e+01	1.815615e+02
3.450000e-06	2.582307e-06	2.789684e-09	1.943971e+01	1.818253e+02
3.460000e-06	2.586682e-06	2.796009e-09	1.947264e+01	1.820827e+02
3.470000e-06	2.590848e-06	2.800951e-09	1.950401e+01	1.823335e+02
3.480000e-06	2.594837e-06	2.805829e-09	1.953404e+01	1.825778e+02
3.490000e-06	2.598710e-06	2.810102e-09	1.956319e+01	1.828154e+02
3.500000e-06	2.602567e-06	2.810844e-09	1.959223e+01	1.830463e+02
3.510000e-06	2.606398e-06	2.810565e-09	1.962106e+01	1.832703e+02
3.520000e-06	2.610146e-06	2.813826e-09	1.964928e+01	1.834873e+02
3.530000e-06	2.613826e-06	2.819001e-09	1.967698e+01	1.836971e+02
3.540000e-06	2.617366e-06	2.824236e-09	1.970363e+01	1.838996e+02
3.550000e-06	2.620718e-06	2.828346e-09	1.972886e+01	1.840947e+02
3.560000e-06	2.623888e-06	2.831362e-09	1.975273e+01	1.842821e+02
3.570000e-06	2.626861e-06	2.832761e-09	1.977511e+01	1.844616e+02
3.580000e-06	2.629600e-06	2.833251e-09	1.979573e+01	1.846331e+02
3.590000e-06	2.632075e-06	2.832951e-09	1.981436e+01	1.847962e+02
3.600000e-06	2.634190e-06	2.834009e-09	1.983029e+01	1.849510e+02
3.610000e-06	2.635852e-06	2.837023e-09	1.984280e+01	1.850970e+02
3.620000e-06	2.637275e-06	2.838802e-09	1.985351e+01	1.852342e+02
3.630000e-06	2.638443e-06	2.839357e-09	1.986230e+01	1.853624e+02
3.640000e-06	2.639288e-06	2.841402e-09	1.986866e+01	1.854813e+02
3.650000e-06	2.639927e-06	2.844642e-09	1.987348e+01	1.855908e+02
3.660000e-06	2.640381e-06	2.848694e-09	1.987689e+01	1.856907e+02
3.670000e-06	2.640595e-06	2.853131e-09	1.987850e+01	1.857809e+02
3.680000e-06	2.640584e-06	2.855092e-09	1.987842e+01	1.858613e+02
3.690000e-06	2.640494e-06	2.853677e-09	1.987774e+01	1.859318e+02
3.700000e-06	2.640348e-06	2.854597e-09	1.987664e+01	1.859922e+02
3.710000e-06	2.640113e-06	2.867627e-09	1.987487e+01	1.860425e+02
3.720000e-06	2.639770e-06	2.886913e-09	1.987229e+01	1.860827e+02
3.730000e-06	2.639300e-06	2.892920e-09	1.986875e+01	1.861127e+02
3.740000e-06	2.638633e-06	2.856850e-09	1.986373e+01	1.861325e+02
3.750000e-06	2.637741e-06	2.754839e-09	1.985702e+01	1.861421e+02
3.760000e-06	2.636677e-06	2.708664e-09	1.984900e+01	1.861416e+02
3.770000e-06	2.635483e-06	2.813145e-09	1.984002e+01	1.861310e+02
3.780000e-06	2.634041e-06	2.924743e-09	1.982917e+01	1.861105e+02
3.790000e-06	2.632345e-06	2.904015e-09	1.981640e+01	1.860801e+02
3.800000e-06	2.630517e-06	2.745103e-09	1.980264e+01	1.860399e+02
3.810000e-06	2.628506e-06	2.728534e-09	1.978750e+01	1.859902e+02
3.820000e-06	2.626330e-06	2.871927e-09	1.977111e+01	1.859311e+02
3.830000e-06	2.623975e-06	2.983190e-09	1.975338e+01	1.858628e+02
3.840000e-06	2.621438e-06	2.930401e-09	1.973429e+01	1.857854e+02
3.850000e-06	2.618730e-06	2.762614e-09	1.971390e+01	1.856993e+02
3.860000e-06	2.615935e-06	2.732118e-09	1.969286e+01	1.856046e+02
3.870000e-06	2.613062e-06	2.860262e-09	1.967124e+01	1.855016e+02
3.880000e-06	2.610035e-06	2.934686e-09	1.964845e+01	1.853906e+02
3.890000e-06	2.606693e-06	2.816045e-09	1.962328e+01	1.852718e+02
3.900000e-06	2.603046e-06	2.739689e-09	1.959583e+01	1.851454e+02
3.910000e-06	2.599337e-06	2.836613e-09	1.956791e+01	1.850118e+02
3.920000e-06	2.595550e-06	2.885846e-09	1.953940e+01	1.848713e+02
3.930000e-06	2.591617e-06	2.793300e-09	1.950980e+01	1.847240e+02
3.940000e-06	2.587560e-06	2.769954e-09	1.947925e+01	1.845703e+02
3.950000e-06	2.583405e-06	2.870856e-09	1.944798e+01	1.844105e+02
3.960000e-06	2.579125e-06	2.874813e-09	1.941575e+01	1.842448e+02
3.970000e-06	2.574688e-06	2.775457e-09	1.938236e+01	1.840734e+02
3.980000e-06	2.570134e-06	2.789044e-09	1.934807e+01	1.838966e+02
3.990000e-06	2.565510e-06	2.876913e-09	1.931326e+01	1.837147e+02
4.000000e-06	2.560667e-06	2.857606e-09	1.927680e+01	1.835279e+02
4.010000e-06	2.555504e-06	2.766946e-09	1.923793e+01	1.833363e+02
4.020000e-06	2.550028e-06	2.773438e-09	1.919671e+01	1.831401e+02
4.030000e-06	2.544349e-06	2.842968e-09	1.915396e+01	1.829396e+02
4.040000e-06	2.538523e-06	2.855532e-09	1.911010e+01	1.827349e+02
4.050000e-06	2.532221e-06	2.794646e-09	1.906266e+01	1.825261e+02
4.060000e-06	2.525470e-06	2.755338e-09	1.901183e+01	1.823134e+02
4.070000e-06	2.518588e-06	2.791268e-09	1.896003e+01	1.820969e+02
4.080000e-06	2.511561e-06	2.847609e-09	1.890713e+01	1.818766e+02
4.090000e-06	2.504188e-06	2.820812e-09	1.885162e+01	1.816526e+02
4.100000e-06	2.496396e-06	2.738440e-09	1.879297e+01	1.814250e+02
4.110000e-06	2.488440e-06	2.737356e-09	1.873308e+01	1.811938e+02
4.120000e-06	2.480468e-06	2.821015e-09	1.867306e+01	1.809591e+02
4.130000e-06	2.472397e-06	2.835697e-09	1.861230e+01	1.807207e+02
4.140000e-06	2.464257e-06	2.747846e-09	1.855102e+01	1.804788e+02
4.150000e-06	2.456064e-06	2.720958e-09	1.848934e+01	1.802333e+02
4.160000e-06	2.447755e-06	2.801268e-09	1.842680e+01	1.799841e+02
4.170000e-06	2.439352e-06	2.833133e-09	1.836353e+01	1.797311e+02
4.180000e-06	2.430845e-06	2.757858e-09	1.829949e+01	1.794744e+02
4.190000e-06	2.422170e-06	2.716964e-09	1.823419e+01	1.792138e+02
4.200000e-06	2.413306e-06	2.764483e-09	1.816746e+01	1.789493e+02
4.210000e-06	2.404176e-06	2.793454e-09	1.809873e+01	1.786806e+02
4.220000e-06	2.394902e-06	2.750750e-09	1.802892e+01	1.784078e+02
4.230000e-06	2.385519e-06	2.719435e-09	1.795828e+01	1.781307e+02
4.240000e-06	2.375856e-06	2.731796e-09	1.788554e+01	1.778492e+02
4.250000e-06	2.366024e-06	2.749939e-09	1.781152e+01	1.775631e+02
4.260000e-06	2.356077e-06	2.747843e-09	1.773664e+01	1.772723e+02
4.270000e-06	2.346019e-06	2.731418e-09	1.766092e+01	1.769768e+02
4.280000e-06	2.335852e-06	2.707997e-09	1.758439e+01	1.766763e+02
4.290000e-06	2.325544e-06	2.704751e-09	1.750678e+01	1.763706e+02
4.300000e-06	2.315092e-06	2.727546e-09	1.742810e+01	1.760598e+02
4.310000e-06	2.304466e-06	2.724656e-09	1.734811e+01	1.757436e+02
4.320000e-06	2.293665e-06	2.680767e-09	1.726680e+01	1.754218e+02
4.330000e-06	2.282668e-06	2.667550e-09	1.718401e+01	1.750945e+02
4.340000e-06	2.271482e-06	2.704334e-09	1.709981e+01	1.747613e+02
4.350000e-06	2.260095e-06	2.706170e-09	1.701408e+01	1.744222e+02
4.360000e-06	2.248470e-06	2.657892e-09	1.692657e+01	1.740770e+02
4.370000e-06	2.236708e-06	2.647262e-09	1.683802e+01	1.737256e+02
4.380000e-06	2.224806e-06	2.681732e-09	1.674842e+01	1.733679e+02
4.390000e-06	2.212719e-06	2.676134e-09	1.665744e+01	1.730036e+02
4.400000e-06	2.200567e-06	2.633988e-09	1.656595e+01	1.726328e+02
4.410000e-06	2.188337e-06	2.634037e-09	1.647389e+01	1.722552e+02
4.420000e-06	2.175934e-06	2.661508e-09	1.638052e+01	1.718707e+02
4.430000e-06	2.163372e-06	2.648889e-09	1.628595e+01	1.714792e+02
4.440000e-06	2.150605e-06	2.622051e-09	1.618984e+01	1.710805e+02
4.450000e-06	2.137554e-06	2.625967e-09	1.609159e+01	1.706745e+02
4.460000e-06	2.124232e-06	2.629543e-09	1.599130e+01	1.702610e+02
4.470000e-06	2.110747e-06	2.611485e-09	1.588978e+01	1.698399e+02
4.480000e-06	2.097074e-06	2.609522e-09	1.578686e+01	1.694111e+02
4.490000e-06	2.083130e-06	2.617252e-09	1.568189e+01	1.689745e+02
4.500000e-06	2.068949e-06	2.600525e-09	1.557513e+01	1.685297e+02
4.510000e-06	2.054505e-06	2.584960e-09	1.546640e+01	1.680768e+02
4.520000e-06	2.039762e-06	2.596208e-09	1.535541e+01	1.676155e+02
4.530000e-06	2.024728e-06	2.592994e-09	1.524223e+01	1.671456e+02
4.540000e-06	2.009432e-06	2.563359e-09	1.512709e+01	1.666671e+02
4.550000e-06	1.993925e-06	2.556993e-09	1.501034e+01	1.661797e+02
4.560000e-06	1.978217e-06	2.572606e-09	1.489210e+01	1.656833e+02
4.570000e-06	1.962378e-06	2.559006e-09	1.477286e+01	1.651776e+02
4.580000e-06	1.946450e-06	2.531844e-09	1.465295e+01	1.646625e+02
4.590000e-06	1.930429e-06	2.532202e-09	1.453234e+01	1.641379e+02
4.600000e-06	1.914351e-06	2.539696e-09	1.441131e+01	1.636034e+02
4.610000e-06	1.898232e-06	2.522737e-09	1.428996e+01	1.630590e+02
4.620000e-06	1.882071e-06	2.504032e-09	1.416831e+01	1.625044e+02
4.630000e-06	1.865840e-06	2.501936e-09	1.404612e+01	1.619395e+02
4.640000e-06	1.849536e-06	2.498176e-09	1.392338e+01	1.613639e+02
4.650000e-06	1.833144e-06	2.489046e-09	1.379998e+01	1.607777e+02
4.660000e-06	1.816689e-06	2.482947e-09	1.367611e+01	1.601805e+02
4.670000e-06	1.800128e-06	2.474455e-09	1.355143e+01	1.595722e+02
4.680000e-06	1.783444e-06	2.463522e-09	1.342584e+01	1.589526e+02
4.690000e-06	1.766612e-06	2.459759e-09	1.329912e+01	1.583215e+02
4.700000e-06	1.749609e-06	2.453958e-09	1.317113e+01	1.576787e+02
4.710000e-06	1.732452e-06	2.435281e-09	1.304197e+01	1.570241e+02
4.720000e-06	1.715125e-06	2.421135e-09	1.291153e+01	1.563575e+02
4.730000e-06	1.697650e-06	2.422451e-09	1.277998e+01	1.556787e+02
4.740000e-06	1.680041e-06	2.418843e-09	1.264741e+01	1.549876e+02
4.750000e-06	1.662392e-06	2.402671e-09	1.251455e+01	1.542841e+02
4.760000e-06	1.644741e-06	2.391388e-09	1.238167e+01	1.535680e+02
4.770000e-06	1.626901e-06	2.391478e-09	1.224737e+01	1.528392e+02
4.780000e-06	1.608915e-06	2.384807e-09	1.211198e+01	1.520975e+02
4.790000e-06	1.590840e-06	2.369856e-09	1.197591e+01	1.513430e+02
4.800000e-06	1.572613e-06	2.358376e-09	1.183869e+01	1.505755e+02
4.810000e-06	1.554366e-06	2.350902e-09	1.170133e+01	1.497948e+02
4.820000e-06	1.536081e-06	2.337894e-09	1.156368e+01	1.490010e+02
4.830000e-06	1.517767e-06	2.322136e-09	1.142581e+01	1.481940e+02
4.840000e-06	1.499392e-06	2.308870e-09	1.128748e+01	1.473737e+02
4.850000e-06	1.480856e-06	2.295063e-09	1.114794e+01	1.465401e+02
4.860000e-06	1.462168e-06	2.280570e-09	1.100726e+01	1.456931e+02
4.870000e-06	1.443402e-06	2.268990e-09	1.086599e+01	1.448327e+02
4.880000e-06	1.424532e-06	2.257616e-09	1.072393e+01	1.439589e+02
4.890000e-06	1.405583e-06	2.243202e-09	1.058129e+01	1.430716e+02
4.900000e-06	1.386544e-06	2.230027e-09	1.043796e+01	1.421709e+02
4.910000e-06	1.367313e-06	2.218306e-09	1.029319e+01	1.412566e+02
4.920000e-06	1.347958e-06	2.203543e-09	1.014748e+01	1.403289e+02
4.930000e-06	1.328517e-06	2.185013e-09	1.000113e+01	1.393876e+02
4.940000e-06	1.308970e-06	2.168688e-09	9.853978e+00	1.384328e+02
4.950000e-06	1.289319e-06	2.157115e-09	9.706044e+00	1.374643e+02
4.960000e-06	1.269547e-06	2.143606e-09	9.557197e+00	1.364823e+02
4.970000e-06	1.249685e-06	2.125858e-09	9.407675e+00	1.354865e+02
4.980000e-06	1.229782e-06	2.110192e-09	9.257851e+00	1.344770e+02
4.990000e-06	1.209875e-06	2.097915e-09	9.107983e+00	1.334537e+02
5.000000e-06	1.189931e-06	2.083491e-09	8.957848e+00	1.324165e+02
5.010000e-06	1.169930e-06	2.066221e-09	8.807279e+00	1.313652e+02
5.020000e-06	1.149874e-06	2.048235e-09	8.656297e+00	1.302999e+02
5.030000e-06	1.129751e-06	2.029158e-09	8.504809e+00	1.292202e+02
5.040000e-06	1.109604e-06	2.010768e-09	8.353140e+00	1.281261e+02
5.050000e-06	1.089441e-06	1.993443e-09	8.201356e+00	1.270174e+02
5.060000e-06	1.069266e-06	1.974598e-09	8.049475e+00	1.258938e+02
5.070000e-06	1.049070e-06	1.953888e-09	7.897442e+00	1.247551e+02
5.080000e-06	1.028868e-06	1.936651e-09	7.745361e+00	1.236012e+02
5.090000e-06	1.008671e-06	1.920832e-09	7.593313e+00	1.224316e+02
5.100000e-06	9.884161e-07	1.901245e-09	7.440835e+00	1.212461e+02
5.110000e-06	9.680977e-07	1.878939e-09	7.287878e+00	1.200443e+02
5.120000e-06	9.477328e-07	1.858833e-09	7.134570e+00	1.188259e+02
5.130000e-06	9.273270e-07	1.841199e-09	6.980954e+00	1.175905e+02
5.140000e-06	9.068847e-07	1.823153e-09	6.827064e+00	1.163377e+02
5.150000e-06	8.863749e-07	1.803497e-09	6.672665e+00	1.150671e+02
5.160000e-06	8.657733e-07	1.782984e-09	6.517575e+00	1.137782e+02
5.170000e-06	8.451024e-07	1.764052e-09	6.361964e+00	1.124706e+02
5.180000e-06	8.244123e-07	1.746768e-09	6.206208e+00	1.111437e+02
5.190000e-06	8.036197e-07	1.725227e-09	6.049680e+00	1.097970e+02
5.200000e-06	7.827010e-07	1.702321e-09	5.892204e+00	1.084301e+02
5.210000e-06	7.616847e-07	1.682412e-09	5.733993e+00	1.070424e+02
5.220000e-06	7.406185e-07	1.662008e-09	5.575405e+00	1.056334e+02
5.230000e-06	7.195308e-07	1.639658e-09	5.416656e+00	1.042024e+02
5.240000e-06	6.984044e-07	1.614506e-09	5.257616e+00	1.027491e+02
5.250000e-06	6.771476e-07	1.588950e-09	5.097593e+00	1.012728e+02
5.260000e-06	6.557344e-07	1.565889e-09	4.936394e+00	9.977291e+01
5.270000e-06	6.343019e-07	1.544500e-09	4.775050e+00	9.824900e+01
5.280000e-06	6.128624e-07	1.521437e-09	4.613653e+00	9.670051e+01
5.290000e-06	5.912877e-07	1.497700e-09	4.451237e+00	9.512693e+01
5.300000e-06	5.694793e-07	1.474575e-09	4.287062e+00	9.352776e+01
5.310000e-06	5.476350e-07	1.452792e-09	4.122618e+00	9.190253e+01
5.320000e-06	5.258337e-07	1.431050e-09	3.958497e+00	9.025079e+01
5.330000e-06	5.038769e-07	1.403685e-09	3.793205e+00	8.857213e+01
5.340000e-06	4.818020e-07	1.374816e-09	3.627024e+00	8.686614e+01
5.350000e-06	4.597188e-07	1.350974e-09	3.460781e+00	8.513248e+01
5.360000e-06	4.375576e-07	1.327298e-09	3.293951e+00	8.337084e+01
5.370000e-06	4.153185e-07	1.299914e-09	3.126534e+00	8.158093e+01
5.380000e-06	3.931042e-07	1.271437e-09	2.959304e+00	7.976253e+01
5.390000e-06	3.708258e-07	1.245800e-09	2.791591e+00	7.791545e+01
5.400000e-06	3.484107e-07	1.221571e-09	2.622849e+00	7.603955e+01
5.410000e-06	3.260607e-07	1.194143e-09	2.454598e+00	7.413475e+01
5.420000e-06	3.037717e-07	1.162247e-09	2.286805e+00	7.220102e+01
5.430000e-06	2.813579e-07	1.129193e-09	2.118074e+00	7.023839e+01
5.440000e-06	2.588515e-07	1.097267e-09	1.948644e+00	6.824692e+01
5.450000e-06	2.362935e-07	1.067710e-09	1.778826e+00	6.622676e+01
5.460000e-06	2.136431e-07	1.038118e-09	1.608314e+00	6.417810e+01
5.470000e-06	1.909475e-07	1.006873e-09	1.437460e+00	6.210120e+01
5.480000e-06	1.682285e-07	9.762321e-10	1.266431e+00	5.999637e+01
5.490000e-06	1.455540e-07	9.436602e-10	1.095736e+00	5.786399e+01
5.500000e-06	1.229501e-07	9.079913e-10	9.255735e-01	5.570448e+01
5.510000e-06	1.002581e-07	8.696892e-10	7.547467e-01	5.351833e+01
5.520000e-06	7.750243e-08	8.335706e-10	5.834414e-01	5.130610e+01
5.530000e-06	5.475760e-08	7.992574e-10	4.122173e-01	4.906838e+01
5.540000e-06	3.204934e-08	7.636279e-10	2.412687e-01	4.680585e+01
5.550000e-06	9.358142e-09	7.268473e-10	7.044846e-02	4.451921e+01
5.560000e-06	-1.340995e-08	6.916517e-10	-1.009506e-01	4.220923e+01
5.570000e-06	-3.627014e-08	6.551678e-10	-2.730430e-01	3.987673e+01
5.580000e-06	-5.906029e-08	6.134284e-10	-4.446082e-01	3.752257e+01
5.590000e-06	-8.176498e-08	5.720600e-10	-6.155300e-01	3.514766e+01
5.600000e-06	-1.044587e-07	5.350271e-10	-7.863690e-01	3.275297e+01
5.610000e-06	-1.271564e-07	4.985048e-10	-9.572383e-01	3.033948e+01
5.620000e-06	-1.499304e-07	4.568333e-10	-1.128682e+00	2.790822e+01
5.630000e-06	-1.727172e-07	4.148528e-10	-1.300222e+00	2.546027e+01
5.640000e-06	-1.954008e-07	3.765520e-10	-1.470985e+00	2.299672e+01
5.650000e-06	-2.179350e-07	3.382817e-10	-1.640623e+00	2.051872e+01
5.660000e-06	-2.403960e-07	2.964925e-10	-1.809711e+00	1.802740e+01
5.670000e-06	-2.628004e-07	2.537819e-10	-1.978372e+00	1.552396e+01
5.680000e-06	-2.851766e-07	2.124020e-10	-2.146821e+00	1.300959e+01
5.690000e-06	-3.075953e-07	1.729343e-10	-2.315590e+00	1.048551e+01
5.700000e-06	-3.300194e-07	1.313328e-10	-2.484399e+00	7.952948e+00
5.710000e-06	-3.523578e-07	8.653000e-11	-2.652563e+00	5.413158e+00
5.720000e-06	-3.746982e-07	4.496263e-11	-2.820743e+00	2.867387e+00
5.730000e-06	-3.970727e-07	5.213173e-12	-2.989179e+00	3.168925e-01
5.740000e-06	-4.193983e-07	-3.530912e-11	-3.157247e+00	-2.237063e+00
5.750000e-06	-4.415896e-07	-7.804908e-11	-3.324304e+00	-4.793218e+00
5.760000e-06	-4.636708e-07	-1.220155e-10	-3.490532e+00	-7.350312e+00
5.770000e-06	-4.857367e-07	-1.662632e-10	-3.656645e+00	-9.907090e+00
5.780000e-06	-5.078190e-07	-2.101066e-10	-3.822881e+00	-1.246230e+01
5.790000e-06	-5.298536e-07	-2.518736e-10	-3.988759e+00	-1.501471e+01
5.800000e-06	-5.516606e-07	-2.931164e-10	-4.152923e+00	-1.756309e+01
5.810000e-06	-5.731823e-07	-3.341445e-10	-4.314939e+00	-2.010622e+01
5.820000e-06	-5.946535e-07	-3.747012e-10	-4.476575e+00	-2.264290e+01
5.830000e-06	-6.161912e-07	-4.146016e-10	-4.638711e+00	-2.517194e+01
5.840000e-06	-6.377170e-07	-4.529614e-10	-4.800759e+00	-2.769219e+01
5.850000e-06	-6.591863e-07	-4.938186e-10	-4.962380e+00	-3.020250e+01
5.860000e-06	-6.806142e-07	-5.367408e-10	-5.123690e+00	-3.270175e+01
5.870000e-06	-7.019654e-07	-5.762203e-10	-5.284423e+00	-3.518883e+01
5.880000e-06	-7.231894e-07	-6.140895e-10	-5.444198e+00	-3.766267e+01
5.890000e-06	-7.443096e-07	-6.529191e-10	-5.603192e+00	-4.012222e+01
5.900000e-06	-7.652954e-07	-6.915268e-10	-5.761174e+00	-4.256646e+01
5.910000e-06	-7.861104e-07	-7.293867e-10	-5.917870e+00	-4.499440e+01
5.920000e-06	-8.068350e-07	-7.675005e-10	-6.073885e+00	-4.740506e+01
5.930000e-06	-8.276221e-07	-8.020789e-10	-6.230372e+00	-4.979752e+01
5.940000e-06	-8.483356e-07	-8.338904e-10	-6.386304e+00	-5.217086e+01
5.950000e-06	-8.688848e-07	-8.704507e-10	-6.540999e+00	-5.452423e+01
5.960000e-06	-8.893251e-07	-9.104379e-10	-6.694874e+00	-5.685678e+01
5.970000e-06	-9.097493e-07	-9.473039e-10	-6.848629e+00	-5.916770e+01
5.980000e-06	-9.301817e-07	-9.806449e-10	-7.002444e+00	-6.145623e+01
5.990000e-06	-9.505520e-07	-1.015537e-09	-7.155793e+00	-6.372163e+01
6.000000e-06	-9.709036e-07	-1.053799e-09	-7.309000e+00	-6.596321e+01
6.010000e-06	-9.912530e-07	-1.090598e-09	-7.462192e+00	-6.818031e+01
6.020000e-06	-1.011541e-06	-1.124654e-09	-7.614924e+00	-7.037231e+01
6.030000e-06	-1.031760e-06	-1.157896e-09	-7.767127e+00	-7.253862e+01
6.040000e-06	-1.051932e-06	-1.194105e-09	-7.918988e+00	-7.467870e+01
6.050000e-06	-1.072102e-06	-1.228095e-09	-8.070827e+00	-7.679205e+01
6.060000e-06	-1.092263e-06	-1.255774e-09	-8.222595e+00	-7.887822e+01
6.070000e-06	-1.112409e-06	-1.285355e-09	-8.374257e+00	-8.093677e+01
6.080000e-06	-1.132542e-06	-1.319326e-09	-8.525818e+00	-8.296733e+01
6.090000e-06	-1.152643e-06	-1.354717e-09	-8.677140e+00	-8.496957e+01
6.100000e-06	-1.172728e-06	-1.389411e-09	-8.828340e+00	-8.694319e+01
6.110000e-06	-1.192795e-06	-1.420926e-09	-8.979408e+00	-8.888795e+01
6.120000e-06	-1.212823e-06	-1.450674e-09	-9.130180e+00	-9.080363e+01
6.130000e-06	-1.232738e-06	-1.481048e-09	-9.280097e+00	-9.269008e+01
6.140000e-06	-1.252539e-06	-1.508011e-09	-9.429166e+00	-9.454717e+01
6.150000e-06	-1.272320e-06	-1.531810e-09	-9.578073e+00	-9.637484e+01
6.160000e-06	-1.292020e-06	-1.557704e-09	-9.726376e+00	-9.817304e+01
6.170000e-06	-1.311653e-06	-1.585420e-09	-9.874175e+00	-9.994179e+01
6.180000e-06	-1.331244e-06	-1.614356e-09	-1.002166e+01	-1.016811e+02
6.190000e-06	-1.350633e-06	-1.643226e-09	-1.016762e+01	-1.033912e+02
6.200000e-06	-1.369902e-06	-1.669523e-09	-1.031267e+01	-1.050720e+02
6.210000e-06	-1.389131e-06	-1.695112e-09	-1.045744e+01	-1.067239e+02
6.220000e-06	-1.408245e-06	-1.719258e-09	-1.060133e+01	-1.083470e+02
6.230000e-06	-1.427232e-06	-1.741850e-09	-1.074426e+01	-1.099415e+02
6.240000e-06	-1.446115e-06	-1.763565e-09	-1.088641e+01	-1.115078e+02
6.250000e-06	-1.464798e-06	-1.787819e-09	-1.102705e+01	-1.130462e+02
6.260000e-06	-1.483313e-06	-1.813852e-09	-1.116644e+01	-1.145569e+02
6.270000e-06	-1.501749e-06	-1.839227e-09	-1.130523e+01	-1.160405e+02
6.280000e-06	-1.520105e-06	-1.862979e-09	-1.144341e+01	-1.174973e+02
6.290000e-06	-1.538377e-06	-1.886173e-09	-1.158096e+01	-1.189277e+02
6.300000e-06	-1.556540e-06	-1.909643e-09	-1.171769e+01	-1.203323e+02
6.310000e-06	-1.574671e-06	-1.930367e-09	-1.185418e+01	-1.217114e+02
6.320000e-06	-1.592739e-06	-1.949793e-09	-1.199020e+01	-1.230657e+02
6.330000e-06	-1.610750e-06	-1.970619e-09	-1.212579e+01	-1.243955e+02
6.340000e-06	-1.628681e-06	-1.993184e-09	-1.226077e+01	-1.257015e+02
6.350000e-06	-1.646443e-06	-2.014019e-09	-1.239449e+01	-1.269842e+02
6.360000e-06	-1.664056e-06	-2.032055e-09	-1.252708e+01	-1.282441e+02
6.370000e-06	-1.681541e-06	-2.049840e-09	-1.265871e+01	-1.294819e+02
6.380000e-06	-1.698874e-06	-2.069284e-09	-1.278919e+01	-1.306980e+02
6.390000e-06	-1.716080e-06	-2.087574e-09	-1.291872e+01	-1.318930e+02
6.400000e-06	-1.733198e-06	-2.103417e-09	-1.304759e+01	-1.330674e+02
6.410000e-06	-1.750198e-06	-2.119153e-09	-1.317556e+01	-1.342219e+02
6.420000e-06	-1.767094e-06	-2.136478e-09	-1.330275e+01	-1.353570e+02
6.430000e-06	-1.783869e-06	-2.153541e-09	-1.342903e+01	-1.364732e+02
6.440000e-06	-1.800441e-06	-2.171389e-09	-1.355379e+01	-1.375709e+02
6.450000e-06	-1.816861e-06	-2.187396e-09	-1.367740e+01	-1.386508e+02
6.460000e-06	-1.833207e-06	-2.203052e-09	-1.380045e+01	-1.397133e+02
6.470000e-06	-1.849500e-06	-2.219506e-09	-1.392311e+01	-1.407589e+02
6.480000e-06	-1.865763e-06	-2.234985e-09	-1.404554e+01	-1.417879e+02
6.490000e-06	-1.881955e-06	-2.250040e-09	-1.416743e+01	-1.428009e+02
6.500000e-06	-1.898078e-06	-2.264684e-09	-1.428880e+01	-1.437982e+02
6.510000e-06	-1.914167e-06	-2.279698e-09	-1.440992e+01	-1.447803e+02
6.520000e-06	-1.930195e-06	-2.294231e-09	-1.453058e+01	-1.457473e+02
6.530000e-06	-1.946112e-06	-2.308685e-09	-1.465041e+01	-1.466997e+02
6.540000e-06	-1.961902e-06	-2.323744e-09	-1.476928e+01	-1.476378e+02
6.550000e-06	-1.977572e-06	-2.338732e-09	-1.488724e+01	-1.485618e+02
6.560000e-06	-1.993087e-06	-2.350645e-09	-1.500404e+01	-1.494720e+02
6.570000e-06	-2.008412e-06	-2.362138e-09	-1.511940e+01	-1.503685e+02
6.580000e-06	-2.023485e-06	-2.375932e-09	-1.523288e+01	-1.512516e+02
6.590000e-06	-2.038212e-06	-2.389040e-09	-1.534374e+01	-1.521214e+02
6.600000e-06	-2.052660e-06	-2.400960e-09	-1.545251e+01	-1.529780e+02
6.610000e-06	-2.066871e-06	-2.414667e-09	-1.555948e+01	-1.538216e+02
6.620000e-06	-2.080808e-06	-2.427427e-09	-1.566440e+01	-1.546522e+02
6.630000e-06	-2.094419e-06	-2.437913e-09	-1.576687e+01	-1.554699e+02
6.640000e-06	-2.107820e-06	-2.448048e-09	-1.586775e+01	-1.562748e+02
6.650000e-06	-2.121092e-06	-2.457328e-09	-1.596766e+01	-1.570669e+02
6.660000e-06	-2.134173e-06	-2.468520e-09	-1.606613e+01	-1.578462e+02
6.670000e-06	-2.147008e-06	-2.482474e-09	-1.616276e+01	-1.586127e+02
6.680000e-06	-2.159604e-06	-2.493346e-09	-1.625758e+01	-1.593664e+02
6.690000e-06	-2.172087e-06	-2.501558e-09	-1.635155e+01	-1.601074e+02
6.700000e-06	-2.184434e-06	-2.511042e-09	-1.644451e+01	-1.608355e+02
6.710000e-06	-2.196660e-06	-2.522215e-09	-1.653654e+01	-1.615508e+02
6.720000e-06	-2.208757e-06	-2.532027e-09	-1.662761e+01	-1.622532e+02
6.730000e-06	-2.220734e-06	-2.538591e-09	-1.671777e+01	-1.629427e+02
6.740000e-06	-2.232582e-06	-2.543996e-09	-1.680696e+01	-1.636194e+02
6.750000e-06	-2.244245e-06	-2.550199e-09	-1.689476e+01	-1.642831e+02
6.760000e-06	-2.255804e-06	-2.556147e-09	-1.698178e+01	-1.649340e+02
6.770000e-06	-2.267217e-06	-2.562480e-09	-1.706770e+01	-1.655719e+02
6.780000e-06	-2.278367e-06	-2.570070e-09	-1.715163e+01	-1.661970e+02
6.790000e-06	-2.289316e-06	-2.578779e-09	-1.723406e+01	-1.668091e+02
6.800000e-06	-2.300165e-06	-2.586480e-09	-1.731573e+01	-1.674085e+02
6.810000e-06	-2.310856e-06	-2.591818e-09	-1.739621e+01	-1.679951e+02
6.820000e-06	-2.321363e-06	-2.596756e-09	-1.747531e+01	-1.685691e+02
6.830000e-06	-2.331730e-06	-2.603253e-09	-1.755336e+01	-1.691304e+02
6.840000e-06	-2.342005e-06	-2.609322e-09	-1.763070e+01	-1.696792e+02
6.850000e-06	-2.352128e-06	-2.616496e-09	-1.770691e+01	-1.702157e+02
6.860000e-06	-2.362052e-06	-2.625462e-09	-1.778162e+01	-1.707400e+02
6.870000e-06	-2.371839e-06	-2.633127e-09	-1.785530e+01	-1.712522e+02
6.880000e-06	-2.381445e-06	-2.639095e-09	-1.792761e+01	-1.717525e+02
6.890000e-06	-2.390860e-06	-2.646700e-09	-1.799849e+01	-1.722411e+02
6.900000e-06	-2.400105e-06	-2.655412e-09	-1.806809e+01	-1.727182e+02
6.910000e-06	-2.409177e-06	-2.664020e-09	-1.813638e+01	-1.731840e+02
6.920000e-06	-2.418090e-06	-2.673600e-09	-1.820348e+01	-1.736388e+02
6.930000e-06	-2.426870e-06	-2.679712e-09	-1.826957e+01	-1.740828e+02
6.940000e-06	-2.435438e-06	-2.684956e-09	-1.833408e+01	-1.745163e+02
6.950000e-06	-2.443857e-06	-2.691755e-09	-1.839745e+01	-1.749394e+02
6.960000e-06	-2.452265e-06	-2.698615e-09	-1.846075e+01	-1.753526e+02
6.970000e-06	-2.460550e-06	-2.703404e-09	-1.852312e+01	-1.757560e+02
6.980000e-06	-2.468679e-06	-2.707680e-09	-1.858431e+01	-1.761499e+02
6.990000e-06	-2.476747e-06	-2.714891e-09	-1.864505e+01	-1.765347e+02
7.000000e-06	-2.484694e-06	-2.723005e-09	-1.870487e+01	-1.769105e+02
7.010000e-06	-2.492465e-06	-2.728135e-09	-1.876337e+01	-1.772776e+02
7.020000e-06	-2.500108e-06	-2.732058e-09	-1.882091e+01	-1.776364e+02
7.030000e-06	-2.507576e-06	-2.737560e-09	-1.887713e+01	-1.779870e+02
7.040000e-06	-2.514872e-06	-2.744782e-09	-1.893205e+01	-1.783297e+02
7.050000e-06	-2.521934e-06	-2.752485e-09	-1.898522e+01	-1.786646e+02
7.060000e-06	-2.528706e-06	-2.756370e-09	-1.903620e+01	-1.789921e+02
7.070000e-06	-2.535156e-06	-2.757780e-09	-1.908475e+01	-1.793123e+02
7.080000e-06	-2.541226e-06	-2.762415e-09	-1.913045e+01	-1.796255e+02
7.090000e-06	-2.546957e-06	-2.768922e-09	-1.917359e+01	-1.799316e+02
7.100000e-06	-2.552437e-06	-2.772269e-09	-1.921485e+01	-1.802309e+02
7.110000e-06	-2.557658e-06	-2.774295e-09	-1.925415e+01	-1.805236e+02
7.120000e-06	-2.562594e-06	-2.778582e-09	-1.929131e+01	-1.808096e+02
7.130000e-06	-2.567312e-06	-2.784656e-09	-1.932683e+01	-1.810891e+02
7.140000e-06	-2.571853e-06	-2.790564e-09	-1.936101e+01	-1.813620e+02
7.150000e-06	-2.576281e-06	-2.793348e-09	-1.939434e+01	-1.816286e+02
7.160000e-06	-2.580617e-06	-2.796683e-09	-1.942699e+01	-1.818886e+02
7.170000e-06	-2.584858e-06	-2.802243e-09	-1.945892e+01	-1.821421e+02
7.180000e-06	-2.589032e-06	-2.806090e-09	-1.949033e+01	-1.823891e+02
7.190000e-06	-2.593129e-06	-2.808276e-09	-1.952118e+01	-1.826295e+02
7.200000e-06	-2.597125e-06	-2.809904e-09	-1.955126e+01	-1.828631e+02
7.210000e-06	-2.600951e-06	-2.811807e-09	-1.958006e+01	-1.830900e+02
7.220000e-06	-2.604626e-06	-2.813935e-09	-1.960773e+01	-1.833099e+02
7.230000e-06	-2.608123e-06	-2.813991e-09	-1.963405e+01	-1.835227e+02
7.240000e-06	-2.611394e-06	-2.812227e-09	-1.965868e+01	-1.837283e+02
7.250000e-06	-2.614440e-06	-2.812321e-09	-1.968161e+01	-1.839265e+02
7.260000e-06	-2.617303e-06	-2.813808e-09	-1.970316e+01	-1.841170e+02
7.270000e-06	-2.620047e-06	-2.815868e-09	-1.972381e+01	-1.842998e+02
7.280000e-06	-2.622618e-06	-2.817790e-09	-1.974317e+01	-1.844747e+02
7.290000e-06	-2.625001e-06	-2.820430e-09	-1.976111e+01	-1.846413e+02
7.300000e-06	-2.627252e-06	-2.822910e-09	-1.977806e+01	-1.847995e+02
7.310000e-06	-2.629375e-06	-2.824832e-09	-1.979404e+01	-1.849492e+02
7.320000e-06	-2.631388e-06	-2.826107e-09	-1.980919e+01	-1.850901e+02
7.330000e-06	-2.633159e-06	-2.826819e-09	-1.982253e+01	-1.852220e+02
7.340000e-06	-2.634625e-06	-2.829952e-09	-1.983356e+01	-1.853448e+02
7.350000e-06	-2.635978e-06	-2.831779e-09	-1.984374e+01	-1.854582e+02
7.360000e-06	-2.637266e-06	-2.829832e-09	-1.985345e+01	-1.855621e+02
7.370000e-06	-2.638416e-06	-2.826020e-09	-1.986210e+01	-1.856564e+02
7.380000e-06	-2.639293e-06	-2.827150e-09	-1.986870e+01	-1.857408e+02
7.390000e-06	-2.639976e-06	-2.831823e-09	-1.987384e+01	-1.858154e+02
7.400000e-06	-2.640503e-06	-2.832870e-09	-1.987781e+01	-1.858800e+02
