# Temperatura_=_20.0
# Concentracion g/m^3_=_9000.0
# C_Vs_to_Am_M_A/Vsm_=_65563218390.804596
# pendiente_HvsI_1/m_=_3716.3
# ordenada_HvsI_A/m_=_1297.0
# frecuencia_Hz_=_134977.46231882996

Tiempo_(s)	Campo_(V.s)	Magnetizacion_(V.s)	Campo_(kA/m)	Magnetizacion_(A/m)
0.000000e+00	-2.638802e-06	-2.841802e-09	-1.987249e+01	-1.857763e+02
1.000000e-08	-2.639020e-06	-2.846387e-09	-1.987413e+01	-1.857930e+02
2.000000e-08	-2.639047e-06	-2.856909e-09	-1.987433e+01	-1.858012e+02
3.000000e-08	-2.638867e-06	-2.867932e-09	-1.987297e+01	-1.858011e+02
4.000000e-08	-2.638637e-06	-2.857569e-09	-1.987124e+01	-1.857928e+02
5.000000e-08	-2.638288e-06	-2.828602e-09	-1.986861e+01	-1.857765e+02
6.000000e-08	-2.637706e-06	-2.853185e-09	-1.986423e+01	-1.857524e+02
7.000000e-08	-2.636975e-06	-2.838180e-09	-1.985873e+01	-1.857207e+02
8.000000e-08	-2.636079e-06	-2.876404e-09	-1.985198e+01	-1.856816e+02
9.000000e-08	-2.634855e-06	-2.875514e-09	-1.984276e+01	-1.856354e+02
1.000000e-07	-2.633318e-06	-2.872712e-09	-1.983119e+01	-1.855821e+02
1.100000e-07	-2.631527e-06	-2.849255e-09	-1.981769e+01	-1.855221e+02
1.200000e-07	-2.629371e-06	-2.832172e-09	-1.980146e+01	-1.854556e+02
1.300000e-07	-2.626876e-06	-2.814874e-09	-1.978267e+01	-1.853827e+02
1.400000e-07	-2.624107e-06	-2.803941e-09	-1.976182e+01	-1.853038e+02
1.500000e-07	-2.621074e-06	-2.842232e-09	-1.973898e+01	-1.852190e+02
1.600000e-07	-2.617801e-06	-2.859482e-09	-1.971432e+01	-1.851286e+02
1.700000e-07	-2.614360e-06	-2.869360e-09	-1.968842e+01	-1.850326e+02
1.800000e-07	-2.610787e-06	-2.815170e-09	-1.966151e+01	-1.849314e+02
1.900000e-07	-2.607084e-06	-2.837981e-09	-1.963362e+01	-1.848252e+02
2.000000e-07	-2.603277e-06	-2.835100e-09	-1.960495e+01	-1.847140e+02
2.100000e-07	-2.599391e-06	-2.850915e-09	-1.957569e+01	-1.845980e+02
2.200000e-07	-2.595398e-06	-2.812885e-09	-1.954561e+01	-1.844774e+02
2.300000e-07	-2.591290e-06	-2.825126e-09	-1.951467e+01	-1.843523e+02
2.400000e-07	-2.587032e-06	-2.825669e-09	-1.948261e+01	-1.842229e+02
2.500000e-07	-2.582606e-06	-2.831725e-09	-1.944928e+01	-1.840891e+02
2.600000e-07	-2.577946e-06	-2.807249e-09	-1.941419e+01	-1.839511e+02
2.700000e-07	-2.573085e-06	-2.793137e-09	-1.937758e+01	-1.838088e+02
2.800000e-07	-2.568124e-06	-2.800617e-09	-1.934022e+01	-1.836625e+02
2.900000e-07	-2.562957e-06	-2.811486e-09	-1.930130e+01	-1.835119e+02
3.000000e-07	-2.557516e-06	-2.807628e-09	-1.926033e+01	-1.833572e+02
3.100000e-07	-2.551895e-06	-2.776242e-09	-1.921800e+01	-1.831983e+02
3.200000e-07	-2.546108e-06	-2.784206e-09	-1.917442e+01	-1.830351e+02
3.300000e-07	-2.540236e-06	-2.804415e-09	-1.913020e+01	-1.828675e+02
3.400000e-07	-2.534264e-06	-2.812453e-09	-1.908522e+01	-1.826955e+02
3.500000e-07	-2.528078e-06	-2.763216e-09	-1.903864e+01	-1.825189e+02
3.600000e-07	-2.521684e-06	-2.758418e-09	-1.899048e+01	-1.823376e+02
3.700000e-07	-2.515050e-06	-2.786588e-09	-1.894052e+01	-1.821514e+02
3.800000e-07	-2.508202e-06	-2.809460e-09	-1.888895e+01	-1.819602e+02
3.900000e-07	-2.501129e-06	-2.765652e-09	-1.883569e+01	-1.817638e+02
4.000000e-07	-2.493782e-06	-2.747466e-09	-1.878036e+01	-1.815620e+02
4.100000e-07	-2.486313e-06	-2.764651e-09	-1.872411e+01	-1.813546e+02
4.200000e-07	-2.478830e-06	-2.793690e-09	-1.866776e+01	-1.811414e+02
4.300000e-07	-2.471277e-06	-2.767922e-09	-1.861088e+01	-1.809221e+02
4.400000e-07	-2.463618e-06	-2.737533e-09	-1.855319e+01	-1.806966e+02
4.500000e-07	-2.455835e-06	-2.732140e-09	-1.849458e+01	-1.804647e+02
4.600000e-07	-2.447921e-06	-2.756852e-09	-1.843499e+01	-1.802261e+02
4.700000e-07	-2.439835e-06	-2.754310e-09	-1.837409e+01	-1.799805e+02
4.800000e-07	-2.431596e-06	-2.727544e-09	-1.831204e+01	-1.797279e+02
4.900000e-07	-2.423236e-06	-2.708105e-09	-1.824908e+01	-1.794680e+02
5.000000e-07	-2.414782e-06	-2.725242e-09	-1.818541e+01	-1.792006e+02
5.100000e-07	-2.406164e-06	-2.740240e-09	-1.812052e+01	-1.789256e+02
5.200000e-07	-2.397322e-06	-2.724355e-09	-1.805393e+01	-1.786427e+02
5.300000e-07	-2.388158e-06	-2.700232e-09	-1.798491e+01	-1.783518e+02
5.400000e-07	-2.378697e-06	-2.701734e-09	-1.791367e+01	-1.780528e+02
5.500000e-07	-2.368986e-06	-2.717991e-09	-1.784053e+01	-1.777456e+02
5.600000e-07	-2.358988e-06	-2.713166e-09	-1.776524e+01	-1.774301e+02
5.700000e-07	-2.348746e-06	-2.692438e-09	-1.768811e+01	-1.771063e+02
5.800000e-07	-2.338234e-06	-2.679347e-09	-1.760894e+01	-1.767739e+02
5.900000e-07	-2.327427e-06	-2.689224e-09	-1.752756e+01	-1.764331e+02
6.000000e-07	-2.316326e-06	-2.694258e-09	-1.744396e+01	-1.760839e+02
6.100000e-07	-2.305049e-06	-2.683208e-09	-1.735903e+01	-1.757261e+02
6.200000e-07	-2.293642e-06	-2.661741e-09	-1.727313e+01	-1.753600e+02
6.300000e-07	-2.282063e-06	-2.662554e-09	-1.718593e+01	-1.749854e+02
6.400000e-07	-2.270320e-06	-2.668358e-09	-1.709749e+01	-1.746026e+02
6.500000e-07	-2.258429e-06	-2.661783e-09	-1.700794e+01	-1.742115e+02
6.600000e-07	-2.246371e-06	-2.640497e-09	-1.691714e+01	-1.738123e+02
6.700000e-07	-2.234228e-06	-2.637647e-09	-1.682569e+01	-1.734051e+02
6.800000e-07	-2.222012e-06	-2.640171e-09	-1.673369e+01	-1.729901e+02
6.900000e-07	-2.209548e-06	-2.633017e-09	-1.663983e+01	-1.725673e+02
7.000000e-07	-2.196871e-06	-2.613734e-09	-1.654436e+01	-1.721370e+02
7.100000e-07	-2.184040e-06	-2.606467e-09	-1.644773e+01	-1.716993e+02
7.200000e-07	-2.171004e-06	-2.603289e-09	-1.634956e+01	-1.712544e+02
7.300000e-07	-2.157840e-06	-2.599974e-09	-1.625042e+01	-1.708025e+02
7.400000e-07	-2.144522e-06	-2.588868e-09	-1.615012e+01	-1.703437e+02
7.500000e-07	-2.130999e-06	-2.577001e-09	-1.604828e+01	-1.698781e+02
7.600000e-07	-2.117317e-06	-2.566736e-09	-1.594525e+01	-1.694060e+02
7.700000e-07	-2.103478e-06	-2.561488e-09	-1.584103e+01	-1.689276e+02
7.800000e-07	-2.089497e-06	-2.553305e-09	-1.573574e+01	-1.684428e+02
7.900000e-07	-2.075408e-06	-2.540136e-09	-1.562963e+01	-1.679519e+02
8.000000e-07	-2.061119e-06	-2.529926e-09	-1.552203e+01	-1.674550e+02
8.100000e-07	-2.046561e-06	-2.529549e-09	-1.541239e+01	-1.669522e+02
8.200000e-07	-2.031716e-06	-2.528222e-09	-1.530059e+01	-1.664436e+02
8.300000e-07	-2.016727e-06	-2.513604e-09	-1.518772e+01	-1.659291e+02
8.400000e-07	-2.001566e-06	-2.499179e-09	-1.507354e+01	-1.654089e+02
8.500000e-07	-1.986074e-06	-2.495134e-09	-1.495687e+01	-1.648829e+02
8.600000e-07	-1.970333e-06	-2.490854e-09	-1.483833e+01	-1.643511e+02
8.700000e-07	-1.954399e-06	-2.473004e-09	-1.471833e+01	-1.638135e+02
8.800000e-07	-1.938295e-06	-2.458131e-09	-1.459706e+01	-1.632699e+02
8.900000e-07	-1.922044e-06	-2.452027e-09	-1.447467e+01	-1.627204e+02
9.000000e-07	-1.905586e-06	-2.446492e-09	-1.435073e+01	-1.621646e+02
9.100000e-07	-1.888888e-06	-2.433717e-09	-1.422498e+01	-1.616026e+02
9.200000e-07	-1.872154e-06	-2.423515e-09	-1.409895e+01	-1.610340e+02
9.300000e-07	-1.855379e-06	-2.415953e-09	-1.397262e+01	-1.604587e+02
9.400000e-07	-1.838413e-06	-2.409358e-09	-1.384486e+01	-1.598764e+02
9.500000e-07	-1.821282e-06	-2.397908e-09	-1.371585e+01	-1.592868e+02
9.600000e-07	-1.804058e-06	-2.383467e-09	-1.358614e+01	-1.586897e+02
9.700000e-07	-1.786796e-06	-2.369244e-09	-1.345614e+01	-1.580847e+02
9.800000e-07	-1.769509e-06	-2.362104e-09	-1.332595e+01	-1.574716e+02
9.900000e-07	-1.752129e-06	-2.354895e-09	-1.319506e+01	-1.568498e+02
1.000000e-06	-1.734627e-06	-2.343290e-09	-1.306326e+01	-1.562192e+02
1.010000e-06	-1.717113e-06	-2.329029e-09	-1.293136e+01	-1.555793e+02
1.020000e-06	-1.699516e-06	-2.320243e-09	-1.279884e+01	-1.549296e+02
1.030000e-06	-1.681779e-06	-2.313676e-09	-1.266527e+01	-1.542699e+02
1.040000e-06	-1.663943e-06	-2.301542e-09	-1.253094e+01	-1.535997e+02
1.050000e-06	-1.645990e-06	-2.284967e-09	-1.239574e+01	-1.529187e+02
1.060000e-06	-1.627939e-06	-2.271830e-09	-1.225980e+01	-1.522263e+02
1.070000e-06	-1.609831e-06	-2.261959e-09	-1.212344e+01	-1.515223e+02
1.080000e-06	-1.591676e-06	-2.250801e-09	-1.198671e+01	-1.508062e+02
1.090000e-06	-1.573309e-06	-2.237277e-09	-1.184839e+01	-1.500776e+02
1.100000e-06	-1.554709e-06	-2.224404e-09	-1.170832e+01	-1.493363e+02
1.110000e-06	-1.535961e-06	-2.214303e-09	-1.156713e+01	-1.485818e+02
1.120000e-06	-1.517101e-06	-2.203797e-09	-1.142509e+01	-1.478139e+02
1.130000e-06	-1.498190e-06	-2.193018e-09	-1.128268e+01	-1.470321e+02
1.140000e-06	-1.479122e-06	-2.181081e-09	-1.113908e+01	-1.462362e+02
1.150000e-06	-1.459889e-06	-2.167407e-09	-1.099424e+01	-1.454260e+02
1.160000e-06	-1.440572e-06	-2.152922e-09	-1.084876e+01	-1.446011e+02
1.170000e-06	-1.421172e-06	-2.139315e-09	-1.070267e+01	-1.437614e+02
1.180000e-06	-1.401689e-06	-2.124827e-09	-1.055594e+01	-1.429067e+02
1.190000e-06	-1.382113e-06	-2.109223e-09	-1.040852e+01	-1.420367e+02
1.200000e-06	-1.362496e-06	-2.094416e-09	-1.026078e+01	-1.411513e+02
1.210000e-06	-1.342841e-06	-2.083790e-09	-1.011276e+01	-1.402505e+02
1.220000e-06	-1.323133e-06	-2.073009e-09	-9.964347e+00	-1.393340e+02
1.230000e-06	-1.303407e-06	-2.061103e-09	-9.815795e+00	-1.384018e+02
1.240000e-06	-1.283640e-06	-2.047687e-09	-9.666928e+00	-1.374538e+02
1.250000e-06	-1.263836e-06	-2.034632e-09	-9.517792e+00	-1.364899e+02
1.260000e-06	-1.244018e-06	-2.021133e-09	-9.368540e+00	-1.355103e+02
1.270000e-06	-1.224150e-06	-2.005635e-09	-9.218919e+00	-1.345147e+02
1.280000e-06	-1.204236e-06	-1.987447e-09	-9.068947e+00	-1.335032e+02
1.290000e-06	-1.184307e-06	-1.971706e-09	-8.918867e+00	-1.324759e+02
1.300000e-06	-1.164348e-06	-1.957224e-09	-8.768557e+00	-1.314326e+02
1.310000e-06	-1.144298e-06	-1.942572e-09	-8.617564e+00	-1.303735e+02
1.320000e-06	-1.124171e-06	-1.926526e-09	-8.465990e+00	-1.292984e+02
1.330000e-06	-1.104013e-06	-1.908906e-09	-8.314181e+00	-1.282075e+02
1.340000e-06	-1.083799e-06	-1.892534e-09	-8.161953e+00	-1.271007e+02
1.350000e-06	-1.063498e-06	-1.877091e-09	-8.009070e+00	-1.259780e+02
1.360000e-06	-1.043101e-06	-1.859376e-09	-7.855462e+00	-1.248394e+02
1.370000e-06	-1.022633e-06	-1.839234e-09	-7.701319e+00	-1.236848e+02
1.380000e-06	-1.002120e-06	-1.820354e-09	-7.546840e+00	-1.225141e+02
1.390000e-06	-9.816357e-07	-1.805222e-09	-7.392575e+00	-1.213273e+02
1.400000e-06	-9.610931e-07	-1.790233e-09	-7.237871e+00	-1.201242e+02
1.410000e-06	-9.403684e-07	-1.771121e-09	-7.081795e+00	-1.189047e+02
1.420000e-06	-9.194843e-07	-1.754303e-09	-6.924520e+00	-1.176687e+02
1.430000e-06	-8.985571e-07	-1.739183e-09	-6.766920e+00	-1.164159e+02
1.440000e-06	-8.776221e-07	-1.719104e-09	-6.609261e+00	-1.151461e+02
1.450000e-06	-8.565325e-07	-1.693296e-09	-6.450438e+00	-1.138590e+02
1.460000e-06	-8.352351e-07	-1.669718e-09	-6.290050e+00	-1.125543e+02
1.470000e-06	-8.138690e-07	-1.649674e-09	-6.129144e+00	-1.112317e+02
1.480000e-06	-7.925984e-07	-1.631384e-09	-5.968958e+00	-1.098909e+02
1.490000e-06	-7.713380e-07	-1.611720e-09	-5.808849e+00	-1.085313e+02
1.500000e-06	-7.499896e-07	-1.590628e-09	-5.648077e+00	-1.071526e+02
1.510000e-06	-7.285788e-07	-1.570392e-09	-5.486835e+00	-1.057543e+02
1.520000e-06	-7.070739e-07	-1.549725e-09	-5.324884e+00	-1.043359e+02
1.530000e-06	-6.854649e-07	-1.526535e-09	-5.162149e+00	-1.028968e+02
1.540000e-06	-6.637769e-07	-1.501767e-09	-4.998820e+00	-1.014366e+02
1.550000e-06	-6.420779e-07	-1.478168e-09	-4.835407e+00	-9.995465e+01
1.560000e-06	-6.204140e-07	-1.456007e-09	-4.672259e+00	-9.845033e+01
1.570000e-06	-5.987078e-07	-1.432796e-09	-4.508793e+00	-9.692307e+01
1.580000e-06	-5.769214e-07	-1.406913e-09	-4.344722e+00	-9.537225e+01
1.590000e-06	-5.551189e-07	-1.381415e-09	-4.180530e+00	-9.379726e+01
1.600000e-06	-5.333364e-07	-1.357541e-09	-4.016489e+00	-9.219747e+01
1.610000e-06	-5.114599e-07	-1.334498e-09	-3.851740e+00	-9.057227e+01
1.620000e-06	-4.895467e-07	-1.309781e-09	-3.686714e+00	-8.892107e+01
1.630000e-06	-4.676758e-07	-1.283739e-09	-3.522007e+00	-8.724326e+01
1.640000e-06	-4.457672e-07	-1.258432e-09	-3.357017e+00	-8.553829e+01
1.650000e-06	-4.238608e-07	-1.231696e-09	-3.192042e+00	-8.380562e+01
1.660000e-06	-4.019876e-07	-1.200419e-09	-3.027318e+00	-8.204473e+01
1.670000e-06	-3.801120e-07	-1.169797e-09	-2.862575e+00	-8.025514e+01
1.680000e-06	-3.581591e-07	-1.144224e-09	-2.697251e+00	-7.843644e+01
1.690000e-06	-3.361535e-07	-1.118958e-09	-2.531529e+00	-7.658824e+01
1.700000e-06	-3.141080e-07	-1.090149e-09	-2.365508e+00	-7.471021e+01
1.710000e-06	-2.920563e-07	-1.059798e-09	-2.199439e+00	-7.280207e+01
1.720000e-06	-2.699929e-07	-1.031303e-09	-2.033282e+00	-7.086361e+01
1.730000e-06	-2.478359e-07	-1.003722e-09	-1.866421e+00	-6.889468e+01
1.740000e-06	-2.256625e-07	-9.737515e-10	-1.699436e+00	-6.689522e+01
1.750000e-06	-2.035571e-07	-9.411134e-10	-1.532963e+00	-6.486522e+01
1.760000e-06	-1.815415e-07	-9.101302e-10	-1.367166e+00	-6.280474e+01
1.770000e-06	-1.594901e-07	-8.821658e-10	-1.201099e+00	-6.071395e+01
1.780000e-06	-1.373678e-07	-8.518840e-10	-1.034499e+00	-5.859306e+01
1.790000e-06	-1.152736e-07	-8.186188e-10	-8.681107e-01	-5.644241e+01
1.800000e-06	-9.309616e-08	-7.867609e-10	-7.010954e-01	-5.426238e+01
1.810000e-06	-7.086821e-08	-7.555325e-10	-5.336995e-01	-5.205346e+01
1.820000e-06	-4.871652e-08	-7.223605e-10	-3.668780e-01	-4.981621e+01
1.830000e-06	-2.657694e-08	-6.868738e-10	-2.001476e-01	-4.755128e+01
1.840000e-06	-4.328939e-09	-6.523350e-10	-3.260069e-02	-4.525940e+01
1.850000e-06	1.797496e-08	-6.202665e-10	1.353672e-01	-4.294139e+01
1.860000e-06	4.024487e-08	-5.871250e-10	3.030790e-01	-4.059813e+01
1.870000e-06	6.243134e-08	-5.516617e-10	4.701625e-01	-3.823060e+01
1.880000e-06	8.459869e-08	-5.175378e-10	6.371020e-01	-3.583982e+01
1.890000e-06	1.068350e-07	-4.853121e-10	8.045610e-01	-3.342692e+01
1.900000e-06	1.290309e-07	-4.522397e-10	9.717151e-01	-3.099307e+01
1.910000e-06	1.511654e-07	-4.174257e-10	1.138408e+00	-2.853950e+01
1.920000e-06	1.733127e-07	-3.824310e-10	1.305196e+00	-2.606751e+01
1.930000e-06	1.954836e-07	-3.486203e-10	1.472162e+00	-2.357845e+01
1.940000e-06	2.175412e-07	-3.137411e-10	1.638275e+00	-2.107370e+01
1.950000e-06	2.394731e-07	-2.762620e-10	1.803441e+00	-1.855470e+01
1.960000e-06	2.613538e-07	-2.382392e-10	1.968223e+00	-1.602293e+01
1.970000e-06	2.833103e-07	-2.017577e-10	2.133574e+00	-1.347987e+01
1.980000e-06	3.053757e-07	-1.663553e-10	2.299745e+00	-1.092706e+01
1.990000e-06	3.274053e-07	-1.287423e-10	2.465648e+00	-8.366025e+00
2.000000e-06	3.493339e-07	-9.016143e-11	2.630790e+00	-5.798326e+00
2.010000e-06	3.712542e-07	-5.491930e-11	2.795869e+00	-3.225520e+00
2.020000e-06	3.931833e-07	-2.165936e-11	2.961013e+00	-6.491631e-01
2.030000e-06	4.150523e-07	1.435613e-11	3.125706e+00	1.929193e+00
2.040000e-06	4.369243e-07	5.428405e-11	3.290422e+00	4.508007e+00
2.050000e-06	4.587721e-07	9.350469e-11	3.454954e+00	7.085758e+00
2.060000e-06	4.806123e-07	1.299129e-10	3.619430e+00	9.660943e+00
2.070000e-06	5.024788e-07	1.673887e-10	3.784104e+00	1.223209e+01
2.080000e-06	5.242885e-07	2.080305e-10	3.948350e+00	1.479776e+01
2.090000e-06	5.460344e-07	2.457368e-10	4.112116e+00	1.735654e+01
2.100000e-06	5.677814e-07	2.801081e-10	4.275890e+00	1.990707e+01
2.110000e-06	5.895339e-07	3.158657e-10	4.439705e+00	2.244803e+01
2.120000e-06	6.112157e-07	3.532351e-10	4.602988e+00	2.497814e+01
2.130000e-06	6.328147e-07	3.899715e-10	4.765648e+00	2.749618e+01
2.140000e-06	6.543666e-07	4.247874e-10	4.927952e+00	3.000097e+01
2.150000e-06	6.759131e-07	4.588307e-10	5.090216e+00	3.249140e+01
2.160000e-06	6.974562e-07	4.953368e-10	5.252455e+00	3.496641e+01
2.170000e-06	7.189269e-07	5.345939e-10	5.414148e+00	3.742499e+01
2.180000e-06	7.403703e-07	5.707424e-10	5.575635e+00	3.986620e+01
2.190000e-06	7.617545e-07	6.037606e-10	5.736677e+00	4.228914e+01
2.200000e-06	7.830593e-07	6.379804e-10	5.897121e+00	4.469299e+01
2.210000e-06	8.043825e-07	6.724342e-10	6.057703e+00	4.707697e+01
2.220000e-06	8.257067e-07	7.061899e-10	6.218293e+00	4.944037e+01
2.230000e-06	8.469345e-07	7.396750e-10	6.378157e+00	5.178254e+01
2.240000e-06	8.680055e-07	7.742695e-10	6.536840e+00	5.410287e+01
2.250000e-06	8.889476e-07	8.105726e-10	6.694552e+00	5.640081e+01
2.260000e-06	9.097842e-07	8.463141e-10	6.851469e+00	5.867587e+01
2.270000e-06	9.305534e-07	8.795267e-10	7.007880e+00	6.092760e+01
2.280000e-06	9.512516e-07	9.112601e-10	7.163756e+00	6.315560e+01
2.290000e-06	9.718459e-07	9.449604e-10	7.318849e+00	6.535952e+01
2.300000e-06	9.923004e-07	9.778560e-10	7.472889e+00	6.753906e+01
2.310000e-06	1.012676e-06	1.007825e-09	7.626332e+00	6.969393e+01
2.320000e-06	1.033005e-06	1.038150e-09	7.779433e+00	7.182392e+01
2.330000e-06	1.053246e-06	1.070538e-09	7.931863e+00	7.392882e+01
2.340000e-06	1.073391e-06	1.102184e-09	8.083572e+00	7.600847e+01
2.350000e-06	1.093519e-06	1.132343e-09	8.235153e+00	7.806275e+01
2.360000e-06	1.113632e-06	1.161323e-09	8.386619e+00	8.009154e+01
2.370000e-06	1.133608e-06	1.190762e-09	8.537059e+00	8.209477e+01
2.380000e-06	1.153527e-06	1.222120e-09	8.687069e+00	8.407238e+01
2.390000e-06	1.173452e-06	1.251755e-09	8.837121e+00	8.602433e+01
2.400000e-06	1.193347e-06	1.280081e-09	8.986945e+00	8.795060e+01
2.410000e-06	1.213211e-06	1.308807e-09	9.136542e+00	8.985120e+01
2.420000e-06	1.233010e-06	1.336597e-09	9.285644e+00	9.172613e+01
2.430000e-06	1.252765e-06	1.363502e-09	9.434413e+00	9.357543e+01
2.440000e-06	1.272513e-06	1.390991e-09	9.583132e+00	9.539912e+01
2.450000e-06	1.292261e-06	1.418239e-09	9.731851e+00	9.719727e+01
2.460000e-06	1.312004e-06	1.445858e-09	9.880538e+00	9.896991e+01
2.470000e-06	1.331718e-06	1.473689e-09	1.002900e+01	1.007171e+02
2.480000e-06	1.351384e-06	1.499636e-09	1.017710e+01	1.024390e+02
2.490000e-06	1.370965e-06	1.525205e-09	1.032457e+01	1.041355e+02
2.500000e-06	1.390446e-06	1.551960e-09	1.047127e+01	1.058069e+02
2.510000e-06	1.409834e-06	1.577348e-09	1.061728e+01	1.074532e+02
2.520000e-06	1.429164e-06	1.601515e-09	1.076286e+01	1.090744e+02
2.530000e-06	1.448462e-06	1.627105e-09	1.090819e+01	1.106708e+02
2.540000e-06	1.467659e-06	1.652576e-09	1.105275e+01	1.122423e+02
2.550000e-06	1.486711e-06	1.675775e-09	1.119624e+01	1.137892e+02
2.560000e-06	1.505691e-06	1.697574e-09	1.133917e+01	1.153114e+02
2.570000e-06	1.524543e-06	1.719445e-09	1.148114e+01	1.168093e+02
2.580000e-06	1.543229e-06	1.743048e-09	1.162187e+01	1.182829e+02
2.590000e-06	1.561762e-06	1.766264e-09	1.176143e+01	1.197323e+02
2.600000e-06	1.580109e-06	1.785311e-09	1.189960e+01	1.211577e+02
2.610000e-06	1.598317e-06	1.803714e-09	1.203673e+01	1.225593e+02
2.620000e-06	1.616385e-06	1.825920e-09	1.217279e+01	1.239372e+02
2.630000e-06	1.634380e-06	1.849287e-09	1.230831e+01	1.252917e+02
2.640000e-06	1.652297e-06	1.870445e-09	1.244324e+01	1.266229e+02
2.650000e-06	1.670001e-06	1.890487e-09	1.257656e+01	1.279310e+02
2.660000e-06	1.687539e-06	1.911613e-09	1.270865e+01	1.292162e+02
2.670000e-06	1.705010e-06	1.931077e-09	1.284022e+01	1.304788e+02
2.680000e-06	1.722417e-06	1.946621e-09	1.297131e+01	1.317190e+02
2.690000e-06	1.739784e-06	1.962806e-09	1.310209e+01	1.329371e+02
2.700000e-06	1.757070e-06	1.983129e-09	1.323227e+01	1.341333e+02
2.710000e-06	1.774221e-06	2.002838e-09	1.336143e+01	1.353079e+02
2.720000e-06	1.791287e-06	2.018474e-09	1.348995e+01	1.364611e+02
2.730000e-06	1.808282e-06	2.034204e-09	1.361794e+01	1.375934e+02
2.740000e-06	1.825236e-06	2.053135e-09	1.374562e+01	1.387050e+02
2.750000e-06	1.842081e-06	2.071911e-09	1.387248e+01	1.397961e+02
2.760000e-06	1.858868e-06	2.088257e-09	1.399890e+01	1.408672e+02
2.770000e-06	1.875586e-06	2.103154e-09	1.412480e+01	1.419186e+02
2.780000e-06	1.892098e-06	2.118896e-09	1.424915e+01	1.429506e+02
2.790000e-06	1.908467e-06	2.137380e-09	1.437242e+01	1.439636e+02
2.800000e-06	1.924667e-06	2.154712e-09	1.449442e+01	1.449579e+02
2.810000e-06	1.940567e-06	2.169731e-09	1.461416e+01	1.459339e+02
2.820000e-06	1.956189e-06	2.187205e-09	1.473181e+01	1.468920e+02
2.830000e-06	1.971586e-06	2.206149e-09	1.484777e+01	1.478325e+02
2.840000e-06	1.986740e-06	2.220107e-09	1.496189e+01	1.487558e+02
2.850000e-06	2.001699e-06	2.230765e-09	1.507454e+01	1.496622e+02
2.860000e-06	2.016529e-06	2.246131e-09	1.518622e+01	1.505522e+02
2.870000e-06	2.031303e-06	2.263547e-09	1.529748e+01	1.514260e+02
2.880000e-06	2.045869e-06	2.276751e-09	1.540718e+01	1.522841e+02
2.890000e-06	2.060142e-06	2.288038e-09	1.551467e+01	1.531269e+02
2.900000e-06	2.074241e-06	2.299921e-09	1.562085e+01	1.539546e+02
2.910000e-06	2.088222e-06	2.313791e-09	1.572613e+01	1.547675e+02
2.920000e-06	2.102137e-06	2.328605e-09	1.583093e+01	1.555662e+02
2.930000e-06	2.115910e-06	2.340624e-09	1.593465e+01	1.563508e+02
2.940000e-06	2.129526e-06	2.350409e-09	1.603719e+01	1.571216e+02
2.950000e-06	2.143049e-06	2.363904e-09	1.613903e+01	1.578791e+02
2.960000e-06	2.156394e-06	2.379327e-09	1.623953e+01	1.586234e+02
2.970000e-06	2.169469e-06	2.391911e-09	1.633800e+01	1.593549e+02
2.980000e-06	2.182312e-06	2.402347e-09	1.643472e+01	1.600739e+02
2.990000e-06	2.194985e-06	2.413946e-09	1.653016e+01	1.607805e+02
3.000000e-06	2.207527e-06	2.426616e-09	1.662461e+01	1.614751e+02
3.010000e-06	2.219941e-06	2.438908e-09	1.671809e+01	1.621578e+02
3.020000e-06	2.232190e-06	2.448524e-09	1.681034e+01	1.628290e+02
3.030000e-06	2.244271e-06	2.457667e-09	1.690132e+01	1.634888e+02
3.040000e-06	2.256224e-06	2.469705e-09	1.699134e+01	1.641373e+02
3.050000e-06	2.268079e-06	2.481908e-09	1.708062e+01	1.647749e+02
3.060000e-06	2.279747e-06	2.490314e-09	1.716849e+01	1.654016e+02
3.070000e-06	2.291312e-06	2.496266e-09	1.725558e+01	1.660176e+02
3.080000e-06	2.302822e-06	2.506572e-09	1.734226e+01	1.666231e+02
3.090000e-06	2.314098e-06	2.519250e-09	1.742718e+01	1.672182e+02
3.100000e-06	2.325202e-06	2.527366e-09	1.751081e+01	1.678030e+02
3.110000e-06	2.336199e-06	2.532995e-09	1.759362e+01	1.683777e+02
3.120000e-06	2.346924e-06	2.541371e-09	1.767439e+01	1.689424e+02
3.130000e-06	2.357202e-06	2.551610e-09	1.775179e+01	1.694971e+02
3.140000e-06	2.367110e-06	2.559864e-09	1.782640e+01	1.700420e+02
3.150000e-06	2.376800e-06	2.566253e-09	1.789938e+01	1.705772e+02
3.160000e-06	2.386214e-06	2.574638e-09	1.797028e+01	1.711027e+02
3.170000e-06	2.395338e-06	2.584595e-09	1.803899e+01	1.716186e+02
3.180000e-06	2.404172e-06	2.594172e-09	1.810551e+01	1.721249e+02
3.190000e-06	2.412780e-06	2.602340e-09	1.817034e+01	1.726218e+02
3.200000e-06	2.421209e-06	2.610873e-09	1.823382e+01	1.731093e+02
3.210000e-06	2.429452e-06	2.619811e-09	1.829590e+01	1.735875e+02
3.220000e-06	2.437552e-06	2.625997e-09	1.835690e+01	1.740563e+02
3.230000e-06	2.445552e-06	2.630490e-09	1.841714e+01	1.745159e+02
3.240000e-06	2.453419e-06	2.638150e-09	1.847639e+01	1.749663e+02
3.250000e-06	2.461172e-06	2.648179e-09	1.853478e+01	1.754076e+02
3.260000e-06	2.468851e-06	2.656219e-09	1.859260e+01	1.758397e+02
3.270000e-06	2.476424e-06	2.662767e-09	1.864964e+01	1.762627e+02
3.280000e-06	2.483907e-06	2.670097e-09	1.870599e+01	1.766766e+02
3.290000e-06	2.491242e-06	2.677710e-09	1.876123e+01	1.770815e+02
3.300000e-06	2.498354e-06	2.685762e-09	1.881479e+01	1.774774e+02
3.310000e-06	2.505261e-06	2.691652e-09	1.886681e+01	1.778644e+02
3.320000e-06	2.511980e-06	2.696289e-09	1.891740e+01	1.782423e+02
3.330000e-06	2.518512e-06	2.704496e-09	1.896659e+01	1.786113e+02
3.340000e-06	2.524953e-06	2.713786e-09	1.901510e+01	1.789713e+02
3.350000e-06	2.531287e-06	2.718777e-09	1.906280e+01	1.793224e+02
3.360000e-06	2.537390e-06	2.722462e-09	1.910876e+01	1.796646e+02
3.370000e-06	2.543287e-06	2.728207e-09	1.915317e+01	1.799978e+02
3.380000e-06	2.549049e-06	2.734511e-09	1.919657e+01	1.803221e+02
3.390000e-06	2.554654e-06	2.740975e-09	1.923878e+01	1.806374e+02
3.400000e-06	2.560081e-06	2.746864e-09	1.927965e+01	1.809438e+02
3.410000e-06	2.565337e-06	2.752657e-09	1.931923e+01	1.812412e+02
3.420000e-06	2.570312e-06	2.758712e-09	1.935670e+01	1.815296e+02
3.430000e-06	2.575063e-06	2.762634e-09	1.939247e+01	1.818090e+02
3.440000e-06	2.579709e-06	2.765525e-09	1.942746e+01	1.820794e+02
3.450000e-06	2.584174e-06	2.772408e-09	1.946109e+01	1.823407e+02
3.460000e-06	2.588462e-06	2.779669e-09	1.949338e+01	1.825928e+02
3.470000e-06	2.592664e-06	2.782255e-09	1.952503e+01	1.828359e+02
3.480000e-06	2.596757e-06	2.782808e-09	1.955585e+01	1.830698e+02
3.490000e-06	2.600702e-06	2.787323e-09	1.958556e+01	1.832944e+02
3.500000e-06	2.604545e-06	2.792484e-09	1.961450e+01	1.835098e+02
3.510000e-06	2.608259e-06	2.794536e-09	1.964247e+01	1.837160e+02
3.520000e-06	2.611841e-06	2.795697e-09	1.966944e+01	1.839128e+02
3.530000e-06	2.615315e-06	2.799980e-09	1.969560e+01	1.841002e+02
3.540000e-06	2.618702e-06	2.805270e-09	1.972111e+01	1.842782e+02
3.550000e-06	2.621905e-06	2.808434e-09	1.974524e+01	1.844469e+02
3.560000e-06	2.624843e-06	2.808329e-09	1.976736e+01	1.846061e+02
3.570000e-06	2.627583e-06	2.809938e-09	1.978799e+01	1.847558e+02
3.580000e-06	2.630059e-06	2.815012e-09	1.980664e+01	1.848961e+02
3.590000e-06	2.632246e-06	2.818503e-09	1.982311e+01	1.850269e+02
3.600000e-06	2.634192e-06	2.818006e-09	1.983777e+01	1.851482e+02
3.610000e-06	2.635859e-06	2.817843e-09	1.985032e+01	1.852600e+02
3.620000e-06	2.637165e-06	2.822171e-09	1.986016e+01	1.853625e+02
3.630000e-06	2.638101e-06	2.826318e-09	1.986720e+01	1.854555e+02
3.640000e-06	2.638719e-06	2.827781e-09	1.987186e+01	1.855391e+02
3.650000e-06	2.639141e-06	2.827804e-09	1.987504e+01	1.856134e+02
3.660000e-06	2.639433e-06	2.830411e-09	1.987724e+01	1.856785e+02
3.670000e-06	2.639583e-06	2.836161e-09	1.987837e+01	1.857345e+02
3.680000e-06	2.639601e-06	2.838180e-09	1.987850e+01	1.857813e+02
3.690000e-06	2.639528e-06	2.833607e-09	1.987795e+01	1.858192e+02
3.700000e-06	2.639383e-06	2.833185e-09	1.987686e+01	1.858483e+02
3.710000e-06	2.639118e-06	2.832650e-09	1.987486e+01	1.858686e+02
3.720000e-06	2.638719e-06	2.832608e-09	1.987186e+01	1.858804e+02
3.730000e-06	2.638198e-06	2.809634e-09	1.986793e+01	1.858837e+02
3.740000e-06	2.637507e-06	2.823636e-09	1.986273e+01	1.858788e+02
3.750000e-06	2.636572e-06	2.850912e-09	1.985569e+01	1.858659e+02
3.760000e-06	2.635360e-06	2.848138e-09	1.984657e+01	1.858450e+02
3.770000e-06	2.633898e-06	2.828661e-09	1.983555e+01	1.858165e+02
3.780000e-06	2.632272e-06	2.784993e-09	1.982331e+01	1.857804e+02
3.790000e-06	2.630430e-06	2.802815e-09	1.980944e+01	1.857371e+02
3.800000e-06	2.628438e-06	2.800383e-09	1.979444e+01	1.856868e+02
3.810000e-06	2.626388e-06	2.821365e-09	1.977899e+01	1.856296e+02
3.820000e-06	2.624126e-06	2.865371e-09	1.976196e+01	1.855657e+02
3.830000e-06	2.621713e-06	2.865379e-09	1.974379e+01	1.854955e+02
3.840000e-06	2.619254e-06	2.852215e-09	1.972527e+01	1.854191e+02
3.850000e-06	2.616577e-06	2.823757e-09	1.970511e+01	1.853367e+02
3.860000e-06	2.613560e-06	2.815390e-09	1.968239e+01	1.852486e+02
3.870000e-06	2.610392e-06	2.825571e-09	1.965853e+01	1.851550e+02
3.880000e-06	2.607141e-06	2.856335e-09	1.963405e+01	1.850560e+02
3.890000e-06	2.603698e-06	2.851431e-09	1.960812e+01	1.849518e+02
3.900000e-06	2.600099e-06	2.811373e-09	1.958102e+01	1.848426e+02
3.910000e-06	2.596338e-06	2.816045e-09	1.955270e+01	1.847286e+02
3.920000e-06	2.592405e-06	2.851892e-09	1.952307e+01	1.846100e+02
3.930000e-06	2.588361e-06	2.840922e-09	1.949262e+01	1.844868e+02
3.940000e-06	2.584214e-06	2.797571e-09	1.946139e+01	1.843591e+02
3.950000e-06	2.579966e-06	2.805750e-09	1.942940e+01	1.842271e+02
3.960000e-06	2.575623e-06	2.840562e-09	1.939669e+01	1.840909e+02
3.970000e-06	2.571136e-06	2.830343e-09	1.936290e+01	1.839504e+02
3.980000e-06	2.566488e-06	2.803468e-09	1.932790e+01	1.838058e+02
3.990000e-06	2.561673e-06	2.808047e-09	1.929163e+01	1.836570e+02
4.000000e-06	2.556580e-06	2.824278e-09	1.925328e+01	1.835041e+02
4.010000e-06	2.551219e-06	2.818481e-09	1.921291e+01	1.833469e+02
4.020000e-06	2.545619e-06	2.808157e-09	1.917073e+01	1.831855e+02
4.030000e-06	2.539649e-06	2.803380e-09	1.912578e+01	1.830198e+02
4.040000e-06	2.533355e-06	2.805639e-09	1.907838e+01	1.828496e+02
4.050000e-06	2.526740e-06	2.807794e-09	1.902856e+01	1.826750e+02
4.060000e-06	2.519805e-06	2.805666e-09	1.897633e+01	1.824956e+02
4.070000e-06	2.512658e-06	2.792106e-09	1.892251e+01	1.823115e+02
4.080000e-06	2.505331e-06	2.788274e-09	1.886733e+01	1.821225e+02
4.090000e-06	2.497798e-06	2.798246e-09	1.881060e+01	1.819283e+02
4.100000e-06	2.490026e-06	2.795724e-09	1.875207e+01	1.817287e+02
4.110000e-06	2.482078e-06	2.778079e-09	1.869221e+01	1.815237e+02
4.120000e-06	2.474015e-06	2.776045e-09	1.863149e+01	1.813129e+02
4.130000e-06	2.465877e-06	2.788056e-09	1.857020e+01	1.810962e+02
4.140000e-06	2.457712e-06	2.783113e-09	1.850872e+01	1.808734e+02
4.150000e-06	2.449465e-06	2.766263e-09	1.844661e+01	1.806442e+02
4.160000e-06	2.441071e-06	2.768756e-09	1.838339e+01	1.804084e+02
4.170000e-06	2.432584e-06	2.783641e-09	1.831948e+01	1.801657e+02
4.180000e-06	2.424015e-06	2.778308e-09	1.825495e+01	1.799161e+02
4.190000e-06	2.415260e-06	2.764088e-09	1.818902e+01	1.796593e+02
4.200000e-06	2.406279e-06	2.764509e-09	1.812138e+01	1.793950e+02
4.210000e-06	2.397144e-06	2.771121e-09	1.805259e+01	1.791232e+02
4.220000e-06	2.387792e-06	2.758238e-09	1.798216e+01	1.788436e+02
4.230000e-06	2.378217e-06	2.741515e-09	1.791005e+01	1.785561e+02
4.240000e-06	2.368496e-06	2.739485e-09	1.783684e+01	1.782605e+02
4.250000e-06	2.358620e-06	2.744968e-09	1.776247e+01	1.779568e+02
4.260000e-06	2.348594e-06	2.739453e-09	1.768697e+01	1.776448e+02
4.270000e-06	2.338452e-06	2.731021e-09	1.761058e+01	1.773244e+02
4.280000e-06	2.328157e-06	2.727127e-09	1.753306e+01	1.769956e+02
4.290000e-06	2.317727e-06	2.725386e-09	1.745451e+01	1.766584e+02
4.300000e-06	2.307160e-06	2.722077e-09	1.737493e+01	1.763126e+02
4.310000e-06	2.296446e-06	2.719458e-09	1.729425e+01	1.759584e+02
4.320000e-06	2.285516e-06	2.713039e-09	1.721193e+01	1.755958e+02
4.330000e-06	2.274350e-06	2.703074e-09	1.712784e+01	1.752247e+02
4.340000e-06	2.263023e-06	2.701671e-09	1.704254e+01	1.748453e+02
4.350000e-06	2.251480e-06	2.705977e-09	1.695561e+01	1.744577e+02
4.360000e-06	2.239759e-06	2.696231e-09	1.686734e+01	1.740619e+02
4.370000e-06	2.227950e-06	2.677842e-09	1.677841e+01	1.736580e+02
4.380000e-06	2.215997e-06	2.674871e-09	1.668839e+01	1.732462e+02
4.390000e-06	2.203792e-06	2.679295e-09	1.659648e+01	1.728267e+02
4.400000e-06	2.191476e-06	2.668902e-09	1.650373e+01	1.723995e+02
4.410000e-06	2.179088e-06	2.654810e-09	1.641043e+01	1.719649e+02
4.420000e-06	2.166596e-06	2.655749e-09	1.631636e+01	1.715230e+02
4.430000e-06	2.153902e-06	2.653662e-09	1.622077e+01	1.710740e+02
4.440000e-06	2.140910e-06	2.638897e-09	1.612292e+01	1.706180e+02
4.450000e-06	2.127759e-06	2.630584e-09	1.602389e+01	1.701553e+02
4.460000e-06	2.114465e-06	2.632907e-09	1.592377e+01	1.696859e+02
4.470000e-06	2.100954e-06	2.626114e-09	1.582202e+01	1.692101e+02
4.480000e-06	2.087181e-06	2.614819e-09	1.571829e+01	1.687279e+02
4.490000e-06	2.073133e-06	2.613938e-09	1.561250e+01	1.682396e+02
4.500000e-06	2.058822e-06	2.613204e-09	1.550473e+01	1.677452e+02
4.510000e-06	2.044138e-06	2.598042e-09	1.539414e+01	1.672449e+02
4.520000e-06	2.029141e-06	2.585286e-09	1.528120e+01	1.667387e+02
4.530000e-06	2.014040e-06	2.584204e-09	1.516748e+01	1.662266e+02
4.540000e-06	1.998723e-06	2.579071e-09	1.505213e+01	1.657088e+02
4.550000e-06	1.983152e-06	2.565685e-09	1.493487e+01	1.651852e+02
4.560000e-06	1.967456e-06	2.557741e-09	1.481667e+01	1.646559e+02
4.570000e-06	1.951610e-06	2.553111e-09	1.469733e+01	1.641207e+02
4.580000e-06	1.935596e-06	2.543006e-09	1.457673e+01	1.635796e+02
4.590000e-06	1.919522e-06	2.535628e-09	1.445568e+01	1.630326e+02
4.600000e-06	1.903421e-06	2.531949e-09	1.433443e+01	1.624795e+02
4.610000e-06	1.887269e-06	2.523032e-09	1.421278e+01	1.619201e+02
4.620000e-06	1.871048e-06	2.512592e-09	1.409063e+01	1.613543e+02
4.630000e-06	1.854787e-06	2.509216e-09	1.396817e+01	1.607818e+02
4.640000e-06	1.838480e-06	2.503767e-09	1.384536e+01	1.602024e+02
4.650000e-06	1.822087e-06	2.491210e-09	1.372191e+01	1.596160e+02
4.660000e-06	1.805593e-06	2.483506e-09	1.359769e+01	1.590220e+02
4.670000e-06	1.789001e-06	2.480350e-09	1.347274e+01	1.584204e+02
4.680000e-06	1.772223e-06	2.469758e-09	1.334639e+01	1.578107e+02
4.690000e-06	1.755228e-06	2.454165e-09	1.321840e+01	1.571926e+02
4.700000e-06	1.738111e-06	2.444680e-09	1.308950e+01	1.565657e+02
4.710000e-06	1.720847e-06	2.439124e-09	1.295948e+01	1.559297e+02
4.720000e-06	1.703464e-06	2.429966e-09	1.282857e+01	1.552842e+02
4.730000e-06	1.686037e-06	2.420237e-09	1.269733e+01	1.546287e+02
4.740000e-06	1.668475e-06	2.412468e-09	1.256507e+01	1.539630e+02
4.750000e-06	1.650676e-06	2.404352e-09	1.243104e+01	1.532865e+02
4.760000e-06	1.632750e-06	2.395675e-09	1.229603e+01	1.525989e+02
4.770000e-06	1.614731e-06	2.387672e-09	1.216034e+01	1.518998e+02
4.780000e-06	1.596625e-06	2.378237e-09	1.202398e+01	1.511888e+02
4.790000e-06	1.578494e-06	2.368049e-09	1.188744e+01	1.504655e+02
4.800000e-06	1.560286e-06	2.359074e-09	1.175032e+01	1.497295e+02
4.810000e-06	1.542014e-06	2.348892e-09	1.161271e+01	1.489806e+02
4.820000e-06	1.523657e-06	2.334188e-09	1.147447e+01	1.482183e+02
4.830000e-06	1.505158e-06	2.319315e-09	1.133516e+01	1.474423e+02
4.840000e-06	1.486560e-06	2.307209e-09	1.119509e+01	1.466524e+02
4.850000e-06	1.467926e-06	2.293184e-09	1.105477e+01	1.458481e+02
4.860000e-06	1.449254e-06	2.275929e-09	1.091415e+01	1.450294e+02
4.870000e-06	1.430445e-06	2.261550e-09	1.077250e+01	1.441959e+02
4.880000e-06	1.411405e-06	2.252463e-09	1.062911e+01	1.433475e+02
4.890000e-06	1.392210e-06	2.242785e-09	1.048456e+01	1.424839e+02
4.900000e-06	1.372976e-06	2.228962e-09	1.033971e+01	1.416050e+02
4.910000e-06	1.353666e-06	2.215425e-09	1.019428e+01	1.407106e+02
4.920000e-06	1.334234e-06	2.204816e-09	1.004795e+01	1.398006e+02
4.930000e-06	1.314649e-06	2.190730e-09	9.900454e+00	1.388750e+02
4.940000e-06	1.295004e-06	2.172061e-09	9.752512e+00	1.379336e+02
4.950000e-06	1.275282e-06	2.154802e-09	9.603985e+00	1.369764e+02
4.960000e-06	1.255436e-06	2.140872e-09	9.454529e+00	1.360033e+02
4.970000e-06	1.235529e-06	2.126704e-09	9.304616e+00	1.350144e+02
4.980000e-06	1.215563e-06	2.111006e-09	9.154249e+00	1.340096e+02
4.990000e-06	1.195515e-06	2.096204e-09	9.003269e+00	1.329888e+02
5.000000e-06	1.175404e-06	2.082205e-09	8.851816e+00	1.319522e+02
5.010000e-06	1.155316e-06	2.066978e-09	8.700541e+00	1.308997e+02
5.020000e-06	1.135226e-06	2.049688e-09	8.549243e+00	1.298313e+02
5.030000e-06	1.115104e-06	2.029927e-09	8.397711e+00	1.287470e+02
5.040000e-06	1.094977e-06	2.010947e-09	8.246132e+00	1.276468e+02
5.050000e-06	1.074838e-06	1.995370e-09	8.094469e+00	1.265308e+02
5.060000e-06	1.054636e-06	1.976489e-09	7.942330e+00	1.253988e+02
5.070000e-06	1.034348e-06	1.955115e-09	7.789541e+00	1.242508e+02
5.080000e-06	1.014046e-06	1.938919e-09	7.636656e+00	1.230869e+02
5.090000e-06	9.937566e-07	1.924779e-09	7.483855e+00	1.219068e+02
5.100000e-06	9.734566e-07	1.905669e-09	7.330979e+00	1.207105e+02
5.110000e-06	9.531556e-07	1.884219e-09	7.178094e+00	1.194979e+02
5.120000e-06	9.328040e-07	1.865096e-09	7.024829e+00	1.182688e+02
5.130000e-06	9.124184e-07	1.848585e-09	6.871308e+00	1.170231e+02
5.140000e-06	8.920009e-07	1.831161e-09	6.717546e+00	1.157604e+02
5.150000e-06	8.715046e-07	1.809351e-09	6.563191e+00	1.144805e+02
5.160000e-06	8.509153e-07	1.790035e-09	6.408135e+00	1.131832e+02
5.170000e-06	8.302289e-07	1.773481e-09	6.252349e+00	1.118682e+02
5.180000e-06	8.094684e-07	1.754690e-09	6.096004e+00	1.105350e+02
5.190000e-06	7.886209e-07	1.731107e-09	5.939004e+00	1.091833e+02
5.200000e-06	7.677393e-07	1.709171e-09	5.781748e+00	1.078126e+02
5.210000e-06	7.468210e-07	1.689689e-09	5.624215e+00	1.064225e+02
5.220000e-06	7.257440e-07	1.667793e-09	5.465486e+00	1.050126e+02
5.230000e-06	7.044736e-07	1.644773e-09	5.305302e+00	1.035822e+02
5.240000e-06	6.831081e-07	1.621482e-09	5.144401e+00	1.021309e+02
5.250000e-06	6.616570e-07	1.600694e-09	4.982855e+00	1.006581e+02
5.260000e-06	6.401449e-07	1.577894e-09	4.820851e+00	9.916315e+01
5.270000e-06	6.186450e-07	1.552869e-09	4.658937e+00	9.764553e+01
5.280000e-06	5.970979e-07	1.527819e-09	4.496669e+00	9.610461e+01
5.290000e-06	5.754048e-07	1.505033e-09	4.333301e+00	9.453978e+01
5.300000e-06	5.535718e-07	1.483045e-09	4.168879e+00	9.295040e+01
5.310000e-06	5.315963e-07	1.459648e-09	4.003384e+00	9.133588e+01
5.320000e-06	5.095442e-07	1.433530e-09	3.837313e+00	8.969560e+01
5.330000e-06	4.874392e-07	1.407997e-09	3.670843e+00	8.802895e+01
5.340000e-06	4.652781e-07	1.385188e-09	3.503951e+00	8.633538e+01
5.350000e-06	4.431633e-07	1.359703e-09	3.337407e+00	8.461433e+01
5.360000e-06	4.210584e-07	1.330416e-09	3.170937e+00	8.286526e+01
5.370000e-06	3.989060e-07	1.302946e-09	3.004111e+00	8.108770e+01
5.380000e-06	3.766270e-07	1.278003e-09	2.836330e+00	7.928119e+01
5.390000e-06	3.542495e-07	1.251143e-09	2.667808e+00	7.744534e+01
5.400000e-06	3.318971e-07	1.220271e-09	2.499475e+00	7.557978e+01
5.410000e-06	3.095948e-07	1.188417e-09	2.331519e+00	7.368422e+01
5.420000e-06	2.872774e-07	1.157293e-09	2.163450e+00	7.175843e+01
5.430000e-06	2.648453e-07	1.123269e-09	1.994517e+00	6.980223e+01
5.440000e-06	2.423350e-07	1.088533e-09	1.824995e+00	6.781550e+01
5.450000e-06	2.197874e-07	1.059162e-09	1.655191e+00	6.579823e+01
5.460000e-06	1.971178e-07	1.032560e-09	1.484469e+00	6.375045e+01
5.470000e-06	1.743562e-07	1.000676e-09	1.313054e+00	6.167227e+01
5.480000e-06	1.515274e-07	9.635678e-10	1.141133e+00	5.956391e+01
5.490000e-06	1.286752e-07	9.273116e-10	9.690369e-01	5.742562e+01
5.500000e-06	1.058766e-07	8.935158e-10	7.973436e-01	5.525779e+01
5.510000e-06	8.308460e-08	8.582345e-10	6.256996e-01	5.306086e+01
5.520000e-06	6.025854e-08	8.210220e-10	4.537995e-01	5.083535e+01
5.530000e-06	3.745459e-08	7.858895e-10	2.820658e-01	4.858188e+01
5.540000e-06	1.474423e-08	7.537122e-10	1.110369e-01	4.630115e+01
5.550000e-06	-7.879379e-09	7.199100e-10	-5.933860e-02	4.399393e+01
5.560000e-06	-3.057594e-08	6.819925e-10	-2.302635e-01	4.166109e+01
5.570000e-06	-5.335784e-08	6.408815e-10	-4.018311e-01	3.930356e+01
5.580000e-06	-7.604973e-08	6.007302e-10	-5.727209e-01	3.692235e+01
5.590000e-06	-9.860185e-08	5.633217e-10	-7.425581e-01	3.451854e+01
5.600000e-06	-1.210537e-07	5.248943e-10	-9.116399e-01	3.209328e+01
5.610000e-06	-1.435676e-07	4.826881e-10	-1.081190e+00	2.964778e+01
5.620000e-06	-1.661693e-07	4.444244e-10	-1.251400e+00	2.718332e+01
5.630000e-06	-1.887193e-07	4.106869e-10	-1.421221e+00	2.470121e+01
5.640000e-06	-2.113383e-07	3.742095e-10	-1.591562e+00	2.220284e+01
5.650000e-06	-2.340557e-07	3.309958e-10	-1.762644e+00	1.968962e+01
5.660000e-06	-2.565918e-07	2.872994e-10	-1.932361e+00	1.716300e+01
5.670000e-06	-2.789892e-07	2.482703e-10	-2.101032e+00	1.462447e+01
5.680000e-06	-3.014556e-07	2.075858e-10	-2.270224e+00	1.207554e+01
5.690000e-06	-3.238320e-07	1.608918e-10	-2.438738e+00	9.517758e+00
5.700000e-06	-3.461059e-07	1.151154e-10	-2.606480e+00	6.952659e+00
5.710000e-06	-3.683850e-07	7.533920e-11	-2.774261e+00	4.381802e+00
5.720000e-06	-3.905900e-07	3.529613e-11	-2.941484e+00	1.806747e+00
5.730000e-06	-4.126900e-07	-7.971839e-12	-3.107916e+00	-7.709528e-01
5.740000e-06	-4.347716e-07	-4.807443e-11	-3.274210e+00	-3.349751e+00
5.750000e-06	-4.568840e-07	-8.669952e-11	-3.440735e+00	-5.928118e+00
5.760000e-06	-4.789151e-07	-1.288855e-10	-3.606649e+00	-8.504542e+00
5.770000e-06	-5.008420e-07	-1.764155e-10	-3.771778e+00	-1.107754e+01
5.780000e-06	-5.226612e-07	-2.220063e-10	-3.936096e+00	-1.364565e+01
5.790000e-06	-5.443804e-07	-2.635112e-10	-4.099660e+00	-1.620746e+01
5.800000e-06	-5.660618e-07	-3.046264e-10	-4.262940e+00	-1.876158e+01
5.810000e-06	-5.876578e-07	-3.473618e-10	-4.425576e+00	-2.130667e+01
5.820000e-06	-6.092337e-07	-3.901090e-10	-4.588062e+00	-2.384144e+01
5.830000e-06	-6.307743e-07	-4.280458e-10	-4.750282e+00	-2.636464e+01
5.840000e-06	-6.521651e-07	-4.644537e-10	-4.911373e+00	-2.887509e+01
5.850000e-06	-6.734246e-07	-5.049809e-10	-5.071476e+00	-3.137162e+01
5.860000e-06	-6.945336e-07	-5.471019e-10	-5.230445e+00	-3.385317e+01
5.870000e-06	-7.155979e-07	-5.871238e-10	-5.389078e+00	-3.631871e+01
5.880000e-06	-7.366221e-07	-6.252840e-10	-5.547408e+00	-3.876725e+01
5.890000e-06	-7.575458e-07	-6.639421e-10	-5.704982e+00	-4.119790e+01
5.900000e-06	-7.784335e-07	-7.054736e-10	-5.862284e+00	-4.360979e+01
5.910000e-06	-7.992307e-07	-7.458239e-10	-6.018905e+00	-4.600212e+01
5.920000e-06	-8.199268e-07	-7.821346e-10	-6.174765e+00	-4.837417e+01
5.930000e-06	-8.405959e-07	-8.160349e-10	-6.330421e+00	-5.072525e+01
5.940000e-06	-8.612219e-07	-8.532849e-10	-6.485753e+00	-5.305474e+01
5.950000e-06	-8.817779e-07	-8.906226e-10	-6.640558e+00	-5.536206e+01
5.960000e-06	-9.022612e-07	-9.266121e-10	-6.794815e+00	-5.764670e+01
5.970000e-06	-9.227020e-07	-9.624285e-10	-6.948752e+00	-5.990819e+01
5.980000e-06	-9.430701e-07	-1.000743e-09	-7.102142e+00	-6.214611e+01
5.990000e-06	-9.633653e-07	-1.038191e-09	-7.254982e+00	-6.436010e+01
6.000000e-06	-9.836395e-07	-1.072169e-09	-7.407664e+00	-6.654982e+01
6.010000e-06	-1.003929e-06	-1.105121e-09	-7.560461e+00	-6.871499e+01
6.020000e-06	-1.024206e-06	-1.139604e-09	-7.713166e+00	-7.085536e+01
6.030000e-06	-1.044437e-06	-1.174494e-09	-7.865523e+00	-7.297072e+01
6.040000e-06	-1.064631e-06	-1.205803e-09	-8.017604e+00	-7.506090e+01
6.050000e-06	-1.084778e-06	-1.233537e-09	-8.169326e+00	-7.712576e+01
6.060000e-06	-1.104921e-06	-1.262852e-09	-8.321024e+00	-7.916517e+01
6.070000e-06	-1.125036e-06	-1.295356e-09	-8.472506e+00	-8.117904e+01
6.080000e-06	-1.145116e-06	-1.328991e-09	-8.623721e+00	-8.316732e+01
6.090000e-06	-1.165177e-06	-1.361509e-09	-8.774799e+00	-8.512995e+01
6.100000e-06	-1.185177e-06	-1.393231e-09	-8.925419e+00	-8.706692e+01
6.110000e-06	-1.205115e-06	-1.423853e-09	-9.075569e+00	-8.897820e+01
6.120000e-06	-1.225030e-06	-1.451016e-09	-9.225544e+00	-9.086381e+01
6.130000e-06	-1.244888e-06	-1.476767e-09	-9.375098e+00	-9.272378e+01
6.140000e-06	-1.264641e-06	-1.503390e-09	-9.523851e+00	-9.455812e+01
6.150000e-06	-1.284305e-06	-1.530696e-09	-9.671936e+00	-9.636690e+01
6.160000e-06	-1.303869e-06	-1.557136e-09	-9.819270e+00	-9.815014e+01
6.170000e-06	-1.323361e-06	-1.583281e-09	-9.966063e+00	-9.990793e+01
6.180000e-06	-1.342846e-06	-1.610845e-09	-1.011280e+01	-1.016403e+02
6.190000e-06	-1.362175e-06	-1.639941e-09	-1.025837e+01	-1.033474e+02
6.200000e-06	-1.381287e-06	-1.666361e-09	-1.040229e+01	-1.050293e+02
6.210000e-06	-1.400323e-06	-1.691724e-09	-1.054565e+01	-1.066860e+02
6.220000e-06	-1.419206e-06	-1.716873e-09	-1.068786e+01	-1.083176e+02
6.230000e-06	-1.437872e-06	-1.739069e-09	-1.082843e+01	-1.099243e+02
6.240000e-06	-1.456460e-06	-1.761603e-09	-1.096842e+01	-1.115061e+02
6.250000e-06	-1.475022e-06	-1.786446e-09	-1.110821e+01	-1.130633e+02
6.260000e-06	-1.493526e-06	-1.811534e-09	-1.124756e+01	-1.145958e+02
6.270000e-06	-1.511977e-06	-1.837665e-09	-1.138651e+01	-1.161038e+02
6.280000e-06	-1.530366e-06	-1.861233e-09	-1.152500e+01	-1.175874e+02
6.290000e-06	-1.548633e-06	-1.882755e-09	-1.166256e+01	-1.190469e+02
6.300000e-06	-1.566771e-06	-1.904140e-09	-1.179915e+01	-1.204823e+02
6.310000e-06	-1.584846e-06	-1.924208e-09	-1.193527e+01	-1.218938e+02
6.320000e-06	-1.602893e-06	-1.944852e-09	-1.207118e+01	-1.232815e+02
6.330000e-06	-1.620848e-06	-1.964445e-09	-1.220640e+01	-1.246457e+02
6.340000e-06	-1.638628e-06	-1.983098e-09	-1.234030e+01	-1.259866e+02
6.350000e-06	-1.656273e-06	-2.004293e-09	-1.247319e+01	-1.273043e+02
6.360000e-06	-1.673815e-06	-2.025209e-09	-1.260529e+01	-1.285990e+02
6.370000e-06	-1.691235e-06	-2.043568e-09	-1.273648e+01	-1.298710e+02
6.380000e-06	-1.708490e-06	-2.060974e-09	-1.286642e+01	-1.311205e+02
6.390000e-06	-1.725570e-06	-2.077781e-09	-1.299505e+01	-1.323477e+02
6.400000e-06	-1.742548e-06	-2.094228e-09	-1.312291e+01	-1.335530e+02
6.410000e-06	-1.759395e-06	-2.110973e-09	-1.324978e+01	-1.347365e+02
6.420000e-06	-1.776100e-06	-2.128806e-09	-1.337559e+01	-1.358986e+02
6.430000e-06	-1.792735e-06	-2.146456e-09	-1.350086e+01	-1.370396e+02
6.440000e-06	-1.809296e-06	-2.163358e-09	-1.362558e+01	-1.381597e+02
6.450000e-06	-1.825732e-06	-2.179650e-09	-1.374936e+01	-1.392593e+02
6.460000e-06	-1.842044e-06	-2.195081e-09	-1.387220e+01	-1.403388e+02
6.470000e-06	-1.858307e-06	-2.210913e-09	-1.399468e+01	-1.413983e+02
6.480000e-06	-1.874535e-06	-2.225927e-09	-1.411689e+01	-1.424383e+02
6.490000e-06	-1.890697e-06	-2.240010e-09	-1.423860e+01	-1.434592e+02
6.500000e-06	-1.906796e-06	-2.254919e-09	-1.435984e+01	-1.444612e+02
6.510000e-06	-1.922832e-06	-2.269394e-09	-1.448061e+01	-1.454448e+02
6.520000e-06	-1.938779e-06	-2.283751e-09	-1.460070e+01	-1.464103e+02
6.530000e-06	-1.954622e-06	-2.296878e-09	-1.472001e+01	-1.473580e+02
6.540000e-06	-1.970281e-06	-2.309412e-09	-1.483794e+01	-1.482884e+02
6.550000e-06	-1.985777e-06	-2.323114e-09	-1.495464e+01	-1.492018e+02
6.560000e-06	-2.001146e-06	-2.337286e-09	-1.507038e+01	-1.500986e+02
6.570000e-06	-2.016326e-06	-2.352291e-09	-1.518470e+01	-1.509791e+02
6.580000e-06	-2.031211e-06	-2.365732e-09	-1.529679e+01	-1.518438e+02
6.590000e-06	-2.045727e-06	-2.378461e-09	-1.540611e+01	-1.526928e+02
6.600000e-06	-2.059965e-06	-2.393777e-09	-1.551333e+01	-1.535267e+02
6.610000e-06	-2.073991e-06	-2.409254e-09	-1.561896e+01	-1.543458e+02
6.620000e-06	-2.087769e-06	-2.422769e-09	-1.572273e+01	-1.551504e+02
6.630000e-06	-2.101253e-06	-2.435521e-09	-1.582427e+01	-1.559408e+02
6.640000e-06	-2.114566e-06	-2.447626e-09	-1.592453e+01	-1.567173e+02
6.650000e-06	-2.127767e-06	-2.459711e-09	-1.602394e+01	-1.574803e+02
6.660000e-06	-2.140743e-06	-2.471637e-09	-1.612166e+01	-1.582301e+02
6.670000e-06	-2.153432e-06	-2.482000e-09	-1.621723e+01	-1.589669e+02
6.680000e-06	-2.165933e-06	-2.492513e-09	-1.631137e+01	-1.596910e+02
6.690000e-06	-2.178330e-06	-2.505123e-09	-1.640473e+01	-1.604027e+02
6.700000e-06	-2.190669e-06	-2.517614e-09	-1.649765e+01	-1.611023e+02
6.710000e-06	-2.202945e-06	-2.527410e-09	-1.659010e+01	-1.617899e+02
6.720000e-06	-2.215054e-06	-2.536215e-09	-1.668129e+01	-1.624659e+02
6.730000e-06	-2.226945e-06	-2.545420e-09	-1.677084e+01	-1.631303e+02
6.740000e-06	-2.238651e-06	-2.554249e-09	-1.685899e+01	-1.637835e+02
6.750000e-06	-2.250203e-06	-2.560655e-09	-1.694599e+01	-1.644256e+02
6.760000e-06	-2.261596e-06	-2.566480e-09	-1.703179e+01	-1.650568e+02
6.770000e-06	-2.272788e-06	-2.574823e-09	-1.711608e+01	-1.656773e+02
6.780000e-06	-2.283739e-06	-2.584393e-09	-1.719855e+01	-1.662871e+02
6.790000e-06	-2.294513e-06	-2.593432e-09	-1.727969e+01	-1.668865e+02
6.800000e-06	-2.305166e-06	-2.602519e-09	-1.735991e+01	-1.674756e+02
6.810000e-06	-2.315726e-06	-2.612226e-09	-1.743944e+01	-1.680545e+02
6.820000e-06	-2.326147e-06	-2.621127e-09	-1.751792e+01	-1.686234e+02
6.830000e-06	-2.336338e-06	-2.625930e-09	-1.759467e+01	-1.691822e+02
6.840000e-06	-2.346374e-06	-2.629469e-09	-1.767025e+01	-1.697312e+02
6.850000e-06	-2.356326e-06	-2.635221e-09	-1.774519e+01	-1.702704e+02
6.860000e-06	-2.366160e-06	-2.642199e-09	-1.781925e+01	-1.707999e+02
6.870000e-06	-2.375812e-06	-2.647288e-09	-1.789194e+01	-1.713197e+02
6.880000e-06	-2.385291e-06	-2.652074e-09	-1.796332e+01	-1.718300e+02
6.890000e-06	-2.394613e-06	-2.660850e-09	-1.803353e+01	-1.723309e+02
6.900000e-06	-2.403682e-06	-2.670771e-09	-1.810183e+01	-1.728223e+02
6.910000e-06	-2.412539e-06	-2.679123e-09	-1.816853e+01	-1.733043e+02
6.920000e-06	-2.421232e-06	-2.684830e-09	-1.823400e+01	-1.737770e+02
6.930000e-06	-2.429792e-06	-2.689662e-09	-1.829846e+01	-1.742405e+02
6.940000e-06	-2.438284e-06	-2.696703e-09	-1.836241e+01	-1.746947e+02
6.950000e-06	-2.446669e-06	-2.702940e-09	-1.842556e+01	-1.751397e+02
6.960000e-06	-2.454935e-06	-2.706531e-09	-1.848780e+01	-1.755756e+02
6.970000e-06	-2.463162e-06	-2.710881e-09	-1.854976e+01	-1.760024e+02
6.980000e-06	-2.471305e-06	-2.718517e-09	-1.861109e+01	-1.764201e+02
6.990000e-06	-2.479312e-06	-2.727192e-09	-1.867139e+01	-1.768288e+02
7.000000e-06	-2.487181e-06	-2.733617e-09	-1.873065e+01	-1.772284e+02
7.010000e-06	-2.494896e-06	-2.738380e-09	-1.878874e+01	-1.776190e+02
7.020000e-06	-2.502411e-06	-2.744894e-09	-1.884534e+01	-1.780007e+02
7.030000e-06	-2.509726e-06	-2.752688e-09	-1.890043e+01	-1.783734e+02
7.040000e-06	-2.516861e-06	-2.757427e-09	-1.895416e+01	-1.787371e+02
7.050000e-06	-2.523656e-06	-2.760063e-09	-1.900534e+01	-1.790919e+02
7.060000e-06	-2.530105e-06	-2.762852e-09	-1.905390e+01	-1.794378e+02
7.070000e-06	-2.536332e-06	-2.768159e-09	-1.910080e+01	-1.797748e+02
7.080000e-06	-2.542292e-06	-2.773598e-09	-1.914568e+01	-1.801028e+02
7.090000e-06	-2.547920e-06	-2.779225e-09	-1.918806e+01	-1.804218e+02
7.100000e-06	-2.553231e-06	-2.785415e-09	-1.922806e+01	-1.807319e+02
7.110000e-06	-2.558303e-06	-2.788979e-09	-1.926626e+01	-1.810331e+02
7.120000e-06	-2.563148e-06	-2.790685e-09	-1.930274e+01	-1.813252e+02
7.130000e-06	-2.567731e-06	-2.794552e-09	-1.933726e+01	-1.816084e+02
7.140000e-06	-2.572144e-06	-2.799222e-09	-1.937049e+01	-1.818825e+02
7.150000e-06	-2.576504e-06	-2.802317e-09	-1.940333e+01	-1.821475e+02
7.160000e-06	-2.580804e-06	-2.805915e-09	-1.943571e+01	-1.824035e+02
7.170000e-06	-2.584989e-06	-2.809022e-09	-1.946723e+01	-1.826504e+02
7.180000e-06	-2.589054e-06	-2.811033e-09	-1.949784e+01	-1.828880e+02
7.190000e-06	-2.593001e-06	-2.814122e-09	-1.952756e+01	-1.831165e+02
7.200000e-06	-2.596859e-06	-2.815689e-09	-1.955662e+01	-1.833358e+02
7.210000e-06	-2.600571e-06	-2.815035e-09	-1.958457e+01	-1.835458e+02
7.220000e-06	-2.604153e-06	-2.815498e-09	-1.961155e+01	-1.837465e+02
7.230000e-06	-2.607589e-06	-2.817238e-09	-1.963742e+01	-1.839378e+02
7.240000e-06	-2.610829e-06	-2.820279e-09	-1.966183e+01	-1.841197e+02
7.250000e-06	-2.613894e-06	-2.821981e-09	-1.968490e+01	-1.842923e+02
7.260000e-06	-2.616652e-06	-2.822110e-09	-1.970567e+01	-1.844554e+02
7.270000e-06	-2.619206e-06	-2.823368e-09	-1.972491e+01	-1.846091e+02
7.280000e-06	-2.621676e-06	-2.826717e-09	-1.974351e+01	-1.847533e+02
7.290000e-06	-2.624019e-06	-2.828389e-09	-1.976115e+01	-1.848880e+02
7.300000e-06	-2.626243e-06	-2.827890e-09	-1.977790e+01	-1.850133e+02
7.310000e-06	-2.628284e-06	-2.828898e-09	-1.979327e+01	-1.851291e+02
7.320000e-06	-2.630125e-06	-2.831476e-09	-1.980714e+01	-1.852354e+02
7.330000e-06	-2.631757e-06	-2.834550e-09	-1.981943e+01	-1.853323e+02
7.340000e-06	-2.633197e-06	-2.837542e-09	-1.983028e+01	-1.854198e+02
7.350000e-06	-2.634510e-06	-2.839509e-09	-1.984016e+01	-1.854980e+02
7.360000e-06	-2.635660e-06	-2.839994e-09	-1.984882e+01	-1.855669e+02
7.370000e-06	-2.636624e-06	-2.839027e-09	-1.985608e+01	-1.856267e+02
7.380000e-06	-2.637452e-06	-2.840569e-09	-1.986231e+01	-1.856773e+02
7.390000e-06	-2.638069e-06	-2.843109e-09	-1.986697e+01	-1.857189e+02
7.400000e-06	-2.638479e-06	-2.843856e-09	-1.987005e+01	-1.857516e+02
