# Temperatura_=_20.0
# Concentracion g/m^3_=_9000.0
# C_Vs_to_Am_M_A/Vsm_=_65563218390.804596
# pendiente_HvsI_1/m_=_3716.3
# ordenada_HvsI_A/m_=_1297.0
# frecuencia_Hz_=_135022.86248522275

Tiempo_(s)	Campo_(V.s)	Magnetizacion_(V.s)	Campo_(kA/m)	Magnetizacion_(A/m)
0.000000e+00	-3.903424e-06	-3.640104e-09	-2.914177e+01	-2.365026e+02
1.000000e-08	-3.903539e-06	-3.639240e-09	-2.914263e+01	-2.365325e+02
2.000000e-08	-3.903487e-06	-3.638837e-09	-2.914225e+01	-2.365525e+02
3.000000e-08	-3.903234e-06	-3.640290e-09	-2.914036e+01	-2.365623e+02
4.000000e-08	-3.902552e-06	-3.647941e-09	-2.913526e+01	-2.365618e+02
5.000000e-08	-3.901361e-06	-3.668062e-09	-2.912637e+01	-2.365509e+02
6.000000e-08	-3.899780e-06	-3.658626e-09	-2.911457e+01	-2.365296e+02
7.000000e-08	-3.897859e-06	-3.603892e-09	-2.910023e+01	-2.364979e+02
8.000000e-08	-3.895484e-06	-3.581473e-09	-2.908250e+01	-2.364556e+02
9.000000e-08	-3.892549e-06	-3.628150e-09	-2.906059e+01	-2.364029e+02
1.000000e-07	-3.889231e-06	-3.616462e-09	-2.903582e+01	-2.363398e+02
1.100000e-07	-3.885841e-06	-3.647482e-09	-2.901051e+01	-2.362664e+02
1.200000e-07	-3.882345e-06	-3.671828e-09	-2.898440e+01	-2.361827e+02
1.300000e-07	-3.878626e-06	-3.600265e-09	-2.895664e+01	-2.360891e+02
1.400000e-07	-3.874762e-06	-3.544799e-09	-2.892780e+01	-2.359855e+02
1.500000e-07	-3.870691e-06	-3.558307e-09	-2.889740e+01	-2.358724e+02
1.600000e-07	-3.866323e-06	-3.629589e-09	-2.886479e+01	-2.357499e+02
1.700000e-07	-3.861720e-06	-3.623655e-09	-2.883043e+01	-2.356182e+02
1.800000e-07	-3.856920e-06	-3.592421e-09	-2.879459e+01	-2.354778e+02
1.900000e-07	-3.851820e-06	-3.550370e-09	-2.875652e+01	-2.353289e+02
2.000000e-07	-3.846422e-06	-3.561150e-09	-2.871621e+01	-2.351718e+02
2.100000e-07	-3.840765e-06	-3.593285e-09	-2.867399e+01	-2.350069e+02
2.200000e-07	-3.834807e-06	-3.632369e-09	-2.862950e+01	-2.348346e+02
2.300000e-07	-3.828550e-06	-3.577419e-09	-2.858279e+01	-2.346552e+02
2.400000e-07	-3.822022e-06	-3.500163e-09	-2.853405e+01	-2.344692e+02
2.500000e-07	-3.815194e-06	-3.554756e-09	-2.848307e+01	-2.342768e+02
2.600000e-07	-3.808054e-06	-3.655231e-09	-2.842977e+01	-2.340784e+02
2.700000e-07	-3.800686e-06	-3.601217e-09	-2.837476e+01	-2.338745e+02
2.800000e-07	-3.793159e-06	-3.477866e-09	-2.831857e+01	-2.336652e+02
2.900000e-07	-3.785440e-06	-3.516968e-09	-2.826094e+01	-2.334511e+02
3.000000e-07	-3.777559e-06	-3.611979e-09	-2.820210e+01	-2.332322e+02
3.100000e-07	-3.769518e-06	-3.594977e-09	-2.814208e+01	-2.330090e+02
3.200000e-07	-3.761247e-06	-3.497313e-09	-2.808032e+01	-2.327817e+02
3.300000e-07	-3.752663e-06	-3.500357e-09	-2.801624e+01	-2.325504e+02
3.400000e-07	-3.743773e-06	-3.556203e-09	-2.794987e+01	-2.323153e+02
3.500000e-07	-3.734515e-06	-3.571481e-09	-2.788076e+01	-2.320767e+02
3.600000e-07	-3.724761e-06	-3.517403e-09	-2.780793e+01	-2.318345e+02
3.700000e-07	-3.714563e-06	-3.489607e-09	-2.773179e+01	-2.315888e+02
3.800000e-07	-3.703997e-06	-3.495033e-09	-2.765291e+01	-2.313397e+02
3.900000e-07	-3.692999e-06	-3.522974e-09	-2.757081e+01	-2.310870e+02
4.000000e-07	-3.681581e-06	-3.523176e-09	-2.748556e+01	-2.308308e+02
4.100000e-07	-3.669934e-06	-3.493577e-09	-2.739861e+01	-2.305710e+02
4.200000e-07	-3.658077e-06	-3.455676e-09	-2.731009e+01	-2.303073e+02
4.300000e-07	-3.645959e-06	-3.476987e-09	-2.721962e+01	-2.300395e+02
4.400000e-07	-3.633647e-06	-3.520079e-09	-2.712770e+01	-2.297675e+02
4.500000e-07	-3.621101e-06	-3.491690e-09	-2.703404e+01	-2.294909e+02
4.600000e-07	-3.608202e-06	-3.425691e-09	-2.693774e+01	-2.292096e+02
4.700000e-07	-3.595030e-06	-3.440541e-09	-2.683940e+01	-2.289230e+02
4.800000e-07	-3.581623e-06	-3.497367e-09	-2.673931e+01	-2.286309e+02
4.900000e-07	-3.567905e-06	-3.466455e-09	-2.663690e+01	-2.283330e+02
5.000000e-07	-3.553912e-06	-3.402658e-09	-2.653242e+01	-2.280288e+02
5.100000e-07	-3.539620e-06	-3.414667e-09	-2.642572e+01	-2.277179e+02
5.200000e-07	-3.524952e-06	-3.457734e-09	-2.631622e+01	-2.273999e+02
5.300000e-07	-3.509919e-06	-3.430460e-09	-2.620399e+01	-2.270744e+02
5.400000e-07	-3.494539e-06	-3.395033e-09	-2.608916e+01	-2.267410e+02
5.500000e-07	-3.478707e-06	-3.401406e-09	-2.597097e+01	-2.263994e+02
5.600000e-07	-3.462484e-06	-3.414523e-09	-2.584985e+01	-2.260490e+02
5.700000e-07	-3.446019e-06	-3.398684e-09	-2.572693e+01	-2.256896e+02
5.800000e-07	-3.429386e-06	-3.390094e-09	-2.560275e+01	-2.253207e+02
5.900000e-07	-3.412532e-06	-3.377698e-09	-2.547693e+01	-2.249422e+02
6.000000e-07	-3.395383e-06	-3.365452e-09	-2.534890e+01	-2.245536e+02
6.100000e-07	-3.378080e-06	-3.370170e-09	-2.521972e+01	-2.241547e+02
6.200000e-07	-3.360645e-06	-3.381282e-09	-2.508956e+01	-2.237453e+02
6.300000e-07	-3.343019e-06	-3.355567e-09	-2.495797e+01	-2.233252e+02
6.400000e-07	-3.325218e-06	-3.335256e-09	-2.482507e+01	-2.228943e+02
6.500000e-07	-3.307203e-06	-3.349840e-09	-2.469057e+01	-2.224525e+02
6.600000e-07	-3.288921e-06	-3.356573e-09	-2.455408e+01	-2.219996e+02
6.700000e-07	-3.270299e-06	-3.323307e-09	-2.441506e+01	-2.215358e+02
6.800000e-07	-3.251297e-06	-3.302828e-09	-2.427320e+01	-2.210610e+02
6.900000e-07	-3.232053e-06	-3.316223e-09	-2.412952e+01	-2.205752e+02
7.000000e-07	-3.212633e-06	-3.319663e-09	-2.398454e+01	-2.200787e+02
7.100000e-07	-3.193047e-06	-3.296399e-09	-2.383832e+01	-2.195716e+02
7.200000e-07	-3.173364e-06	-3.278781e-09	-2.369137e+01	-2.190540e+02
7.300000e-07	-3.153596e-06	-3.277638e-09	-2.354379e+01	-2.185262e+02
7.400000e-07	-3.133749e-06	-3.275091e-09	-2.339561e+01	-2.179885e+02
7.500000e-07	-3.113788e-06	-3.265722e-09	-2.324659e+01	-2.174411e+02
7.600000e-07	-3.093657e-06	-3.249933e-09	-2.309630e+01	-2.168844e+02
7.700000e-07	-3.073377e-06	-3.234937e-09	-2.294490e+01	-2.163188e+02
7.800000e-07	-3.052901e-06	-3.226669e-09	-2.279203e+01	-2.157444e+02
7.900000e-07	-3.032121e-06	-3.225038e-09	-2.263689e+01	-2.151618e+02
8.000000e-07	-3.011027e-06	-3.212399e-09	-2.247941e+01	-2.145712e+02
8.100000e-07	-2.989727e-06	-3.194637e-09	-2.232039e+01	-2.139730e+02
8.200000e-07	-2.968250e-06	-3.186112e-09	-2.216005e+01	-2.133676e+02
8.300000e-07	-2.946557e-06	-3.186580e-09	-2.199810e+01	-2.127553e+02
8.400000e-07	-2.924676e-06	-3.174752e-09	-2.183474e+01	-2.121365e+02
8.500000e-07	-2.902629e-06	-3.157893e-09	-2.167015e+01	-2.115113e+02
8.600000e-07	-2.880438e-06	-3.150003e-09	-2.150447e+01	-2.108800e+02
8.700000e-07	-2.858137e-06	-3.150450e-09	-2.133798e+01	-2.102430e+02
8.800000e-07	-2.835598e-06	-3.139432e-09	-2.116971e+01	-2.096003e+02
8.900000e-07	-2.812693e-06	-3.120687e-09	-2.099871e+01	-2.089521e+02
9.000000e-07	-2.789512e-06	-3.108309e-09	-2.082565e+01	-2.082985e+02
9.100000e-07	-2.766123e-06	-3.102413e-09	-2.065103e+01	-2.076395e+02
9.200000e-07	-2.742649e-06	-3.090948e-09	-2.047578e+01	-2.069752e+02
9.300000e-07	-2.719063e-06	-3.075491e-09	-2.029969e+01	-2.063053e+02
9.400000e-07	-2.695301e-06	-3.065292e-09	-2.012230e+01	-2.056299e+02
9.500000e-07	-2.671441e-06	-3.059579e-09	-1.994417e+01	-2.049487e+02
9.600000e-07	-2.647478e-06	-3.048845e-09	-1.976526e+01	-2.042615e+02
9.700000e-07	-2.623382e-06	-3.034900e-09	-1.958537e+01	-2.035680e+02
9.800000e-07	-2.599171e-06	-3.022311e-09	-1.940462e+01	-2.028677e+02
9.900000e-07	-2.574774e-06	-3.009822e-09	-1.922248e+01	-2.021603e+02
1.000000e-06	-2.550134e-06	-2.996672e-09	-1.903852e+01	-2.014454e+02
1.010000e-06	-2.525237e-06	-2.984428e-09	-1.885265e+01	-2.007223e+02
1.020000e-06	-2.500086e-06	-2.971846e-09	-1.866488e+01	-1.999905e+02
1.030000e-06	-2.474722e-06	-2.959480e-09	-1.847552e+01	-1.992495e+02
1.040000e-06	-2.448955e-06	-2.950273e-09	-1.828315e+01	-1.984985e+02
1.050000e-06	-2.422810e-06	-2.937361e-09	-1.808796e+01	-1.977368e+02
1.060000e-06	-2.396386e-06	-2.920425e-09	-1.789069e+01	-1.969638e+02
1.070000e-06	-2.369598e-06	-2.904237e-09	-1.769070e+01	-1.961788e+02
1.080000e-06	-2.342560e-06	-2.890478e-09	-1.748884e+01	-1.953809e+02
1.090000e-06	-2.315346e-06	-2.873669e-09	-1.728567e+01	-1.945695e+02
1.100000e-06	-2.287926e-06	-2.856718e-09	-1.708096e+01	-1.937437e+02
1.110000e-06	-2.260381e-06	-2.844494e-09	-1.687532e+01	-1.929028e+02
1.120000e-06	-2.232719e-06	-2.834537e-09	-1.666880e+01	-1.920460e+02
1.130000e-06	-2.204968e-06	-2.819347e-09	-1.646162e+01	-1.911727e+02
1.140000e-06	-2.177192e-06	-2.802245e-09	-1.625426e+01	-1.902820e+02
1.150000e-06	-2.149332e-06	-2.789468e-09	-1.604626e+01	-1.893734e+02
1.160000e-06	-2.121390e-06	-2.776741e-09	-1.583765e+01	-1.884462e+02
1.170000e-06	-2.093438e-06	-2.756363e-09	-1.562897e+01	-1.874996e+02
1.180000e-06	-2.065411e-06	-2.734847e-09	-1.541973e+01	-1.865332e+02
1.190000e-06	-2.037171e-06	-2.719207e-09	-1.520890e+01	-1.855464e+02
1.200000e-06	-2.008716e-06	-2.705565e-09	-1.499646e+01	-1.845387e+02
1.210000e-06	-1.980111e-06	-2.685286e-09	-1.478290e+01	-1.835097e+02
1.220000e-06	-1.951380e-06	-2.664131e-09	-1.456841e+01	-1.824589e+02
1.230000e-06	-1.922493e-06	-2.647875e-09	-1.435275e+01	-1.813861e+02
1.240000e-06	-1.893492e-06	-2.632788e-09	-1.413624e+01	-1.802908e+02
1.250000e-06	-1.864369e-06	-2.615574e-09	-1.391881e+01	-1.791729e+02
1.260000e-06	-1.835035e-06	-2.594165e-09	-1.369981e+01	-1.780322e+02
1.270000e-06	-1.805514e-06	-2.574535e-09	-1.347942e+01	-1.768684e+02
1.280000e-06	-1.775885e-06	-2.558319e-09	-1.325822e+01	-1.756815e+02
1.290000e-06	-1.746179e-06	-2.542185e-09	-1.303644e+01	-1.744713e+02
1.300000e-06	-1.716387e-06	-2.523232e-09	-1.281402e+01	-1.732379e+02
1.310000e-06	-1.686494e-06	-2.504307e-09	-1.259085e+01	-1.719811e+02
1.320000e-06	-1.656551e-06	-2.486071e-09	-1.236731e+01	-1.707010e+02
1.330000e-06	-1.626549e-06	-2.468427e-09	-1.214332e+01	-1.693976e+02
1.340000e-06	-1.596408e-06	-2.450349e-09	-1.191830e+01	-1.680709e+02
1.350000e-06	-1.566172e-06	-2.429608e-09	-1.169256e+01	-1.667208e+02
1.360000e-06	-1.535843e-06	-2.408128e-09	-1.146614e+01	-1.653475e+02
1.370000e-06	-1.505359e-06	-2.389120e-09	-1.123855e+01	-1.639508e+02
1.380000e-06	-1.474763e-06	-2.369012e-09	-1.101013e+01	-1.625308e+02
1.390000e-06	-1.444132e-06	-2.345936e-09	-1.078145e+01	-1.610873e+02
1.400000e-06	-1.413417e-06	-2.323045e-09	-1.055214e+01	-1.596203e+02
1.410000e-06	-1.382604e-06	-2.303296e-09	-1.032210e+01	-1.581295e+02
1.420000e-06	-1.351688e-06	-2.282408e-09	-1.009129e+01	-1.566148e+02
1.430000e-06	-1.320593e-06	-2.260611e-09	-9.859142e+00	-1.550760e+02
1.440000e-06	-1.289395e-06	-2.239026e-09	-9.626228e+00	-1.535126e+02
1.450000e-06	-1.258144e-06	-2.217006e-09	-9.392920e+00	-1.519242e+02
1.460000e-06	-1.226807e-06	-2.192192e-09	-9.158966e+00	-1.503104e+02
1.470000e-06	-1.195331e-06	-2.165188e-09	-8.923977e+00	-1.486706e+02
1.480000e-06	-1.163781e-06	-2.138715e-09	-8.688432e+00	-1.470041e+02
1.490000e-06	-1.132187e-06	-2.111683e-09	-8.452560e+00	-1.453101e+02
1.500000e-06	-1.100524e-06	-2.084813e-09	-8.216179e+00	-1.435879e+02
1.510000e-06	-1.068852e-06	-2.057516e-09	-7.979725e+00	-1.418365e+02
1.520000e-06	-1.037162e-06	-2.031470e-09	-7.743135e+00	-1.400549e+02
1.530000e-06	-1.005438e-06	-2.005414e-09	-7.506291e+00	-1.382420e+02
1.540000e-06	-9.736530e-07	-1.977781e-09	-7.268997e+00	-1.363966e+02
1.550000e-06	-9.417959e-07	-1.946306e-09	-7.031162e+00	-1.345175e+02
1.560000e-06	-9.099279e-07	-1.912994e-09	-6.793245e+00	-1.326033e+02
1.570000e-06	-8.780752e-07	-1.882536e-09	-6.555443e+00	-1.306527e+02
1.580000e-06	-8.462403e-07	-1.854973e-09	-6.317772e+00	-1.286641e+02
1.590000e-06	-8.143520e-07	-1.821998e-09	-6.079704e+00	-1.266361e+02
1.600000e-06	-7.823686e-07	-1.787200e-09	-5.840926e+00	-1.245672e+02
1.610000e-06	-7.503483e-07	-1.754319e-09	-5.601872e+00	-1.224557e+02
1.620000e-06	-7.182880e-07	-1.722577e-09	-5.362519e+00	-1.203001e+02
1.630000e-06	-6.862007e-07	-1.688582e-09	-5.122966e+00	-1.180987e+02
1.640000e-06	-6.540349e-07	-1.651477e-09	-4.882826e+00	-1.158501e+02
1.650000e-06	-6.218573e-07	-1.613248e-09	-4.642597e+00	-1.135526e+02
1.660000e-06	-5.897251e-07	-1.575784e-09	-4.402708e+00	-1.112047e+02
1.670000e-06	-5.575586e-07	-1.540619e-09	-4.162563e+00	-1.088049e+02
1.680000e-06	-5.253241e-07	-1.504699e-09	-3.921910e+00	-1.063518e+02
1.690000e-06	-4.930016e-07	-1.467125e-09	-3.680600e+00	-1.038441e+02
1.700000e-06	-4.606110e-07	-1.430625e-09	-3.438782e+00	-1.012806e+02
1.710000e-06	-4.281930e-07	-1.394452e-09	-3.196759e+00	-9.866003e+01
1.720000e-06	-3.957860e-07	-1.354627e-09	-2.954818e+00	-9.598149e+01
1.730000e-06	-3.633763e-07	-1.313571e-09	-2.712857e+00	-9.324410e+01
1.740000e-06	-3.309364e-07	-1.274386e-09	-2.470670e+00	-9.044711e+01
1.750000e-06	-2.984648e-07	-1.235398e-09	-2.228247e+00	-8.758998e+01
1.760000e-06	-2.660409e-07	-1.193754e-09	-1.986181e+00	-8.467231e+01
1.770000e-06	-2.335846e-07	-1.151815e-09	-1.743871e+00	-8.169391e+01
1.780000e-06	-2.010566e-07	-1.109863e-09	-1.501027e+00	-7.865476e+01
1.790000e-06	-1.685600e-07	-1.066589e-09	-1.258417e+00	-7.555506e+01
1.800000e-06	-1.360358e-07	-1.019902e-09	-1.015602e+00	-7.239519e+01
1.810000e-06	-1.034273e-07	-9.729944e-10	-7.721568e-01	-6.917578e+01
1.820000e-06	-7.085041e-08	-9.268022e-10	-5.289476e-01	-6.589765e+01
1.830000e-06	-3.832135e-08	-8.799229e-10	-2.860955e-01	-6.256185e+01
1.840000e-06	-5.782012e-09	-8.316050e-10	-4.316674e-02	-5.916965e+01
1.850000e-06	2.678590e-08	-7.823294e-10	1.999754e-01	-5.572255e+01
1.860000e-06	5.944375e-08	-7.323436e-10	4.437890e-01	-5.222226e+01
1.870000e-06	9.211080e-08	-6.792510e-10	6.876712e-01	-4.867071e+01
1.880000e-06	1.247756e-07	-6.241219e-10	9.315367e-01	-4.507003e+01
1.890000e-06	1.574157e-07	-5.702990e-10	1.175218e+00	-4.142257e+01
1.900000e-06	1.900135e-07	-5.194798e-10	1.418583e+00	-3.773087e+01
1.910000e-06	2.225875e-07	-4.676956e-10	1.661770e+00	-3.399765e+01
1.920000e-06	2.551734e-07	-4.113234e-10	1.905047e+00	-3.022582e+01
1.930000e-06	2.876992e-07	-3.523919e-10	2.147875e+00	-2.641844e+01
1.940000e-06	3.200517e-07	-2.940365e-10	2.389408e+00	-2.257873e+01
1.950000e-06	3.524340e-07	-2.382262e-10	2.631165e+00	-1.871006e+01
1.960000e-06	3.849139e-07	-1.804555e-10	2.873650e+00	-1.481588e+01
1.970000e-06	4.173997e-07	-1.199622e-10	3.116179e+00	-1.089980e+01
1.980000e-06	4.497734e-07	-6.188251e-11	3.357871e+00	-6.965464e+00
1.990000e-06	4.819794e-07	-6.863757e-12	3.598312e+00	-3.016631e+00
2.000000e-06	5.141270e-07	4.905439e-11	3.838315e+00	9.429090e-01
2.010000e-06	5.463054e-07	1.085415e-10	4.078550e+00	4.909326e+00
2.020000e-06	5.785481e-07	1.679739e-10	4.319264e+00	8.878772e+00
2.030000e-06	6.107975e-07	2.210516e-10	4.560028e+00	1.284740e+01
2.040000e-06	6.429465e-07	2.727638e-10	4.800043e+00	1.681139e+01
2.050000e-06	6.750016e-07	3.315462e-10	5.039356e+00	2.076695e+01
2.060000e-06	7.070480e-07	3.928672e-10	5.278605e+00	2.471034e+01
2.070000e-06	7.390894e-07	4.491705e-10	5.517817e+00	2.863791e+01
2.080000e-06	7.710762e-07	5.011842e-10	5.756620e+00	3.254608e+01
2.090000e-06	8.030384e-07	5.574480e-10	5.995240e+00	3.643138e+01
2.100000e-06	8.349773e-07	6.144890e-10	6.233687e+00	4.029047e+01
2.110000e-06	8.668319e-07	6.698588e-10	6.471503e+00	4.412012e+01
2.120000e-06	8.986437e-07	7.249116e-10	6.709000e+00	4.791726e+01
2.130000e-06	9.304339e-07	7.791586e-10	6.946336e+00	5.167898e+01
2.140000e-06	9.622220e-07	8.339437e-10	7.183656e+00	5.540252e+01
2.150000e-06	9.939999e-07	8.905160e-10	7.420900e+00	5.908530e+01
2.160000e-06	1.025751e-06	9.461138e-10	7.657946e+00	6.272494e+01
2.170000e-06	1.057505e-06	9.961465e-10	7.895010e+00	6.631923e+01
2.180000e-06	1.089234e-06	1.044533e-09	8.131888e+00	6.986614e+01
2.190000e-06	1.120915e-06	1.092954e-09	8.368410e+00	7.336388e+01
2.200000e-06	1.152555e-06	1.140701e-09	8.604623e+00	7.681080e+01
2.210000e-06	1.184158e-06	1.188501e-09	8.840560e+00	8.020551e+01
2.220000e-06	1.215736e-06	1.236353e-09	9.076313e+00	8.354676e+01
2.230000e-06	1.247240e-06	1.282554e-09	9.311517e+00	8.683354e+01
2.240000e-06	1.278612e-06	1.328569e-09	9.545727e+00	9.006499e+01
2.250000e-06	1.309851e-06	1.374778e-09	9.778948e+00	9.324047e+01
2.260000e-06	1.340923e-06	1.418304e-09	1.001093e+01	9.635951e+01
2.270000e-06	1.371861e-06	1.460632e-09	1.024189e+01	9.942181e+01
2.280000e-06	1.402709e-06	1.503839e-09	1.047220e+01	1.024272e+02
2.290000e-06	1.433344e-06	1.547711e-09	1.070091e+01	1.053758e+02
2.300000e-06	1.463821e-06	1.591445e-09	1.092844e+01	1.082677e+02
2.310000e-06	1.494250e-06	1.634281e-09	1.115562e+01	1.111032e+02
2.320000e-06	1.524562e-06	1.675586e-09	1.138192e+01	1.138828e+02
2.330000e-06	1.554721e-06	1.714285e-09	1.160707e+01	1.166070e+02
2.340000e-06	1.584787e-06	1.752712e-09	1.183154e+01	1.192764e+02
2.350000e-06	1.614832e-06	1.791881e-09	1.205584e+01	1.218919e+02
2.360000e-06	1.644820e-06	1.829682e-09	1.227972e+01	1.244542e+02
2.370000e-06	1.674707e-06	1.866469e-09	1.250286e+01	1.269642e+02
2.380000e-06	1.704450e-06	1.904464e-09	1.272491e+01	1.294229e+02
2.390000e-06	1.734060e-06	1.942896e-09	1.294596e+01	1.318313e+02
2.400000e-06	1.763587e-06	1.980189e-09	1.316640e+01	1.341903e+02
2.410000e-06	1.793061e-06	2.016255e-09	1.338645e+01	1.365012e+02
2.420000e-06	1.822441e-06	2.049747e-09	1.360579e+01	1.387649e+02
2.430000e-06	1.851723e-06	2.082452e-09	1.382440e+01	1.409825e+02
2.440000e-06	1.880890e-06	2.118411e-09	1.404215e+01	1.431551e+02
2.450000e-06	1.909814e-06	2.153720e-09	1.425809e+01	1.452837e+02
2.460000e-06	1.938483e-06	2.186017e-09	1.447212e+01	1.473695e+02
2.470000e-06	1.967044e-06	2.216455e-09	1.468535e+01	1.494134e+02
2.480000e-06	1.995534e-06	2.245978e-09	1.489805e+01	1.514164e+02
2.490000e-06	2.023902e-06	2.276337e-09	1.510983e+01	1.533795e+02
2.500000e-06	2.052163e-06	2.307859e-09	1.532083e+01	1.553036e+02
2.510000e-06	2.080290e-06	2.339396e-09	1.553081e+01	1.571895e+02
2.520000e-06	2.108297e-06	2.367415e-09	1.573990e+01	1.590382e+02
2.530000e-06	2.136217e-06	2.392725e-09	1.594835e+01	1.608503e+02
2.540000e-06	2.164089e-06	2.416251e-09	1.615643e+01	1.626267e+02
2.550000e-06	2.191890e-06	2.438328e-09	1.636399e+01	1.643680e+02
2.560000e-06	2.219608e-06	2.459547e-09	1.657092e+01	1.660749e+02
2.570000e-06	2.247255e-06	2.484139e-09	1.677732e+01	1.677479e+02
2.580000e-06	2.274805e-06	2.510679e-09	1.698300e+01	1.693877e+02
2.590000e-06	2.302248e-06	2.536271e-09	1.718789e+01	1.709948e+02
2.600000e-06	2.329479e-06	2.562569e-09	1.739118e+01	1.725696e+02
2.610000e-06	2.356421e-06	2.586713e-09	1.759232e+01	1.741126e+02
2.620000e-06	2.383183e-06	2.606694e-09	1.779212e+01	1.756243e+02
2.630000e-06	2.409745e-06	2.626185e-09	1.799042e+01	1.771051e+02
2.640000e-06	2.436000e-06	2.648365e-09	1.818644e+01	1.785553e+02
2.650000e-06	2.461933e-06	2.668451e-09	1.838004e+01	1.799753e+02
2.660000e-06	2.487456e-06	2.685870e-09	1.857059e+01	1.813654e+02
2.670000e-06	2.512601e-06	2.706971e-09	1.875831e+01	1.827261e+02
2.680000e-06	2.537490e-06	2.732783e-09	1.894413e+01	1.840577e+02
2.690000e-06	2.562093e-06	2.755458e-09	1.912780e+01	1.853605e+02
2.700000e-06	2.586454e-06	2.775707e-09	1.930968e+01	1.866348e+02
2.710000e-06	2.610732e-06	2.796120e-09	1.949093e+01	1.878811e+02
2.720000e-06	2.634911e-06	2.813918e-09	1.967145e+01	1.890997e+02
2.730000e-06	2.658885e-06	2.829194e-09	1.985043e+01	1.902910e+02
2.740000e-06	2.682685e-06	2.841604e-09	2.002811e+01	1.914553e+02
2.750000e-06	2.706395e-06	2.852830e-09	2.020512e+01	1.925932e+02
2.760000e-06	2.729984e-06	2.867676e-09	2.038123e+01	1.937051e+02
2.770000e-06	2.753335e-06	2.887366e-09	2.055556e+01	1.947914e+02
2.780000e-06	2.776483e-06	2.904887e-09	2.072837e+01	1.958526e+02
2.790000e-06	2.799519e-06	2.919460e-09	2.090036e+01	1.968892e+02
2.800000e-06	2.822367e-06	2.935982e-09	2.107093e+01	1.979018e+02
2.810000e-06	2.844967e-06	2.952392e-09	2.123966e+01	1.988909e+02
2.820000e-06	2.867383e-06	2.966728e-09	2.140701e+01	1.998570e+02
2.830000e-06	2.889601e-06	2.979509e-09	2.157288e+01	2.008008e+02
2.840000e-06	2.911601e-06	2.991869e-09	2.173713e+01	2.017228e+02
2.850000e-06	2.933384e-06	3.005535e-09	2.189975e+01	2.026238e+02
2.860000e-06	2.954926e-06	3.021498e-09	2.206057e+01	2.035042e+02
2.870000e-06	2.976352e-06	3.037628e-09	2.222054e+01	2.043647e+02
2.880000e-06	2.997679e-06	3.053395e-09	2.237976e+01	2.052060e+02
2.890000e-06	3.018769e-06	3.068507e-09	2.253721e+01	2.060287e+02
2.900000e-06	3.039590e-06	3.084481e-09	2.269266e+01	2.068335e+02
2.910000e-06	3.060168e-06	3.097660e-09	2.284628e+01	2.076209e+02
2.920000e-06	3.080512e-06	3.109027e-09	2.299817e+01	2.083917e+02
2.930000e-06	3.100708e-06	3.123195e-09	2.314894e+01	2.091463e+02
2.940000e-06	3.120763e-06	3.136107e-09	2.329867e+01	2.098855e+02
2.950000e-06	3.140625e-06	3.144376e-09	2.344695e+01	2.106097e+02
2.960000e-06	3.160380e-06	3.153053e-09	2.359444e+01	2.113196e+02
2.970000e-06	3.180072e-06	3.166130e-09	2.374145e+01	2.120157e+02
2.980000e-06	3.199617e-06	3.179560e-09	2.388737e+01	2.126984e+02
2.990000e-06	3.218967e-06	3.190901e-09	2.403183e+01	2.133683e+02
3.000000e-06	3.238138e-06	3.202991e-09	2.417495e+01	2.140258e+02
3.010000e-06	3.257077e-06	3.216029e-09	2.431634e+01	2.146713e+02
3.020000e-06	3.275708e-06	3.227453e-09	2.445544e+01	2.153052e+02
3.030000e-06	3.294022e-06	3.238012e-09	2.459217e+01	2.159278e+02
3.040000e-06	3.312072e-06	3.246444e-09	2.472692e+01	2.165395e+02
3.050000e-06	3.329911e-06	3.254684e-09	2.486010e+01	2.171405e+02
3.060000e-06	3.347504e-06	3.262871e-09	2.499145e+01	2.177310e+02
3.070000e-06	3.364794e-06	3.273058e-09	2.512053e+01	2.183114e+02
3.080000e-06	3.381884e-06	3.285142e-09	2.524812e+01	2.188817e+02
3.090000e-06	3.398824e-06	3.296519e-09	2.537458e+01	2.194421e+02
3.100000e-06	3.415568e-06	3.306763e-09	2.549959e+01	2.199927e+02
3.110000e-06	3.432234e-06	3.316454e-09	2.562401e+01	2.205336e+02
3.120000e-06	3.448694e-06	3.326831e-09	2.574690e+01	2.210649e+02
3.130000e-06	3.464816e-06	3.335133e-09	2.586726e+01	2.215866e+02
3.140000e-06	3.480614e-06	3.340538e-09	2.598521e+01	2.220988e+02
3.150000e-06	3.496119e-06	3.347792e-09	2.610096e+01	2.226015e+02
3.160000e-06	3.511272e-06	3.355060e-09	2.621409e+01	2.230946e+02
3.170000e-06	3.526027e-06	3.361562e-09	2.632424e+01	2.235781e+02
3.180000e-06	3.540558e-06	3.370153e-09	2.643273e+01	2.240521e+02
3.190000e-06	3.554846e-06	3.380392e-09	2.653940e+01	2.245165e+02
3.200000e-06	3.568816e-06	3.388014e-09	2.664370e+01	2.249713e+02
3.210000e-06	3.582474e-06	3.394668e-09	2.674566e+01	2.254164e+02
3.220000e-06	3.595827e-06	3.404039e-09	2.684535e+01	2.258519e+02
3.230000e-06	3.608888e-06	3.413431e-09	2.694286e+01	2.262776e+02
3.240000e-06	3.621721e-06	3.419517e-09	2.703867e+01	2.266937e+02
3.250000e-06	3.634380e-06	3.421997e-09	2.713317e+01	2.271001e+02
3.260000e-06	3.646751e-06	3.426136e-09	2.722553e+01	2.274968e+02
3.270000e-06	3.658808e-06	3.432659e-09	2.731555e+01	2.278839e+02
3.280000e-06	3.670640e-06	3.439093e-09	2.740388e+01	2.282613e+02
3.290000e-06	3.682254e-06	3.444939e-09	2.749059e+01	2.286293e+02
3.300000e-06	3.693617e-06	3.450957e-09	2.757542e+01	2.289877e+02
3.310000e-06	3.704606e-06	3.458260e-09	2.765746e+01	2.293368e+02
3.320000e-06	3.715159e-06	3.466054e-09	2.773624e+01	2.296766e+02
3.330000e-06	3.725379e-06	3.473928e-09	2.781255e+01	2.300072e+02
3.340000e-06	3.735220e-06	3.478786e-09	2.788601e+01	2.303288e+02
3.350000e-06	3.744567e-06	3.481777e-09	2.795580e+01	2.306414e+02
3.360000e-06	3.753491e-06	3.485989e-09	2.802242e+01	2.309454e+02
3.370000e-06	3.762077e-06	3.488261e-09	2.808652e+01	2.312407e+02
3.380000e-06	3.770374e-06	3.491326e-09	2.814847e+01	2.315276e+02
3.390000e-06	3.778399e-06	3.497522e-09	2.820838e+01	2.318063e+02
3.400000e-06	3.786240e-06	3.503758e-09	2.826692e+01	2.320769e+02
3.410000e-06	3.793988e-06	3.511311e-09	2.832476e+01	2.323396e+02
3.420000e-06	3.801589e-06	3.519379e-09	2.838150e+01	2.325946e+02
3.430000e-06	3.808973e-06	3.524681e-09	2.843664e+01	2.328420e+02
3.440000e-06	3.816071e-06	3.527598e-09	2.848962e+01	2.330820e+02
3.450000e-06	3.822850e-06	3.528732e-09	2.854024e+01	2.333147e+02
3.460000e-06	3.829311e-06	3.530233e-09	2.858847e+01	2.335402e+02
3.470000e-06	3.835480e-06	3.533310e-09	2.863452e+01	2.337588e+02
3.480000e-06	3.841410e-06	3.538309e-09	2.867880e+01	2.339704e+02
3.490000e-06	3.847121e-06	3.542367e-09	2.872143e+01	2.341751e+02
3.500000e-06	3.852614e-06	3.545894e-09	2.876244e+01	2.343731e+02
3.510000e-06	3.857872e-06	3.550319e-09	2.880170e+01	2.345643e+02
3.520000e-06	3.862915e-06	3.554689e-09	2.883935e+01	2.347488e+02
3.530000e-06	3.867648e-06	3.557841e-09	2.887469e+01	2.349266e+02
3.540000e-06	3.872048e-06	3.557413e-09	2.890753e+01	2.350975e+02
3.550000e-06	3.876254e-06	3.556393e-09	2.893894e+01	2.352617e+02
3.560000e-06	3.880333e-06	3.557113e-09	2.896939e+01	2.354189e+02
3.570000e-06	3.884233e-06	3.557925e-09	2.899850e+01	2.355691e+02
3.580000e-06	3.887897e-06	3.558943e-09	2.902586e+01	2.357121e+02
3.590000e-06	3.891323e-06	3.563540e-09	2.905143e+01	2.358478e+02
3.600000e-06	3.894483e-06	3.569923e-09	2.907503e+01	2.359761e+02
3.610000e-06	3.897358e-06	3.573349e-09	2.909649e+01	2.360968e+02
3.620000e-06	3.899943e-06	3.575020e-09	2.911579e+01	2.362096e+02
3.630000e-06	3.902181e-06	3.579875e-09	2.913250e+01	2.363143e+02
3.640000e-06	3.903949e-06	3.583900e-09	2.914570e+01	2.364108e+02
3.650000e-06	3.905231e-06	3.586006e-09	2.915527e+01	2.364988e+02
3.660000e-06	3.906149e-06	3.589358e-09	2.916212e+01	2.365781e+02
3.670000e-06	3.906788e-06	3.593260e-09	2.916689e+01	2.366485e+02
3.680000e-06	3.907104e-06	3.595479e-09	2.916925e+01	2.367096e+02
3.690000e-06	3.907096e-06	3.596715e-09	2.916919e+01	2.367614e+02
3.700000e-06	3.906892e-06	3.597989e-09	2.916767e+01	2.368036e+02
3.710000e-06	3.906532e-06	3.599913e-09	2.916498e+01	2.368361e+02
3.720000e-06	3.906002e-06	3.603918e-09	2.916102e+01	2.368586e+02
3.730000e-06	3.905355e-06	3.604841e-09	2.915619e+01	2.368709e+02
3.740000e-06	3.904496e-06	3.589485e-09	2.914978e+01	2.368731e+02
3.750000e-06	3.903221e-06	3.568444e-09	2.914026e+01	2.368649e+02
3.760000e-06	3.901586e-06	3.600623e-09	2.912805e+01	2.368463e+02
3.770000e-06	3.899731e-06	3.652305e-09	2.911420e+01	2.368172e+02
3.780000e-06	3.897589e-06	3.665615e-09	2.909822e+01	2.367776e+02
3.790000e-06	3.895069e-06	3.616075e-09	2.907940e+01	2.367276e+02
3.800000e-06	3.892204e-06	3.555664e-09	2.905801e+01	2.366671e+02
3.810000e-06	3.889083e-06	3.497972e-09	2.903471e+01	2.365963e+02
3.820000e-06	3.885777e-06	3.580205e-09	2.901003e+01	2.365152e+02
3.830000e-06	3.882300e-06	3.674330e-09	2.898407e+01	2.364241e+02
3.840000e-06	3.878583e-06	3.666739e-09	2.895632e+01	2.363231e+02
3.850000e-06	3.874662e-06	3.563779e-09	2.892704e+01	2.362124e+02
3.860000e-06	3.870658e-06	3.527637e-09	2.889716e+01	2.360922e+02
3.870000e-06	3.866496e-06	3.601764e-09	2.886608e+01	2.359629e+02
3.880000e-06	3.862060e-06	3.658195e-09	2.883296e+01	2.358246e+02
3.890000e-06	3.857439e-06	3.643303e-09	2.879846e+01	2.356779e+02
3.900000e-06	3.852610e-06	3.540276e-09	2.876242e+01	2.355228e+02
3.910000e-06	3.847396e-06	3.526672e-09	2.872349e+01	2.353599e+02
3.920000e-06	3.841700e-06	3.604261e-09	2.868096e+01	2.351895e+02
3.930000e-06	3.835609e-06	3.681390e-09	2.863549e+01	2.350119e+02
3.940000e-06	3.829122e-06	3.580318e-09	2.858706e+01	2.348275e+02
3.950000e-06	3.822085e-06	3.476672e-09	2.853452e+01	2.346367e+02
3.960000e-06	3.814575e-06	3.523412e-09	2.847846e+01	2.344399e+02
3.970000e-06	3.806872e-06	3.665956e-09	2.842095e+01	2.342373e+02
3.980000e-06	3.799077e-06	3.621316e-09	2.836276e+01	2.340295e+02
3.990000e-06	3.791062e-06	3.478275e-09	2.830292e+01	2.338165e+02
4.000000e-06	3.782823e-06	3.468744e-09	2.824141e+01	2.335989e+02
4.010000e-06	3.774435e-06	3.608523e-09	2.817879e+01	2.333768e+02
4.020000e-06	3.765811e-06	3.635051e-09	2.811440e+01	2.331505e+02
4.030000e-06	3.756868e-06	3.512636e-09	2.804763e+01	2.329203e+02
4.040000e-06	3.747717e-06	3.459526e-09	2.797931e+01	2.326862e+02
4.050000e-06	3.738342e-06	3.550426e-09	2.790933e+01	2.324485e+02
4.060000e-06	3.728634e-06	3.609844e-09	2.783685e+01	2.322072e+02
4.070000e-06	3.718627e-06	3.531861e-09	2.776214e+01	2.319624e+02
4.080000e-06	3.708418e-06	3.472990e-09	2.768592e+01	2.317142e+02
4.090000e-06	3.697943e-06	3.514073e-09	2.760772e+01	2.314625e+02
4.100000e-06	3.687236e-06	3.570473e-09	2.752778e+01	2.312073e+02
4.110000e-06	3.676376e-06	3.537772e-09	2.744671e+01	2.309484e+02
4.120000e-06	3.665225e-06	3.507960e-09	2.736345e+01	2.306857e+02
4.130000e-06	3.653713e-06	3.508662e-09	2.727751e+01	2.304190e+02
4.140000e-06	3.641907e-06	3.525051e-09	2.718937e+01	2.301481e+02
4.150000e-06	3.629847e-06	3.523778e-09	2.709933e+01	2.298728e+02
4.160000e-06	3.617616e-06	3.533133e-09	2.700802e+01	2.295927e+02
4.170000e-06	3.605162e-06	3.494775e-09	2.691504e+01	2.293075e+02
4.180000e-06	3.592341e-06	3.472899e-09	2.681932e+01	2.290169e+02
4.190000e-06	3.579141e-06	3.512389e-09	2.672078e+01	2.287206e+02
4.200000e-06	3.565521e-06	3.544453e-09	2.661910e+01	2.284180e+02
4.210000e-06	3.551554e-06	3.470914e-09	2.651482e+01	2.281089e+02
4.220000e-06	3.537185e-06	3.446707e-09	2.640755e+01	2.277927e+02
4.230000e-06	3.522389e-06	3.520596e-09	2.629708e+01	2.274692e+02
4.240000e-06	3.507260e-06	3.531660e-09	2.618414e+01	2.271379e+02
4.250000e-06	3.491811e-06	3.442116e-09	2.606880e+01	2.267984e+02
4.260000e-06	3.476066e-06	3.441276e-09	2.595125e+01	2.264503e+02
4.270000e-06	3.460041e-06	3.508999e-09	2.583161e+01	2.260932e+02
4.280000e-06	3.443845e-06	3.485358e-09	2.571070e+01	2.257268e+02
4.290000e-06	3.427569e-06	3.424809e-09	2.558919e+01	2.253507e+02
4.300000e-06	3.411171e-06	3.444899e-09	2.546676e+01	2.249647e+02
4.310000e-06	3.394540e-06	3.470512e-09	2.534260e+01	2.245685e+02
4.320000e-06	3.377667e-06	3.439619e-09	2.521663e+01	2.241618e+02
4.330000e-06	3.360526e-06	3.431801e-09	2.508866e+01	2.237445e+02
4.340000e-06	3.343119e-06	3.441514e-09	2.495871e+01	2.233163e+02
4.350000e-06	3.325489e-06	3.424916e-09	2.482709e+01	2.228773e+02
4.360000e-06	3.307598e-06	3.411998e-09	2.469352e+01	2.224272e+02
4.370000e-06	3.289500e-06	3.430609e-09	2.455840e+01	2.219662e+02
4.380000e-06	3.271223e-06	3.413557e-09	2.442196e+01	2.214941e+02
4.390000e-06	3.252751e-06	3.382871e-09	2.428405e+01	2.210112e+02
4.400000e-06	3.234045e-06	3.391311e-09	2.414440e+01	2.205174e+02
4.410000e-06	3.215071e-06	3.415351e-09	2.400274e+01	2.200129e+02
4.420000e-06	3.195838e-06	3.393419e-09	2.385916e+01	2.194980e+02
4.430000e-06	3.176442e-06	3.370560e-09	2.371435e+01	2.189728e+02
4.440000e-06	3.156879e-06	3.376951e-09	2.356830e+01	2.184376e+02
4.450000e-06	3.137034e-06	3.387140e-09	2.342014e+01	2.178927e+02
4.460000e-06	3.117022e-06	3.365084e-09	2.327073e+01	2.173383e+02
4.470000e-06	3.096913e-06	3.344842e-09	2.312061e+01	2.167749e+02
4.480000e-06	3.076708e-06	3.342160e-09	2.296976e+01	2.162028e+02
4.490000e-06	3.056397e-06	3.342529e-09	2.281813e+01	2.156222e+02
4.500000e-06	3.035911e-06	3.331176e-09	2.266518e+01	2.150336e+02
4.510000e-06	3.015249e-06	3.321804e-09	2.251093e+01	2.144374e+02
4.520000e-06	2.994364e-06	3.314991e-09	2.235501e+01	2.138338e+02
4.530000e-06	2.973157e-06	3.308050e-09	2.219668e+01	2.132233e+02
4.540000e-06	2.951570e-06	3.303786e-09	2.203553e+01	2.126060e+02
4.550000e-06	2.929581e-06	3.298268e-09	2.187136e+01	2.119825e+02
4.560000e-06	2.907192e-06	3.280022e-09	2.170421e+01	2.113528e+02
4.570000e-06	2.884433e-06	3.261422e-09	2.153430e+01	2.107172e+02
4.580000e-06	2.861426e-06	3.260611e-09	2.136253e+01	2.100760e+02
4.590000e-06	2.838254e-06	3.257199e-09	2.118954e+01	2.094292e+02
4.600000e-06	2.814873e-06	3.239219e-09	2.101499e+01	2.087770e+02
4.610000e-06	2.791231e-06	3.225431e-09	2.083848e+01	2.081194e+02
4.620000e-06	2.767346e-06	3.229994e-09	2.066016e+01	2.074564e+02
4.630000e-06	2.743291e-06	3.227148e-09	2.048058e+01	2.067880e+02
4.640000e-06	2.719148e-06	3.208927e-09	2.030033e+01	2.061141e+02
4.650000e-06	2.694925e-06	3.193689e-09	2.011949e+01	2.054344e+02
4.660000e-06	2.670594e-06	3.190913e-09	1.993784e+01	2.047488e+02
4.670000e-06	2.646158e-06	3.181234e-09	1.975541e+01	2.040569e+02
4.680000e-06	2.621562e-06	3.166854e-09	1.957178e+01	2.033584e+02
4.690000e-06	2.596702e-06	3.157688e-09	1.938619e+01	2.026529e+02
4.700000e-06	2.571654e-06	3.153266e-09	1.919919e+01	2.019399e+02
4.710000e-06	2.546477e-06	3.142191e-09	1.901122e+01	2.012190e+02
4.720000e-06	2.521076e-06	3.131772e-09	1.882159e+01	2.004895e+02
4.730000e-06	2.495458e-06	3.122341e-09	1.863033e+01	1.997508e+02
4.740000e-06	2.469699e-06	3.109747e-09	1.843802e+01	1.990024e+02
4.750000e-06	2.443811e-06	3.096706e-09	1.824475e+01	1.982436e+02
4.760000e-06	2.417730e-06	3.088958e-09	1.805004e+01	1.974736e+02
4.770000e-06	2.391493e-06	3.078720e-09	1.785416e+01	1.966916e+02
4.780000e-06	2.365144e-06	3.062391e-09	1.765745e+01	1.958971e+02
4.790000e-06	2.338642e-06	3.047862e-09	1.745959e+01	1.950892e+02
4.800000e-06	2.312003e-06	3.038299e-09	1.726071e+01	1.942671e+02
4.810000e-06	2.285211e-06	3.025137e-09	1.706069e+01	1.934301e+02
4.820000e-06	2.258220e-06	3.009237e-09	1.685918e+01	1.925774e+02
4.830000e-06	2.230981e-06	2.997212e-09	1.665583e+01	1.917083e+02
4.840000e-06	2.203549e-06	2.985231e-09	1.645103e+01	1.908221e+02
4.850000e-06	2.175992e-06	2.968978e-09	1.624529e+01	1.899181e+02
4.860000e-06	2.148282e-06	2.950201e-09	1.603842e+01	1.889956e+02
4.870000e-06	2.120463e-06	2.934346e-09	1.583073e+01	1.880540e+02
4.880000e-06	2.092585e-06	2.921257e-09	1.562261e+01	1.870927e+02
4.890000e-06	2.064659e-06	2.906989e-09	1.541411e+01	1.861111e+02
4.900000e-06	2.036591e-06	2.892097e-09	1.520457e+01	1.851087e+02
4.910000e-06	2.008378e-06	2.877023e-09	1.499394e+01	1.840851e+02
4.920000e-06	1.980124e-06	2.861042e-09	1.478300e+01	1.830399e+02
4.930000e-06	1.951795e-06	2.846770e-09	1.457151e+01	1.819726e+02
4.940000e-06	1.923400e-06	2.832077e-09	1.435952e+01	1.808830e+02
4.950000e-06	1.895014e-06	2.816015e-09	1.414760e+01	1.797709e+02
4.960000e-06	1.866566e-06	2.797793e-09	1.393521e+01	1.786359e+02
4.970000e-06	1.837888e-06	2.781877e-09	1.372111e+01	1.774779e+02
4.980000e-06	1.808989e-06	2.766452e-09	1.350536e+01	1.762969e+02
4.990000e-06	1.779896e-06	2.749298e-09	1.328817e+01	1.750926e+02
5.000000e-06	1.750661e-06	2.728416e-09	1.306990e+01	1.738650e+02
5.010000e-06	1.721315e-06	2.709804e-09	1.285081e+01	1.726141e+02
5.020000e-06	1.691759e-06	2.693085e-09	1.263016e+01	1.713399e+02
5.030000e-06	1.662049e-06	2.673218e-09	1.240835e+01	1.700424e+02
5.040000e-06	1.632123e-06	2.654392e-09	1.218494e+01	1.687215e+02
5.050000e-06	1.601924e-06	2.637979e-09	1.195948e+01	1.673774e+02
5.060000e-06	1.571517e-06	2.618374e-09	1.173247e+01	1.660099e+02
5.070000e-06	1.540903e-06	2.595913e-09	1.150391e+01	1.646191e+02
5.080000e-06	1.510095e-06	2.573704e-09	1.127391e+01	1.632050e+02
5.090000e-06	1.479118e-06	2.552322e-09	1.104264e+01	1.617674e+02
5.100000e-06	1.447912e-06	2.531481e-09	1.080967e+01	1.603063e+02
5.110000e-06	1.416454e-06	2.509653e-09	1.057481e+01	1.588216e+02
5.120000e-06	1.384883e-06	2.487014e-09	1.033911e+01	1.573130e+02
5.130000e-06	1.353293e-06	2.464377e-09	1.010327e+01	1.557802e+02
5.140000e-06	1.321607e-06	2.443211e-09	9.866712e+00	1.542230e+02
5.150000e-06	1.289817e-06	2.419698e-09	9.629382e+00	1.526410e+02
5.160000e-06	1.257975e-06	2.393525e-09	9.391659e+00	1.510337e+02
5.170000e-06	1.226056e-06	2.364447e-09	9.153362e+00	1.494004e+02
5.180000e-06	1.194085e-06	2.338049e-09	8.914676e+00	1.477407e+02
5.190000e-06	1.162070e-06	2.314029e-09	8.675661e+00	1.460538e+02
5.200000e-06	1.130025e-06	2.287715e-09	8.436421e+00	1.443387e+02
5.210000e-06	1.097977e-06	2.258592e-09	8.197162e+00	1.425948e+02
5.220000e-06	1.065897e-06	2.230639e-09	7.957661e+00	1.408209e+02
5.230000e-06	1.033761e-06	2.207410e-09	7.717743e+00	1.390160e+02
5.240000e-06	1.001613e-06	2.181778e-09	7.477740e+00	1.371789e+02
5.250000e-06	9.694014e-07	2.150923e-09	7.237256e+00	1.353084e+02
5.260000e-06	9.370854e-07	2.118129e-09	6.995995e+00	1.334031e+02
5.270000e-06	9.047561e-07	2.089282e-09	6.754634e+00	1.314618e+02
5.280000e-06	8.724539e-07	2.061937e-09	6.513475e+00	1.294829e+02
5.290000e-06	8.400710e-07	2.028766e-09	6.271714e+00	1.274650e+02
5.300000e-06	8.076166e-07	1.993295e-09	6.029419e+00	1.254064e+02
5.310000e-06	7.751918e-07	1.959823e-09	5.787346e+00	1.233058e+02
5.320000e-06	7.427310e-07	1.929539e-09	5.545004e+00	1.211614e+02
5.330000e-06	7.102038e-07	1.898475e-09	5.302165e+00	1.189717e+02
5.340000e-06	6.775880e-07	1.862873e-09	5.058666e+00	1.167351e+02
5.350000e-06	6.449536e-07	1.824337e-09	4.815027e+00	1.144500e+02
5.360000e-06	6.123779e-07	1.787347e-09	4.571827e+00	1.121148e+02
5.370000e-06	5.797948e-07	1.751581e-09	4.328571e+00	1.097282e+02
5.380000e-06	5.472040e-07	1.712333e-09	4.085258e+00	1.072886e+02
5.390000e-06	5.145871e-07	1.670926e-09	3.841750e+00	1.047948e+02
5.400000e-06	4.818800e-07	1.628388e-09	3.597569e+00	1.022454e+02
5.410000e-06	4.491500e-07	1.588273e-09	3.353217e+00	9.963921e+01
5.420000e-06	4.163817e-07	1.547667e-09	3.108579e+00	9.697531e+01
5.430000e-06	3.835048e-07	1.502686e-09	2.863130e+00	9.425275e+01
5.440000e-06	3.505438e-07	1.454905e-09	2.617053e+00	9.147077e+01
5.450000e-06	3.175148e-07	1.409019e-09	2.370469e+00	8.862877e+01
5.460000e-06	2.844771e-07	1.363340e-09	2.123820e+00	8.572632e+01
5.470000e-06	2.514274e-07	1.313317e-09	1.877080e+00	8.276316e+01
5.480000e-06	2.183554e-07	1.262867e-09	1.630175e+00	7.973924e+01
5.490000e-06	1.852595e-07	1.213753e-09	1.383091e+00	7.665469e+01
5.500000e-06	1.521552e-07	1.164341e-09	1.135945e+00	7.350987e+01
5.510000e-06	1.191027e-07	1.113600e-09	8.891847e-01	7.030532e+01
5.520000e-06	8.612392e-08	1.061678e-09	6.429749e-01	6.704183e+01
5.530000e-06	5.310155e-08	1.009487e-09	3.964400e-01	6.372039e+01
5.540000e-06	1.996371e-08	9.546708e-10	1.490430e-01	6.034221e+01
5.550000e-06	-1.320282e-08	8.976081e-10	-9.856826e-02	5.690874e+01
5.560000e-06	-4.633932e-08	8.403715e-10	-3.459552e-01	5.342162e+01
5.570000e-06	-7.944479e-08	7.840936e-10	-5.931106e-01	4.988274e+01
5.580000e-06	-1.125298e-07	7.263677e-10	-8.401135e-01	4.629418e+01
5.590000e-06	-1.456239e-07	6.659469e-10	-1.087184e+00	4.265824e+01
5.600000e-06	-1.787127e-07	6.066967e-10	-1.334215e+00	3.897740e+01
5.610000e-06	-2.118010e-07	5.492804e-10	-1.581242e+00	3.525434e+01
5.620000e-06	-2.448621e-07	4.912028e-10	-1.828066e+00	3.149193e+01
5.630000e-06	-2.778399e-07	4.315056e-10	-2.074268e+00	2.769320e+01
5.640000e-06	-3.108348e-07	3.687607e-10	-2.320598e+00	2.386131e+01
5.650000e-06	-3.437593e-07	3.056510e-10	-2.566402e+00	1.999961e+01
5.660000e-06	-3.766299e-07	2.452911e-10	-2.811804e+00	1.611153e+01
5.670000e-06	-4.095710e-07	1.844930e-10	-3.057732e+00	1.220063e+01
5.680000e-06	-4.425362e-07	1.212834e-10	-3.303841e+00	8.270560e+00
5.690000e-06	-4.754692e-07	5.707484e-11	-3.549708e+00	4.325049e+00
5.700000e-06	-5.083183e-07	-4.624494e-12	-3.794950e+00	3.678785e-01
5.710000e-06	-5.411183e-07	-6.489190e-11	-4.039825e+00	-3.597129e+00
5.720000e-06	-5.738673e-07	-1.253891e-10	-4.284319e+00	-7.566128e+00
5.730000e-06	-6.064914e-07	-1.868807e-10	-4.527880e+00	-1.153527e+01
5.740000e-06	-6.391096e-07	-2.488611e-10	-4.771398e+00	-1.550073e+01
5.750000e-06	-6.717177e-07	-3.116372e-10	-5.014840e+00	-1.945869e+01
5.760000e-06	-7.041825e-07	-3.741507e-10	-5.257212e+00	-2.340542e+01
5.770000e-06	-7.366281e-07	-4.353845e-10	-5.499442e+00	-2.733723e+01
5.780000e-06	-7.690424e-07	-4.967606e-10	-5.741437e+00	-3.125053e+01
5.790000e-06	-8.014168e-07	-5.587996e-10	-5.983134e+00	-3.514182e+01
5.800000e-06	-8.337789e-07	-6.219948e-10	-6.224739e+00	-3.900772e+01
5.810000e-06	-8.660816e-07	-6.854343e-10	-6.465901e+00	-4.284497e+01
5.820000e-06	-8.983825e-07	-7.481176e-10	-6.707050e+00	-4.665047e+01
5.830000e-06	-9.306534e-07	-8.101485e-10	-6.947975e+00	-5.042126e+01
5.840000e-06	-9.628633e-07	-8.685640e-10	-7.188444e+00	-5.415454e+01
5.850000e-06	-9.950439e-07	-9.238893e-10	-7.428695e+00	-5.784770e+01
5.860000e-06	-1.027231e-06	-9.818848e-10	-7.668993e+00	-6.149829e+01
5.870000e-06	-1.059419e-06	-1.042075e-09	-7.909303e+00	-6.510406e+01
5.880000e-06	-1.091563e-06	-1.100470e-09	-8.149274e+00	-6.866294e+01
5.890000e-06	-1.123654e-06	-1.158252e-09	-8.388861e+00	-7.217308e+01
5.900000e-06	-1.155709e-06	-1.216448e-09	-8.628173e+00	-7.563280e+01
5.910000e-06	-1.187717e-06	-1.271921e-09	-8.867137e+00	-7.904063e+01
5.920000e-06	-1.219653e-06	-1.324926e-09	-9.105560e+00	-8.239530e+01
5.930000e-06	-1.251498e-06	-1.376136e-09	-9.343307e+00	-8.569573e+01
5.940000e-06	-1.283263e-06	-1.426673e-09	-9.580452e+00	-8.894103e+01
5.950000e-06	-1.315024e-06	-1.477032e-09	-9.817570e+00	-9.213051e+01
5.960000e-06	-1.346701e-06	-1.526750e-09	-1.005406e+01	-9.526365e+01
5.970000e-06	-1.378196e-06	-1.576206e-09	-1.028919e+01	-9.834010e+01
5.980000e-06	-1.409585e-06	-1.625654e-09	-1.052353e+01	-1.013597e+02
5.990000e-06	-1.440820e-06	-1.676091e-09	-1.075672e+01	-1.043224e+02
6.000000e-06	-1.471865e-06	-1.723665e-09	-1.098850e+01	-1.072284e+02
6.010000e-06	-1.502783e-06	-1.767020e-09	-1.121932e+01	-1.100779e+02
6.020000e-06	-1.533446e-06	-1.809656e-09	-1.144824e+01	-1.128714e+02
6.030000e-06	-1.563726e-06	-1.853354e-09	-1.167430e+01	-1.156093e+02
6.040000e-06	-1.593825e-06	-1.896353e-09	-1.189901e+01	-1.182923e+02
6.050000e-06	-1.623901e-06	-1.937053e-09	-1.212355e+01	-1.209212e+02
6.060000e-06	-1.653811e-06	-1.977943e-09	-1.234685e+01	-1.234966e+02
6.070000e-06	-1.683440e-06	-2.018498e-09	-1.256805e+01	-1.260196e+02
6.080000e-06	-1.712810e-06	-2.060293e-09	-1.278732e+01	-1.284910e+02
6.090000e-06	-1.741960e-06	-2.101427e-09	-1.300495e+01	-1.309118e+02
6.100000e-06	-1.770990e-06	-2.139944e-09	-1.322168e+01	-1.332830e+02
6.110000e-06	-1.799852e-06	-2.178884e-09	-1.343714e+01	-1.356058e+02
6.120000e-06	-1.828482e-06	-2.215145e-09	-1.365089e+01	-1.378811e+02
6.130000e-06	-1.856988e-06	-2.248626e-09	-1.386371e+01	-1.401101e+02
6.140000e-06	-1.885406e-06	-2.283184e-09	-1.407587e+01	-1.422938e+02
6.150000e-06	-1.913725e-06	-2.319906e-09	-1.428729e+01	-1.444333e+02
6.160000e-06	-1.941938e-06	-2.357754e-09	-1.449792e+01	-1.465296e+02
6.170000e-06	-1.970102e-06	-2.394374e-09	-1.470818e+01	-1.485838e+02
6.180000e-06	-1.998257e-06	-2.426674e-09	-1.491838e+01	-1.505969e+02
6.190000e-06	-2.026344e-06	-2.455728e-09	-1.512807e+01	-1.525699e+02
6.200000e-06	-2.054355e-06	-2.482880e-09	-1.533719e+01	-1.545036e+02
6.210000e-06	-2.082363e-06	-2.510745e-09	-1.554629e+01	-1.563989e+02
6.220000e-06	-2.110298e-06	-2.535100e-09	-1.575485e+01	-1.582568e+02
6.230000e-06	-2.138062e-06	-2.557471e-09	-1.596212e+01	-1.600779e+02
6.240000e-06	-2.165699e-06	-2.582744e-09	-1.616845e+01	-1.618631e+02
6.250000e-06	-2.193136e-06	-2.610720e-09	-1.637328e+01	-1.636130e+02
6.260000e-06	-2.220383e-06	-2.637787e-09	-1.657671e+01	-1.653284e+02
6.270000e-06	-2.247569e-06	-2.662445e-09	-1.677966e+01	-1.670098e+02
6.280000e-06	-2.274577e-06	-2.688875e-09	-1.698130e+01	-1.686578e+02
6.290000e-06	-2.301287e-06	-2.715012e-09	-1.718071e+01	-1.702730e+02
6.300000e-06	-2.327768e-06	-2.742181e-09	-1.737841e+01	-1.718557e+02
6.310000e-06	-2.354098e-06	-2.766758e-09	-1.757498e+01	-1.734066e+02
6.320000e-06	-2.380286e-06	-2.786010e-09	-1.777049e+01	-1.749261e+02
6.330000e-06	-2.406326e-06	-2.804407e-09	-1.796490e+01	-1.764145e+02
6.340000e-06	-2.432248e-06	-2.824224e-09	-1.815843e+01	-1.778722e+02
6.350000e-06	-2.457970e-06	-2.844621e-09	-1.835045e+01	-1.792997e+02
6.360000e-06	-2.483531e-06	-2.865612e-09	-1.854129e+01	-1.806972e+02
6.370000e-06	-2.509030e-06	-2.887859e-09	-1.873165e+01	-1.820652e+02
6.380000e-06	-2.534315e-06	-2.909621e-09	-1.892043e+01	-1.834040e+02
6.390000e-06	-2.559343e-06	-2.928214e-09	-1.910728e+01	-1.847139e+02
6.400000e-06	-2.584180e-06	-2.945040e-09	-1.929270e+01	-1.859952e+02
6.410000e-06	-2.608877e-06	-2.963078e-09	-1.947708e+01	-1.872484e+02
6.420000e-06	-2.633351e-06	-2.979564e-09	-1.965980e+01	-1.884739e+02
6.430000e-06	-2.657605e-06	-2.991553e-09	-1.984087e+01	-1.896719e+02
6.440000e-06	-2.681793e-06	-3.003099e-09	-2.002145e+01	-1.908429e+02
6.450000e-06	-2.705933e-06	-3.019636e-09	-2.020167e+01	-1.919873e+02
6.460000e-06	-2.729998e-06	-3.039232e-09	-2.038133e+01	-1.931056e+02
6.470000e-06	-2.753943e-06	-3.055136e-09	-2.056010e+01	-1.941982e+02
6.480000e-06	-2.777759e-06	-3.069154e-09	-2.073790e+01	-1.952656e+02
6.490000e-06	-2.801422e-06	-3.085998e-09	-2.091456e+01	-1.963083e+02
6.500000e-06	-2.824807e-06	-3.102374e-09	-2.108915e+01	-1.973267e+02
6.510000e-06	-2.847838e-06	-3.116510e-09	-2.126109e+01	-1.983216e+02
6.520000e-06	-2.870601e-06	-3.129002e-09	-2.143103e+01	-1.992934e+02
6.530000e-06	-2.893126e-06	-3.139617e-09	-2.159920e+01	-2.002426e+02
6.540000e-06	-2.915314e-06	-3.152151e-09	-2.176485e+01	-2.011700e+02
6.550000e-06	-2.937123e-06	-3.167905e-09	-2.192766e+01	-2.020761e+02
6.560000e-06	-2.958565e-06	-3.184134e-09	-2.208775e+01	-2.029615e+02
6.570000e-06	-2.979654e-06	-3.198572e-09	-2.224519e+01	-2.038269e+02
6.580000e-06	-3.000456e-06	-3.213679e-09	-2.240049e+01	-2.046729e+02
6.590000e-06	-3.021054e-06	-3.229303e-09	-2.255427e+01	-2.055002e+02
6.600000e-06	-3.041465e-06	-3.242516e-09	-2.270665e+01	-2.063093e+02
6.610000e-06	-3.061729e-06	-3.253507e-09	-2.285793e+01	-2.071010e+02
6.620000e-06	-3.081894e-06	-3.263179e-09	-2.300848e+01	-2.078758e+02
6.630000e-06	-3.101984e-06	-3.272858e-09	-2.315846e+01	-2.086344e+02
6.640000e-06	-3.121969e-06	-3.285558e-09	-2.330767e+01	-2.093773e+02
6.650000e-06	-3.141762e-06	-3.300731e-09	-2.345544e+01	-2.101052e+02
6.660000e-06	-3.161308e-06	-3.314190e-09	-2.360136e+01	-2.108185e+02
6.670000e-06	-3.180691e-06	-3.325790e-09	-2.374607e+01	-2.115180e+02
6.680000e-06	-3.199914e-06	-3.338363e-09	-2.388958e+01	-2.122039e+02
6.690000e-06	-3.218827e-06	-3.349832e-09	-2.403078e+01	-2.128769e+02
6.700000e-06	-3.237485e-06	-3.359400e-09	-2.417008e+01	-2.135374e+02
6.710000e-06	-3.255908e-06	-3.369510e-09	-2.430762e+01	-2.141858e+02
6.720000e-06	-3.274091e-06	-3.376202e-09	-2.444337e+01	-2.148225e+02
6.730000e-06	-3.292142e-06	-3.382569e-09	-2.457813e+01	-2.154479e+02
6.740000e-06	-3.310078e-06	-3.392769e-09	-2.471204e+01	-2.160622e+02
6.750000e-06	-3.327817e-06	-3.402912e-09	-2.484447e+01	-2.166658e+02
6.760000e-06	-3.345256e-06	-3.409840e-09	-2.497467e+01	-2.172589e+02
6.770000e-06	-3.362346e-06	-3.417236e-09	-2.510225e+01	-2.178417e+02
6.780000e-06	-3.379202e-06	-3.426496e-09	-2.522809e+01	-2.184145e+02
6.790000e-06	-3.395935e-06	-3.435350e-09	-2.535301e+01	-2.189773e+02
6.800000e-06	-3.412455e-06	-3.444225e-09	-2.547635e+01	-2.195303e+02
6.810000e-06	-3.428788e-06	-3.451834e-09	-2.559829e+01	-2.200736e+02
6.820000e-06	-3.445029e-06	-3.456255e-09	-2.571954e+01	-2.206072e+02
6.830000e-06	-3.461097e-06	-3.460144e-09	-2.583950e+01	-2.211313e+02
6.840000e-06	-3.476981e-06	-3.465774e-09	-2.595808e+01	-2.216458e+02
6.850000e-06	-3.492637e-06	-3.471322e-09	-2.607497e+01	-2.221508e+02
6.860000e-06	-3.507831e-06	-3.478035e-09	-2.618840e+01	-2.226462e+02
6.870000e-06	-3.522565e-06	-3.481985e-09	-2.629840e+01	-2.231321e+02
6.880000e-06	-3.536956e-06	-3.485911e-09	-2.640584e+01	-2.236085e+02
6.890000e-06	-3.550856e-06	-3.495103e-09	-2.650961e+01	-2.240752e+02
6.900000e-06	-3.564317e-06	-3.504097e-09	-2.661010e+01	-2.245323e+02
6.910000e-06	-3.577526e-06	-3.508426e-09	-2.670872e+01	-2.249798e+02
6.920000e-06	-3.590434e-06	-3.511798e-09	-2.680508e+01	-2.254177e+02
6.930000e-06	-3.603017e-06	-3.518040e-09	-2.689903e+01	-2.258458e+02
6.940000e-06	-3.615315e-06	-3.524213e-09	-2.699084e+01	-2.262642e+02
6.950000e-06	-3.627388e-06	-3.529115e-09	-2.708098e+01	-2.266730e+02
6.960000e-06	-3.639247e-06	-3.533678e-09	-2.716951e+01	-2.270721e+02
6.970000e-06	-3.650875e-06	-3.536869e-09	-2.725632e+01	-2.274615e+02
6.980000e-06	-3.662177e-06	-3.538948e-09	-2.734070e+01	-2.278413e+02
6.990000e-06	-3.673166e-06	-3.543253e-09	-2.742274e+01	-2.282116e+02
7.000000e-06	-3.683908e-06	-3.548593e-09	-2.750293e+01	-2.285723e+02
7.010000e-06	-3.694395e-06	-3.551540e-09	-2.758123e+01	-2.289237e+02
7.020000e-06	-3.704693e-06	-3.553234e-09	-2.765811e+01	-2.292657e+02
7.030000e-06	-3.714822e-06	-3.556661e-09	-2.773373e+01	-2.295986e+02
7.040000e-06	-3.724776e-06	-3.560985e-09	-2.780804e+01	-2.299223e+02
7.050000e-06	-3.734429e-06	-3.565305e-09	-2.788011e+01	-2.302372e+02
7.060000e-06	-3.743750e-06	-3.568990e-09	-2.794970e+01	-2.305432e+02
7.070000e-06	-3.752879e-06	-3.574235e-09	-2.801785e+01	-2.308407e+02
7.080000e-06	-3.761740e-06	-3.578811e-09	-2.808401e+01	-2.311296e+02
7.090000e-06	-3.770294e-06	-3.581118e-09	-2.814787e+01	-2.314103e+02
7.100000e-06	-3.778657e-06	-3.584022e-09	-2.821030e+01	-2.316829e+02
7.110000e-06	-3.786891e-06	-3.588061e-09	-2.827178e+01	-2.319475e+02
7.120000e-06	-3.794983e-06	-3.590798e-09	-2.833219e+01	-2.322043e+02
7.130000e-06	-3.802877e-06	-3.593182e-09	-2.839112e+01	-2.324535e+02
7.140000e-06	-3.810506e-06	-3.597232e-09	-2.844808e+01	-2.326953e+02
7.150000e-06	-3.817814e-06	-3.601423e-09	-2.850264e+01	-2.329298e+02
7.160000e-06	-3.824716e-06	-3.606054e-09	-2.855417e+01	-2.331570e+02
7.170000e-06	-3.831241e-06	-3.610624e-09	-2.860288e+01	-2.333773e+02
7.180000e-06	-3.837400e-06	-3.613780e-09	-2.864886e+01	-2.335906e+02
7.190000e-06	-3.843177e-06	-3.616760e-09	-2.869199e+01	-2.337970e+02
7.200000e-06	-3.848516e-06	-3.620132e-09	-2.873185e+01	-2.339966e+02
7.210000e-06	-3.853399e-06	-3.621652e-09	-2.876831e+01	-2.341895e+02
7.220000e-06	-3.858015e-06	-3.621219e-09	-2.880276e+01	-2.343756e+02
7.230000e-06	-3.862416e-06	-3.621618e-09	-2.883563e+01	-2.345550e+02
7.240000e-06	-3.866651e-06	-3.622940e-09	-2.886724e+01	-2.347276e+02
7.250000e-06	-3.870767e-06	-3.621339e-09	-2.889797e+01	-2.348934e+02
7.260000e-06	-3.874717e-06	-3.621063e-09	-2.892746e+01	-2.350523e+02
7.270000e-06	-3.878431e-06	-3.622221e-09	-2.895518e+01	-2.352042e+02
7.280000e-06	-3.881926e-06	-3.623220e-09	-2.898128e+01	-2.353489e+02
7.290000e-06	-3.885147e-06	-3.625596e-09	-2.900532e+01	-2.354865e+02
7.300000e-06	-3.888034e-06	-3.628664e-09	-2.902688e+01	-2.356166e+02
7.310000e-06	-3.890639e-06	-3.629804e-09	-2.904632e+01	-2.357391e+02
7.320000e-06	-3.893034e-06	-3.630028e-09	-2.906421e+01	-2.358538e+02
7.330000e-06	-3.895262e-06	-3.631785e-09	-2.908084e+01	-2.359606e+02
7.340000e-06	-3.897280e-06	-3.633165e-09	-2.909591e+01	-2.360591e+02
7.350000e-06	-3.899064e-06	-3.633189e-09	-2.910922e+01	-2.361492e+02
7.360000e-06	-3.900438e-06	-3.632402e-09	-2.911948e+01	-2.362306e+02
7.370000e-06	-3.901431e-06	-3.630797e-09	-2.912689e+01	-2.363032e+02
7.380000e-06	-3.902240e-06	-3.629745e-09	-2.913293e+01	-2.363666e+02
7.390000e-06	-3.902786e-06	-3.631404e-09	-2.913701e+01	-2.364207e+02
7.400000e-06	-3.903146e-06	-3.635662e-09	-2.913970e+01	-2.364653e+02
