# Temperatura_=_20.0
# Concentracion g/m^3_=_12600.0
# C_Vs_to_Am_M_A/Vsm_=_65563218390.804596
# pendiente_HvsI_1/m_=_3716.3
# ordenada_HvsI_A/m_=_1297.0
# frecuencia_Hz_=_213022.06833362265

Tiempo_(s)	Campo_(V.s)	Magnetizacion_(V.s)	Campo_(kA/m)	Magnetizacion_(A/m)
0.000000e+00	-2.519927e-06	-1.559486e-09	-1.982725e+01	-1.024749e+02
1.000000e-08	-2.520093e-06	-1.559929e-09	-1.982856e+01	-1.024409e+02
2.000000e-08	-2.519973e-06	-1.559873e-09	-1.982761e+01	-1.023866e+02
3.000000e-08	-2.519417e-06	-1.558556e-09	-1.982324e+01	-1.023127e+02
4.000000e-08	-2.518306e-06	-1.553524e-09	-1.981450e+01	-1.022201e+02
5.000000e-08	-2.516560e-06	-1.543567e-09	-1.980076e+01	-1.021097e+02
6.000000e-08	-2.514039e-06	-1.533198e-09	-1.978092e+01	-1.019827e+02
7.000000e-08	-2.510825e-06	-1.565824e-09	-1.975564e+01	-1.018402e+02
8.000000e-08	-2.507216e-06	-1.585766e-09	-1.972724e+01	-1.016831e+02
9.000000e-08	-2.503361e-06	-1.518431e-09	-1.969691e+01	-1.015127e+02
1.000000e-07	-2.499255e-06	-1.495734e-09	-1.966460e+01	-1.013297e+02
1.100000e-07	-2.494689e-06	-1.567414e-09	-1.962867e+01	-1.011349e+02
1.200000e-07	-2.489588e-06	-1.577054e-09	-1.958854e+01	-1.009287e+02
1.300000e-07	-2.484151e-06	-1.514749e-09	-1.954575e+01	-1.007116e+02
1.400000e-07	-2.478384e-06	-1.514009e-09	-1.950038e+01	-1.004835e+02
1.500000e-07	-2.472025e-06	-1.513907e-09	-1.945035e+01	-1.002441e+02
1.600000e-07	-2.465079e-06	-1.500508e-09	-1.939570e+01	-9.999299e+01
1.700000e-07	-2.457816e-06	-1.542954e-09	-1.933855e+01	-9.972945e+01
1.800000e-07	-2.450331e-06	-1.554063e-09	-1.927966e+01	-9.945258e+01
1.900000e-07	-2.442502e-06	-1.455054e-09	-1.921806e+01	-9.916136e+01
2.000000e-07	-2.434285e-06	-1.430635e-09	-1.915340e+01	-9.885470e+01
2.100000e-07	-2.425784e-06	-1.551159e-09	-1.908651e+01	-9.853153e+01
2.200000e-07	-2.416755e-06	-1.568833e-09	-1.901547e+01	-9.819084e+01
2.300000e-07	-2.406857e-06	-1.419756e-09	-1.893760e+01	-9.783178e+01
2.400000e-07	-2.396217e-06	-1.387791e-09	-1.885388e+01	-9.745368e+01
2.500000e-07	-2.385105e-06	-1.542960e-09	-1.876644e+01	-9.705614e+01
2.600000e-07	-2.373526e-06	-1.540148e-09	-1.867534e+01	-9.663903e+01
2.700000e-07	-2.361492e-06	-1.396042e-09	-1.858066e+01	-9.620254e+01
2.800000e-07	-2.349075e-06	-1.396319e-09	-1.848295e+01	-9.574712e+01
2.900000e-07	-2.336251e-06	-1.482583e-09	-1.838205e+01	-9.527355e+01
3.000000e-07	-2.322948e-06	-1.461751e-09	-1.827738e+01	-9.478282e+01
3.100000e-07	-2.309195e-06	-1.417487e-09	-1.816917e+01	-9.427612e+01
3.200000e-07	-2.295077e-06	-1.424695e-09	-1.805809e+01	-9.375478e+01
3.300000e-07	-2.280393e-06	-1.393476e-09	-1.794255e+01	-9.322016e+01
3.400000e-07	-2.265051e-06	-1.381533e-09	-1.782184e+01	-9.267363e+01
3.500000e-07	-2.249099e-06	-1.437484e-09	-1.769633e+01	-9.211644e+01
3.600000e-07	-2.232676e-06	-1.416229e-09	-1.756711e+01	-9.154969e+01
3.700000e-07	-2.215899e-06	-1.322610e-09	-1.743510e+01	-9.097427e+01
3.800000e-07	-2.198745e-06	-1.330251e-09	-1.730013e+01	-9.039078e+01
3.900000e-07	-2.181276e-06	-1.408310e-09	-1.716268e+01	-8.979953e+01
4.000000e-07	-2.163503e-06	-1.394447e-09	-1.702284e+01	-8.920054e+01
4.100000e-07	-2.145272e-06	-1.301534e-09	-1.687939e+01	-8.859351e+01
4.200000e-07	-2.126529e-06	-1.279952e-09	-1.673192e+01	-8.797787e+01
4.300000e-07	-2.107394e-06	-1.344581e-09	-1.658136e+01	-8.735281e+01
4.400000e-07	-2.087942e-06	-1.368637e-09	-1.642831e+01	-8.671732e+01
4.500000e-07	-2.068260e-06	-1.298223e-09	-1.627345e+01	-8.607028e+01
4.600000e-07	-2.048406e-06	-1.243754e-09	-1.611724e+01	-8.541049e+01
4.700000e-07	-2.028368e-06	-1.280616e-09	-1.595958e+01	-8.473675e+01
4.800000e-07	-2.008079e-06	-1.307824e-09	-1.579994e+01	-8.404792e+01
4.900000e-07	-1.987372e-06	-1.272446e-09	-1.563701e+01	-8.334300e+01
5.000000e-07	-1.966266e-06	-1.234369e-09	-1.547095e+01	-8.262110e+01
5.100000e-07	-1.944876e-06	-1.215141e-09	-1.530265e+01	-8.188156e+01
5.200000e-07	-1.923187e-06	-1.219518e-09	-1.513199e+01	-8.112391e+01
5.300000e-07	-1.901169e-06	-1.242652e-09	-1.495875e+01	-8.034788e+01
5.400000e-07	-1.878829e-06	-1.225318e-09	-1.478297e+01	-7.955341e+01
5.500000e-07	-1.856097e-06	-1.164806e-09	-1.460412e+01	-7.874062e+01
5.600000e-07	-1.832955e-06	-1.151995e-09	-1.442202e+01	-7.790978e+01
5.700000e-07	-1.809523e-06	-1.189842e-09	-1.423766e+01	-7.706129e+01
5.800000e-07	-1.785907e-06	-1.181263e-09	-1.405184e+01	-7.619560e+01
5.900000e-07	-1.762107e-06	-1.128183e-09	-1.386458e+01	-7.531323e+01
6.000000e-07	-1.738125e-06	-1.102703e-09	-1.367589e+01	-7.441472e+01
6.100000e-07	-1.713905e-06	-1.113102e-09	-1.348532e+01	-7.350059e+01
6.200000e-07	-1.689329e-06	-1.116160e-09	-1.329195e+01	-7.257133e+01
6.300000e-07	-1.664364e-06	-1.090468e-09	-1.309552e+01	-7.162740e+01
6.400000e-07	-1.638914e-06	-1.061956e-09	-1.289528e+01	-7.066924e+01
6.500000e-07	-1.612892e-06	-1.048035e-09	-1.269053e+01	-6.969725e+01
6.600000e-07	-1.586339e-06	-1.040257e-09	-1.248161e+01	-6.871182e+01
6.700000e-07	-1.559358e-06	-1.030749e-09	-1.226931e+01	-6.771336e+01
6.800000e-07	-1.532050e-06	-1.013448e-09	-1.205445e+01	-6.670232e+01
6.900000e-07	-1.504536e-06	-9.890089e-10	-1.183797e+01	-6.567917e+01
7.000000e-07	-1.476840e-06	-9.687190e-10	-1.162005e+01	-6.464447e+01
7.100000e-07	-1.448970e-06	-9.601260e-10	-1.140076e+01	-6.359884e+01
7.200000e-07	-1.420984e-06	-9.503826e-10	-1.118056e+01	-6.254298e+01
7.300000e-07	-1.392892e-06	-9.304065e-10	-1.095953e+01	-6.147764e+01
7.400000e-07	-1.364539e-06	-9.095969e-10	-1.073645e+01	-6.040361e+01
7.500000e-07	-1.335905e-06	-8.924916e-10	-1.051114e+01	-5.932171e+01
7.600000e-07	-1.307070e-06	-8.798675e-10	-1.028427e+01	-5.823272e+01
7.700000e-07	-1.277978e-06	-8.676828e-10	-1.005536e+01	-5.713738e+01
7.800000e-07	-1.248642e-06	-8.462640e-10	-9.824547e+00	-5.603630e+01
7.900000e-07	-1.219095e-06	-8.229234e-10	-9.592065e+00	-5.492997e+01
8.000000e-07	-1.189352e-06	-8.093034e-10	-9.358042e+00	-5.381871e+01
8.100000e-07	-1.159460e-06	-7.999483e-10	-9.122842e+00	-5.270262e+01
8.200000e-07	-1.129415e-06	-7.833528e-10	-8.886446e+00	-5.158161e+01
8.300000e-07	-1.099200e-06	-7.611965e-10	-8.648709e+00	-5.045537e+01
8.400000e-07	-1.068756e-06	-7.447237e-10	-8.409173e+00	-4.932337e+01
8.500000e-07	-1.038102e-06	-7.291194e-10	-8.167978e+00	-4.818493e+01
8.600000e-07	-1.007280e-06	-7.116243e-10	-7.925464e+00	-4.703923e+01
8.700000e-07	-9.762564e-07	-6.939256e-10	-7.681365e+00	-4.588537e+01
8.800000e-07	-9.450900e-07	-6.746674e-10	-7.436142e+00	-4.472243e+01
8.900000e-07	-9.137998e-07	-6.561373e-10	-7.189945e+00	-4.354952e+01
9.000000e-07	-8.823740e-07	-6.373680e-10	-6.942681e+00	-4.236585e+01
9.100000e-07	-8.508451e-07	-6.199451e-10	-6.694606e+00	-4.117081e+01
9.200000e-07	-8.191823e-07	-6.042624e-10	-6.445478e+00	-3.996398e+01
9.300000e-07	-7.874081e-07	-5.872813e-10	-6.195472e+00	-3.874520e+01
9.400000e-07	-7.555601e-07	-5.665441e-10	-5.944886e+00	-3.751456e+01
9.500000e-07	-7.236378e-07	-5.439905e-10	-5.693716e+00	-3.627241e+01
9.600000e-07	-6.916485e-07	-5.246429e-10	-5.442018e+00	-3.501938e+01
9.700000e-07	-6.596039e-07	-5.074122e-10	-5.189885e+00	-3.375629e+01
9.800000e-07	-6.275316e-07	-4.890720e-10	-4.937534e+00	-3.248413e+01
9.900000e-07	-5.953187e-07	-4.669708e-10	-4.684077e+00	-3.120402e+01
1.000000e-06	-5.629642e-07	-4.425429e-10	-4.429506e+00	-2.991710e+01
1.010000e-06	-5.305161e-07	-4.252513e-10	-4.174199e+00	-2.862447e+01
1.020000e-06	-4.979443e-07	-4.118384e-10	-3.917918e+00	-2.732712e+01
1.030000e-06	-4.652525e-07	-3.926618e-10	-3.660692e+00	-2.602588e+01
1.040000e-06	-4.325192e-07	-3.688975e-10	-3.403141e+00	-2.472134e+01
1.050000e-06	-3.997568e-07	-3.465679e-10	-3.145360e+00	-2.341381e+01
1.060000e-06	-3.668255e-07	-3.308027e-10	-2.886251e+00	-2.210334e+01
1.070000e-06	-3.337544e-07	-3.141772e-10	-2.626042e+00	-2.078967e+01
1.080000e-06	-3.005858e-07	-2.901923e-10	-2.365065e+00	-1.947229e+01
1.090000e-06	-2.673399e-07	-2.650202e-10	-2.103479e+00	-1.815044e+01
1.100000e-06	-2.339225e-07	-2.464460e-10	-1.840546e+00	-1.682323e+01
1.110000e-06	-2.003962e-07	-2.327026e-10	-1.576755e+00	-1.548964e+01
1.120000e-06	-1.669052e-07	-2.135308e-10	-1.313241e+00	-1.414866e+01
1.130000e-06	-1.333670e-07	-1.883619e-10	-1.049357e+00	-1.279935e+01
1.140000e-06	-9.975317e-08	-1.658029e-10	-7.848764e-01	-1.144093e+01
1.150000e-06	-6.602277e-08	-1.496997e-10	-5.194793e-01	-1.007283e+01
1.160000e-06	-3.222289e-08	-1.322599e-10	-2.535356e-01	-8.694796e+00
1.170000e-06	1.534708e-09	-1.080787e-10	1.207537e-02	-7.306906e+00
1.180000e-06	3.522106e-08	-8.259762e-11	2.771258e-01	-5.909594e+00
1.190000e-06	6.887461e-08	-6.255349e-11	5.419181e-01	-4.503661e+00
1.200000e-06	1.025843e-07	-4.700770e-11	8.071524e-01	-3.090247e+00
1.210000e-06	1.362272e-07	-2.823847e-11	1.071861e+00	-1.670790e+00
1.220000e-06	1.697342e-07	-3.539262e-12	1.335500e+00	-2.469634e-01
1.230000e-06	2.032256e-07	2.079926e-11	1.599016e+00	1.179403e+00
1.240000e-06	2.366256e-07	4.181060e-11	1.861814e+00	2.606412e+00
1.250000e-06	2.699654e-07	6.299643e-11	2.124138e+00	4.032190e+00
1.260000e-06	3.032102e-07	8.489274e-11	2.385714e+00	5.454979e+00
1.270000e-06	3.362950e-07	1.066513e-10	2.646031e+00	6.873226e+00
1.280000e-06	3.693761e-07	1.283132e-10	2.906319e+00	8.285647e+00
1.290000e-06	4.023556e-07	1.484541e-10	3.165808e+00	9.691289e+00
1.300000e-06	4.351056e-07	1.669231e-10	3.423491e+00	1.108956e+01
1.310000e-06	4.677418e-07	1.855460e-10	3.680279e+00	1.248026e+01
1.320000e-06	5.003633e-07	2.074475e-10	3.936950e+00	1.386352e+01
1.330000e-06	5.328315e-07	2.294474e-10	4.192417e+00	1.523986e+01
1.340000e-06	5.651213e-07	2.486207e-10	4.446479e+00	1.661003e+01
1.350000e-06	5.973189e-07	2.654865e-10	4.699815e+00	1.797504e+01
1.360000e-06	6.294313e-07	2.853318e-10	4.952482e+00	1.933601e+01
1.370000e-06	6.615042e-07	3.094483e-10	5.204837e+00	2.069414e+01
1.380000e-06	6.934888e-07	3.323784e-10	5.456497e+00	2.205059e+01
1.390000e-06	7.253849e-07	3.513492e-10	5.707462e+00	2.340642e+01
1.400000e-06	7.572286e-07	3.695673e-10	5.958014e+00	2.476249e+01
1.410000e-06	7.890489e-07	3.920145e-10	6.208382e+00	2.611947e+01
1.420000e-06	8.208332e-07	4.161541e-10	6.458467e+00	2.747770e+01
1.430000e-06	8.525393e-07	4.365595e-10	6.707936e+00	2.883729e+01
1.440000e-06	8.841546e-07	4.551731e-10	6.956692e+00	3.019800e+01
1.450000e-06	9.156786e-07	4.761950e-10	7.204728e+00	3.155935e+01
1.460000e-06	9.470437e-07	4.984658e-10	7.451514e+00	3.292060e+01
1.470000e-06	9.782125e-07	5.203787e-10	7.696757e+00	3.428081e+01
1.480000e-06	1.009169e-06	5.391378e-10	7.940327e+00	3.563891e+01
1.490000e-06	1.039857e-06	5.563499e-10	8.181787e+00	3.699373e+01
1.500000e-06	1.070320e-06	5.756445e-10	8.421472e+00	3.834411e+01
1.510000e-06	1.100573e-06	5.976806e-10	8.659508e+00	3.968890e+01
1.520000e-06	1.130637e-06	6.182684e-10	8.896063e+00	4.102705e+01
1.530000e-06	1.160538e-06	6.363030e-10	9.131323e+00	4.235766e+01
1.540000e-06	1.190320e-06	6.557103e-10	9.365658e+00	4.367997e+01
1.550000e-06	1.220010e-06	6.772215e-10	9.599262e+00	4.499338e+01
1.560000e-06	1.249523e-06	6.979945e-10	9.831474e+00	4.629748e+01
1.570000e-06	1.278758e-06	7.178004e-10	1.006150e+01	4.759201e+01
1.580000e-06	1.307741e-06	7.361939e-10	1.028955e+01	4.887685e+01
1.590000e-06	1.336488e-06	7.546191e-10	1.051573e+01	5.015196e+01
1.600000e-06	1.364935e-06	7.738857e-10	1.073956e+01	5.141738e+01
1.610000e-06	1.393144e-06	7.939746e-10	1.096152e+01	5.267316e+01
1.620000e-06	1.421204e-06	8.128700e-10	1.118230e+01	5.391933e+01
1.630000e-06	1.449156e-06	8.287224e-10	1.140223e+01	5.515586e+01
1.640000e-06	1.477003e-06	8.447084e-10	1.162133e+01	5.638264e+01
1.650000e-06	1.504767e-06	8.622752e-10	1.183978e+01	5.759947e+01
1.660000e-06	1.532425e-06	8.818652e-10	1.205740e+01	5.880602e+01
1.670000e-06	1.559882e-06	9.009763e-10	1.227344e+01	6.000187e+01
1.680000e-06	1.586956e-06	9.160013e-10	1.248646e+01	6.118648e+01
1.690000e-06	1.613488e-06	9.309180e-10	1.269522e+01	6.235925e+01
1.700000e-06	1.639499e-06	9.489536e-10	1.289988e+01	6.351954e+01
1.710000e-06	1.665009e-06	9.681957e-10	1.310060e+01	6.466667e+01
1.720000e-06	1.689937e-06	9.855256e-10	1.329674e+01	6.580000e+01
1.730000e-06	1.714396e-06	1.000091e-09	1.348918e+01	6.691892e+01
1.740000e-06	1.738597e-06	1.015632e-09	1.367960e+01	6.802291e+01
1.750000e-06	1.762585e-06	1.033438e-09	1.386835e+01	6.911153e+01
1.760000e-06	1.786358e-06	1.050440e-09	1.405540e+01	7.018448e+01
1.770000e-06	1.809948e-06	1.065250e-09	1.424101e+01	7.124155e+01
1.780000e-06	1.833256e-06	1.079574e-09	1.442439e+01	7.228267e+01
1.790000e-06	1.856165e-06	1.094811e-09	1.460465e+01	7.330787e+01
1.800000e-06	1.878701e-06	1.111282e-09	1.478196e+01	7.431725e+01
1.810000e-06	1.900911e-06	1.127711e-09	1.495672e+01	7.531099e+01
1.820000e-06	1.922883e-06	1.143894e-09	1.512960e+01	7.628931e+01
1.830000e-06	1.944612e-06	1.160202e-09	1.530057e+01	7.725242e+01
1.840000e-06	1.965978e-06	1.174979e-09	1.546868e+01	7.820050e+01
1.850000e-06	1.986920e-06	1.187793e-09	1.563345e+01	7.913371e+01
1.860000e-06	2.007504e-06	1.201326e-09	1.579541e+01	8.005212e+01
1.870000e-06	2.027775e-06	1.216336e-09	1.595491e+01	8.095570e+01
1.880000e-06	2.047816e-06	1.230542e-09	1.611260e+01	8.184435e+01
1.890000e-06	2.067686e-06	1.243523e-09	1.626893e+01	8.271788e+01
1.900000e-06	2.087340e-06	1.257312e-09	1.642357e+01	8.357598e+01
1.910000e-06	2.106728e-06	1.271193e-09	1.657612e+01	8.441829e+01
1.920000e-06	2.125681e-06	1.283586e-09	1.672525e+01	8.524437e+01
1.930000e-06	2.144130e-06	1.295821e-09	1.687041e+01	8.605377e+01
1.940000e-06	2.162161e-06	1.308580e-09	1.701228e+01	8.684599e+01
1.950000e-06	2.179773e-06	1.321043e-09	1.715086e+01	8.762057e+01
1.960000e-06	2.197014e-06	1.332192e-09	1.728651e+01	8.837703e+01
1.970000e-06	2.214020e-06	1.342654e-09	1.742031e+01	8.911498e+01
1.980000e-06	2.230736e-06	1.354313e-09	1.755184e+01	8.983407e+01
1.990000e-06	2.246947e-06	1.365838e-09	1.767939e+01	9.053399e+01
2.000000e-06	2.262544e-06	1.376155e-09	1.780211e+01	9.121455e+01
2.010000e-06	2.277697e-06	1.386364e-09	1.792134e+01	9.187558e+01
2.020000e-06	2.292457e-06	1.396147e-09	1.803748e+01	9.251700e+01
2.030000e-06	2.306719e-06	1.405360e-09	1.814969e+01	9.313877e+01
2.040000e-06	2.320579e-06	1.415656e-09	1.825875e+01	9.374091e+01
2.050000e-06	2.334074e-06	1.427455e-09	1.836492e+01	9.432344e+01
2.060000e-06	2.347098e-06	1.439028e-09	1.846740e+01	9.488643e+01
2.070000e-06	2.359648e-06	1.448243e-09	1.856614e+01	9.542995e+01
2.080000e-06	2.371798e-06	1.456446e-09	1.866174e+01	9.595405e+01
2.090000e-06	2.383570e-06	1.464798e-09	1.875437e+01	9.645881e+01
2.100000e-06	2.394945e-06	1.473461e-09	1.884387e+01	9.694426e+01
2.110000e-06	2.405774e-06	1.481363e-09	1.892907e+01	9.741044e+01
2.120000e-06	2.415908e-06	1.486257e-09	1.900881e+01	9.785738e+01
2.130000e-06	2.425323e-06	1.491655e-09	1.908289e+01	9.828509e+01
2.140000e-06	2.434153e-06	1.498566e-09	1.915237e+01	9.869356e+01
2.150000e-06	2.442544e-06	1.506614e-09	1.921839e+01	9.908280e+01
2.160000e-06	2.450580e-06	1.515143e-09	1.928162e+01	9.945280e+01
2.170000e-06	2.458360e-06	1.521253e-09	1.934283e+01	9.980354e+01
2.180000e-06	2.465797e-06	1.526769e-09	1.940135e+01	1.001350e+02
2.190000e-06	2.472805e-06	1.532779e-09	1.945649e+01	1.004471e+02
2.200000e-06	2.479384e-06	1.537770e-09	1.950825e+01	1.007399e+02
2.210000e-06	2.485521e-06	1.542474e-09	1.955654e+01	1.010132e+02
2.220000e-06	2.491251e-06	1.547320e-09	1.960162e+01	1.012669e+02
2.230000e-06	2.496511e-06	1.549930e-09	1.964301e+01	1.015010e+02
2.240000e-06	2.501280e-06	1.551879e-09	1.968053e+01	1.017151e+02
2.250000e-06	2.505669e-06	1.556512e-09	1.971507e+01	1.019092e+02
2.260000e-06	2.509790e-06	1.561179e-09	1.974749e+01	1.020828e+02
2.270000e-06	2.513684e-06	1.563170e-09	1.977813e+01	1.022358e+02
2.280000e-06	2.517250e-06	1.563379e-09	1.980618e+01	1.023679e+02
2.290000e-06	2.520341e-06	1.563964e-09	1.983051e+01	1.024788e+02
2.300000e-06	2.522777e-06	1.567241e-09	1.984967e+01	1.025683e+02
2.310000e-06	2.524494e-06	1.569232e-09	1.986319e+01	1.026362e+02
2.320000e-06	2.525621e-06	1.567107e-09	1.987205e+01	1.026823e+02
2.330000e-06	2.526249e-06	1.565435e-09	1.987699e+01	1.027067e+02
2.340000e-06	2.526441e-06	1.566806e-09	1.987850e+01	1.027096e+02
2.350000e-06	2.526291e-06	1.569972e-09	1.987733e+01	1.026912e+02
2.360000e-06	2.525817e-06	1.572677e-09	1.987359e+01	1.026521e+02
2.370000e-06	2.524935e-06	1.572435e-09	1.986665e+01	1.025927e+02
2.380000e-06	2.523581e-06	1.570056e-09	1.985600e+01	1.025140e+02
2.390000e-06	2.521844e-06	1.572803e-09	1.984233e+01	1.024168e+02
2.400000e-06	2.519816e-06	1.583797e-09	1.982638e+01	1.023022e+02
2.410000e-06	2.517414e-06	1.554378e-09	1.980748e+01	1.021711e+02
2.420000e-06	2.514436e-06	1.523337e-09	1.978405e+01	1.020248e+02
2.430000e-06	2.510921e-06	1.569887e-09	1.975639e+01	1.018643e+02
2.440000e-06	2.507115e-06	1.584122e-09	1.972644e+01	1.016906e+02
2.450000e-06	2.503081e-06	1.526907e-09	1.969471e+01	1.015045e+02
2.460000e-06	2.498695e-06	1.528539e-09	1.966019e+01	1.013068e+02
2.470000e-06	2.493739e-06	1.566494e-09	1.962120e+01	1.010979e+02
2.480000e-06	2.488341e-06	1.547971e-09	1.957873e+01	1.008780e+02
2.490000e-06	2.482654e-06	1.544290e-09	1.953398e+01	1.006470e+02
2.500000e-06	2.476305e-06	1.551339e-09	1.948403e+01	1.004047e+02
2.510000e-06	2.469071e-06	1.521042e-09	1.942711e+01	1.001505e+02
2.520000e-06	2.461335e-06	1.501176e-09	1.936624e+01	9.988372e+01
2.530000e-06	2.453344e-06	1.566220e-09	1.930336e+01	9.960332e+01
2.540000e-06	2.444917e-06	1.572359e-09	1.923706e+01	9.930831e+01
2.550000e-06	2.435992e-06	1.456258e-09	1.916684e+01	9.899758e+01
2.560000e-06	2.426790e-06	1.455096e-09	1.909443e+01	9.867008e+01
2.570000e-06	2.417364e-06	1.588526e-09	1.902026e+01	9.832483e+01
2.580000e-06	2.407474e-06	1.570319e-09	1.894245e+01	9.796102e+01
2.590000e-06	2.397198e-06	1.405057e-09	1.886159e+01	9.757806e+01
2.600000e-06	2.386619e-06	1.439905e-09	1.877836e+01	9.717558e+01
2.610000e-06	2.375507e-06	1.579321e-09	1.869093e+01	9.675356e+01
2.620000e-06	2.363827e-06	1.511762e-09	1.859903e+01	9.631224e+01
2.630000e-06	2.351780e-06	1.392142e-09	1.850424e+01	9.585217e+01
2.640000e-06	2.339423e-06	1.462450e-09	1.840701e+01	9.537416e+01
2.650000e-06	2.326532e-06	1.508462e-09	1.830558e+01	9.487929e+01
2.660000e-06	2.312886e-06	1.422918e-09	1.819821e+01	9.436876e+01
2.670000e-06	2.298487e-06	1.428520e-09	1.808492e+01	9.384393e+01
2.680000e-06	2.283458e-06	1.479220e-09	1.796667e+01	9.330617e+01
2.690000e-06	2.267922e-06	1.403148e-09	1.784443e+01	9.275682e+01
2.700000e-06	2.252063e-06	1.367724e-09	1.771965e+01	9.219710e+01
2.710000e-06	2.236003e-06	1.457813e-09	1.759329e+01	9.162808e+01
2.720000e-06	2.219637e-06	1.439539e-09	1.746451e+01	9.105055e+01
2.730000e-06	2.202892e-06	1.333426e-09	1.733276e+01	9.046506e+01
2.740000e-06	2.185737e-06	1.350407e-09	1.719778e+01	8.987186e+01
2.750000e-06	2.168168e-06	1.417758e-09	1.705954e+01	8.927086e+01
2.760000e-06	2.150280e-06	1.389974e-09	1.691880e+01	8.866170e+01
2.770000e-06	2.132063e-06	1.325935e-09	1.677547e+01	8.804375e+01
2.780000e-06	2.113539e-06	1.317371e-09	1.662971e+01	8.741614e+01
2.790000e-06	2.094649e-06	1.352143e-09	1.648109e+01	8.677783e+01
2.800000e-06	2.075302e-06	1.355269e-09	1.632886e+01	8.612768e+01
2.810000e-06	2.055599e-06	1.300729e-09	1.617383e+01	8.546447e+01
2.820000e-06	2.035720e-06	1.278744e-09	1.601742e+01	8.478702e+01
2.830000e-06	2.015682e-06	1.306824e-09	1.585976e+01	8.409423e+01
2.840000e-06	1.995364e-06	1.289461e-09	1.569989e+01	8.338509e+01
2.850000e-06	1.974780e-06	1.258189e-09	1.553793e+01	8.265880e+01
2.860000e-06	1.953844e-06	1.266591e-09	1.537321e+01	8.191473e+01
2.870000e-06	1.932360e-06	1.248003e-09	1.520417e+01	8.115246e+01
2.880000e-06	1.910235e-06	1.221685e-09	1.503008e+01	8.037178e+01
2.890000e-06	1.887485e-06	1.235662e-09	1.485108e+01	7.957267e+01
2.900000e-06	1.864251e-06	1.224376e-09	1.466827e+01	7.875530e+01
2.910000e-06	1.840693e-06	1.181543e-09	1.448291e+01	7.791997e+01
2.920000e-06	1.816894e-06	1.172511e-09	1.429565e+01	7.706709e+01
2.930000e-06	1.792906e-06	1.180940e-09	1.410691e+01	7.619714e+01
2.940000e-06	1.768731e-06	1.164312e-09	1.391671e+01	7.531065e+01
2.950000e-06	1.744290e-06	1.137188e-09	1.372439e+01	7.440815e+01
2.960000e-06	1.719560e-06	1.122385e-09	1.352982e+01	7.349015e+01
2.970000e-06	1.694493e-06	1.121786e-09	1.333259e+01	7.255714e+01
2.980000e-06	1.669104e-06	1.111044e-09	1.313282e+01	7.160958e+01
2.990000e-06	1.643446e-06	1.083096e-09	1.293094e+01	7.064788e+01
3.000000e-06	1.617518e-06	1.069579e-09	1.272693e+01	6.967245e+01
3.010000e-06	1.591339e-06	1.060849e-09	1.252095e+01	6.868369e+01
3.020000e-06	1.564846e-06	1.036198e-09	1.231250e+01	6.768200e+01
3.030000e-06	1.538107e-06	1.019866e-09	1.210211e+01	6.666785e+01
3.040000e-06	1.511075e-06	1.011169e-09	1.188942e+01	6.564172e+01
3.050000e-06	1.483664e-06	9.931930e-10	1.167374e+01	6.460419e+01
3.060000e-06	1.455998e-06	9.755306e-10	1.145606e+01	6.355589e+01
3.070000e-06	1.428141e-06	9.623496e-10	1.123688e+01	6.249755e+01
3.080000e-06	1.400146e-06	9.495629e-10	1.101661e+01	6.142992e+01
3.090000e-06	1.372070e-06	9.348399e-10	1.079570e+01	6.035381e+01
3.100000e-06	1.343927e-06	9.139857e-10	1.057426e+01	5.927003e+01
3.110000e-06	1.315676e-06	8.936829e-10	1.035198e+01	5.817935e+01
3.120000e-06	1.287229e-06	8.817342e-10	1.012816e+01	5.708247e+01
3.130000e-06	1.258484e-06	8.675611e-10	9.901985e+00	5.598000e+01
3.140000e-06	1.229337e-06	8.440385e-10	9.672649e+00	5.487238e+01
3.150000e-06	1.199852e-06	8.227659e-10	9.440660e+00	5.375987e+01
3.160000e-06	1.170076e-06	8.111150e-10	9.206375e+00	5.264253e+01
3.170000e-06	1.139881e-06	7.995220e-10	8.968797e+00	5.152021e+01
3.180000e-06	1.109312e-06	7.788881e-10	8.728274e+00	5.039254e+01
3.190000e-06	1.078454e-06	7.569641e-10	8.485474e+00	4.925897e+01
3.200000e-06	1.047282e-06	7.419052e-10	8.240205e+00	4.811876e+01
3.210000e-06	1.015856e-06	7.256301e-10	7.992945e+00	4.697107e+01
3.220000e-06	9.842784e-07	7.051839e-10	7.744484e+00	4.581498e+01
3.230000e-06	9.525799e-07	6.859552e-10	7.495075e+00	4.464959e+01
3.240000e-06	9.207553e-07	6.676679e-10	7.244673e+00	4.347401e+01
3.250000e-06	8.888104e-07	6.494979e-10	6.993324e+00	4.228752e+01
3.260000e-06	8.567696e-07	6.326816e-10	6.741221e+00	4.108952e+01
3.270000e-06	8.246463e-07	6.170127e-10	6.488469e+00	3.987967e+01
3.280000e-06	7.924473e-07	6.000248e-10	6.235121e+00	3.865787e+01
3.290000e-06	7.601877e-07	5.800893e-10	5.981297e+00	3.742426e+01
3.300000e-06	7.278106e-07	5.611510e-10	5.726548e+00	3.617929e+01
3.310000e-06	6.953525e-07	5.423695e-10	5.471162e+00	3.492362e+01
3.320000e-06	6.628192e-07	5.221204e-10	5.215183e+00	3.365812e+01
3.330000e-06	6.301703e-07	5.025133e-10	4.958296e+00	3.238383e+01
3.340000e-06	5.973882e-07	4.837481e-10	4.700360e+00	3.110187e+01
3.350000e-06	5.644839e-07	4.643756e-10	4.441463e+00	2.981338e+01
3.360000e-06	5.314868e-07	4.432311e-10	4.181836e+00	2.851945e+01
3.370000e-06	4.983445e-07	4.240829e-10	3.921066e+00	2.722102e+01
3.380000e-06	4.650927e-07	4.074009e-10	3.659435e+00	2.591887e+01
3.390000e-06	4.317944e-07	3.869905e-10	3.397438e+00	2.461352e+01
3.400000e-06	3.985012e-07	3.631031e-10	3.135481e+00	2.330523e+01
3.410000e-06	3.651102e-07	3.423583e-10	2.872755e+00	2.199395e+01
3.420000e-06	3.316732e-07	3.249231e-10	2.609666e+00	2.067937e+01
3.430000e-06	2.981907e-07	3.041261e-10	2.346220e+00	1.936091e+01
3.440000e-06	2.646114e-07	2.784864e-10	2.082011e+00	1.803778e+01
3.450000e-06	2.309810e-07	2.563302e-10	1.817401e+00	1.670902e+01
3.460000e-06	1.972430e-07	2.397281e-10	1.551945e+00	1.537364e+01
3.470000e-06	1.634764e-07	2.214628e-10	1.286262e+00	1.403063e+01
3.480000e-06	1.296766e-07	1.989517e-10	1.020319e+00	1.267906e+01
3.490000e-06	9.582372e-08	1.765372e-10	7.539587e-01	1.131822e+01
3.500000e-06	6.198126e-08	1.564991e-10	4.876800e-01	9.947614e+00
3.510000e-06	2.816833e-08	1.364753e-10	2.216336e-01	8.567058e+00
3.520000e-06	-5.640249e-09	1.149637e-10	-4.437852e-02	7.176718e+00
3.530000e-06	-3.944618e-08	9.209472e-11	-3.103698e-01	5.777122e+00
3.540000e-06	-7.321490e-08	7.008161e-11	-5.760683e-01	4.369160e+00
3.550000e-06	-1.069908e-07	4.964210e-11	-8.418234e-01	2.954051e+00
3.560000e-06	-1.407527e-07	2.738189e-11	-1.107468e+00	1.533298e+00
3.570000e-06	-1.744659e-07	3.187066e-12	-1.372730e+00	1.086216e-01
3.580000e-06	-2.081892e-07	-1.801945e-11	-1.638071e+00	-1.318123e+00
3.590000e-06	-2.418597e-07	-3.745370e-11	-1.902997e+00	-2.745036e+00
3.600000e-06	-2.754361e-07	-6.035436e-11	-2.167182e+00	-4.170264e+00
3.610000e-06	-3.090117e-07	-8.607016e-11	-2.431361e+00	-5.592094e+00
3.620000e-06	-3.425209e-07	-1.088040e-10	-2.695018e+00	-7.009031e+00
3.630000e-06	-3.759208e-07	-1.283464e-10	-2.957814e+00	-8.419872e+00
3.640000e-06	-4.092781e-07	-1.517125e-10	-3.220275e+00	-9.823752e+00
3.650000e-06	-4.425545e-07	-1.786523e-10	-3.482101e+00	-1.122017e+01
3.660000e-06	-4.757147e-07	-2.014964e-10	-3.743011e+00	-1.260902e+01
3.670000e-06	-5.087677e-07	-2.187291e-10	-4.003078e+00	-1.399054e+01
3.680000e-06	-5.416598e-07	-2.367429e-10	-4.261879e+00	-1.536529e+01
3.690000e-06	-5.743850e-07	-2.578688e-10	-4.519367e+00	-1.673411e+01
3.700000e-06	-6.070113e-07	-2.795348e-10	-4.776077e+00	-1.809804e+01
3.710000e-06	-6.395532e-07	-3.000813e-10	-5.032123e+00	-1.945823e+01
3.720000e-06	-6.719972e-07	-3.196664e-10	-5.287398e+00	-2.081587e+01
3.730000e-06	-7.043395e-07	-3.400451e-10	-5.541873e+00	-2.217211e+01
3.740000e-06	-7.365692e-07	-3.614298e-10	-5.795463e+00	-2.352797e+01
3.750000e-06	-7.687240e-07	-3.845589e-10	-6.048462e+00	-2.488425e+01
3.760000e-06	-8.008659e-07	-4.068914e-10	-6.301361e+00	-2.624156e+01
3.770000e-06	-8.329772e-07	-4.269454e-10	-6.554018e+00	-2.760018e+01
3.780000e-06	-8.650182e-07	-4.474736e-10	-6.806123e+00	-2.896011e+01
3.790000e-06	-8.970087e-07	-4.693537e-10	-7.057830e+00	-3.032108e+01
3.800000e-06	-9.288958e-07	-4.913562e-10	-7.308723e+00	-3.168252e+01
3.810000e-06	-9.606588e-07	-5.112143e-10	-7.558641e+00	-3.304364e+01
3.820000e-06	-9.922750e-07	-5.300731e-10	-7.807402e+00	-3.440347e+01
3.830000e-06	-1.023636e-06	-5.497600e-10	-8.054157e+00	-3.576090e+01
3.840000e-06	-1.054767e-06	-5.704851e-10	-8.299103e+00	-3.711476e+01
3.850000e-06	-1.085633e-06	-5.928172e-10	-8.541961e+00	-3.846388e+01
3.860000e-06	-1.116082e-06	-6.135234e-10	-8.781540e+00	-3.980715e+01
3.870000e-06	-1.146164e-06	-6.326229e-10	-9.018231e+00	-4.114354e+01
3.880000e-06	-1.175894e-06	-6.530628e-10	-9.252154e+00	-4.247218e+01
3.890000e-06	-1.205278e-06	-6.757087e-10	-9.483350e+00	-4.379234e+01
3.900000e-06	-1.234304e-06	-6.964357e-10	-9.711728e+00	-4.510350e+01
3.910000e-06	-1.262935e-06	-7.143375e-10	-9.937007e+00	-4.640526e+01
3.920000e-06	-1.291297e-06	-7.334698e-10	-1.016016e+01	-4.769742e+01
3.930000e-06	-1.319498e-06	-7.555606e-10	-1.038206e+01	-4.897986e+01
3.940000e-06	-1.347630e-06	-7.772521e-10	-1.060340e+01	-5.025259e+01
3.950000e-06	-1.375684e-06	-7.960258e-10	-1.082414e+01	-5.151563e+01
3.960000e-06	-1.403636e-06	-8.154151e-10	-1.104407e+01	-5.276904e+01
3.970000e-06	-1.431474e-06	-8.366351e-10	-1.126310e+01	-5.401285e+01
3.980000e-06	-1.459154e-06	-8.573905e-10	-1.148089e+01	-5.524700e+01
3.990000e-06	-1.486519e-06	-8.753059e-10	-1.169621e+01	-5.647135e+01
4.000000e-06	-1.513563e-06	-8.936217e-10	-1.190899e+01	-5.768569e+01
4.010000e-06	-1.540331e-06	-9.128354e-10	-1.211961e+01	-5.888965e+01
4.020000e-06	-1.566773e-06	-9.319216e-10	-1.232766e+01	-6.008277e+01
4.030000e-06	-1.593004e-06	-9.507964e-10	-1.253405e+01	-6.126452e+01
4.040000e-06	-1.619029e-06	-9.695408e-10	-1.273882e+01	-6.243428e+01
4.050000e-06	-1.644738e-06	-9.876117e-10	-1.294110e+01	-6.359138e+01
4.060000e-06	-1.670166e-06	-1.005768e-09	-1.314117e+01	-6.473516e+01
4.070000e-06	-1.695281e-06	-1.023260e-09	-1.333878e+01	-6.586498e+01
4.080000e-06	-1.720003e-06	-1.039803e-09	-1.353330e+01	-6.698025e+01
4.090000e-06	-1.744420e-06	-1.057349e-09	-1.372542e+01	-6.808047e+01
4.100000e-06	-1.768625e-06	-1.074799e-09	-1.391587e+01	-6.916524e+01
4.110000e-06	-1.792696e-06	-1.092387e-09	-1.410527e+01	-7.023427e+01
4.120000e-06	-1.816665e-06	-1.109188e-09	-1.429386e+01	-7.128740e+01
4.130000e-06	-1.840408e-06	-1.125737e-09	-1.448067e+01	-7.232457e+01
4.140000e-06	-1.863767e-06	-1.143365e-09	-1.466446e+01	-7.334584e+01
4.150000e-06	-1.886628e-06	-1.158707e-09	-1.484433e+01	-7.435133e+01
4.160000e-06	-1.909028e-06	-1.171636e-09	-1.502058e+01	-7.534124e+01
4.170000e-06	-1.930887e-06	-1.184896e-09	-1.519258e+01	-7.631577e+01
4.180000e-06	-1.952135e-06	-1.198411e-09	-1.535976e+01	-7.727515e+01
4.190000e-06	-1.972901e-06	-1.211293e-09	-1.552315e+01	-7.821954e+01
4.200000e-06	-1.993297e-06	-1.224292e-09	-1.568363e+01	-7.914908e+01
4.210000e-06	-2.013460e-06	-1.237383e-09	-1.584228e+01	-8.006383e+01
4.220000e-06	-2.033462e-06	-1.249937e-09	-1.599966e+01	-8.096373e+01
4.230000e-06	-2.053253e-06	-1.264040e-09	-1.615537e+01	-8.184867e+01
4.240000e-06	-2.072688e-06	-1.278841e-09	-1.630829e+01	-8.271840e+01
4.250000e-06	-2.091724e-06	-1.291430e-09	-1.645807e+01	-8.357263e+01
4.260000e-06	-2.110394e-06	-1.303769e-09	-1.660497e+01	-8.441097e+01
4.270000e-06	-2.128730e-06	-1.317533e-09	-1.674924e+01	-8.523297e+01
4.280000e-06	-2.146785e-06	-1.330700e-09	-1.689130e+01	-8.603815e+01
4.290000e-06	-2.164503e-06	-1.342260e-09	-1.703071e+01	-8.682605e+01
4.300000e-06	-2.181786e-06	-1.353283e-09	-1.716669e+01	-8.759617e+01
4.310000e-06	-2.198642e-06	-1.363561e-09	-1.729932e+01	-8.834809e+01
4.320000e-06	-2.215133e-06	-1.373839e-09	-1.742907e+01	-8.908139e+01
4.330000e-06	-2.231386e-06	-1.385671e-09	-1.755696e+01	-8.979575e+01
4.340000e-06	-2.247485e-06	-1.396787e-09	-1.768363e+01	-9.049089e+01
4.350000e-06	-2.263270e-06	-1.404583e-09	-1.780783e+01	-9.116661e+01
4.360000e-06	-2.278534e-06	-1.412544e-09	-1.792792e+01	-9.182279e+01
4.370000e-06	-2.293064e-06	-1.423397e-09	-1.804225e+01	-9.245934e+01
4.380000e-06	-2.306835e-06	-1.434122e-09	-1.815060e+01	-9.307624e+01
4.390000e-06	-2.319955e-06	-1.440839e-09	-1.825383e+01	-9.367350e+01
4.400000e-06	-2.332590e-06	-1.446052e-09	-1.835325e+01	-9.425119e+01
4.410000e-06	-2.344903e-06	-1.453351e-09	-1.845013e+01	-9.480934e+01
4.420000e-06	-2.356849e-06	-1.462207e-09	-1.854412e+01	-9.534804e+01
4.430000e-06	-2.368372e-06	-1.471010e-09	-1.863479e+01	-9.586734e+01
4.440000e-06	-2.379423e-06	-1.477066e-09	-1.872174e+01	-9.636731e+01
4.450000e-06	-2.390015e-06	-1.482531e-09	-1.880508e+01	-9.684798e+01
4.460000e-06	-2.400280e-06	-1.490306e-09	-1.888584e+01	-9.730939e+01
4.470000e-06	-2.410200e-06	-1.498298e-09	-1.896390e+01	-9.775155e+01
4.480000e-06	-2.419670e-06	-1.503066e-09	-1.903841e+01	-9.817449e+01
4.490000e-06	-2.428628e-06	-1.505766e-09	-1.910890e+01	-9.857820e+01
4.500000e-06	-2.437175e-06	-1.510705e-09	-1.917614e+01	-9.896267e+01
4.510000e-06	-2.445484e-06	-1.517948e-09	-1.924152e+01	-9.932789e+01
4.520000e-06	-2.453590e-06	-1.522931e-09	-1.930530e+01	-9.967385e+01
4.530000e-06	-2.461452e-06	-1.524828e-09	-1.936716e+01	-1.000005e+02
4.540000e-06	-2.468837e-06	-1.527765e-09	-1.942527e+01	-1.003079e+02
4.550000e-06	-2.475585e-06	-1.531862e-09	-1.947836e+01	-1.005958e+02
4.560000e-06	-2.481631e-06	-1.535885e-09	-1.952593e+01	-1.008643e+02
4.570000e-06	-2.486977e-06	-1.540045e-09	-1.956800e+01	-1.011131e+02
4.580000e-06	-2.491737e-06	-1.542199e-09	-1.960545e+01	-1.013423e+02
4.590000e-06	-2.496086e-06	-1.544385e-09	-1.963966e+01	-1.015514e+02
4.600000e-06	-2.500196e-06	-1.548009e-09	-1.967200e+01	-1.017404e+02
4.610000e-06	-2.504041e-06	-1.551504e-09	-1.970226e+01	-1.019090e+02
4.620000e-06	-2.507445e-06	-1.554185e-09	-1.972904e+01	-1.020569e+02
4.630000e-06	-2.510383e-06	-1.555739e-09	-1.975216e+01	-1.021837e+02
4.640000e-06	-2.512938e-06	-1.557616e-09	-1.977226e+01	-1.022893e+02
4.650000e-06	-2.515158e-06	-1.559389e-09	-1.978972e+01	-1.023735e+02
4.660000e-06	-2.517048e-06	-1.559708e-09	-1.980460e+01	-1.024359e+02
4.670000e-06	-2.518386e-06	-1.558451e-09	-1.981512e+01	-1.024766e+02
4.680000e-06	-2.519161e-06	-1.557964e-09	-1.982122e+01	-1.024957e+02
4.690000e-06	-2.519621e-06	-1.558610e-09	-1.982484e+01	-1.024933e+02
