# Temperatura_=_20.0
# Concentracion g/m^3_=_12600.0
# C_Vs_to_Am_M_A/Vsm_=_65563218390.804596
# pendiente_HvsI_1/m_=_3716.3
# ordenada_HvsI_A/m_=_1297.0
# frecuencia_Hz_=_135502.28332751122

Tiempo_(s)	Campo_(V.s)	Magnetizacion_(V.s)	Campo_(kA/m)	Magnetizacion_(A/m)
0.000000e+00	-7.837898e-06	-3.817585e-09	-5.705015e+01	-2.539937e+02
1.000000e-08	-7.837990e-06	-3.813195e-09	-5.705082e+01	-2.527064e+02
2.000000e-08	-7.837622e-06	-3.805849e-09	-5.704815e+01	-2.513467e+02
3.000000e-08	-7.836614e-06	-3.795976e-09	-5.704080e+01	-2.499556e+02
4.000000e-08	-7.834835e-06	-3.789011e-09	-5.702786e+01	-2.485787e+02
5.000000e-08	-7.832245e-06	-3.788751e-09	-5.700900e+01	-2.472648e+02
6.000000e-08	-7.828975e-06	-3.792386e-09	-5.698520e+01	-2.460653e+02
7.000000e-08	-7.825269e-06	-3.798245e-09	-5.695823e+01	-2.450332e+02
8.000000e-08	-7.821174e-06	-3.814495e-09	-5.692843e+01	-2.442214e+02
9.000000e-08	-7.816557e-06	-3.805653e-09	-5.689481e+01	-2.436816e+02
1.000000e-07	-7.811133e-06	-3.779232e-09	-5.685534e+01	-2.434632e+02
1.100000e-07	-7.804863e-06	-3.744060e-09	-5.680970e+01	-2.436119e+02
1.200000e-07	-7.797827e-06	-3.799603e-09	-5.675849e+01	-2.441685e+02
1.300000e-07	-7.790288e-06	-3.866383e-09	-5.670361e+01	-2.451677e+02
1.400000e-07	-7.782541e-06	-3.908522e-09	-5.664723e+01	-2.466372e+02
1.500000e-07	-7.774565e-06	-3.726022e-09	-5.658917e+01	-2.485968e+02
1.600000e-07	-7.766270e-06	-3.668525e-09	-5.652879e+01	-2.510579e+02
1.700000e-07	-7.757497e-06	-3.804874e-09	-5.646493e+01	-2.540225e+02
1.800000e-07	-7.748022e-06	-3.891781e-09	-5.639596e+01	-2.574835e+02
1.900000e-07	-7.737583e-06	-3.807529e-09	-5.631999e+01	-2.614243e+02
2.000000e-07	-7.726303e-06	-3.663780e-09	-5.623788e+01	-2.658188e+02
2.100000e-07	-7.714507e-06	-3.641225e-09	-5.615202e+01	-2.706322e+02
2.200000e-07	-7.702150e-06	-3.911880e-09	-5.606208e+01	-2.758212e+02
2.300000e-07	-7.689138e-06	-4.195623e-09	-5.596737e+01	-2.813347e+02
2.400000e-07	-7.675616e-06	-4.167445e-09	-5.586894e+01	-2.871154e+02
2.500000e-07	-7.661591e-06	-4.173868e-09	-5.576686e+01	-2.930999e+02
2.600000e-07	-7.646691e-06	-4.618292e-09	-5.565840e+01	-2.992211e+02
2.700000e-07	-7.630781e-06	-5.021277e-09	-5.554260e+01	-3.054084e+02
2.800000e-07	-7.614257e-06	-4.962208e-09	-5.542232e+01	-3.115901e+02
2.900000e-07	-7.597345e-06	-4.974548e-09	-5.529922e+01	-3.176944e+02
3.000000e-07	-7.579949e-06	-5.268756e-09	-5.517260e+01	-3.236506e+02
3.100000e-07	-7.562129e-06	-5.444165e-09	-5.504290e+01	-3.293913e+02
3.200000e-07	-7.543798e-06	-5.406048e-09	-5.490947e+01	-3.348529e+02
3.300000e-07	-7.524749e-06	-5.357265e-09	-5.477082e+01	-3.399775e+02
3.400000e-07	-7.505164e-06	-5.393777e-09	-5.462826e+01	-3.447138e+02
3.500000e-07	-7.485338e-06	-5.522574e-09	-5.448396e+01	-3.490179e+02
3.600000e-07	-7.465205e-06	-5.505427e-09	-5.433741e+01	-3.528542e+02
3.700000e-07	-7.444582e-06	-5.541775e-09	-5.418730e+01	-3.561962e+02
3.800000e-07	-7.423444e-06	-5.508396e-09	-5.403345e+01	-3.590265e+02
3.900000e-07	-7.401741e-06	-5.428911e-09	-5.387547e+01	-3.613371e+02
4.000000e-07	-7.379473e-06	-5.370927e-09	-5.371339e+01	-3.631295e+02
4.100000e-07	-7.356624e-06	-5.494945e-09	-5.354708e+01	-3.644141e+02
4.200000e-07	-7.333185e-06	-5.528220e-09	-5.337647e+01	-3.652100e+02
4.300000e-07	-7.309355e-06	-5.420514e-09	-5.320302e+01	-3.655441e+02
4.400000e-07	-7.285236e-06	-5.333467e-09	-5.302746e+01	-3.654504e+02
4.500000e-07	-7.260570e-06	-5.399563e-09	-5.284792e+01	-3.649688e+02
4.600000e-07	-7.235194e-06	-5.459761e-09	-5.266321e+01	-3.641444e+02
4.700000e-07	-7.209100e-06	-5.445720e-09	-5.247328e+01	-3.630258e+02
4.800000e-07	-7.182262e-06	-5.392598e-09	-5.227794e+01	-3.616642e+02
4.900000e-07	-7.154835e-06	-5.335733e-09	-5.207830e+01	-3.601119e+02
5.000000e-07	-7.127033e-06	-5.330710e-09	-5.187594e+01	-3.584212e+02
5.100000e-07	-7.098962e-06	-5.393763e-09	-5.167162e+01	-3.566433e+02
5.200000e-07	-7.070431e-06	-5.432535e-09	-5.146395e+01	-3.548266e+02
5.300000e-07	-7.041303e-06	-5.337692e-09	-5.125193e+01	-3.530163e+02
5.400000e-07	-7.011593e-06	-5.266305e-09	-5.103568e+01	-3.512532e+02
5.500000e-07	-6.981452e-06	-5.306053e-09	-5.081629e+01	-3.495727e+02
5.600000e-07	-6.950870e-06	-5.378317e-09	-5.059369e+01	-3.480048e+02
5.700000e-07	-6.919680e-06	-5.340865e-09	-5.036667e+01	-3.465730e+02
5.800000e-07	-6.888035e-06	-5.271554e-09	-5.013633e+01	-3.452944e+02
5.900000e-07	-6.856163e-06	-5.239084e-09	-4.990434e+01	-3.441796e+02
6.000000e-07	-6.823995e-06	-5.271329e-09	-4.967020e+01	-3.432328e+02
6.100000e-07	-6.791369e-06	-5.284530e-09	-4.943272e+01	-3.424520e+02
6.200000e-07	-6.758189e-06	-5.278876e-09	-4.919121e+01	-3.418294e+02
6.300000e-07	-6.724285e-06	-5.238670e-09	-4.894444e+01	-3.413523e+02
6.400000e-07	-6.689636e-06	-5.203332e-09	-4.869224e+01	-3.410033e+02
6.500000e-07	-6.654354e-06	-5.187108e-09	-4.843543e+01	-3.407613e+02
6.600000e-07	-6.618647e-06	-5.222250e-09	-4.817552e+01	-3.406025e+02
6.700000e-07	-6.582637e-06	-5.235138e-09	-4.791341e+01	-3.405013e+02
6.800000e-07	-6.546194e-06	-5.182304e-09	-4.764815e+01	-3.404307e+02
6.900000e-07	-6.509198e-06	-5.108029e-09	-4.737887e+01	-3.403640e+02
7.000000e-07	-6.471740e-06	-5.115830e-09	-4.710622e+01	-3.402749e+02
7.100000e-07	-6.433831e-06	-5.168199e-09	-4.683029e+01	-3.401389e+02
7.200000e-07	-6.395498e-06	-5.165653e-09	-4.655127e+01	-3.399338e+02
7.300000e-07	-6.356824e-06	-5.084384e-09	-4.626978e+01	-3.396401e+02
7.400000e-07	-6.317698e-06	-5.034321e-09	-4.598499e+01	-3.392418e+02
7.500000e-07	-6.278150e-06	-5.071871e-09	-4.569713e+01	-3.387268e+02
7.600000e-07	-6.238294e-06	-5.119153e-09	-4.540702e+01	-3.380868e+02
7.700000e-07	-6.198117e-06	-5.086269e-09	-4.511458e+01	-3.373178e+02
7.800000e-07	-6.157589e-06	-5.006502e-09	-4.481959e+01	-3.364199e+02
7.900000e-07	-6.116578e-06	-4.980909e-09	-4.452109e+01	-3.353970e+02
8.000000e-07	-6.074943e-06	-5.019632e-09	-4.421803e+01	-3.342570e+02
8.100000e-07	-6.032522e-06	-5.043415e-09	-4.390926e+01	-3.330106e+02
8.200000e-07	-5.989368e-06	-4.992985e-09	-4.359515e+01	-3.316717e+02
8.300000e-07	-5.945761e-06	-4.927602e-09	-4.327774e+01	-3.302562e+02
8.400000e-07	-5.901850e-06	-4.914973e-09	-4.295813e+01	-3.287819e+02
8.500000e-07	-5.857640e-06	-4.953981e-09	-4.263634e+01	-3.272673e+02
8.600000e-07	-5.813052e-06	-4.958982e-09	-4.231179e+01	-3.257313e+02
8.700000e-07	-5.768012e-06	-4.907720e-09	-4.198395e+01	-3.241928e+02
8.800000e-07	-5.722532e-06	-4.847065e-09	-4.165292e+01	-3.226694e+02
8.900000e-07	-5.676700e-06	-4.844688e-09	-4.131932e+01	-3.211774e+02
9.000000e-07	-5.630596e-06	-4.871723e-09	-4.098374e+01	-3.197311e+02
9.100000e-07	-5.584131e-06	-4.865481e-09	-4.064553e+01	-3.183423e+02
9.200000e-07	-5.537110e-06	-4.806187e-09	-4.030328e+01	-3.170202e+02
9.300000e-07	-5.489716e-06	-4.760278e-09	-3.995831e+01	-3.157709e+02
9.400000e-07	-5.442059e-06	-4.765417e-09	-3.961142e+01	-3.145974e+02
9.500000e-07	-5.393946e-06	-4.789496e-09	-3.926122e+01	-3.134997e+02
9.600000e-07	-5.345409e-06	-4.770488e-09	-3.890793e+01	-3.124747e+02
9.700000e-07	-5.296540e-06	-4.710525e-09	-3.855223e+01	-3.115163e+02
9.800000e-07	-5.247149e-06	-4.673039e-09	-3.819272e+01	-3.106161e+02
9.900000e-07	-5.197053e-06	-4.688064e-09	-3.782808e+01	-3.097631e+02
1.000000e-06	-5.146436e-06	-4.703217e-09	-3.745966e+01	-3.089447e+02
1.010000e-06	-5.095241e-06	-4.668607e-09	-3.708702e+01	-3.081469e+02
1.020000e-06	-5.043566e-06	-4.606951e-09	-3.671089e+01	-3.073549e+02
1.030000e-06	-4.991628e-06	-4.583940e-09	-3.633284e+01	-3.065533e+02
1.040000e-06	-4.939322e-06	-4.602731e-09	-3.595212e+01	-3.057272e+02
1.050000e-06	-4.886653e-06	-4.603681e-09	-3.556876e+01	-3.048621e+02
1.060000e-06	-4.833647e-06	-4.556780e-09	-3.518294e+01	-3.039446e+02
1.070000e-06	-4.780265e-06	-4.509184e-09	-3.479439e+01	-3.029632e+02
1.080000e-06	-4.726490e-06	-4.509203e-09	-3.440297e+01	-3.019078e+02
1.090000e-06	-4.672379e-06	-4.522535e-09	-3.400911e+01	-3.007708e+02
1.100000e-06	-4.617958e-06	-4.502339e-09	-3.361300e+01	-2.995470e+02
1.110000e-06	-4.563285e-06	-4.453003e-09	-3.321504e+01	-2.982334e+02
1.120000e-06	-4.508330e-06	-4.416681e-09	-3.281504e+01	-2.968299e+02
1.130000e-06	-4.453006e-06	-4.409973e-09	-3.241234e+01	-2.953385e+02
1.140000e-06	-4.397332e-06	-4.405387e-09	-3.200711e+01	-2.937639e+02
1.150000e-06	-4.341446e-06	-4.374109e-09	-3.160033e+01	-2.921127e+02
1.160000e-06	-4.285408e-06	-4.330289e-09	-3.119244e+01	-2.903933e+02
1.170000e-06	-4.229220e-06	-4.299405e-09	-3.078346e+01	-2.886158e+02
1.180000e-06	-4.172768e-06	-4.291614e-09	-3.037256e+01	-2.867914e+02
1.190000e-06	-4.116043e-06	-4.284328e-09	-2.995968e+01	-2.849319e+02
1.200000e-06	-4.059005e-06	-4.255783e-09	-2.954451e+01	-2.830494e+02
1.210000e-06	-4.001444e-06	-4.214316e-09	-2.912554e+01	-2.811559e+02
1.220000e-06	-3.943486e-06	-4.185335e-09	-2.870368e+01	-2.792629e+02
1.230000e-06	-3.885042e-06	-4.170755e-09	-2.827827e+01	-2.773809e+02
1.240000e-06	-3.826039e-06	-4.154639e-09	-2.784880e+01	-2.755189e+02
1.250000e-06	-3.766728e-06	-4.120243e-09	-2.741710e+01	-2.736847e+02
1.260000e-06	-3.707141e-06	-4.081148e-09	-2.698337e+01	-2.718839e+02
1.270000e-06	-3.647331e-06	-4.060263e-09	-2.654803e+01	-2.701201e+02
1.280000e-06	-3.587385e-06	-4.053472e-09	-2.611171e+01	-2.683951e+02
1.290000e-06	-3.527294e-06	-4.038577e-09	-2.567432e+01	-2.667082e+02
1.300000e-06	-3.467080e-06	-4.001312e-09	-2.523603e+01	-2.650568e+02
1.310000e-06	-3.406677e-06	-3.955673e-09	-2.479637e+01	-2.634361e+02
1.320000e-06	-3.346053e-06	-3.924473e-09	-2.435511e+01	-2.618398e+02
1.330000e-06	-3.285205e-06	-3.908325e-09	-2.391221e+01	-2.602598e+02
1.340000e-06	-3.224141e-06	-3.881096e-09	-2.346774e+01	-2.586867e+02
1.350000e-06	-3.162801e-06	-3.837412e-09	-2.302126e+01	-2.571104e+02
1.360000e-06	-3.101118e-06	-3.801297e-09	-2.257228e+01	-2.555201e+02
1.370000e-06	-3.039247e-06	-3.786893e-09	-2.212194e+01	-2.539048e+02
1.380000e-06	-2.977236e-06	-3.775807e-09	-2.167058e+01	-2.522536e+02
1.390000e-06	-2.915067e-06	-3.747488e-09	-2.121807e+01	-2.505563e+02
1.400000e-06	-2.852721e-06	-3.704642e-09	-2.076427e+01	-2.488033e+02
1.410000e-06	-2.790285e-06	-3.665869e-09	-2.030981e+01	-2.469866e+02
1.420000e-06	-2.727705e-06	-3.639340e-09	-1.985430e+01	-2.450994e+02
1.430000e-06	-2.664873e-06	-3.613553e-09	-1.939696e+01	-2.431365e+02
1.440000e-06	-2.601801e-06	-3.575626e-09	-1.893787e+01	-2.410945e+02
1.450000e-06	-2.538455e-06	-3.532800e-09	-1.847680e+01	-2.389722e+02
1.460000e-06	-2.474869e-06	-3.500234e-09	-1.801397e+01	-2.367699e+02
1.470000e-06	-2.411132e-06	-3.477095e-09	-1.755004e+01	-2.344901e+02
1.480000e-06	-2.347339e-06	-3.453924e-09	-1.708571e+01	-2.321367e+02
1.490000e-06	-2.283422e-06	-3.418135e-09	-1.662047e+01	-2.297155e+02
1.500000e-06	-2.219400e-06	-3.380554e-09	-1.615448e+01	-2.272335e+02
1.510000e-06	-2.155320e-06	-3.345033e-09	-1.568805e+01	-2.246988e+02
1.520000e-06	-2.091175e-06	-3.312864e-09	-1.522115e+01	-2.221203e+02
1.530000e-06	-2.026907e-06	-3.278541e-09	-1.475337e+01	-2.195073e+02
1.540000e-06	-1.962540e-06	-3.232972e-09	-1.428485e+01	-2.168692e+02
1.550000e-06	-1.898101e-06	-3.185869e-09	-1.381582e+01	-2.142153e+02
1.560000e-06	-1.833520e-06	-3.146579e-09	-1.334574e+01	-2.115542e+02
1.570000e-06	-1.768847e-06	-3.119704e-09	-1.287501e+01	-2.088938e+02
1.580000e-06	-1.704021e-06	-3.091589e-09	-1.240315e+01	-2.062406e+02
1.590000e-06	-1.639043e-06	-3.056198e-09	-1.193019e+01	-2.036000e+02
1.600000e-06	-1.573976e-06	-3.014089e-09	-1.145659e+01	-2.009758e+02
1.610000e-06	-1.508711e-06	-2.972797e-09	-1.098154e+01	-1.983698e+02
1.620000e-06	-1.443272e-06	-2.934882e-09	-1.050522e+01	-1.957826e+02
1.630000e-06	-1.377686e-06	-2.896402e-09	-1.002784e+01	-1.932124e+02
1.640000e-06	-1.311870e-06	-2.850930e-09	-9.548786e+00	-1.906563e+02
1.650000e-06	-1.245955e-06	-2.806086e-09	-9.069004e+00	-1.881094e+02
1.660000e-06	-1.179827e-06	-2.765845e-09	-8.587676e+00	-1.855655e+02
1.670000e-06	-1.113435e-06	-2.728720e-09	-8.104423e+00	-1.830172e+02
1.680000e-06	-1.047008e-06	-2.693308e-09	-7.620914e+00	-1.804560e+02
1.690000e-06	-9.804587e-07	-2.649663e-09	-7.136520e+00	-1.778730e+02
1.700000e-06	-9.138106e-07	-2.603190e-09	-6.651405e+00	-1.752587e+02
1.710000e-06	-8.470862e-07	-2.559618e-09	-6.165734e+00	-1.726036e+02
1.720000e-06	-7.803151e-07	-2.518737e-09	-5.679724e+00	-1.698985e+02
1.730000e-06	-7.135368e-07	-2.469058e-09	-5.193661e+00	-1.671347e+02
1.740000e-06	-6.465692e-07	-2.413371e-09	-4.706220e+00	-1.643045e+02
1.750000e-06	-5.794873e-07	-2.364777e-09	-4.217947e+00	-1.614012e+02
1.760000e-06	-5.124397e-07	-2.323011e-09	-3.729924e+00	-1.584193e+02
1.770000e-06	-4.454520e-07	-2.281013e-09	-3.242336e+00	-1.553551e+02
1.780000e-06	-3.783842e-07	-2.237088e-09	-2.754166e+00	-1.522062e+02
1.790000e-06	-3.111453e-07	-2.187751e-09	-2.264751e+00	-1.489720e+02
1.800000e-06	-2.438836e-07	-2.139325e-09	-1.775169e+00	-1.456534e+02
1.810000e-06	-1.766735e-07	-2.091899e-09	-1.285963e+00	-1.422531e+02
1.820000e-06	-1.094239e-07	-2.044551e-09	-7.964699e-01	-1.387750e+02
1.830000e-06	-4.217082e-08	-1.992069e-09	-3.069511e-01	-1.352246e+02
1.840000e-06	2.492634e-08	-1.936098e-09	1.814327e-01	-1.316083e+02
1.850000e-06	9.194376e-08	-1.884391e-09	6.692363e-01	-1.279332e+02
1.860000e-06	1.590303e-07	-1.836707e-09	1.157543e+00	-1.242073e+02
1.870000e-06	2.260979e-07	-1.789858e-09	1.645711e+00	-1.204387e+02
1.880000e-06	2.931680e-07	-1.738983e-09	2.133898e+00	-1.166355e+02
1.890000e-06	3.602158e-07	-1.686704e-09	2.621923e+00	-1.128053e+02
1.900000e-06	4.272286e-07	-1.633942e-09	3.109693e+00	-1.089553e+02
1.910000e-06	4.943056e-07	-1.580998e-09	3.597930e+00	-1.050919e+02
1.920000e-06	5.613657e-07	-1.524142e-09	4.086044e+00	-1.012200e+02
1.930000e-06	6.282671e-07	-1.465634e-09	4.573003e+00	-9.734365e+01
1.940000e-06	6.950211e-07	-1.406624e-09	5.058889e+00	-9.346524e+01
1.950000e-06	7.617426e-07	-1.346090e-09	5.544539e+00	-8.958570e+01
1.960000e-06	8.284696e-07	-1.287484e-09	6.030228e+00	-8.570444e+01
1.970000e-06	8.950030e-07	-1.231459e-09	6.514509e+00	-8.181936e+01
1.980000e-06	9.613572e-07	-1.174985e-09	6.997485e+00	-7.792693e+01
1.990000e-06	1.027733e-06	-1.118407e-09	7.480619e+00	-7.402237e+01
2.000000e-06	1.093900e-06	-1.061999e-09	7.962235e+00	-7.009980e+01
2.010000e-06	1.159886e-06	-1.002468e-09	8.442528e+00	-6.615250e+01
2.020000e-06	1.225871e-06	-9.377035e-10	8.922815e+00	-6.217318e+01
2.030000e-06	1.291724e-06	-8.688532e-10	9.402142e+00	-5.815427e+01
2.040000e-06	1.357456e-06	-8.037481e-10	9.880593e+00	-5.408824e+01
2.050000e-06	1.423005e-06	-7.412452e-10	1.035771e+01	-4.996790e+01
2.060000e-06	1.488326e-06	-6.760155e-10	1.083316e+01	-4.578674e+01
2.070000e-06	1.553503e-06	-6.103465e-10	1.130757e+01	-4.153923e+01
2.080000e-06	1.618600e-06	-5.461646e-10	1.178140e+01	-3.722105e+01
2.090000e-06	1.683568e-06	-4.845979e-10	1.225428e+01	-3.282939e+01
2.100000e-06	1.748332e-06	-4.220296e-10	1.272568e+01	-2.836307e+01
2.110000e-06	1.812965e-06	-3.536711e-10	1.319613e+01	-2.382273e+01
2.120000e-06	1.877423e-06	-2.817644e-10	1.366531e+01	-1.921088e+01
2.130000e-06	1.941781e-06	-2.108000e-10	1.413375e+01	-1.453194e+01
2.140000e-06	2.006006e-06	-1.411376e-10	1.460123e+01	-9.792209e+00
2.150000e-06	2.070135e-06	-7.404204e-11	1.506801e+01	-4.999738e+00
2.160000e-06	2.134226e-06	-4.512260e-12	1.553451e+01	-1.641909e-01
2.170000e-06	2.198221e-06	6.738338e-11	1.600032e+01	4.703369e+00
2.180000e-06	2.262157e-06	1.383047e-10	1.646569e+01	9.590739e+00
2.190000e-06	2.325943e-06	2.061819e-10	1.692998e+01	1.448487e+01
2.200000e-06	2.389578e-06	2.741523e-10	1.739316e+01	1.937220e+01
2.210000e-06	2.453055e-06	3.461732e-10	1.785519e+01	2.423898e+01
2.220000e-06	2.516330e-06	4.217224e-10	1.831575e+01	2.907164e+01
2.230000e-06	2.579406e-06	4.920569e-10	1.877487e+01	3.385714e+01
2.240000e-06	2.642236e-06	5.567714e-10	1.923219e+01	3.858330e+01
2.250000e-06	2.704804e-06	6.217895e-10	1.968761e+01	4.323909e+01
2.260000e-06	2.767282e-06	6.860585e-10	2.014237e+01	4.781491e+01
2.270000e-06	2.829652e-06	7.469838e-10	2.059635e+01	5.230284e+01
2.280000e-06	2.891832e-06	8.094401e-10	2.104894e+01	5.669680e+01
2.290000e-06	2.953875e-06	8.713203e-10	2.150054e+01	6.099263e+01
2.300000e-06	3.015793e-06	9.308516e-10	2.195123e+01	6.518821e+01
2.310000e-06	3.077500e-06	9.908154e-10	2.240037e+01	6.928341e+01
2.320000e-06	3.138963e-06	1.052487e-09	2.284775e+01	7.328003e+01
2.330000e-06	3.200150e-06	1.113522e-09	2.329311e+01	7.718166e+01
2.340000e-06	3.261031e-06	1.167910e-09	2.373625e+01	8.099352e+01
2.350000e-06	3.321665e-06	1.222693e-09	2.417759e+01	8.472219e+01
2.360000e-06	3.382096e-06	1.279937e-09	2.461745e+01	8.837534e+01
2.370000e-06	3.442376e-06	1.334663e-09	2.505622e+01	9.196144e+01
2.380000e-06	3.502489e-06	1.384550e-09	2.549376e+01	9.548942e+01
2.390000e-06	3.562430e-06	1.437044e-09	2.593006e+01	9.896828e+01
2.400000e-06	3.622240e-06	1.493142e-09	2.636540e+01	1.024068e+02
2.410000e-06	3.681913e-06	1.548614e-09	2.679975e+01	1.058133e+02
2.420000e-06	3.741314e-06	1.601218e-09	2.723212e+01	1.091950e+02
2.430000e-06	3.800380e-06	1.652836e-09	2.766204e+01	1.125582e+02
2.440000e-06	3.859114e-06	1.702509e-09	2.808955e+01	1.159076e+02
2.450000e-06	3.917446e-06	1.752875e-09	2.851413e+01	1.192467e+02
2.460000e-06	3.975353e-06	1.800237e-09	2.893563e+01	1.225769e+02
2.470000e-06	4.032803e-06	1.844368e-09	2.935379e+01	1.258981e+02
2.480000e-06	4.089759e-06	1.886985e-09	2.976836e+01	1.292084e+02
2.490000e-06	4.146386e-06	1.930909e-09	3.018054e+01	1.325043e+02
2.500000e-06	4.202748e-06	1.977804e-09	3.059078e+01	1.357807e+02
2.510000e-06	4.258846e-06	2.023854e-09	3.099911e+01	1.390311e+02
2.520000e-06	4.314772e-06	2.069057e-09	3.140618e+01	1.422478e+02
2.530000e-06	4.370465e-06	2.114147e-09	3.181155e+01	1.454223e+02
2.540000e-06	4.425753e-06	2.157374e-09	3.221398e+01	1.485457e+02
2.550000e-06	4.480717e-06	2.196883e-09	3.261405e+01	1.516086e+02
2.560000e-06	4.535395e-06	2.234626e-09	3.301204e+01	1.546019e+02
2.570000e-06	4.589778e-06	2.273271e-09	3.340788e+01	1.575168e+02
2.580000e-06	4.643929e-06	2.311087e-09	3.380203e+01	1.603454e+02
2.590000e-06	4.697822e-06	2.345743e-09	3.419430e+01	1.630808e+02
2.600000e-06	4.751434e-06	2.380593e-09	3.458453e+01	1.657175e+02
2.610000e-06	4.804715e-06	2.418186e-09	3.497235e+01	1.682516e+02
2.620000e-06	4.857560e-06	2.457165e-09	3.535700e+01	1.706807e+02
2.630000e-06	4.909985e-06	2.495149e-09	3.573859e+01	1.730046e+02
2.640000e-06	4.962076e-06	2.530537e-09	3.611775e+01	1.752247e+02
2.650000e-06	5.013744e-06	2.563865e-09	3.649382e+01	1.773446e+02
2.660000e-06	5.065023e-06	2.596410e-09	3.686707e+01	1.793693e+02
2.670000e-06	5.115796e-06	2.627125e-09	3.723664e+01	1.813058e+02
2.680000e-06	5.165940e-06	2.655828e-09	3.760162e+01	1.831625e+02
2.690000e-06	5.215483e-06	2.683414e-09	3.796223e+01	1.849489e+02
2.700000e-06	5.264449e-06	2.714713e-09	3.831864e+01	1.866755e+02
2.710000e-06	5.312957e-06	2.749047e-09	3.867172e+01	1.883533e+02
2.720000e-06	5.361095e-06	2.782220e-09	3.902211e+01	1.899936e+02
2.730000e-06	5.408960e-06	2.812870e-09	3.937050e+01	1.916077e+02
2.740000e-06	5.456566e-06	2.843393e-09	3.971701e+01	1.932061e+02
2.750000e-06	5.503750e-06	2.870797e-09	4.006046e+01	1.947987e+02
2.760000e-06	5.550465e-06	2.895614e-09	4.040048e+01	1.963941e+02
2.770000e-06	5.596799e-06	2.919832e-09	4.073774e+01	1.979995e+02
2.780000e-06	5.642792e-06	2.943438e-09	4.107251e+01	1.996205e+02
2.790000e-06	5.688412e-06	2.969439e-09	4.140457e+01	2.012607e+02
2.800000e-06	5.733587e-06	2.996462e-09	4.173338e+01	2.029217e+02
2.810000e-06	5.778323e-06	3.022215e-09	4.205901e+01	2.046031e+02
2.820000e-06	5.822711e-06	3.047294e-09	4.238209e+01	2.063026e+02
2.830000e-06	5.866801e-06	3.070579e-09	4.270302e+01	2.080158e+02
2.840000e-06	5.910660e-06	3.093375e-09	4.302226e+01	2.097365e+02
2.850000e-06	5.954285e-06	3.113722e-09	4.333979e+01	2.114571e+02
2.860000e-06	5.997516e-06	3.135586e-09	4.365446e+01	2.131686e+02
2.870000e-06	6.040269e-06	3.159432e-09	4.396565e+01	2.148610e+02
2.880000e-06	6.082409e-06	3.181627e-09	4.427237e+01	2.165237e+02
2.890000e-06	6.123828e-06	3.203374e-09	4.457386e+01	2.181459e+02
2.900000e-06	6.164588e-06	3.226881e-09	4.487053e+01	2.197171e+02
2.910000e-06	6.204868e-06	3.250350e-09	4.516373e+01	2.212271e+02
2.920000e-06	6.244804e-06	3.272348e-09	4.545441e+01	2.226669e+02
2.930000e-06	6.284341e-06	3.292056e-09	4.574219e+01	2.240285e+02
2.940000e-06	6.323450e-06	3.309511e-09	4.602685e+01	2.253057e+02
2.950000e-06	6.362220e-06	3.327341e-09	4.630905e+01	2.264941e+02
2.960000e-06	6.400627e-06	3.342575e-09	4.658861e+01	2.275914e+02
2.970000e-06	6.438575e-06	3.358275e-09	4.686482e+01	2.285974e+02
2.980000e-06	6.476007e-06	3.375871e-09	4.713728e+01	2.295140e+02
2.990000e-06	6.512951e-06	3.395190e-09	4.740618e+01	2.303456e+02
3.000000e-06	6.549447e-06	3.412954e-09	4.767183e+01	2.310986e+02
3.010000e-06	6.585567e-06	3.427630e-09	4.793474e+01	2.317812e+02
3.020000e-06	6.621486e-06	3.442482e-09	4.819619e+01	2.324034e+02
3.030000e-06	6.657137e-06	3.460352e-09	4.845568e+01	2.329766e+02
3.040000e-06	6.692330e-06	3.477892e-09	4.871184e+01	2.335131e+02
3.050000e-06	6.726801e-06	3.490763e-09	4.896275e+01	2.340259e+02
3.060000e-06	6.760431e-06	3.503029e-09	4.920753e+01	2.345283e+02
3.070000e-06	6.793425e-06	3.521006e-09	4.944769e+01	2.350331e+02
3.080000e-06	6.825836e-06	3.537607e-09	4.968360e+01	2.355526e+02
3.090000e-06	6.857815e-06	3.549297e-09	4.991636e+01	2.360979e+02
3.100000e-06	6.889475e-06	3.560152e-09	5.014682e+01	2.366786e+02
3.110000e-06	6.920756e-06	3.573422e-09	5.037450e+01	2.373024e+02
3.120000e-06	6.951661e-06	3.586811e-09	5.059945e+01	2.379748e+02
3.130000e-06	6.982055e-06	3.598815e-09	5.082068e+01	2.386991e+02
3.140000e-06	7.011892e-06	3.609301e-09	5.103785e+01	2.394759e+02
3.150000e-06	7.041257e-06	3.620069e-09	5.125159e+01	2.403032e+02
3.160000e-06	7.070212e-06	3.633793e-09	5.146235e+01	2.411766e+02
3.170000e-06	7.098699e-06	3.646519e-09	5.166970e+01	2.420891e+02
3.180000e-06	7.126742e-06	3.657479e-09	5.187382e+01	2.430315e+02
3.190000e-06	7.154445e-06	3.667543e-09	5.207547e+01	2.439925e+02
3.200000e-06	7.181810e-06	3.677383e-09	5.227465e+01	2.449596e+02
3.210000e-06	7.208588e-06	3.685616e-09	5.246956e+01	2.459186e+02
3.220000e-06	7.234439e-06	3.695408e-09	5.265772e+01	2.468550e+02
3.230000e-06	7.259427e-06	3.703923e-09	5.283960e+01	2.477538e+02
3.240000e-06	7.283851e-06	3.714802e-09	5.301738e+01	2.486004e+02
3.250000e-06	7.307864e-06	3.726583e-09	5.319216e+01	2.493812e+02
3.260000e-06	7.331430e-06	3.736793e-09	5.336369e+01	2.500836e+02
3.270000e-06	7.354537e-06	3.745281e-09	5.353189e+01	2.506971e+02
3.280000e-06	7.377122e-06	3.751297e-09	5.369628e+01	2.512133e+02
3.290000e-06	7.399263e-06	3.759421e-09	5.385743e+01	2.516265e+02
3.300000e-06	7.420902e-06	3.769271e-09	5.401494e+01	2.519337e+02
3.310000e-06	7.441930e-06	3.779983e-09	5.416800e+01	2.521352e+02
3.320000e-06	7.462418e-06	3.788586e-09	5.431713e+01	2.522343e+02
3.330000e-06	7.482483e-06	3.797179e-09	5.446317e+01	2.522373e+02
3.340000e-06	7.502267e-06	3.803968e-09	5.460718e+01	2.521538e+02
3.350000e-06	7.521707e-06	3.808311e-09	5.474867e+01	2.519959e+02
3.360000e-06	7.540642e-06	3.812338e-09	5.488650e+01	2.517784e+02
3.370000e-06	7.558816e-06	3.818639e-09	5.501878e+01	2.515179e+02
3.380000e-06	7.576297e-06	3.823390e-09	5.514602e+01	2.512325e+02
3.390000e-06	7.593309e-06	3.825007e-09	5.526985e+01	2.509415e+02
3.400000e-06	7.609916e-06	3.829753e-09	5.539073e+01	2.506642e+02
3.410000e-06	7.625998e-06	3.835847e-09	5.550779e+01	2.504197e+02
3.420000e-06	7.641423e-06	3.839738e-09	5.562006e+01	2.502263e+02
3.430000e-06	7.656266e-06	3.842742e-09	5.572810e+01	2.501003e+02
3.440000e-06	7.670534e-06	3.846759e-09	5.583195e+01	2.500559e+02
3.450000e-06	7.684299e-06	3.852376e-09	5.593214e+01	2.501045e+02
3.460000e-06	7.697534e-06	3.858418e-09	5.602847e+01	2.502542e+02
3.470000e-06	7.710152e-06	3.863356e-09	5.612032e+01	2.505093e+02
3.480000e-06	7.722207e-06	3.868051e-09	5.620807e+01	2.508702e+02
3.490000e-06	7.733689e-06	3.872579e-09	5.629164e+01	2.513331e+02
3.500000e-06	7.744460e-06	3.877827e-09	5.637004e+01	2.518900e+02
3.510000e-06	7.754375e-06	3.882951e-09	5.644221e+01	2.525288e+02
3.520000e-06	7.763398e-06	3.887235e-09	5.650788e+01	2.532336e+02
3.530000e-06	7.771664e-06	3.890930e-09	5.656805e+01	2.539850e+02
3.540000e-06	7.779528e-06	3.894845e-09	5.662529e+01	2.547606e+02
3.550000e-06	7.787097e-06	3.897826e-09	5.668038e+01	2.555359e+02
3.560000e-06	7.794218e-06	3.901750e-09	5.673221e+01	2.562845e+02
3.570000e-06	7.800779e-06	3.904540e-09	5.677997e+01	2.569793e+02
3.580000e-06	7.806765e-06	3.906208e-09	5.682354e+01	2.575934e+02
3.590000e-06	7.812246e-06	3.906209e-09	5.686344e+01	2.581007e+02
3.600000e-06	7.817175e-06	3.907329e-09	5.689932e+01	2.584771e+02
3.610000e-06	7.821558e-06	3.911601e-09	5.693122e+01	2.587013e+02
3.620000e-06	7.825559e-06	3.913505e-09	5.696034e+01	2.587558e+02
3.630000e-06	7.829157e-06	3.911472e-09	5.698653e+01	2.586274e+02
3.640000e-06	7.832224e-06	3.911989e-09	5.700885e+01	2.583081e+02
3.650000e-06	7.834560e-06	3.917246e-09	5.702586e+01	2.577958e+02
3.660000e-06	7.836008e-06	3.919023e-09	5.703640e+01	2.570944e+02
3.670000e-06	7.836614e-06	3.916102e-09	5.704080e+01	2.562145e+02
3.680000e-06	7.836709e-06	3.912994e-09	5.704150e+01	2.551731e+02
3.690000e-06	7.836498e-06	3.915721e-09	5.703996e+01	2.539937e+02
3.700000e-06	7.835881e-06	3.920775e-09	5.703547e+01	2.527064e+02
3.710000e-06	7.834750e-06	3.925096e-09	5.702724e+01	2.513467e+02
3.720000e-06	7.833042e-06	3.922683e-09	5.701480e+01	2.499556e+02
3.730000e-06	7.830881e-06	3.919734e-09	5.699907e+01	2.485787e+02
3.740000e-06	7.828236e-06	3.918972e-09	5.697982e+01	2.472648e+02
3.750000e-06	7.825067e-06	3.912122e-09	5.695676e+01	2.460653e+02
3.760000e-06	7.821512e-06	3.880622e-09	5.693088e+01	2.450332e+02
3.770000e-06	7.817614e-06	3.872924e-09	5.690251e+01	2.442214e+02
3.780000e-06	7.813186e-06	3.880350e-09	5.687028e+01	2.436816e+02
3.790000e-06	7.807785e-06	3.940979e-09	5.683097e+01	2.434632e+02
3.800000e-06	7.801064e-06	3.885235e-09	5.678205e+01	2.436119e+02
3.810000e-06	7.793382e-06	3.801758e-09	5.672613e+01	2.441685e+02
3.820000e-06	7.785426e-06	3.706645e-09	5.666822e+01	2.451677e+02
3.830000e-06	7.777375e-06	3.858159e-09	5.660962e+01	2.466372e+02
3.840000e-06	7.768858e-06	3.970424e-09	5.654762e+01	2.485968e+02
3.850000e-06	7.759655e-06	3.862633e-09	5.648064e+01	2.510579e+02
3.860000e-06	7.750222e-06	3.758674e-09	5.641198e+01	2.540225e+02
3.870000e-06	7.740709e-06	3.763961e-09	5.634274e+01	2.574835e+02
3.880000e-06	7.730481e-06	4.013372e-09	5.626829e+01	2.614243e+02
3.890000e-06	7.719324e-06	4.046298e-09	5.618708e+01	2.658188e+02
3.900000e-06	7.707740e-06	3.910205e-09	5.610277e+01	2.706322e+02
3.910000e-06	7.695853e-06	3.715847e-09	5.601624e+01	2.758212e+02
3.920000e-06	7.683186e-06	3.850885e-09	5.592404e+01	2.813347e+02
3.930000e-06	7.669414e-06	4.210028e-09	5.582380e+01	2.871154e+02
3.940000e-06	7.654976e-06	4.372696e-09	5.571871e+01	2.930999e+02
3.950000e-06	7.640065e-06	4.407735e-09	5.561018e+01	2.992211e+02
3.960000e-06	7.624363e-06	4.634139e-09	5.549588e+01	3.054084e+02
3.970000e-06	7.608059e-06	4.885031e-09	5.537721e+01	3.115901e+02
3.980000e-06	7.591332e-06	4.889757e-09	5.525546e+01	3.176944e+02
3.990000e-06	7.574205e-06	4.921503e-09	5.513080e+01	3.236506e+02
4.000000e-06	7.556541e-06	5.298029e-09	5.500223e+01	3.293913e+02
4.010000e-06	7.538311e-06	5.396750e-09	5.486953e+01	3.348529e+02
4.020000e-06	7.519600e-06	5.309911e-09	5.473334e+01	3.399775e+02
4.030000e-06	7.500394e-06	5.329094e-09	5.459354e+01	3.447138e+02
4.040000e-06	7.480704e-06	5.527826e-09	5.445023e+01	3.490179e+02
4.050000e-06	7.460625e-06	5.590227e-09	5.430407e+01	3.528542e+02
4.060000e-06	7.440166e-06	5.447537e-09	5.415516e+01	3.561962e+02
4.070000e-06	7.419127e-06	5.471857e-09	5.400202e+01	3.590265e+02
4.080000e-06	7.397209e-06	5.618980e-09	5.384249e+01	3.613371e+02
4.090000e-06	7.374423e-06	5.577689e-09	5.367663e+01	3.631295e+02
4.100000e-06	7.351038e-06	5.352736e-09	5.350642e+01	3.644141e+02
4.110000e-06	7.327228e-06	5.462429e-09	5.333311e+01	3.652100e+02
4.120000e-06	7.302950e-06	5.587516e-09	5.315639e+01	3.655441e+02
4.130000e-06	7.278191e-06	5.506961e-09	5.297618e+01	3.654504e+02
4.140000e-06	7.253033e-06	5.392695e-09	5.279306e+01	3.649688e+02
4.150000e-06	7.227426e-06	5.447140e-09	5.260668e+01	3.641444e+02
4.160000e-06	7.201291e-06	5.460124e-09	5.241644e+01	3.630258e+02
4.170000e-06	7.174595e-06	5.463288e-09	5.222213e+01	3.616642e+02
4.180000e-06	7.147376e-06	5.461970e-09	5.202401e+01	3.601119e+02
4.190000e-06	7.119668e-06	5.441887e-09	5.182233e+01	3.584212e+02
4.200000e-06	7.091578e-06	5.372462e-09	5.161787e+01	3.566433e+02
4.210000e-06	7.063201e-06	5.392137e-09	5.141132e+01	3.548266e+02
4.220000e-06	7.034311e-06	5.462276e-09	5.120104e+01	3.530163e+02
4.230000e-06	7.004612e-06	5.445577e-09	5.098487e+01	3.512532e+02
4.240000e-06	6.974177e-06	5.342886e-09	5.076334e+01	3.495727e+02
4.250000e-06	6.943013e-06	5.339069e-09	5.053650e+01	3.480048e+02
4.260000e-06	6.911216e-06	5.389385e-09	5.030506e+01	3.465730e+02
4.270000e-06	6.879065e-06	5.378444e-09	5.007104e+01	3.452944e+02
4.280000e-06	6.846630e-06	5.342223e-09	4.983495e+01	3.441796e+02
4.290000e-06	6.813825e-06	5.329005e-09	4.959617e+01	3.432328e+02
4.300000e-06	6.780516e-06	5.317521e-09	4.935372e+01	3.424520e+02
4.310000e-06	6.746734e-06	5.284225e-09	4.910783e+01	3.418294e+02
4.320000e-06	6.712593e-06	5.297494e-09	4.885933e+01	3.413523e+02
4.330000e-06	6.677986e-06	5.335522e-09	4.860744e+01	3.410033e+02
4.340000e-06	6.642787e-06	5.296110e-09	4.835123e+01	3.407613e+02
4.350000e-06	6.607113e-06	5.202501e-09	4.809157e+01	3.406025e+02
4.360000e-06	6.571061e-06	5.225756e-09	4.782915e+01	3.405013e+02
4.370000e-06	6.534664e-06	5.305419e-09	4.756423e+01	3.404307e+02
4.380000e-06	6.497933e-06	5.294121e-09	4.729688e+01	3.403640e+02
4.390000e-06	6.460733e-06	5.179023e-09	4.702610e+01	3.402749e+02
4.400000e-06	6.422862e-06	5.141085e-09	4.675045e+01	3.401389e+02
4.410000e-06	6.384270e-06	5.214170e-09	4.646955e+01	3.399338e+02
4.420000e-06	6.344953e-06	5.265615e-09	4.618337e+01	3.396401e+02
4.430000e-06	6.305120e-06	5.190285e-09	4.589344e+01	3.392418e+02
4.440000e-06	6.264970e-06	5.109399e-09	4.560119e+01	3.387268e+02
4.450000e-06	6.224507e-06	5.117045e-09	4.530668e+01	3.380868e+02
4.460000e-06	6.183729e-06	5.180585e-09	4.500986e+01	3.373178e+02
4.470000e-06	6.142541e-06	5.181395e-09	4.471006e+01	3.364199e+02
4.480000e-06	6.100890e-06	5.115163e-09	4.440689e+01	3.353970e+02
4.490000e-06	6.058847e-06	5.055370e-09	4.410088e+01	3.342570e+02
4.500000e-06	6.016410e-06	5.065409e-09	4.379198e+01	3.330106e+02
4.510000e-06	5.973595e-06	5.103725e-09	4.348034e+01	3.316717e+02
4.520000e-06	5.930402e-06	5.102902e-09	4.316596e+01	3.302562e+02
4.530000e-06	5.886683e-06	5.040456e-09	4.284774e+01	3.287819e+02
4.540000e-06	5.842548e-06	4.985583e-09	4.252649e+01	3.272673e+02
4.550000e-06	5.798188e-06	4.997626e-09	4.220360e+01	3.257313e+02
4.560000e-06	5.753627e-06	5.040615e-09	4.187925e+01	3.241928e+02
4.570000e-06	5.708681e-06	5.029799e-09	4.155210e+01	3.226694e+02
4.580000e-06	5.663192e-06	4.955621e-09	4.122100e+01	3.211774e+02
4.590000e-06	5.617194e-06	4.906754e-09	4.088619e+01	3.197311e+02
4.600000e-06	5.570796e-06	4.927126e-09	4.054847e+01	3.183423e+02
4.610000e-06	5.524017e-06	4.966006e-09	4.020798e+01	3.170202e+02
4.620000e-06	5.476922e-06	4.940060e-09	3.986518e+01	3.157709e+02
4.630000e-06	5.429463e-06	4.865815e-09	3.951974e+01	3.145974e+02
4.640000e-06	5.381512e-06	4.827327e-09	3.917072e+01	3.134997e+02
4.650000e-06	5.333141e-06	4.860812e-09	3.881863e+01	3.124747e+02
4.660000e-06	5.284320e-06	4.888275e-09	3.846328e+01	3.115163e+02
4.670000e-06	5.235079e-06	4.845495e-09	3.810487e+01	3.106161e+02
4.680000e-06	5.185396e-06	4.768600e-09	3.774324e+01	3.097631e+02
4.690000e-06	5.135288e-06	4.750675e-09	3.737851e+01	3.089447e+02
4.700000e-06	5.084886e-06	4.787561e-09	3.701165e+01	3.081469e+02
4.710000e-06	5.034167e-06	4.794266e-09	3.664248e+01	3.073549e+02
4.720000e-06	4.983048e-06	4.732377e-09	3.627039e+01	3.065533e+02
4.730000e-06	4.931509e-06	4.676124e-09	3.589525e+01	3.057272e+02
4.740000e-06	4.879566e-06	4.680521e-09	3.551717e+01	3.048621e+02
4.750000e-06	4.827262e-06	4.706733e-09	3.513646e+01	3.039446e+02
4.760000e-06	4.774674e-06	4.684401e-09	3.475369e+01	3.029632e+02
4.770000e-06	4.721714e-06	4.627801e-09	3.436821e+01	3.019078e+02
4.780000e-06	4.668242e-06	4.594114e-09	3.397900e+01	3.007708e+02
4.790000e-06	4.614321e-06	4.599625e-09	3.358652e+01	2.995470e+02
4.800000e-06	4.559748e-06	4.601383e-09	3.318929e+01	2.982334e+02
4.810000e-06	4.504617e-06	4.574098e-09	3.278801e+01	2.968299e+02
4.820000e-06	4.449197e-06	4.533611e-09	3.238463e+01	2.953385e+02
4.830000e-06	4.393440e-06	4.507553e-09	3.197878e+01	2.937639e+02
4.840000e-06	4.337387e-06	4.500481e-09	3.157078e+01	2.921127e+02
4.850000e-06	4.281046e-06	4.497723e-09	3.116069e+01	2.903933e+02
4.860000e-06	4.224549e-06	4.474473e-09	3.074946e+01	2.886158e+02
4.870000e-06	4.167865e-06	4.433595e-09	3.033688e+01	2.867914e+02
4.880000e-06	4.110833e-06	4.403570e-09	2.992176e+01	2.849319e+02
4.890000e-06	4.053465e-06	4.395178e-09	2.950419e+01	2.830494e+02
4.900000e-06	3.995865e-06	4.386225e-09	2.908493e+01	2.811559e+02
4.910000e-06	3.938015e-06	4.352791e-09	2.866385e+01	2.792629e+02
4.920000e-06	3.879870e-06	4.306105e-09	2.824063e+01	2.773809e+02
4.930000e-06	3.821419e-06	4.277035e-09	2.781518e+01	2.755189e+02
4.940000e-06	3.762768e-06	4.273221e-09	2.738827e+01	2.736847e+02
4.950000e-06	3.703914e-06	4.263545e-09	2.695989e+01	2.718839e+02
4.960000e-06	3.644831e-06	4.227916e-09	2.652984e+01	2.701201e+02
4.970000e-06	3.585523e-06	4.181234e-09	2.609815e+01	2.683951e+02
4.980000e-06	3.525826e-06	4.158404e-09	2.566363e+01	2.667082e+02
4.990000e-06	3.465833e-06	4.155153e-09	2.522696e+01	2.650568e+02
5.000000e-06	3.405673e-06	4.135745e-09	2.478906e+01	2.634361e+02
5.010000e-06	3.345325e-06	4.086852e-09	2.434981e+01	2.618398e+02
5.020000e-06	3.284851e-06	4.043374e-09	2.390963e+01	2.602598e+02
5.030000e-06	3.224303e-06	4.027079e-09	2.346892e+01	2.586867e+02
5.040000e-06	3.163493e-06	4.017630e-09	2.302629e+01	2.571104e+02
5.050000e-06	3.102423e-06	3.986171e-09	2.258178e+01	2.555201e+02
5.060000e-06	3.041081e-06	3.943079e-09	2.213529e+01	2.539048e+02
5.070000e-06	2.979389e-06	3.909593e-09	2.168625e+01	2.522536e+02
5.080000e-06	2.917476e-06	3.892632e-09	2.123560e+01	2.505563e+02
5.090000e-06	2.855347e-06	3.872611e-09	2.078338e+01	2.488033e+02
5.100000e-06	2.792968e-06	3.834793e-09	2.032933e+01	2.469866e+02
5.110000e-06	2.730206e-06	3.790123e-09	1.987250e+01	2.450994e+02
5.120000e-06	2.667081e-06	3.755601e-09	1.941304e+01	2.431365e+02
5.130000e-06	2.603666e-06	3.729877e-09	1.895145e+01	2.410945e+02
5.140000e-06	2.540017e-06	3.700174e-09	1.848816e+01	2.389722e+02
5.150000e-06	2.476218e-06	3.663430e-09	1.802379e+01	2.367699e+02
5.160000e-06	2.412241e-06	3.627150e-09	1.755812e+01	2.344901e+02
5.170000e-06	2.348087e-06	3.594374e-09	1.709115e+01	2.321367e+02
5.180000e-06	2.283790e-06	3.564641e-09	1.662315e+01	2.297155e+02
5.190000e-06	2.219376e-06	3.532402e-09	1.615430e+01	2.272335e+02
5.200000e-06	2.154891e-06	3.493424e-09	1.568493e+01	2.246988e+02
5.210000e-06	2.090327e-06	3.451772e-09	1.521498e+01	2.221203e+02
5.220000e-06	2.025740e-06	3.414183e-09	1.474487e+01	2.195073e+02
5.230000e-06	1.961123e-06	3.384417e-09	1.427454e+01	2.168692e+02
5.240000e-06	1.896343e-06	3.359143e-09	1.380302e+01	2.142153e+02
5.250000e-06	1.831402e-06	3.324271e-09	1.333033e+01	2.115542e+02
5.260000e-06	1.766297e-06	3.280760e-09	1.285644e+01	2.088938e+02
5.270000e-06	1.701071e-06	3.245285e-09	1.238168e+01	2.062406e+02
5.280000e-06	1.635818e-06	3.215005e-09	1.190672e+01	2.036000e+02
5.290000e-06	1.570448e-06	3.176576e-09	1.143091e+01	2.009758e+02
5.300000e-06	1.504976e-06	3.126795e-09	1.095435e+01	1.983698e+02
5.310000e-06	1.439411e-06	3.076995e-09	1.047712e+01	1.957826e+02
5.320000e-06	1.373634e-06	3.038304e-09	9.998351e+00	1.932124e+02
5.330000e-06	1.307739e-06	3.004997e-09	9.518715e+00	1.906563e+02
5.340000e-06	1.241765e-06	2.961661e-09	9.038505e+00	1.881094e+02
5.350000e-06	1.175674e-06	2.912023e-09	8.557442e+00	1.855655e+02
5.360000e-06	1.109461e-06	2.866545e-09	8.075495e+00	1.830172e+02
5.370000e-06	1.043146e-06	2.827466e-09	7.592805e+00	1.804560e+02
5.380000e-06	9.768271e-07	2.786783e-09	7.110087e+00	1.778730e+02
5.390000e-06	9.105064e-07	2.741453e-09	6.627355e+00	1.752587e+02
5.400000e-06	8.441179e-07	2.693354e-09	6.144129e+00	1.726036e+02
5.410000e-06	7.776936e-07	2.645864e-09	5.660643e+00	1.698985e+02
5.420000e-06	7.113012e-07	2.601510e-09	5.177388e+00	1.671347e+02
5.430000e-06	6.448462e-07	2.556658e-09	4.693679e+00	1.643045e+02
5.440000e-06	5.782555e-07	2.508575e-09	4.208981e+00	1.614012e+02
5.450000e-06	5.116466e-07	2.460817e-09	3.724151e+00	1.584193e+02
5.460000e-06	4.450750e-07	2.415433e-09	3.239593e+00	1.553551e+02
5.470000e-06	3.785120e-07	2.370038e-09	2.755097e+00	1.522062e+02
5.480000e-06	3.118956e-07	2.323169e-09	2.270212e+00	1.489720e+02
5.490000e-06	2.452481e-07	2.274029e-09	1.785101e+00	1.456534e+02
5.500000e-06	1.785847e-07	2.221874e-09	1.299874e+00	1.422531e+02
5.510000e-06	1.118862e-07	2.165757e-09	8.143921e-01	1.387750e+02
5.520000e-06	4.520582e-08	2.113657e-09	3.290421e-01	1.352246e+02
5.530000e-06	-2.145954e-08	2.062867e-09	-1.561988e-01	1.316083e+02
5.540000e-06	-8.812008e-08	2.006656e-09	-6.414046e-01	1.279332e+02
5.550000e-06	-1.547380e-07	1.947134e-09	-1.126300e+00	1.242073e+02
5.560000e-06	-2.213708e-07	1.889713e-09	-1.611304e+00	1.204387e+02
5.570000e-06	-2.879437e-07	1.836805e-09	-2.095872e+00	1.166355e+02
5.580000e-06	-3.544734e-07	1.782793e-09	-2.580126e+00	1.128053e+02
5.590000e-06	-4.210184e-07	1.721269e-09	-3.064490e+00	1.089553e+02
5.600000e-06	-4.876046e-07	1.656400e-09	-3.549155e+00	1.050919e+02
5.610000e-06	-5.542147e-07	1.596618e-09	-4.033994e+00	1.012200e+02
5.620000e-06	-6.207233e-07	1.537977e-09	-4.518094e+00	9.734365e+01
5.630000e-06	-6.872410e-07	1.474980e-09	-5.002260e+00	9.346524e+01
5.640000e-06	-7.537117e-07	1.410967e-09	-5.486084e+00	8.958570e+01
5.650000e-06	-8.200921e-07	1.349222e-09	-5.969251e+00	8.570444e+01
5.660000e-06	-8.864405e-07	1.290950e-09	-6.452185e+00	8.181936e+01
5.670000e-06	-9.527361e-07	1.233764e-09	-6.934734e+00	7.792693e+01
5.680000e-06	-1.018996e-06	1.173110e-09	-7.417023e+00	7.402237e+01
5.690000e-06	-1.085207e-06	1.108442e-09	-7.898959e+00	7.009980e+01
5.700000e-06	-1.151355e-06	1.040877e-09	-8.380435e+00	6.615250e+01
5.710000e-06	-1.217418e-06	9.752101e-10	-8.861288e+00	6.217318e+01
5.720000e-06	-1.283394e-06	9.086628e-10	-9.341516e+00	5.815427e+01
5.730000e-06	-1.349299e-06	8.356272e-10	-9.821220e+00	5.408824e+01
5.740000e-06	-1.415091e-06	7.612244e-10	-1.030010e+01	4.996790e+01
5.750000e-06	-1.480760e-06	6.906652e-10	-1.077809e+01	4.578674e+01
5.760000e-06	-1.546315e-06	6.249937e-10	-1.125525e+01	4.153923e+01
5.770000e-06	-1.611779e-06	5.589904e-10	-1.173175e+01	3.722105e+01
5.780000e-06	-1.677064e-06	4.881423e-10	-1.220694e+01	3.282939e+01
5.790000e-06	-1.742166e-06	4.140463e-10	-1.268080e+01	2.836307e+01
5.800000e-06	-1.807083e-06	3.413824e-10	-1.315331e+01	2.382273e+01
5.810000e-06	-1.871852e-06	2.702911e-10	-1.362475e+01	1.921088e+01
5.820000e-06	-1.936534e-06	1.985956e-10	-1.409556e+01	1.453194e+01
5.830000e-06	-2.001101e-06	1.213433e-10	-1.456553e+01	9.792209e+00
5.840000e-06	-2.065610e-06	4.571610e-11	-1.503507e+01	4.999738e+00
5.850000e-06	-2.130065e-06	-2.551394e-11	-1.550422e+01	1.641909e-01
5.860000e-06	-2.194389e-06	-9.418996e-11	-1.597242e+01	-4.703369e+00
5.870000e-06	-2.258657e-06	-1.636833e-10	-1.644021e+01	-9.590739e+00
5.880000e-06	-2.322893e-06	-2.378156e-10	-1.690777e+01	-1.448487e+01
5.890000e-06	-2.386965e-06	-3.119048e-10	-1.737414e+01	-1.937220e+01
5.900000e-06	-2.450899e-06	-3.841080e-10	-1.783950e+01	-2.423898e+01
5.910000e-06	-2.514706e-06	-4.553069e-10	-1.830393e+01	-2.907164e+01
5.920000e-06	-2.578329e-06	-5.292850e-10	-1.876703e+01	-3.385714e+01
5.930000e-06	-2.641712e-06	-6.051500e-10	-1.922838e+01	-3.858330e+01
5.940000e-06	-2.704783e-06	-6.786970e-10	-1.968746e+01	-4.323909e+01
5.950000e-06	-2.767577e-06	-7.468992e-10	-2.014452e+01	-4.781491e+01
5.960000e-06	-2.830013e-06	-8.127489e-10	-2.059898e+01	-5.230284e+01
5.970000e-06	-2.892096e-06	-8.786693e-10	-2.105086e+01	-5.669680e+01
5.980000e-06	-2.953871e-06	-9.471326e-10	-2.150051e+01	-6.099263e+01
5.990000e-06	-3.015399e-06	-1.013252e-09	-2.194836e+01	-6.518821e+01
6.000000e-06	-3.076706e-06	-1.078157e-09	-2.239459e+01	-6.928341e+01
6.010000e-06	-3.137712e-06	-1.147288e-09	-2.283864e+01	-7.328003e+01
6.020000e-06	-3.198518e-06	-1.218194e-09	-2.328123e+01	-7.718166e+01
6.030000e-06	-3.259149e-06	-1.283126e-09	-2.372255e+01	-8.099352e+01
6.040000e-06	-3.319568e-06	-1.346402e-09	-2.416232e+01	-8.472219e+01
6.050000e-06	-3.379791e-06	-1.408828e-09	-2.460068e+01	-8.837534e+01
6.060000e-06	-3.439812e-06	-1.471927e-09	-2.503756e+01	-9.196144e+01
6.070000e-06	-3.499644e-06	-1.532630e-09	-2.547306e+01	-9.548942e+01
6.080000e-06	-3.559259e-06	-1.591424e-09	-2.590698e+01	-9.896828e+01
6.090000e-06	-3.618604e-06	-1.648737e-09	-2.633894e+01	-1.024068e+02
6.100000e-06	-3.677683e-06	-1.706192e-09	-2.676896e+01	-1.058133e+02
6.110000e-06	-3.736476e-06	-1.764663e-09	-2.719690e+01	-1.091950e+02
6.120000e-06	-3.795060e-06	-1.821360e-09	-2.762332e+01	-1.125582e+02
6.130000e-06	-3.853491e-06	-1.876546e-09	-2.804862e+01	-1.159076e+02
6.140000e-06	-3.911711e-06	-1.931312e-09	-2.847240e+01	-1.192467e+02
6.150000e-06	-3.969634e-06	-1.987579e-09	-2.889400e+01	-1.225769e+02
6.160000e-06	-4.027220e-06	-2.040206e-09	-2.931315e+01	-1.258981e+02
6.170000e-06	-4.084360e-06	-2.089988e-09	-2.972906e+01	-1.292084e+02
6.180000e-06	-4.141122e-06	-2.138418e-09	-3.014222e+01	-1.325043e+02
6.190000e-06	-4.197681e-06	-2.185998e-09	-3.055390e+01	-1.357807e+02
6.200000e-06	-4.254083e-06	-2.235331e-09	-3.096444e+01	-1.390311e+02
6.210000e-06	-4.310300e-06	-2.285319e-09	-3.137362e+01	-1.422478e+02
6.220000e-06	-4.366237e-06	-2.332213e-09	-3.178078e+01	-1.454223e+02
6.230000e-06	-4.421979e-06	-2.378398e-09	-3.218651e+01	-1.485457e+02
6.240000e-06	-4.477476e-06	-2.421630e-09	-3.259046e+01	-1.516086e+02
6.250000e-06	-4.532392e-06	-2.462836e-09	-3.299018e+01	-1.546019e+02
6.260000e-06	-4.586650e-06	-2.503698e-09	-3.338511e+01	-1.575168e+02
6.270000e-06	-4.640391e-06	-2.546523e-09	-3.377628e+01	-1.603454e+02
6.280000e-06	-4.693708e-06	-2.585615e-09	-3.416436e+01	-1.630808e+02
6.290000e-06	-4.746627e-06	-2.622738e-09	-3.454954e+01	-1.657175e+02
6.300000e-06	-4.799169e-06	-2.660872e-09	-3.493199e+01	-1.682516e+02
6.310000e-06	-4.851358e-06	-2.701595e-09	-3.531185e+01	-1.706807e+02
6.320000e-06	-4.903154e-06	-2.742445e-09	-3.568886e+01	-1.730046e+02
6.330000e-06	-4.954564e-06	-2.779081e-09	-3.606306e+01	-1.752247e+02
6.340000e-06	-5.005560e-06	-2.810415e-09	-3.643426e+01	-1.773446e+02
6.350000e-06	-5.056210e-06	-2.843229e-09	-3.680292e+01	-1.793693e+02
6.360000e-06	-5.106516e-06	-2.877447e-09	-3.716909e+01	-1.813058e+02
6.370000e-06	-5.156447e-06	-2.908638e-09	-3.753252e+01	-1.831625e+02
6.380000e-06	-5.206069e-06	-2.938237e-09	-3.789371e+01	-1.849489e+02
6.390000e-06	-5.255083e-06	-2.966975e-09	-3.825047e+01	-1.866755e+02
6.400000e-06	-5.303565e-06	-3.000277e-09	-3.860336e+01	-1.883533e+02
6.410000e-06	-5.351562e-06	-3.032208e-09	-3.895272e+01	-1.899936e+02
6.420000e-06	-5.399057e-06	-3.063483e-09	-3.929842e+01	-1.916077e+02
6.430000e-06	-5.446331e-06	-3.092207e-09	-3.964252e+01	-1.932061e+02
6.440000e-06	-5.493241e-06	-3.120042e-09	-3.998397e+01	-1.947987e+02
6.450000e-06	-5.539786e-06	-3.147417e-09	-4.032276e+01	-1.963941e+02
6.460000e-06	-5.585978e-06	-3.172549e-09	-4.065897e+01	-1.979995e+02
6.470000e-06	-5.631683e-06	-3.193598e-09	-4.099165e+01	-1.996205e+02
6.480000e-06	-5.676951e-06	-3.213958e-09	-4.132114e+01	-2.012607e+02
6.490000e-06	-5.721739e-06	-3.237825e-09	-4.164715e+01	-2.029217e+02
6.500000e-06	-5.766140e-06	-3.264307e-09	-4.197033e+01	-2.046031e+02
6.510000e-06	-5.810344e-06	-3.287397e-09	-4.229208e+01	-2.063026e+02
6.520000e-06	-5.854418e-06	-3.308687e-09	-4.261289e+01	-2.080158e+02
6.530000e-06	-5.898163e-06	-3.329418e-09	-4.293129e+01	-2.097365e+02
6.540000e-06	-5.941467e-06	-3.350769e-09	-4.324649e+01	-2.114571e+02
6.550000e-06	-5.984394e-06	-3.371253e-09	-4.355895e+01	-2.131686e+02
6.560000e-06	-6.026904e-06	-3.389212e-09	-4.386837e+01	-2.148610e+02
6.570000e-06	-6.069102e-06	-3.406510e-09	-4.417552e+01	-2.165237e+02
6.580000e-06	-6.110870e-06	-3.423848e-09	-4.447954e+01	-2.181459e+02
6.590000e-06	-6.152068e-06	-3.443023e-09	-4.477941e+01	-2.197171e+02
6.600000e-06	-6.192821e-06	-3.462440e-09	-4.507604e+01	-2.212271e+02
6.610000e-06	-6.233269e-06	-3.479480e-09	-4.537045e+01	-2.226669e+02
6.620000e-06	-6.273437e-06	-3.493671e-09	-4.566282e+01	-2.240285e+02
6.630000e-06	-6.313297e-06	-3.510238e-09	-4.595295e+01	-2.253057e+02
6.640000e-06	-6.352734e-06	-3.530020e-09	-4.624000e+01	-2.264941e+02
6.650000e-06	-6.391607e-06	-3.548120e-09	-4.652295e+01	-2.275914e+02
6.660000e-06	-6.429827e-06	-3.560329e-09	-4.680115e+01	-2.285974e+02
6.670000e-06	-6.467349e-06	-3.572631e-09	-4.707426e+01	-2.295140e+02
6.680000e-06	-6.504279e-06	-3.589126e-09	-4.734306e+01	-2.303456e+02
6.690000e-06	-6.540717e-06	-3.605603e-09	-4.760829e+01	-2.310986e+02
6.700000e-06	-6.576827e-06	-3.617147e-09	-4.787112e+01	-2.317812e+02
6.710000e-06	-6.612732e-06	-3.628657e-09	-4.813247e+01	-2.324034e+02
6.720000e-06	-6.648170e-06	-3.643553e-09	-4.839041e+01	-2.329766e+02
6.730000e-06	-6.683086e-06	-3.659150e-09	-4.864456e+01	-2.335131e+02
6.740000e-06	-6.717555e-06	-3.669844e-09	-4.889545e+01	-2.340259e+02
6.750000e-06	-6.751503e-06	-3.678908e-09	-4.914255e+01	-2.345283e+02
6.760000e-06	-6.785007e-06	-3.688986e-09	-4.938641e+01	-2.350331e+02
6.770000e-06	-6.817991e-06	-3.698054e-09	-4.962649e+01	-2.355526e+02
6.780000e-06	-6.850520e-06	-3.707430e-09	-4.986327e+01	-2.360979e+02
6.790000e-06	-6.882769e-06	-3.717711e-09	-5.009800e+01	-2.366786e+02
6.800000e-06	-6.914685e-06	-3.727455e-09	-5.033031e+01	-2.373024e+02
6.810000e-06	-6.946148e-06	-3.735635e-09	-5.055932e+01	-2.379748e+02
6.820000e-06	-6.976931e-06	-3.742604e-09	-5.078338e+01	-2.386991e+02
6.830000e-06	-7.006850e-06	-3.751817e-09	-5.100116e+01	-2.394759e+02
6.840000e-06	-7.036038e-06	-3.759632e-09	-5.121361e+01	-2.403032e+02
6.850000e-06	-7.064644e-06	-3.766616e-09	-5.142182e+01	-2.411766e+02
6.860000e-06	-7.092849e-06	-3.772476e-09	-5.162712e+01	-2.420891e+02
6.870000e-06	-7.120725e-06	-3.779493e-09	-5.183002e+01	-2.430315e+02
6.880000e-06	-7.148178e-06	-3.785433e-09	-5.202985e+01	-2.439925e+02
6.890000e-06	-7.175153e-06	-3.790340e-09	-5.222620e+01	-2.449596e+02
6.900000e-06	-7.201620e-06	-3.798073e-09	-5.241884e+01	-2.459186e+02
6.910000e-06	-7.227590e-06	-3.805151e-09	-5.260787e+01	-2.468550e+02
6.920000e-06	-7.253001e-06	-3.815061e-09	-5.279283e+01	-2.477538e+02
6.930000e-06	-7.277807e-06	-3.824364e-09	-5.297339e+01	-2.486004e+02
6.940000e-06	-7.302208e-06	-3.829602e-09	-5.315100e+01	-2.493812e+02
6.950000e-06	-7.326371e-06	-3.832522e-09	-5.332687e+01	-2.500836e+02
6.960000e-06	-7.350182e-06	-3.834639e-09	-5.350019e+01	-2.506971e+02
6.970000e-06	-7.373449e-06	-3.835545e-09	-5.366954e+01	-2.512133e+02
6.980000e-06	-7.395999e-06	-3.836437e-09	-5.383368e+01	-2.516265e+02
6.990000e-06	-7.417657e-06	-3.840526e-09	-5.399132e+01	-2.519337e+02
7.000000e-06	-7.438539e-06	-3.844103e-09	-5.414332e+01	-2.521352e+02
7.010000e-06	-7.458953e-06	-3.844657e-09	-5.429191e+01	-2.522343e+02
7.020000e-06	-7.479024e-06	-3.849196e-09	-5.443799e+01	-2.522373e+02
7.030000e-06	-7.498690e-06	-3.857312e-09	-5.458114e+01	-2.521538e+02
7.040000e-06	-7.517807e-06	-3.863134e-09	-5.472028e+01	-2.519959e+02
7.050000e-06	-7.536398e-06	-3.864059e-09	-5.485561e+01	-2.517784e+02
7.060000e-06	-7.554502e-06	-3.862473e-09	-5.498738e+01	-2.515179e+02
7.070000e-06	-7.572100e-06	-3.863219e-09	-5.511548e+01	-2.512325e+02
7.080000e-06	-7.589250e-06	-3.864151e-09	-5.524030e+01	-2.509415e+02
7.090000e-06	-7.605957e-06	-3.863405e-09	-5.536191e+01	-2.506642e+02
7.100000e-06	-7.622261e-06	-3.864281e-09	-5.548058e+01	-2.504197e+02
7.110000e-06	-7.638228e-06	-3.865848e-09	-5.559680e+01	-2.502263e+02
7.120000e-06	-7.653558e-06	-3.867308e-09	-5.570838e+01	-2.501003e+02
7.130000e-06	-7.667949e-06	-3.869621e-09	-5.581314e+01	-2.500559e+02
7.140000e-06	-7.681332e-06	-3.872777e-09	-5.591054e+01	-2.501045e+02
7.150000e-06	-7.694007e-06	-3.873110e-09	-5.600280e+01	-2.502542e+02
7.160000e-06	-7.706288e-06	-3.869960e-09	-5.609220e+01	-2.505093e+02
7.170000e-06	-7.718012e-06	-3.867381e-09	-5.617753e+01	-2.508702e+02
7.180000e-06	-7.729074e-06	-3.866950e-09	-5.625805e+01	-2.513331e+02
7.190000e-06	-7.739624e-06	-3.866576e-09	-5.633484e+01	-2.518900e+02
7.200000e-06	-7.749662e-06	-3.865260e-09	-5.640790e+01	-2.525288e+02
7.210000e-06	-7.759150e-06	-3.862166e-09	-5.647697e+01	-2.532336e+02
7.220000e-06	-7.768092e-06	-3.859142e-09	-5.654205e+01	-2.539850e+02
7.230000e-06	-7.776609e-06	-3.859285e-09	-5.660404e+01	-2.547606e+02
7.240000e-06	-7.784772e-06	-3.857575e-09	-5.666346e+01	-2.555359e+02
7.250000e-06	-7.792446e-06	-3.857762e-09	-5.671932e+01	-2.562845e+02
7.260000e-06	-7.799440e-06	-3.857095e-09	-5.677022e+01	-2.569793e+02
7.270000e-06	-7.805651e-06	-3.854292e-09	-5.681543e+01	-2.575934e+02
7.280000e-06	-7.811124e-06	-3.850201e-09	-5.685527e+01	-2.581007e+02
7.290000e-06	-7.815931e-06	-3.847857e-09	-5.689026e+01	-2.584771e+02
7.300000e-06	-7.820263e-06	-3.844816e-09	-5.692179e+01	-2.587013e+02
7.310000e-06	-7.824248e-06	-3.839982e-09	-5.695080e+01	-2.587558e+02
7.320000e-06	-7.827762e-06	-3.835934e-09	-5.697637e+01	-2.586274e+02
7.330000e-06	-7.830689e-06	-3.833118e-09	-5.699768e+01	-2.583081e+02
7.340000e-06	-7.833180e-06	-3.832781e-09	-5.701581e+01	-2.577958e+02
7.350000e-06	-7.835221e-06	-3.832674e-09	-5.703067e+01	-2.570944e+02
7.360000e-06	-7.836594e-06	-3.830313e-09	-5.704066e+01	-2.562145e+02
7.370000e-06	-7.837413e-06	-3.823418e-09	-5.704663e+01	-2.551731e+02
