# Temperatura_=_20.0
# Concentracion g/m^3_=_12600.0
# C_Vs_to_Am_M_A/Vsm_=_65563218390.804596
# pendiente_HvsI_1/m_=_3716.3
# ordenada_HvsI_A/m_=_1297.0
# frecuencia_Hz_=_135500.91441820067

Tiempo_(s)	Campo_(V.s)	Magnetizacion_(V.s)	Campo_(kA/m)	Magnetizacion_(A/m)
0.000000e+00	-7.888984e-06	-4.422502e-09	-5.689638e+01	-2.965201e+02
1.000000e-08	-7.888989e-06	-4.414040e-09	-5.689642e+01	-2.955930e+02
2.000000e-08	-7.888594e-06	-4.409035e-09	-5.689357e+01	-2.946841e+02
3.000000e-08	-7.887624e-06	-4.407414e-09	-5.688658e+01	-2.938232e+02
4.000000e-08	-7.885829e-06	-4.403715e-09	-5.687363e+01	-2.930409e+02
5.000000e-08	-7.883071e-06	-4.401016e-09	-5.685374e+01	-2.923678e+02
6.000000e-08	-7.879613e-06	-4.401014e-09	-5.682881e+01	-2.918337e+02
7.000000e-08	-7.875762e-06	-4.402263e-09	-5.680103e+01	-2.914667e+02
8.000000e-08	-7.871597e-06	-4.408853e-09	-5.677099e+01	-2.912926e+02
9.000000e-08	-7.866934e-06	-4.413554e-09	-5.673736e+01	-2.913341e+02
1.000000e-07	-7.861489e-06	-4.428663e-09	-5.669809e+01	-2.916100e+02
1.100000e-07	-7.855056e-06	-4.431342e-09	-5.665170e+01	-2.921351e+02
1.200000e-07	-7.847783e-06	-4.464596e-09	-5.659924e+01	-2.929190e+02
1.300000e-07	-7.840108e-06	-4.465814e-09	-5.654389e+01	-2.939662e+02
1.400000e-07	-7.832205e-06	-4.493999e-09	-5.648689e+01	-2.952757e+02
1.500000e-07	-7.823988e-06	-4.407138e-09	-5.642763e+01	-2.968408e+02
1.600000e-07	-7.815395e-06	-4.383073e-09	-5.636565e+01	-2.986493e+02
1.700000e-07	-7.806446e-06	-4.432516e-09	-5.630112e+01	-3.006834e+02
1.800000e-07	-7.796757e-06	-4.503457e-09	-5.623123e+01	-3.029203e+02
1.900000e-07	-7.785895e-06	-4.494863e-09	-5.615290e+01	-3.053322e+02
2.000000e-07	-7.774338e-06	-4.471777e-09	-5.606954e+01	-3.078871e+02
2.100000e-07	-7.762420e-06	-4.437672e-09	-5.598359e+01	-3.105496e+02
2.200000e-07	-7.749889e-06	-4.435522e-09	-5.589322e+01	-3.132813e+02
2.300000e-07	-7.736643e-06	-4.445246e-09	-5.579768e+01	-3.160417e+02
2.400000e-07	-7.722941e-06	-4.496154e-09	-5.569886e+01	-3.187891e+02
2.500000e-07	-7.708713e-06	-4.575255e-09	-5.559625e+01	-3.214818e+02
2.600000e-07	-7.693477e-06	-4.600250e-09	-5.548636e+01	-3.240784e+02
2.700000e-07	-7.677316e-06	-4.643272e-09	-5.536981e+01	-3.265394e+02
2.800000e-07	-7.660644e-06	-4.791354e-09	-5.524957e+01	-3.288275e+02
2.900000e-07	-7.643519e-06	-4.984828e-09	-5.512606e+01	-3.309086e+02
3.000000e-07	-7.625848e-06	-5.025097e-09	-5.499861e+01	-3.327529e+02
3.100000e-07	-7.607647e-06	-5.041659e-09	-5.486735e+01	-3.343347e+02
3.200000e-07	-7.588944e-06	-5.107759e-09	-5.473246e+01	-3.356339e+02
3.300000e-07	-7.569717e-06	-5.113310e-09	-5.459379e+01	-3.366358e+02
3.400000e-07	-7.550064e-06	-5.072590e-09	-5.445205e+01	-3.373312e+02
3.500000e-07	-7.530111e-06	-5.038200e-09	-5.430815e+01	-3.377173e+02
3.600000e-07	-7.509734e-06	-4.910941e-09	-5.416119e+01	-3.377969e+02
3.700000e-07	-7.488866e-06	-5.023034e-09	-5.401068e+01	-3.375786e+02
3.800000e-07	-7.467413e-06	-5.126619e-09	-5.385596e+01	-3.370766e+02
3.900000e-07	-7.445402e-06	-5.009671e-09	-5.369721e+01	-3.363099e+02
4.000000e-07	-7.422922e-06	-4.839043e-09	-5.353509e+01	-3.353020e+02
4.100000e-07	-7.399897e-06	-4.985195e-09	-5.336903e+01	-3.340805e+02
4.200000e-07	-7.376423e-06	-5.121433e-09	-5.319973e+01	-3.326758e+02
4.300000e-07	-7.352549e-06	-5.059629e-09	-5.302754e+01	-3.311209e+02
4.400000e-07	-7.328218e-06	-4.910812e-09	-5.285207e+01	-3.294500e+02
4.500000e-07	-7.303255e-06	-4.910310e-09	-5.267203e+01	-3.276982e+02
4.600000e-07	-7.277519e-06	-5.009989e-09	-5.248642e+01	-3.259004e+02
4.700000e-07	-7.251089e-06	-5.052886e-09	-5.229581e+01	-3.240903e+02
4.800000e-07	-7.223999e-06	-4.948134e-09	-5.210043e+01	-3.222999e+02
4.900000e-07	-7.196367e-06	-4.835459e-09	-5.190114e+01	-3.205586e+02
5.000000e-07	-7.168370e-06	-4.873780e-09	-5.169923e+01	-3.188930e+02
5.100000e-07	-7.140016e-06	-4.981092e-09	-5.149474e+01	-3.173255e+02
5.200000e-07	-7.111285e-06	-4.980414e-09	-5.128752e+01	-3.158749e+02
5.300000e-07	-7.082062e-06	-4.838034e-09	-5.107676e+01	-3.145552e+02
5.400000e-07	-7.052165e-06	-4.783342e-09	-5.086114e+01	-3.133760e+02
5.500000e-07	-7.021780e-06	-4.862736e-09	-5.064199e+01	-3.123424e+02
5.600000e-07	-6.990987e-06	-4.936559e-09	-5.041992e+01	-3.114546e+02
5.700000e-07	-6.959656e-06	-4.859339e-09	-5.019395e+01	-3.107086e+02
5.800000e-07	-6.927885e-06	-4.770206e-09	-4.996482e+01	-3.100964e+02
5.900000e-07	-6.895841e-06	-4.776083e-09	-4.973371e+01	-3.096062e+02
6.000000e-07	-6.863519e-06	-4.862529e-09	-4.950060e+01	-3.092231e+02
6.100000e-07	-6.830701e-06	-4.859623e-09	-4.926391e+01	-3.089293e+02
6.200000e-07	-6.796974e-06	-4.785281e-09	-4.902067e+01	-3.087054e+02
6.300000e-07	-6.762392e-06	-4.736245e-09	-4.877126e+01	-3.085303e+02
6.400000e-07	-6.727168e-06	-4.774123e-09	-4.851722e+01	-3.083822e+02
6.500000e-07	-6.691481e-06	-4.790422e-09	-4.825984e+01	-3.082395e+02
6.600000e-07	-6.655512e-06	-4.760354e-09	-4.800042e+01	-3.080809e+02
6.700000e-07	-6.619188e-06	-4.715295e-09	-4.773846e+01	-3.078865e+02
6.800000e-07	-6.582369e-06	-4.707721e-09	-4.747291e+01	-3.076379e+02
6.900000e-07	-6.545001e-06	-4.711232e-09	-4.720341e+01	-3.073191e+02
7.000000e-07	-6.507177e-06	-4.706638e-09	-4.693061e+01	-3.069167e+02
7.100000e-07	-6.468958e-06	-4.681447e-09	-4.665497e+01	-3.064199e+02
7.200000e-07	-6.430356e-06	-4.660083e-09	-4.637657e+01	-3.058214e+02
7.300000e-07	-6.391271e-06	-4.643486e-09	-4.609469e+01	-3.051168e+02
7.400000e-07	-6.351779e-06	-4.630616e-09	-4.580986e+01	-3.043051e+02
7.500000e-07	-6.312001e-06	-4.619732e-09	-4.552298e+01	-3.033882e+02
7.600000e-07	-6.271846e-06	-4.614419e-09	-4.523338e+01	-3.023712e+02
7.700000e-07	-6.231331e-06	-4.605803e-09	-4.494118e+01	-3.012616e+02
7.800000e-07	-6.190319e-06	-4.582402e-09	-4.464539e+01	-3.000694e+02
7.900000e-07	-6.148668e-06	-4.558814e-09	-4.434500e+01	-2.988064e+02
8.000000e-07	-6.106507e-06	-4.550592e-09	-4.404093e+01	-2.974861e+02
8.100000e-07	-6.063549e-06	-4.554007e-09	-4.373111e+01	-2.961226e+02
8.200000e-07	-6.019949e-06	-4.533504e-09	-4.341666e+01	-2.947308e+02
8.300000e-07	-5.976063e-06	-4.496693e-09	-4.310015e+01	-2.933256e+02
8.400000e-07	-5.931869e-06	-4.469783e-09	-4.278142e+01	-2.919213e+02
8.500000e-07	-5.887325e-06	-4.474900e-09	-4.246016e+01	-2.905312e+02
8.600000e-07	-5.842391e-06	-4.474892e-09	-4.213609e+01	-2.891675e+02
8.700000e-07	-5.797111e-06	-4.447427e-09	-4.180953e+01	-2.878406e+02
8.800000e-07	-5.751389e-06	-4.402474e-09	-4.147977e+01	-2.865588e+02
8.900000e-07	-5.705231e-06	-4.389799e-09	-4.114688e+01	-2.853283e+02
9.000000e-07	-5.658781e-06	-4.398367e-09	-4.081187e+01	-2.841530e+02
9.100000e-07	-5.611984e-06	-4.387373e-09	-4.047436e+01	-2.830343e+02
9.200000e-07	-5.564818e-06	-4.341565e-09	-4.013420e+01	-2.819713e+02
9.300000e-07	-5.517266e-06	-4.308486e-09	-3.979125e+01	-2.809607e+02
9.400000e-07	-5.469265e-06	-4.307033e-09	-3.944506e+01	-2.799971e+02
9.500000e-07	-5.420797e-06	-4.314316e-09	-3.909550e+01	-2.790733e+02
9.600000e-07	-5.371827e-06	-4.290029e-09	-3.874232e+01	-2.781803e+02
9.700000e-07	-5.322398e-06	-4.247165e-09	-3.838583e+01	-2.773078e+02
9.800000e-07	-5.272347e-06	-4.223089e-09	-3.802486e+01	-2.764449e+02
9.900000e-07	-5.221635e-06	-4.226169e-09	-3.765912e+01	-2.755797e+02
1.000000e-06	-5.170440e-06	-4.218863e-09	-3.728989e+01	-2.747004e+02
1.010000e-06	-5.118763e-06	-4.187347e-09	-3.691719e+01	-2.737955e+02
1.020000e-06	-5.066726e-06	-4.149812e-09	-3.654189e+01	-2.728539e+02
1.030000e-06	-5.014399e-06	-4.133867e-09	-3.616450e+01	-2.718655e+02
1.040000e-06	-4.961688e-06	-4.132278e-09	-3.578435e+01	-2.708216e+02
1.050000e-06	-4.908627e-06	-4.119656e-09	-3.540166e+01	-2.697149e+02
1.060000e-06	-4.855290e-06	-4.088113e-09	-3.501699e+01	-2.685396e+02
1.070000e-06	-4.801527e-06	-4.051751e-09	-3.462924e+01	-2.672922e+02
1.080000e-06	-4.747357e-06	-4.033079e-09	-3.423856e+01	-2.659708e+02
1.090000e-06	-4.692869e-06	-4.022238e-09	-3.384559e+01	-2.645753e+02
1.100000e-06	-4.638075e-06	-4.002296e-09	-3.345040e+01	-2.631079e+02
1.110000e-06	-4.582978e-06	-3.969782e-09	-3.305304e+01	-2.615722e+02
1.120000e-06	-4.527442e-06	-3.938932e-09	-3.265251e+01	-2.599736e+02
1.130000e-06	-4.471635e-06	-3.919978e-09	-3.225001e+01	-2.583187e+02
1.140000e-06	-4.415727e-06	-3.908540e-09	-3.184681e+01	-2.566153e+02
1.150000e-06	-4.359655e-06	-3.886557e-09	-3.144240e+01	-2.548719e+02
1.160000e-06	-4.303316e-06	-3.853610e-09	-3.103608e+01	-2.530978e+02
1.170000e-06	-4.246723e-06	-3.821270e-09	-3.062793e+01	-2.513022e+02
1.180000e-06	-4.189889e-06	-3.799824e-09	-3.021803e+01	-2.494943e+02
1.190000e-06	-4.132633e-06	-3.778625e-09	-2.980509e+01	-2.476826e+02
1.200000e-06	-4.074824e-06	-3.750860e-09	-2.938817e+01	-2.458752e+02
1.210000e-06	-4.016381e-06	-3.715494e-09	-2.896667e+01	-2.440790e+02
1.220000e-06	-3.957561e-06	-3.684728e-09	-2.854245e+01	-2.422997e+02
1.230000e-06	-3.898466e-06	-3.662226e-09	-2.811625e+01	-2.405416e+02
1.240000e-06	-3.838924e-06	-3.640811e-09	-2.768682e+01	-2.388074e+02
1.250000e-06	-3.779152e-06	-3.612570e-09	-2.725574e+01	-2.370983e+02
1.260000e-06	-3.719256e-06	-3.581396e-09	-2.682376e+01	-2.354140e+02
1.270000e-06	-3.659210e-06	-3.555842e-09	-2.639070e+01	-2.337523e+02
1.280000e-06	-3.598977e-06	-3.535348e-09	-2.595629e+01	-2.321098e+02
1.290000e-06	-3.538557e-06	-3.511345e-09	-2.552054e+01	-2.304816e+02
1.300000e-06	-3.477961e-06	-3.478884e-09	-2.508351e+01	-2.288617e+02
1.310000e-06	-3.417158e-06	-3.443871e-09	-2.464499e+01	-2.272432e+02
1.320000e-06	-3.356144e-06	-3.415410e-09	-2.420495e+01	-2.256184e+02
1.330000e-06	-3.294897e-06	-3.390838e-09	-2.376323e+01	-2.239792e+02
1.340000e-06	-3.233270e-06	-3.362804e-09	-2.331877e+01	-2.223174e+02
1.350000e-06	-3.171377e-06	-3.329270e-09	-2.287239e+01	-2.206249e+02
1.360000e-06	-3.109393e-06	-3.297129e-09	-2.242535e+01	-2.188940e+02
1.370000e-06	-3.047179e-06	-3.271404e-09	-2.197666e+01	-2.171177e+02
1.380000e-06	-2.984734e-06	-3.247397e-09	-2.152629e+01	-2.152897e+02
1.390000e-06	-2.922071e-06	-3.218063e-09	-2.107436e+01	-2.134049e+02
1.400000e-06	-2.859189e-06	-3.184384e-09	-2.062084e+01	-2.114594e+02
1.410000e-06	-2.796092e-06	-3.151436e-09	-2.016578e+01	-2.094507e+02
1.420000e-06	-2.732824e-06	-3.119481e-09	-1.970948e+01	-2.073775e+02
1.430000e-06	-2.669424e-06	-3.087937e-09	-1.925223e+01	-2.052400e+02
1.440000e-06	-2.605950e-06	-3.055047e-09	-1.879445e+01	-2.030398e+02
1.450000e-06	-2.542353e-06	-3.020966e-09	-1.833578e+01	-2.007797e+02
1.460000e-06	-2.478563e-06	-2.988465e-09	-1.787572e+01	-1.984636e+02
1.470000e-06	-2.414649e-06	-2.955596e-09	-1.741476e+01	-1.960966e+02
1.480000e-06	-2.350617e-06	-2.925506e-09	-1.695296e+01	-1.936843e+02
1.490000e-06	-2.286410e-06	-2.889374e-09	-1.648989e+01	-1.912332e+02
1.500000e-06	-2.221993e-06	-2.852234e-09	-1.602531e+01	-1.887498e+02
1.510000e-06	-2.157559e-06	-2.814497e-09	-1.556060e+01	-1.862409e+02
1.520000e-06	-2.092977e-06	-2.776893e-09	-1.509482e+01	-1.837130e+02
1.530000e-06	-2.028103e-06	-2.746898e-09	-1.462694e+01	-1.811723e+02
1.540000e-06	-1.963163e-06	-2.714542e-09	-1.415859e+01	-1.786242e+02
1.550000e-06	-1.898109e-06	-2.684832e-09	-1.368941e+01	-1.760736e+02
1.560000e-06	-1.832928e-06	-2.653694e-09	-1.321932e+01	-1.735241e+02
1.570000e-06	-1.767620e-06	-2.622434e-09	-1.274831e+01	-1.709782e+02
1.580000e-06	-1.702029e-06	-2.582987e-09	-1.227526e+01	-1.684373e+02
1.590000e-06	-1.636160e-06	-2.538340e-09	-1.180020e+01	-1.659014e+02
1.600000e-06	-1.570233e-06	-2.493401e-09	-1.132473e+01	-1.633694e+02
1.610000e-06	-1.504200e-06	-2.450781e-09	-1.084849e+01	-1.608389e+02
1.620000e-06	-1.437944e-06	-2.405873e-09	-1.037064e+01	-1.583062e+02
1.630000e-06	-1.371458e-06	-2.362499e-09	-9.891136e+00	-1.557666e+02
1.640000e-06	-1.304840e-06	-2.322509e-09	-9.410675e+00	-1.532148e+02
1.650000e-06	-1.238043e-06	-2.280276e-09	-8.928930e+00	-1.506446e+02
1.660000e-06	-1.171029e-06	-2.234024e-09	-8.445613e+00	-1.480492e+02
1.670000e-06	-1.104040e-06	-2.193529e-09	-7.962479e+00	-1.454217e+02
1.680000e-06	-1.037013e-06	-2.155982e-09	-7.479072e+00	-1.427553e+02
1.690000e-06	-9.698728e-07	-2.110951e-09	-6.994850e+00	-1.400431e+02
1.700000e-06	-9.027802e-07	-2.060377e-09	-6.510969e+00	-1.372789e+02
1.710000e-06	-8.356331e-07	-2.008306e-09	-6.026695e+00	-1.344569e+02
1.720000e-06	-7.683671e-07	-1.964699e-09	-5.541564e+00	-1.315723e+02
1.730000e-06	-7.010578e-07	-1.919591e-09	-5.056121e+00	-1.286211e+02
1.740000e-06	-6.336823e-07	-1.875767e-09	-4.570200e+00	-1.256005e+02
1.750000e-06	-5.662885e-07	-1.831999e-09	-4.084147e+00	-1.225088e+02
1.760000e-06	-4.987990e-07	-1.787875e-09	-3.597404e+00	-1.193455e+02
1.770000e-06	-4.312060e-07	-1.743820e-09	-3.109914e+00	-1.161112e+02
1.780000e-06	-3.636454e-07	-1.697534e-09	-2.622658e+00	-1.128079e+02
1.790000e-06	-2.960323e-07	-1.648595e-09	-2.135024e+00	-1.094383e+02
1.800000e-06	-2.283582e-07	-1.593437e-09	-1.646949e+00	-1.060063e+02
1.810000e-06	-1.608004e-07	-1.534429e-09	-1.159714e+00	-1.025164e+02
1.820000e-06	-9.325164e-08	-1.479925e-09	-6.725431e-01	-9.897391e+01
1.830000e-06	-2.565636e-08	-1.429057e-09	-1.850370e-01	-9.538425e+01
1.840000e-06	4.192171e-08	-1.380571e-09	3.023449e-01	-9.175319e+01
1.850000e-06	1.094304e-07	-1.333287e-09	7.892265e-01	-8.808643e+01
1.860000e-06	1.769451e-07	-1.284367e-09	1.276151e+00	-8.438938e+01
1.870000e-06	2.444483e-07	-1.234594e-09	1.762993e+00	-8.066700e+01
1.880000e-06	3.118756e-07	-1.183685e-09	2.249288e+00	-7.692357e+01
1.890000e-06	3.792656e-07	-1.130852e-09	2.735313e+00	-7.316257e+01
1.900000e-06	4.467703e-07	-1.068591e-09	3.222166e+00	-6.938650e+01
1.910000e-06	5.143608e-07	-1.003941e-09	3.709637e+00	-6.559681e+01
1.920000e-06	5.818545e-07	-9.427905e-10	4.196411e+00	-6.179387e+01
1.930000e-06	6.493131e-07	-8.860249e-10	4.682931e+00	-5.797686e+01
1.940000e-06	7.167732e-07	-8.295433e-10	5.169463e+00	-5.414389e+01
1.950000e-06	7.841906e-07	-7.719947e-10	5.655685e+00	-5.029205e+01
1.960000e-06	8.514069e-07	-7.166597e-10	6.140458e+00	-4.641745e+01
1.970000e-06	9.184975e-07	-6.597898e-10	6.624324e+00	-4.251547e+01
1.980000e-06	9.855283e-07	-6.014953e-10	7.107759e+00	-3.858083e+01
1.990000e-06	1.052524e-06	-5.402624e-10	7.590943e+00	-3.460788e+01
2.000000e-06	1.119531e-06	-4.749855e-10	8.074204e+00	-3.059077e+01
2.010000e-06	1.186379e-06	-4.068071e-10	8.556318e+00	-2.652372e+01
2.020000e-06	1.253134e-06	-3.400313e-10	9.037764e+00	-2.240121e+01
2.030000e-06	1.319817e-06	-2.747787e-10	9.518696e+00	-1.821828e+01
2.040000e-06	1.386465e-06	-2.115824e-10	9.999369e+00	-1.397071e+01
2.050000e-06	1.452935e-06	-1.498824e-10	1.047876e+01	-9.655213e+00
2.060000e-06	1.519083e-06	-8.912956e-11	1.095583e+01	-5.269671e+00
2.070000e-06	1.585015e-06	-2.786815e-11	1.143134e+01	-8.132270e-01
2.080000e-06	1.650871e-06	3.699621e-11	1.190630e+01	3.713583e+00
2.090000e-06	1.716578e-06	1.070783e-10	1.238019e+01	8.308767e+00
2.100000e-06	1.781959e-06	1.783008e-10	1.285172e+01	1.296885e+01
2.110000e-06	1.847172e-06	2.485387e-10	1.332205e+01	1.768891e+01
2.120000e-06	1.912244e-06	3.226042e-10	1.379135e+01	2.246262e+01
2.130000e-06	1.977130e-06	3.971474e-10	1.425932e+01	2.728239e+01
2.140000e-06	2.041842e-06	4.664252e-10	1.472603e+01	3.213949e+01
2.150000e-06	2.106371e-06	5.323501e-10	1.519142e+01	3.702425e+01
2.160000e-06	2.170811e-06	5.996929e-10	1.565618e+01	4.192626e+01
2.170000e-06	2.235156e-06	6.721731e-10	1.612024e+01	4.683464e+01
2.180000e-06	2.299339e-06	7.437430e-10	1.658313e+01	5.173826e+01
2.190000e-06	2.363417e-06	8.106888e-10	1.704527e+01	5.662599e+01
2.200000e-06	2.427406e-06	8.799104e-10	1.750677e+01	6.148703e+01
2.210000e-06	2.491284e-06	9.527727e-10	1.796747e+01	6.631106e+01
2.220000e-06	2.554928e-06	1.027338e-09	1.842648e+01	7.108857e+01
2.230000e-06	2.618422e-06	1.096856e-09	1.888440e+01	7.581098e+01
2.240000e-06	2.681758e-06	1.163246e-09	1.934119e+01	8.047089e+01
2.250000e-06	2.744850e-06	1.229280e-09	1.979622e+01	8.506220e+01
2.260000e-06	2.807840e-06	1.290720e-09	2.025051e+01	8.958017e+01
2.270000e-06	2.870683e-06	1.352247e-09	2.070374e+01	9.402154e+01
2.280000e-06	2.933255e-06	1.415062e-09	2.115502e+01	9.838451e+01
2.290000e-06	2.995574e-06	1.477250e-09	2.160447e+01	1.026687e+02
2.300000e-06	3.057758e-06	1.540869e-09	2.205295e+01	1.068751e+02
2.310000e-06	3.119855e-06	1.604503e-09	2.250080e+01	1.110058e+02
2.320000e-06	3.181668e-06	1.670992e-09	2.294661e+01	1.150642e+02
2.330000e-06	3.243240e-06	1.738906e-09	2.339067e+01	1.190545e+02
2.340000e-06	3.304549e-06	1.798928e-09	2.383284e+01	1.229814e+02
2.350000e-06	3.365589e-06	1.855376e-09	2.427307e+01	1.268503e+02
2.360000e-06	3.426521e-06	1.913396e-09	2.471252e+01	1.306666e+02
2.370000e-06	3.487175e-06	1.970610e-09	2.514996e+01	1.344357e+02
2.380000e-06	3.547543e-06	2.025366e-09	2.558534e+01	1.381630e+02
2.390000e-06	3.607772e-06	2.080231e-09	2.601973e+01	1.418529e+02
2.400000e-06	3.667899e-06	2.135870e-09	2.645337e+01	1.455097e+02
2.410000e-06	3.727817e-06	2.192100e-09	2.688551e+01	1.491362e+02
2.420000e-06	3.787459e-06	2.246478e-09	2.731565e+01	1.527348e+02
2.430000e-06	3.846943e-06	2.299981e-09	2.774466e+01	1.563063e+02
2.440000e-06	3.906054e-06	2.351729e-09	2.817097e+01	1.598508e+02
2.450000e-06	3.964827e-06	2.404346e-09	2.859485e+01	1.633670e+02
2.460000e-06	4.023327e-06	2.454509e-09	2.901676e+01	1.668524e+02
2.470000e-06	4.081401e-06	2.501471e-09	2.943560e+01	1.703036e+02
2.480000e-06	4.138980e-06	2.546905e-09	2.985087e+01	1.737162e+02
2.490000e-06	4.196102e-06	2.592136e-09	3.026284e+01	1.770851e+02
2.500000e-06	4.252863e-06	2.640613e-09	3.067221e+01	1.804046e+02
2.510000e-06	4.309237e-06	2.688481e-09	3.107878e+01	1.836684e+02
2.520000e-06	4.365367e-06	2.734175e-09	3.148360e+01	1.868703e+02
2.530000e-06	4.421257e-06	2.779745e-09	3.188668e+01	1.900041e+02
2.540000e-06	4.476940e-06	2.826451e-09	3.228828e+01	1.930639e+02
2.550000e-06	4.532301e-06	2.870496e-09	3.268755e+01	1.960441e+02
2.560000e-06	4.587256e-06	2.910849e-09	3.308389e+01	1.989403e+02
2.570000e-06	4.641973e-06	2.949814e-09	3.347851e+01	2.017486e+02
2.580000e-06	4.696475e-06	2.986973e-09	3.387159e+01	2.044665e+02
2.590000e-06	4.750721e-06	3.023140e-09	3.426283e+01	2.070925e+02
2.600000e-06	4.804661e-06	3.061282e-09	3.465185e+01	2.096265e+02
2.610000e-06	4.858242e-06	3.099873e-09	3.503828e+01	2.120698e+02
2.620000e-06	4.911454e-06	3.138131e-09	3.542205e+01	2.144250e+02
2.630000e-06	4.964300e-06	3.176289e-09	3.580318e+01	2.166958e+02
2.640000e-06	5.016749e-06	3.213456e-09	3.618145e+01	2.188874e+02
2.650000e-06	5.068856e-06	3.247746e-09	3.655726e+01	2.210058e+02
2.660000e-06	5.120548e-06	3.280232e-09	3.693006e+01	2.230579e+02
2.670000e-06	5.171763e-06	3.310445e-09	3.729943e+01	2.250515e+02
2.680000e-06	5.222449e-06	3.341971e-09	3.766499e+01	2.269946e+02
2.690000e-06	5.272466e-06	3.372054e-09	3.802572e+01	2.288956e+02
2.700000e-06	5.321966e-06	3.402583e-09	3.838272e+01	2.307625e+02
2.710000e-06	5.370918e-06	3.438831e-09	3.873577e+01	2.326033e+02
2.720000e-06	5.419417e-06	3.473875e-09	3.908555e+01	2.344255e+02
2.730000e-06	5.467645e-06	3.502557e-09	3.943338e+01	2.362354e+02
2.740000e-06	5.515523e-06	3.531488e-09	3.977867e+01	2.380388e+02
2.750000e-06	5.563094e-06	3.561864e-09	4.012176e+01	2.398399e+02
2.760000e-06	5.610273e-06	3.587995e-09	4.046203e+01	2.416418e+02
2.770000e-06	5.657006e-06	3.610485e-09	4.079907e+01	2.434461e+02
2.780000e-06	5.703310e-06	3.633523e-09	4.113302e+01	2.452531e+02
2.790000e-06	5.749257e-06	3.660355e-09	4.146439e+01	2.470616e+02
2.800000e-06	5.794863e-06	3.688251e-09	4.179331e+01	2.488688e+02
2.810000e-06	5.839971e-06	3.713546e-09	4.211864e+01	2.506708e+02
2.820000e-06	5.884673e-06	3.736118e-09	4.244104e+01	2.524626e+02
2.830000e-06	5.929067e-06	3.761797e-09	4.276121e+01	2.542380e+02
2.840000e-06	5.973241e-06	3.789631e-09	4.307980e+01	2.559902e+02
2.850000e-06	6.017142e-06	3.813791e-09	4.339642e+01	2.577119e+02
2.860000e-06	6.060597e-06	3.836590e-09	4.370982e+01	2.593956e+02
2.870000e-06	6.103671e-06	3.858901e-09	4.402047e+01	2.610337e+02
2.880000e-06	6.146238e-06	3.878982e-09	4.432748e+01	2.626189e+02
2.890000e-06	6.188034e-06	3.901371e-09	4.462892e+01	2.641447e+02
2.900000e-06	6.229093e-06	3.927328e-09	4.492504e+01	2.656051e+02
2.910000e-06	6.269594e-06	3.952687e-09	4.521713e+01	2.669956e+02
2.920000e-06	6.309693e-06	3.977854e-09	4.550633e+01	2.683125e+02
2.930000e-06	6.349496e-06	3.999955e-09	4.579340e+01	2.695537e+02
2.940000e-06	6.388892e-06	4.020006e-09	4.607753e+01	2.707186e+02
2.950000e-06	6.427883e-06	4.040878e-09	4.635874e+01	2.718082e+02
2.960000e-06	6.466430e-06	4.059133e-09	4.663674e+01	2.728250e+02
2.970000e-06	6.504528e-06	4.074714e-09	4.691151e+01	2.737730e+02
2.980000e-06	6.542177e-06	4.091136e-09	4.718304e+01	2.746575e+02
2.990000e-06	6.579307e-06	4.112282e-09	4.745082e+01	2.754853e+02
3.000000e-06	6.616048e-06	4.131685e-09	4.771580e+01	2.762639e+02
3.010000e-06	6.652392e-06	4.149096e-09	4.797793e+01	2.770019e+02
3.020000e-06	6.688402e-06	4.167398e-09	4.823763e+01	2.777084e+02
3.030000e-06	6.724123e-06	4.187470e-09	4.849526e+01	2.783926e+02
3.040000e-06	6.759448e-06	4.206867e-09	4.875002e+01	2.790636e+02
3.050000e-06	6.794302e-06	4.223897e-09	4.900140e+01	2.797305e+02
3.060000e-06	6.828491e-06	4.238672e-09	4.924797e+01	2.804014e+02
3.070000e-06	6.861834e-06	4.252332e-09	4.948845e+01	2.810836e+02
3.080000e-06	6.894430e-06	4.264631e-09	4.972354e+01	2.817831e+02
3.090000e-06	6.926552e-06	4.277846e-09	4.995520e+01	2.825047e+02
3.100000e-06	6.958358e-06	4.291319e-09	5.018459e+01	2.832515e+02
3.110000e-06	6.989790e-06	4.303070e-09	5.041128e+01	2.840250e+02
3.120000e-06	7.020704e-06	4.314628e-09	5.063424e+01	2.848248e+02
3.130000e-06	7.051137e-06	4.326809e-09	5.085372e+01	2.856490e+02
3.140000e-06	7.081218e-06	4.341443e-09	5.107067e+01	2.864938e+02
3.150000e-06	7.110816e-06	4.354743e-09	5.128413e+01	2.873539e+02
3.160000e-06	7.139859e-06	4.367184e-09	5.149360e+01	2.882226e+02
3.170000e-06	7.168420e-06	4.378179e-09	5.169958e+01	2.890921e+02
3.180000e-06	7.196546e-06	4.388573e-09	5.190244e+01	2.899536e+02
3.190000e-06	7.224299e-06	4.398581e-09	5.210260e+01	2.907976e+02
3.200000e-06	7.251706e-06	4.407575e-09	5.230026e+01	2.916146e+02
3.210000e-06	7.278611e-06	4.418762e-09	5.249429e+01	2.923950e+02
3.220000e-06	7.304723e-06	4.432693e-09	5.268262e+01	2.931296e+02
3.230000e-06	7.330007e-06	4.444484e-09	5.286497e+01	2.938100e+02
3.240000e-06	7.354514e-06	4.454779e-09	5.304172e+01	2.944289e+02
3.250000e-06	7.378478e-06	4.468481e-09	5.321455e+01	2.949803e+02
3.260000e-06	7.402148e-06	4.484847e-09	5.338526e+01	2.954600e+02
3.270000e-06	7.425390e-06	4.494664e-09	5.355288e+01	2.958655e+02
3.280000e-06	7.448100e-06	4.497859e-09	5.371667e+01	2.961962e+02
3.290000e-06	7.470277e-06	4.499895e-09	5.387662e+01	2.964537e+02
3.300000e-06	7.491969e-06	4.505879e-09	5.403306e+01	2.966416e+02
3.310000e-06	7.513107e-06	4.516443e-09	5.418551e+01	2.967655e+02
3.320000e-06	7.533754e-06	4.527021e-09	5.433442e+01	2.968327e+02
3.330000e-06	7.553975e-06	4.538684e-09	5.448026e+01	2.968523e+02
3.340000e-06	7.573810e-06	4.549363e-09	5.462331e+01	2.968349e+02
3.350000e-06	7.593238e-06	4.557561e-09	5.476343e+01	2.967920e+02
3.360000e-06	7.612127e-06	4.563062e-09	5.489966e+01	2.967358e+02
3.370000e-06	7.630425e-06	4.567334e-09	5.503163e+01	2.966791e+02
3.380000e-06	7.648042e-06	4.570961e-09	5.515868e+01	2.966341e+02
3.390000e-06	7.665103e-06	4.573844e-09	5.528173e+01	2.966130e+02
3.400000e-06	7.681808e-06	4.578946e-09	5.540220e+01	2.966266e+02
3.410000e-06	7.698088e-06	4.584116e-09	5.551962e+01	2.966847e+02
3.420000e-06	7.713755e-06	4.589479e-09	5.563261e+01	2.967951e+02
3.430000e-06	7.728559e-06	4.595921e-09	5.573938e+01	2.969638e+02
3.440000e-06	7.742693e-06	4.601428e-09	5.584132e+01	2.971941e+02
3.450000e-06	7.756454e-06	4.611577e-09	5.594056e+01	2.974871e+02
3.460000e-06	7.769739e-06	4.623835e-09	5.603638e+01	2.978412e+02
3.470000e-06	7.782424e-06	4.630272e-09	5.612787e+01	2.982519e+02
3.480000e-06	7.794516e-06	4.631025e-09	5.621507e+01	2.987124e+02
3.490000e-06	7.806051e-06	4.628708e-09	5.629826e+01	2.992130e+02
3.500000e-06	7.817000e-06	4.630593e-09	5.637723e+01	2.997421e+02
3.510000e-06	7.827029e-06	4.635376e-09	5.644956e+01	3.002859e+02
3.520000e-06	7.836108e-06	4.636857e-09	5.651504e+01	3.008292e+02
3.530000e-06	7.844542e-06	4.636078e-09	5.657587e+01	3.013554e+02
3.540000e-06	7.852508e-06	4.640962e-09	5.663332e+01	3.018475e+02
3.550000e-06	7.860172e-06	4.650406e-09	5.668859e+01	3.022883e+02
3.560000e-06	7.867234e-06	4.656164e-09	5.673953e+01	3.026612e+02
3.570000e-06	7.873710e-06	4.657777e-09	5.678623e+01	3.029507e+02
3.580000e-06	7.879728e-06	4.660542e-09	5.682963e+01	3.031426e+02
3.590000e-06	7.885127e-06	4.659933e-09	5.686857e+01	3.032253e+02
3.600000e-06	7.889907e-06	4.655266e-09	5.690304e+01	3.031897e+02
3.610000e-06	7.894206e-06	4.654223e-09	5.693405e+01	3.030298e+02
3.620000e-06	7.898083e-06	4.656060e-09	5.696201e+01	3.027431e+02
3.630000e-06	7.901609e-06	4.659528e-09	5.698744e+01	3.023309e+02
3.640000e-06	7.904682e-06	4.664983e-09	5.700960e+01	3.017984e+02
3.650000e-06	7.907010e-06	4.672263e-09	5.702640e+01	3.011549e+02
3.660000e-06	7.908470e-06	4.677601e-09	5.703693e+01	3.004135e+02
3.670000e-06	7.909050e-06	4.678191e-09	5.704111e+01	2.995912e+02
3.680000e-06	7.909105e-06	4.678626e-09	5.704150e+01	2.987086e+02
3.690000e-06	7.908867e-06	4.677715e-09	5.703979e+01	2.977893e+02
3.700000e-06	7.908248e-06	4.675801e-09	5.703532e+01	2.968597e+02
3.710000e-06	7.907123e-06	4.675472e-09	5.702721e+01	2.959483e+02
3.720000e-06	7.905386e-06	4.672309e-09	5.701468e+01	2.950849e+02
3.730000e-06	7.903196e-06	4.669189e-09	5.699888e+01	2.943001e+02
3.740000e-06	7.900459e-06	4.668297e-09	5.697914e+01	2.936245e+02
3.750000e-06	7.897105e-06	4.668911e-09	5.695496e+01	2.930878e+02
3.760000e-06	7.893358e-06	4.657328e-09	5.692793e+01	2.927183e+02
3.770000e-06	7.889316e-06	4.652129e-09	5.689878e+01	2.925417e+02
3.780000e-06	7.884832e-06	4.620891e-09	5.686644e+01	2.925806e+02
3.790000e-06	7.879284e-06	4.623692e-09	5.682643e+01	2.928541e+02
3.800000e-06	7.872339e-06	4.571114e-09	5.677634e+01	2.933767e+02
3.810000e-06	7.864505e-06	4.552939e-09	5.671984e+01	2.941581e+02
3.820000e-06	7.856466e-06	4.472750e-09	5.666186e+01	2.952027e+02
3.830000e-06	7.848437e-06	4.521774e-09	5.660396e+01	2.965097e+02
3.840000e-06	7.839889e-06	4.584131e-09	5.654231e+01	2.980723e+02
3.850000e-06	7.830501e-06	4.597300e-09	5.647460e+01	2.998782e+02
3.860000e-06	7.820891e-06	4.598265e-09	5.640529e+01	3.019098e+02
3.870000e-06	7.811178e-06	4.592566e-09	5.633524e+01	3.041442e+02
3.880000e-06	7.800585e-06	4.681848e-09	5.625884e+01	3.065536e+02
3.890000e-06	7.788915e-06	4.659020e-09	5.617467e+01	3.091060e+02
3.900000e-06	7.777032e-06	4.688195e-09	5.608898e+01	3.117660e+02
3.910000e-06	7.765053e-06	4.635892e-09	5.600258e+01	3.144952e+02
3.920000e-06	7.751977e-06	4.668333e-09	5.590827e+01	3.172530e+02
3.930000e-06	7.737775e-06	4.839647e-09	5.580585e+01	3.199979e+02
3.940000e-06	7.723192e-06	5.101844e-09	5.570067e+01	3.226881e+02
3.950000e-06	7.708124e-06	5.204450e-09	5.559200e+01	3.252822e+02
3.960000e-06	7.692262e-06	5.220375e-09	5.547760e+01	3.277407e+02
3.970000e-06	7.675725e-06	5.469381e-09	5.535833e+01	3.300262e+02
3.980000e-06	7.658796e-06	5.833289e-09	5.523624e+01	3.321049e+02
3.990000e-06	7.641510e-06	5.987192e-09	5.511157e+01	3.339466e+02
4.000000e-06	7.623573e-06	6.056782e-09	5.498221e+01	3.355259e+02
4.010000e-06	7.605033e-06	5.947617e-09	5.484849e+01	3.368226e+02
4.020000e-06	7.586203e-06	5.784568e-09	5.471269e+01	3.378219e+02
4.030000e-06	7.566981e-06	5.546425e-09	5.457406e+01	3.385149e+02
4.040000e-06	7.547161e-06	5.349058e-09	5.443111e+01	3.388984e+02
4.050000e-06	7.526961e-06	5.155153e-09	5.428543e+01	3.389755e+02
4.060000e-06	7.506417e-06	4.904178e-09	5.413727e+01	3.387547e+02
4.070000e-06	7.485104e-06	4.932476e-09	5.398355e+01	3.382502e+02
4.080000e-06	7.462933e-06	5.156797e-09	5.382365e+01	3.374809e+02
4.090000e-06	7.440104e-06	5.068696e-09	5.365901e+01	3.364706e+02
4.100000e-06	7.416645e-06	4.775742e-09	5.348982e+01	3.352465e+02
4.110000e-06	7.392554e-06	4.855389e-09	5.331607e+01	3.338393e+02
4.120000e-06	7.367973e-06	5.046886e-09	5.313879e+01	3.322819e+02
4.130000e-06	7.343078e-06	5.070108e-09	5.295924e+01	3.306085e+02
4.140000e-06	7.317763e-06	4.887556e-09	5.277666e+01	3.288542e+02
4.150000e-06	7.291959e-06	4.794278e-09	5.259056e+01	3.270538e+02
4.160000e-06	7.265554e-06	4.855183e-09	5.240013e+01	3.252412e+02
4.170000e-06	7.238502e-06	4.977493e-09	5.220502e+01	3.234483e+02
4.180000e-06	7.210975e-06	4.908438e-09	5.200650e+01	3.217045e+02
4.190000e-06	7.183049e-06	4.782190e-09	5.180509e+01	3.200364e+02
4.200000e-06	7.154837e-06	4.732408e-09	5.160162e+01	3.184664e+02
4.210000e-06	7.126280e-06	4.818094e-09	5.139566e+01	3.170132e+02
4.220000e-06	7.097031e-06	4.889252e-09	5.118472e+01	3.156910e+02
4.230000e-06	7.066900e-06	4.829732e-09	5.096741e+01	3.145093e+02
4.240000e-06	7.035932e-06	4.716113e-09	5.074406e+01	3.134732e+02
4.250000e-06	7.004371e-06	4.746800e-09	5.051644e+01	3.125828e+02
4.260000e-06	6.972369e-06	4.834535e-09	5.028564e+01	3.118344e+02
4.270000e-06	6.940036e-06	4.831073e-09	5.005245e+01	3.112197e+02
4.280000e-06	6.907368e-06	4.745646e-09	4.981684e+01	3.107270e+02
4.290000e-06	6.874208e-06	4.704570e-09	4.957769e+01	3.103413e+02
4.300000e-06	6.840618e-06	4.764118e-09	4.933543e+01	3.100450e+02
4.310000e-06	6.806612e-06	4.783280e-09	4.909018e+01	3.098186e+02
4.320000e-06	6.772173e-06	4.731111e-09	4.884180e+01	3.096409e+02
4.330000e-06	6.737241e-06	4.704863e-09	4.858986e+01	3.094904e+02
4.340000e-06	6.701744e-06	4.720940e-09	4.833386e+01	3.093451e+02
4.350000e-06	6.665870e-06	4.707071e-09	4.807513e+01	3.091840e+02
4.360000e-06	6.629682e-06	4.690505e-09	4.781413e+01	3.089871e+02
4.370000e-06	6.593046e-06	4.672390e-09	4.754992e+01	3.087360e+02
4.380000e-06	6.555895e-06	4.668501e-09	4.728197e+01	3.084147e+02
4.390000e-06	6.518085e-06	4.641391e-09	4.700928e+01	3.080097e+02
4.400000e-06	6.479474e-06	4.619495e-09	4.673082e+01	3.075104e+02
4.410000e-06	6.440242e-06	4.611222e-09	4.644787e+01	3.069094e+02
4.420000e-06	6.400530e-06	4.617039e-09	4.616146e+01	3.062023e+02
4.430000e-06	6.360429e-06	4.598508e-09	4.587225e+01	3.053881e+02
4.440000e-06	6.320059e-06	4.579544e-09	4.558109e+01	3.044687e+02
4.450000e-06	6.279331e-06	4.559478e-09	4.528736e+01	3.034491e+02
4.460000e-06	6.238148e-06	4.562255e-09	4.499034e+01	3.023370e+02
4.470000e-06	6.196525e-06	4.562338e-09	4.469015e+01	3.011423e+02
4.480000e-06	6.154511e-06	4.544284e-09	4.438714e+01	2.998768e+02
4.490000e-06	6.112105e-06	4.506842e-09	4.408130e+01	2.985539e+02
4.500000e-06	6.069308e-06	4.488848e-09	4.377265e+01	2.971879e+02
4.510000e-06	6.026006e-06	4.493019e-09	4.346034e+01	2.957937e+02
4.520000e-06	5.982259e-06	4.495385e-09	4.314484e+01	2.943859e+02
4.530000e-06	5.938266e-06	4.463583e-09	4.282755e+01	2.929791e+02
4.540000e-06	5.894023e-06	4.429391e-09	4.250847e+01	2.915865e+02
4.550000e-06	5.849487e-06	4.426861e-09	4.218727e+01	2.902203e+02
4.560000e-06	5.804542e-06	4.443180e-09	4.186312e+01	2.888908e+02
4.570000e-06	5.759100e-06	4.431773e-09	4.153538e+01	2.876065e+02
4.580000e-06	5.713099e-06	4.384661e-09	4.120362e+01	2.863735e+02
4.590000e-06	5.666766e-06	4.357311e-09	4.086946e+01	2.851957e+02
4.600000e-06	5.620036e-06	4.358891e-09	4.053244e+01	2.840745e+02
4.610000e-06	5.572859e-06	4.360043e-09	4.019219e+01	2.830090e+02
4.620000e-06	5.525498e-06	4.330934e-09	3.985062e+01	2.819959e+02
4.630000e-06	5.477717e-06	4.294255e-09	3.950601e+01	2.810298e+02
4.640000e-06	5.429361e-06	4.278863e-09	3.915726e+01	2.801034e+02
4.650000e-06	5.380530e-06	4.286067e-09	3.880509e+01	2.792079e+02
4.660000e-06	5.331269e-06	4.279282e-09	3.844981e+01	2.783329e+02
4.670000e-06	5.281540e-06	4.249241e-09	3.809116e+01	2.774674e+02
4.680000e-06	5.231394e-06	4.213098e-09	3.772950e+01	2.765997e+02
4.690000e-06	5.180857e-06	4.198299e-09	3.736502e+01	2.757180e+02
4.700000e-06	5.129999e-06	4.191456e-09	3.699822e+01	2.748105e+02
4.710000e-06	5.078819e-06	4.175979e-09	3.662911e+01	2.738664e+02
4.720000e-06	5.027242e-06	4.144799e-09	3.625713e+01	2.728755e+02
4.730000e-06	4.975231e-06	4.119790e-09	3.588202e+01	2.718291e+02
4.740000e-06	4.922839e-06	4.109302e-09	3.550416e+01	2.707198e+02
4.750000e-06	4.870127e-06	4.106144e-09	3.512400e+01	2.695421e+02
4.760000e-06	4.816886e-06	4.088223e-09	3.474002e+01	2.682921e+02
4.770000e-06	4.763095e-06	4.058318e-09	3.435207e+01	2.669682e+02
4.780000e-06	4.708813e-06	4.030256e-09	3.396058e+01	2.655702e+02
4.790000e-06	4.654091e-06	4.015133e-09	3.356591e+01	2.641003e+02
4.800000e-06	4.598873e-06	4.004829e-09	3.316768e+01	2.625621e+02
4.810000e-06	4.543251e-06	3.982318e-09	3.276652e+01	2.609609e+02
4.820000e-06	4.487324e-06	3.951059e-09	3.236317e+01	2.593035e+02
4.830000e-06	4.431060e-06	3.924374e-09	3.195738e+01	2.575975e+02
4.840000e-06	4.374629e-06	3.909212e-09	3.155040e+01	2.558517e+02
4.850000e-06	4.318019e-06	3.898705e-09	3.114212e+01	2.540751e+02
4.860000e-06	4.261168e-06	3.876707e-09	3.073210e+01	2.522770e+02
4.870000e-06	4.204177e-06	3.844961e-09	3.032107e+01	2.504665e+02
4.880000e-06	4.146917e-06	3.817989e-09	2.990811e+01	2.486523e+02
4.890000e-06	4.089205e-06	3.800300e-09	2.949188e+01	2.468424e+02
4.900000e-06	4.031190e-06	3.780710e-09	2.907347e+01	2.450437e+02
4.910000e-06	3.972925e-06	3.748103e-09	2.865325e+01	2.432618e+02
4.920000e-06	3.914364e-06	3.714114e-09	2.823091e+01	2.415012e+02
4.930000e-06	3.855534e-06	3.689786e-09	2.780661e+01	2.397645e+02
4.940000e-06	3.796476e-06	3.674707e-09	2.738069e+01	2.380529e+02
4.950000e-06	3.737120e-06	3.654934e-09	2.695260e+01	2.363661e+02
4.960000e-06	3.677493e-06	3.626318e-09	2.652256e+01	2.347019e+02
4.970000e-06	3.617699e-06	3.596129e-09	2.609132e+01	2.330569e+02
4.980000e-06	3.557702e-06	3.570861e-09	2.565862e+01	2.314262e+02
4.990000e-06	3.497536e-06	3.548499e-09	2.522469e+01	2.298038e+02
5.000000e-06	3.437231e-06	3.522342e-09	2.478976e+01	2.281827e+02
5.010000e-06	3.376686e-06	3.486499e-09	2.435310e+01	2.265554e+02
5.020000e-06	3.315899e-06	3.449071e-09	2.391470e+01	2.249137e+02
5.030000e-06	3.254825e-06	3.420579e-09	2.347422e+01	2.232493e+02
5.040000e-06	3.193426e-06	3.400450e-09	2.303141e+01	2.215543e+02
5.050000e-06	3.131748e-06	3.373559e-09	2.258658e+01	2.198209e+02
5.060000e-06	3.069576e-06	3.340361e-09	2.213818e+01	2.180421e+02
5.070000e-06	3.007087e-06	3.308875e-09	2.168751e+01	2.162115e+02
5.080000e-06	2.944405e-06	3.284084e-09	2.123543e+01	2.143242e+02
5.090000e-06	2.881340e-06	3.258017e-09	2.078060e+01	2.123763e+02
5.100000e-06	2.818042e-06	3.225730e-09	2.032409e+01	2.103650e+02
5.110000e-06	2.754557e-06	3.186188e-09	1.986622e+01	2.082893e+02
5.120000e-06	2.690822e-06	3.145242e-09	1.940656e+01	2.061493e+02
5.130000e-06	2.626908e-06	3.113901e-09	1.894561e+01	2.039466e+02
5.140000e-06	2.562895e-06	3.083387e-09	1.848394e+01	2.016839e+02
5.150000e-06	2.498729e-06	3.051327e-09	1.802116e+01	1.993653e+02
5.160000e-06	2.434387e-06	3.019868e-09	1.755712e+01	1.969958e+02
5.170000e-06	2.369912e-06	2.988437e-09	1.709211e+01	1.945811e+02
5.180000e-06	2.305311e-06	2.955995e-09	1.662621e+01	1.921274e+02
5.190000e-06	2.240620e-06	2.922396e-09	1.615965e+01	1.896415e+02
5.200000e-06	2.175791e-06	2.886016e-09	1.569209e+01	1.871300e+02
5.210000e-06	2.110785e-06	2.848577e-09	1.522326e+01	1.845996e+02
5.220000e-06	2.045697e-06	2.809395e-09	1.475383e+01	1.820564e+02
5.230000e-06	1.980527e-06	2.771927e-09	1.428382e+01	1.795058e+02
5.240000e-06	1.915170e-06	2.738564e-09	1.381246e+01	1.769527e+02
5.250000e-06	1.849677e-06	2.704491e-09	1.334011e+01	1.744006e+02
5.260000e-06	1.784101e-06	2.667606e-09	1.286717e+01	1.718522e+02
5.270000e-06	1.718502e-06	2.630177e-09	1.239406e+01	1.693088e+02
5.280000e-06	1.652886e-06	2.592943e-09	1.192083e+01	1.667704e+02
5.290000e-06	1.587011e-06	2.552303e-09	1.144573e+01	1.642359e+02
5.300000e-06	1.520836e-06	2.507725e-09	1.096847e+01	1.617029e+02
5.310000e-06	1.454515e-06	2.460137e-09	1.049015e+01	1.591676e+02
5.320000e-06	1.388195e-06	2.417816e-09	1.001185e+01	1.566256e+02
5.330000e-06	1.321820e-06	2.378911e-09	9.533137e+00	1.540713e+02
5.340000e-06	1.255301e-06	2.342534e-09	9.053395e+00	1.514985e+02
5.350000e-06	1.188711e-06	2.300649e-09	8.573140e+00	1.489006e+02
5.360000e-06	1.122013e-06	2.253221e-09	8.092106e+00	1.462706e+02
5.370000e-06	1.055268e-06	2.209085e-09	7.610732e+00	1.436017e+02
5.380000e-06	9.884749e-07	2.170636e-09	7.129011e+00	1.408870e+02
5.390000e-06	9.215686e-07	2.127949e-09	6.646474e+00	1.381202e+02
5.400000e-06	8.546989e-07	2.080440e-09	6.164201e+00	1.352957e+02
5.410000e-06	7.878605e-07	2.029013e-09	5.682153e+00	1.324086e+02
5.420000e-06	7.208958e-07	1.982768e-09	5.199195e+00	1.294549e+02
5.430000e-06	6.538027e-07	1.941040e-09	4.715311e+00	1.264318e+02
5.440000e-06	5.866654e-07	1.893823e-09	4.231108e+00	1.233375e+02
5.450000e-06	5.195078e-07	1.846016e-09	3.746759e+00	1.201717e+02
5.460000e-06	4.523319e-07	1.800265e-09	3.262277e+00	1.169350e+02
5.470000e-06	3.851757e-07	1.754194e-09	2.777938e+00	1.136291e+02
5.480000e-06	3.180482e-07	1.704818e-09	2.293805e+00	1.102570e+02
5.490000e-06	2.509450e-07	1.654632e-09	1.809848e+00	1.068225e+02
5.500000e-06	1.837904e-07	1.601375e-09	1.325520e+00	1.033301e+02
5.510000e-06	1.166060e-07	1.545980e-09	8.409777e-01	9.978504e+01
5.520000e-06	4.950839e-08	1.490965e-09	3.570610e-01	9.619286e+01
5.530000e-06	-1.753471e-08	1.436613e-09	-1.264626e-01	9.255929e+01
5.540000e-06	-8.462583e-08	1.380235e-09	-6.103326e-01	8.889001e+01
5.550000e-06	-1.517512e-07	1.323662e-09	-1.094450e+00	8.519044e+01
5.560000e-06	-2.188447e-07	1.266671e-09	-1.578336e+00	8.146554e+01
5.570000e-06	-2.859045e-07	1.212988e-09	-2.061981e+00	7.771960e+01
5.580000e-06	-3.529946e-07	1.160248e-09	-2.545843e+00	7.395608e+01
5.590000e-06	-4.200876e-07	1.101554e-09	-3.029727e+00	7.017749e+01
5.600000e-06	-4.871874e-07	1.037521e-09	-3.513660e+00	6.638529e+01
5.610000e-06	-5.543343e-07	9.744812e-10	-3.997932e+00	6.257982e+01
5.620000e-06	-6.214221e-07	9.126604e-10	-4.481778e+00	5.876030e+01
5.630000e-06	-6.884308e-07	8.498401e-10	-4.965053e+00	5.492482e+01
5.640000e-06	-7.554202e-07	7.868451e-10	-5.448189e+00	5.107045e+01
5.650000e-06	-8.223318e-07	7.230915e-10	-5.930765e+00	4.719334e+01
5.660000e-06	-8.891371e-07	6.623336e-10	-6.412574e+00	4.328884e+01
5.670000e-06	-9.558114e-07	6.054449e-10	-6.893437e+00	3.935168e+01
5.680000e-06	-1.022442e-06	5.447406e-10	-7.373986e+00	3.537621e+01
5.690000e-06	-1.089064e-06	4.778087e-10	-7.854471e+00	3.135659e+01
5.700000e-06	-1.155517e-06	4.075510e-10	-8.333741e+00	2.728702e+01
5.710000e-06	-1.221913e-06	3.414832e-10	-8.812598e+00	2.316200e+01
5.720000e-06	-1.288273e-06	2.735535e-10	-9.291193e+00	1.897655e+01
5.730000e-06	-1.354563e-06	2.029170e-10	-9.769286e+00	1.472646e+01
5.740000e-06	-1.420798e-06	1.317047e-10	-1.024698e+01	1.040845e+01
5.750000e-06	-1.486919e-06	6.295873e-11	-1.072385e+01	6.020390e+00
5.760000e-06	-1.552976e-06	-3.079041e-12	-1.120026e+01	1.561429e+00
5.770000e-06	-1.618943e-06	-6.906163e-11	-1.167603e+01	-2.967898e+00
5.780000e-06	-1.684712e-06	-1.375282e-10	-1.215036e+01	-7.565599e+00
5.790000e-06	-1.750301e-06	-2.094710e-10	-1.262340e+01	-1.222820e+01
5.800000e-06	-1.815744e-06	-2.848736e-10	-1.309539e+01	-1.695078e+01
5.810000e-06	-1.881092e-06	-3.606923e-10	-1.356669e+01	-2.172701e+01
5.820000e-06	-1.946454e-06	-4.377985e-10	-1.403808e+01	-2.654929e+01
5.830000e-06	-2.011674e-06	-5.140821e-10	-1.450846e+01	-3.140891e+01
5.840000e-06	-2.076663e-06	-5.875960e-10	-1.497717e+01	-3.629618e+01
5.850000e-06	-2.141470e-06	-6.602543e-10	-1.544456e+01	-4.120071e+01
5.860000e-06	-2.206186e-06	-7.310879e-10	-1.591130e+01	-4.611161e+01
5.870000e-06	-2.270888e-06	-8.041320e-10	-1.637794e+01	-5.101774e+01
5.880000e-06	-2.335426e-06	-8.761562e-10	-1.684340e+01	-5.590800e+01
5.890000e-06	-2.399810e-06	-9.488944e-10	-1.730774e+01	-6.077155e+01
5.900000e-06	-2.464070e-06	-1.026865e-09	-1.777120e+01	-6.559810e+01
5.910000e-06	-2.528132e-06	-1.106730e-09	-1.823322e+01	-7.037812e+01
5.920000e-06	-2.592055e-06	-1.179070e-09	-1.869424e+01	-7.510305e+01
5.930000e-06	-2.655893e-06	-1.247525e-09	-1.915465e+01	-7.976548e+01
5.940000e-06	-2.719580e-06	-1.317285e-09	-1.961397e+01	-8.435930e+01
5.950000e-06	-2.782992e-06	-1.389155e-09	-2.007130e+01	-8.887979e+01
5.960000e-06	-2.846104e-06	-1.456707e-09	-2.052647e+01	-9.332368e+01
5.970000e-06	-2.908909e-06	-1.518859e-09	-2.097943e+01	-9.768917e+01
5.980000e-06	-2.971506e-06	-1.584219e-09	-2.143089e+01	-1.019759e+02
5.990000e-06	-3.033899e-06	-1.657409e-09	-2.188088e+01	-1.061848e+02
6.000000e-06	-3.095917e-06	-1.731331e-09	-2.232816e+01	-1.103180e+02
6.010000e-06	-3.157663e-06	-1.801304e-09	-2.277348e+01	-1.143790e+02
6.020000e-06	-3.219111e-06	-1.866040e-09	-2.321665e+01	-1.183717e+02
6.030000e-06	-3.280287e-06	-1.930017e-09	-2.365786e+01	-1.223012e+02
6.040000e-06	-3.341177e-06	-1.995101e-09	-2.409701e+01	-1.261725e+02
6.050000e-06	-3.401715e-06	-2.059308e-09	-2.453362e+01	-1.299914e+02
6.060000e-06	-3.461971e-06	-2.118595e-09	-2.496819e+01	-1.337631e+02
6.070000e-06	-3.522047e-06	-2.174444e-09	-2.540146e+01	-1.374928e+02
6.080000e-06	-3.581988e-06	-2.235490e-09	-2.583376e+01	-1.411853e+02
6.090000e-06	-3.641660e-06	-2.297803e-09	-2.626413e+01	-1.448445e+02
6.100000e-06	-3.701166e-06	-2.359575e-09	-2.669329e+01	-1.484736e+02
6.110000e-06	-3.760530e-06	-2.420695e-09	-2.712143e+01	-1.520747e+02
6.120000e-06	-3.819657e-06	-2.480183e-09	-2.754786e+01	-1.556488e+02
6.130000e-06	-3.878469e-06	-2.534852e-09	-2.797203e+01	-1.591958e+02
6.140000e-06	-3.936975e-06	-2.585947e-09	-2.839398e+01	-1.627144e+02
6.150000e-06	-3.995261e-06	-2.638594e-09	-2.881435e+01	-1.662023e+02
6.160000e-06	-4.053243e-06	-2.688886e-09	-2.923252e+01	-1.696561e+02
6.170000e-06	-4.110844e-06	-2.735383e-09	-2.964795e+01	-1.730712e+02
6.180000e-06	-4.168097e-06	-2.783074e-09	-3.006086e+01	-1.764426e+02
6.190000e-06	-4.225149e-06	-2.831768e-09	-3.047233e+01	-1.797646e+02
6.200000e-06	-4.281946e-06	-2.884204e-09	-3.088195e+01	-1.830310e+02
6.210000e-06	-4.338420e-06	-2.938369e-09	-3.128925e+01	-1.862354e+02
6.220000e-06	-4.394681e-06	-2.988131e-09	-3.169502e+01	-1.893717e+02
6.230000e-06	-4.450640e-06	-3.032995e-09	-3.209860e+01	-1.924340e+02
6.240000e-06	-4.506284e-06	-3.073789e-09	-3.249991e+01	-1.954167e+02
6.250000e-06	-4.561657e-06	-3.112896e-09	-3.289927e+01	-1.983154e+02
6.260000e-06	-4.616714e-06	-3.151359e-09	-3.329635e+01	-2.011262e+02
6.270000e-06	-4.671368e-06	-3.192102e-09	-3.369052e+01	-2.038466e+02
6.280000e-06	-4.725483e-06	-3.230680e-09	-3.408080e+01	-2.064752e+02
6.290000e-06	-4.779033e-06	-3.269653e-09	-3.446701e+01	-2.090117e+02
6.300000e-06	-4.832177e-06	-3.310458e-09	-3.485029e+01	-2.114576e+02
6.310000e-06	-4.884851e-06	-3.355973e-09	-3.523018e+01	-2.138152e+02
6.320000e-06	-4.936954e-06	-3.398825e-09	-3.560596e+01	-2.160886e+02
6.330000e-06	-4.988638e-06	-3.435181e-09	-3.597872e+01	-2.182827e+02
6.340000e-06	-5.040057e-06	-3.466318e-09	-3.634955e+01	-2.204036e+02
6.350000e-06	-5.091135e-06	-3.496975e-09	-3.671793e+01	-2.224583e+02
6.360000e-06	-5.141769e-06	-3.529399e-09	-3.708311e+01	-2.244544e+02
6.370000e-06	-5.192052e-06	-3.561229e-09	-3.744576e+01	-2.264000e+02
6.380000e-06	-5.241935e-06	-3.591857e-09	-3.780552e+01	-2.283034e+02
6.390000e-06	-5.291303e-06	-3.620806e-09	-3.816157e+01	-2.301729e+02
6.400000e-06	-5.340330e-06	-3.651385e-09	-3.851516e+01	-2.320162e+02
6.410000e-06	-5.388905e-06	-3.686166e-09	-3.886549e+01	-2.338409e+02
6.420000e-06	-5.436911e-06	-3.722735e-09	-3.921171e+01	-2.356534e+02
6.430000e-06	-5.484510e-06	-3.752002e-09	-3.955501e+01	-2.374592e+02
6.440000e-06	-5.531612e-06	-3.774692e-09	-3.989471e+01	-2.392628e+02
6.450000e-06	-5.578375e-06	-3.795894e-09	-4.023197e+01	-2.410672e+02
6.460000e-06	-5.624899e-06	-3.819433e-09	-4.056751e+01	-2.428741e+02
6.470000e-06	-5.671001e-06	-3.839143e-09	-4.090001e+01	-2.446836e+02
6.480000e-06	-5.716669e-06	-3.858443e-09	-4.122937e+01	-2.464946e+02
6.490000e-06	-5.761887e-06	-3.883999e-09	-4.155548e+01	-2.483043e+02
6.500000e-06	-5.806687e-06	-3.914472e-09	-4.187859e+01	-2.501089e+02
6.510000e-06	-5.851200e-06	-3.943286e-09	-4.219962e+01	-2.519031e+02
6.520000e-06	-5.895395e-06	-3.969074e-09	-4.251836e+01	-2.536811e+02
6.530000e-06	-5.939235e-06	-3.991790e-09	-4.283454e+01	-2.554358e+02
6.540000e-06	-5.982763e-06	-4.012467e-09	-4.314847e+01	-2.571601e+02
6.550000e-06	-6.025990e-06	-4.030412e-09	-4.346023e+01	-2.588463e+02
6.560000e-06	-6.068773e-06	-4.046676e-09	-4.376878e+01	-2.604868e+02
6.570000e-06	-6.111152e-06	-4.062815e-09	-4.407443e+01	-2.620746e+02
6.580000e-06	-6.153174e-06	-4.079786e-09	-4.437750e+01	-2.636029e+02
6.590000e-06	-6.194767e-06	-4.097163e-09	-4.467747e+01	-2.650659e+02
6.600000e-06	-6.235998e-06	-4.115697e-09	-4.497483e+01	-2.664588e+02
6.610000e-06	-6.276750e-06	-4.135523e-09	-4.526874e+01	-2.677782e+02
6.620000e-06	-6.317041e-06	-4.153762e-09	-4.555933e+01	-2.690219e+02
6.630000e-06	-6.357023e-06	-4.170488e-09	-4.584768e+01	-2.701894e+02
6.640000e-06	-6.396639e-06	-4.187681e-09	-4.613340e+01	-2.712815e+02
6.650000e-06	-6.435896e-06	-4.203589e-09	-4.641653e+01	-2.723008e+02
6.660000e-06	-6.474608e-06	-4.215587e-09	-4.669572e+01	-2.732513e+02
6.670000e-06	-6.512588e-06	-4.226641e-09	-4.696964e+01	-2.741384e+02
6.680000e-06	-6.549870e-06	-4.239941e-09	-4.723852e+01	-2.749686e+02
6.690000e-06	-6.586511e-06	-4.255017e-09	-4.750278e+01	-2.757498e+02
6.700000e-06	-6.622723e-06	-4.268622e-09	-4.776394e+01	-2.764904e+02
6.710000e-06	-6.658670e-06	-4.282066e-09	-4.802320e+01	-2.771993e+02
6.720000e-06	-6.694307e-06	-4.296496e-09	-4.828022e+01	-2.778860e+02
6.730000e-06	-6.729563e-06	-4.310011e-09	-4.853449e+01	-2.785596e+02
6.740000e-06	-6.764241e-06	-4.322703e-09	-4.878459e+01	-2.792290e+02
6.750000e-06	-6.798353e-06	-4.331529e-09	-4.903062e+01	-2.799024e+02
6.760000e-06	-6.832045e-06	-4.339753e-09	-4.927361e+01	-2.805871e+02
6.770000e-06	-6.865258e-06	-4.348244e-09	-4.951314e+01	-2.812891e+02
6.780000e-06	-6.897966e-06	-4.360907e-09	-4.974904e+01	-2.820132e+02
6.790000e-06	-6.930314e-06	-4.373350e-09	-4.998233e+01	-2.827626e+02
6.800000e-06	-6.962439e-06	-4.382666e-09	-5.021402e+01	-2.835386e+02
6.810000e-06	-6.994041e-06	-4.390938e-09	-5.044194e+01	-2.843409e+02
6.820000e-06	-7.024974e-06	-4.398195e-09	-5.066503e+01	-2.851676e+02
6.830000e-06	-7.055373e-06	-4.405180e-09	-5.088427e+01	-2.860149e+02
6.840000e-06	-7.085043e-06	-4.410290e-09	-5.109826e+01	-2.868775e+02
6.850000e-06	-7.113907e-06	-4.415309e-09	-5.130643e+01	-2.877488e+02
6.860000e-06	-7.142215e-06	-4.418609e-09	-5.151059e+01	-2.886208e+02
6.870000e-06	-7.170131e-06	-4.422312e-09	-5.171192e+01	-2.894848e+02
6.880000e-06	-7.197700e-06	-4.429168e-09	-5.191076e+01	-2.903313e+02
6.890000e-06	-7.224793e-06	-4.435942e-09	-5.210615e+01	-2.911509e+02
6.900000e-06	-7.251315e-06	-4.443089e-09	-5.229743e+01	-2.919338e+02
6.910000e-06	-7.277301e-06	-4.449757e-09	-5.248485e+01	-2.926709e+02
6.920000e-06	-7.302764e-06	-4.454755e-09	-5.266849e+01	-2.933538e+02
6.930000e-06	-7.327696e-06	-4.463064e-09	-5.284830e+01	-2.939752e+02
6.940000e-06	-7.352257e-06	-4.468061e-09	-5.302544e+01	-2.945291e+02
6.950000e-06	-7.376531e-06	-4.470150e-09	-5.320051e+01	-2.950114e+02
6.960000e-06	-7.400454e-06	-4.471374e-09	-5.337304e+01	-2.954193e+02
6.970000e-06	-7.423923e-06	-4.473881e-09	-5.354231e+01	-2.957526e+02
6.980000e-06	-7.446652e-06	-4.477175e-09	-5.370623e+01	-2.960126e+02
6.990000e-06	-7.468529e-06	-4.480629e-09	-5.386401e+01	-2.962030e+02
7.000000e-06	-7.489624e-06	-4.483584e-09	-5.401615e+01	-2.963294e+02
7.010000e-06	-7.510132e-06	-4.483067e-09	-5.416406e+01	-2.963991e+02
7.020000e-06	-7.530264e-06	-4.484057e-09	-5.430925e+01	-2.964213e+02
7.030000e-06	-7.550015e-06	-4.489475e-09	-5.445170e+01	-2.964064e+02
7.040000e-06	-7.569293e-06	-4.491301e-09	-5.459073e+01	-2.963660e+02
7.050000e-06	-7.588036e-06	-4.489903e-09	-5.472591e+01	-2.963123e+02
7.060000e-06	-7.606248e-06	-4.486688e-09	-5.485726e+01	-2.962581e+02
7.070000e-06	-7.623899e-06	-4.490017e-09	-5.498456e+01	-2.962156e+02
7.080000e-06	-7.640939e-06	-4.494699e-09	-5.510746e+01	-2.961970e+02
7.090000e-06	-7.657534e-06	-4.495960e-09	-5.522714e+01	-2.962132e+02
7.100000e-06	-7.673845e-06	-4.492712e-09	-5.534477e+01	-2.962738e+02
7.110000e-06	-7.689721e-06	-4.491746e-09	-5.545928e+01	-2.963867e+02
7.120000e-06	-7.705063e-06	-4.495206e-09	-5.556993e+01	-2.965579e+02
7.130000e-06	-7.719620e-06	-4.496883e-09	-5.567491e+01	-2.967907e+02
7.140000e-06	-7.733234e-06	-4.494220e-09	-5.577310e+01	-2.970863e+02
7.150000e-06	-7.745982e-06	-4.488932e-09	-5.586504e+01	-2.974428e+02
7.160000e-06	-7.758114e-06	-4.487154e-09	-5.595254e+01	-2.978561e+02
7.170000e-06	-7.769840e-06	-4.489117e-09	-5.603711e+01	-2.983191e+02
7.180000e-06	-7.780897e-06	-4.487477e-09	-5.611685e+01	-2.988222e+02
7.190000e-06	-7.791336e-06	-4.485375e-09	-5.619214e+01	-2.993539e+02
7.200000e-06	-7.801369e-06	-4.487431e-09	-5.626450e+01	-2.999002e+02
7.210000e-06	-7.810969e-06	-4.487515e-09	-5.633373e+01	-3.004459e+02
7.220000e-06	-7.820003e-06	-4.483341e-09	-5.639889e+01	-3.009747e+02
7.230000e-06	-7.828450e-06	-4.477544e-09	-5.645981e+01	-3.014693e+02
7.240000e-06	-7.836523e-06	-4.478791e-09	-5.651803e+01	-3.019126e+02
7.250000e-06	-7.844241e-06	-4.478880e-09	-5.657369e+01	-3.022881e+02
7.260000e-06	-7.851389e-06	-4.472954e-09	-5.662525e+01	-3.025800e+02
7.270000e-06	-7.857723e-06	-4.463089e-09	-5.667093e+01	-3.027745e+02
7.280000e-06	-7.863142e-06	-4.459598e-09	-5.671001e+01	-3.028597e+02
7.290000e-06	-7.867836e-06	-4.461297e-09	-5.674387e+01	-3.028266e+02
7.300000e-06	-7.872079e-06	-4.459592e-09	-5.677447e+01	-3.026692e+02
7.310000e-06	-7.876004e-06	-4.453023e-09	-5.680277e+01	-3.023850e+02
7.320000e-06	-7.879384e-06	-4.447984e-09	-5.682715e+01	-3.019754e+02
7.330000e-06	-7.882088e-06	-4.446091e-09	-5.684665e+01	-3.014454e+02
7.340000e-06	-7.884428e-06	-4.446062e-09	-5.686353e+01	-3.008044e+02
7.350000e-06	-7.886427e-06	-4.440766e-09	-5.687794e+01	-3.000655e+02
7.360000e-06	-7.887787e-06	-4.435839e-09	-5.688775e+01	-2.992457e+02
7.370000e-06	-7.888530e-06	-4.426806e-09	-5.689311e+01	-2.983656e+02
7.380000e-06	-7.888848e-06	-4.421677e-09	-5.689541e+01	-2.974489e+02
