# Temperatura_=_20.0
# Concentracion g/m^3_=_12600.0
# C_Vs_to_Am_M_A/Vsm_=_65563218390.804596
# pendiente_HvsI_1/m_=_3716.3
# ordenada_HvsI_A/m_=_1297.0
# frecuencia_Hz_=_135499.03306442263

Tiempo_(s)	Campo_(V.s)	Magnetizacion_(V.s)	Campo_(kA/m)	Magnetizacion_(A/m)
0.000000e+00	-7.899382e-06	-4.491804e-09	-5.687782e+01	-2.983971e+02
1.000000e-08	-7.899673e-06	-4.484366e-09	-5.687992e+01	-2.978440e+02
2.000000e-08	-7.899612e-06	-4.477061e-09	-5.687948e+01	-2.972484e+02
3.000000e-08	-7.898896e-06	-4.477543e-09	-5.687432e+01	-2.966234e+02
4.000000e-08	-7.897416e-06	-4.477273e-09	-5.686367e+01	-2.959838e+02
5.000000e-08	-7.895146e-06	-4.472359e-09	-5.684732e+01	-2.953458e+02
6.000000e-08	-7.892161e-06	-4.469943e-09	-5.682583e+01	-2.947265e+02
7.000000e-08	-7.888681e-06	-4.470542e-09	-5.680077e+01	-2.941437e+02
8.000000e-08	-7.884915e-06	-4.463980e-09	-5.677366e+01	-2.936155e+02
9.000000e-08	-7.880770e-06	-4.468815e-09	-5.674381e+01	-2.931596e+02
1.000000e-07	-7.875893e-06	-4.522976e-09	-5.670870e+01	-2.927932e+02
1.100000e-07	-7.869989e-06	-4.559741e-09	-5.666619e+01	-2.925326e+02
1.200000e-07	-7.863144e-06	-4.501357e-09	-5.661690e+01	-2.923925e+02
1.300000e-07	-7.855735e-06	-4.345203e-09	-5.656355e+01	-2.923856e+02
1.400000e-07	-7.848108e-06	-4.346606e-09	-5.650863e+01	-2.925227e+02
1.500000e-07	-7.840382e-06	-4.639955e-09	-5.645300e+01	-2.928120e+02
1.600000e-07	-7.832248e-06	-4.670534e-09	-5.639444e+01	-2.932587e+02
1.700000e-07	-7.823527e-06	-4.337233e-09	-5.633164e+01	-2.938654e+02
1.800000e-07	-7.814358e-06	-4.303317e-09	-5.626563e+01	-2.946314e+02
1.900000e-07	-7.804321e-06	-4.545509e-09	-5.619336e+01	-2.955530e+02
2.000000e-07	-7.793248e-06	-4.589779e-09	-5.611363e+01	-2.966232e+02
2.100000e-07	-7.781825e-06	-4.575979e-09	-5.603138e+01	-2.978321e+02
2.200000e-07	-7.769984e-06	-4.524962e-09	-5.594612e+01	-2.991670e+02
2.300000e-07	-7.757265e-06	-4.331390e-09	-5.585454e+01	-3.006123e+02
2.400000e-07	-7.743835e-06	-4.361229e-09	-5.575784e+01	-3.021505e+02
2.500000e-07	-7.730123e-06	-4.749755e-09	-5.565911e+01	-3.037616e+02
2.600000e-07	-7.715696e-06	-4.821499e-09	-5.555523e+01	-3.054244e+02
2.700000e-07	-7.700005e-06	-4.528163e-09	-5.544225e+01	-3.071164e+02
2.800000e-07	-7.683649e-06	-4.676695e-09	-5.532448e+01	-3.088143e+02
2.900000e-07	-7.666984e-06	-5.111827e-09	-5.520449e+01	-3.104947e+02
3.000000e-07	-7.649817e-06	-5.062818e-09	-5.508088e+01	-3.121345e+02
3.100000e-07	-7.632101e-06	-4.800669e-09	-5.495332e+01	-3.137113e+02
3.200000e-07	-7.613800e-06	-4.932546e-09	-5.482155e+01	-3.152038e+02
3.300000e-07	-7.594855e-06	-5.097490e-09	-5.468514e+01	-3.165923e+02
3.400000e-07	-7.575410e-06	-4.932967e-09	-5.454513e+01	-3.178594e+02
3.500000e-07	-7.555667e-06	-4.913893e-09	-5.440297e+01	-3.189897e+02
3.600000e-07	-7.535593e-06	-4.965343e-09	-5.425844e+01	-3.199706e+02
3.700000e-07	-7.514979e-06	-4.854443e-09	-5.411001e+01	-3.207921e+02
3.800000e-07	-7.493932e-06	-4.942455e-09	-5.395847e+01	-3.214475e+02
3.900000e-07	-7.472441e-06	-5.048097e-09	-5.380373e+01	-3.219329e+02
4.000000e-07	-7.450372e-06	-4.910152e-09	-5.364482e+01	-3.222474e+02
4.100000e-07	-7.427778e-06	-4.821364e-09	-5.348214e+01	-3.223933e+02
4.200000e-07	-7.404545e-06	-4.932686e-09	-5.331486e+01	-3.223755e+02
4.300000e-07	-7.380877e-06	-4.987109e-09	-5.314444e+01	-3.222016e+02
4.400000e-07	-7.356931e-06	-4.923455e-09	-5.297202e+01	-3.218816e+02
4.500000e-07	-7.332362e-06	-4.817352e-09	-5.279511e+01	-3.214276e+02
4.600000e-07	-7.307072e-06	-4.851798e-09	-5.261302e+01	-3.208532e+02
4.700000e-07	-7.281036e-06	-4.972674e-09	-5.242555e+01	-3.201735e+02
4.800000e-07	-7.254365e-06	-4.905717e-09	-5.223352e+01	-3.194044e+02
4.900000e-07	-7.227203e-06	-4.762781e-09	-5.203794e+01	-3.185625e+02
5.000000e-07	-7.199527e-06	-4.843381e-09	-5.183866e+01	-3.176643e+02
5.100000e-07	-7.171571e-06	-4.933907e-09	-5.163738e+01	-3.167261e+02
5.200000e-07	-7.143102e-06	-4.845715e-09	-5.143239e+01	-3.157634e+02
5.300000e-07	-7.113875e-06	-4.772926e-09	-5.122195e+01	-3.147907e+02
5.400000e-07	-7.084165e-06	-4.806478e-09	-5.100802e+01	-3.138214e+02
5.500000e-07	-7.054154e-06	-4.835861e-09	-5.079193e+01	-3.128670e+02
5.600000e-07	-7.023615e-06	-4.819579e-09	-5.057205e+01	-3.119373e+02
5.700000e-07	-6.992535e-06	-4.780709e-09	-5.034826e+01	-3.110402e+02
5.800000e-07	-6.961176e-06	-4.753980e-09	-5.012247e+01	-3.101814e+02
5.900000e-07	-6.929432e-06	-4.764477e-09	-4.989390e+01	-3.093648e+02
6.000000e-07	-6.897201e-06	-4.778188e-09	-4.966183e+01	-3.085919e+02
6.100000e-07	-6.864557e-06	-4.770368e-09	-4.942678e+01	-3.078624e+02
6.200000e-07	-6.831355e-06	-4.735172e-09	-4.918772e+01	-3.071742e+02
6.300000e-07	-6.797347e-06	-4.701028e-09	-4.894285e+01	-3.065234e+02
6.400000e-07	-6.762665e-06	-4.705534e-09	-4.869313e+01	-3.059046e+02
6.500000e-07	-6.727489e-06	-4.728041e-09	-4.843986e+01	-3.053113e+02
6.600000e-07	-6.691887e-06	-4.695838e-09	-4.818351e+01	-3.047360e+02
6.700000e-07	-6.655855e-06	-4.654986e-09	-4.792407e+01	-3.041706e+02
6.800000e-07	-6.619307e-06	-4.650688e-09	-4.766091e+01	-3.036067e+02
6.900000e-07	-6.582340e-06	-4.650560e-09	-4.739474e+01	-3.030356e+02
7.000000e-07	-6.544925e-06	-4.635558e-09	-4.712534e+01	-3.024490e+02
7.100000e-07	-6.506935e-06	-4.627641e-09	-4.685181e+01	-3.018391e+02
7.200000e-07	-6.468514e-06	-4.603291e-09	-4.657516e+01	-3.011987e+02
7.300000e-07	-6.429698e-06	-4.567861e-09	-4.629567e+01	-3.005214e+02
7.400000e-07	-6.390529e-06	-4.561509e-09	-4.601364e+01	-2.998023e+02
7.500000e-07	-6.351072e-06	-4.575356e-09	-4.572954e+01	-2.990372e+02
7.600000e-07	-6.311188e-06	-4.559799e-09	-4.544237e+01	-2.982236e+02
7.700000e-07	-6.270847e-06	-4.523195e-09	-4.515190e+01	-2.973600e+02
7.800000e-07	-6.230096e-06	-4.501636e-09	-4.485848e+01	-2.964464e+02
7.900000e-07	-6.188765e-06	-4.508920e-09	-4.456089e+01	-2.954841e+02
8.000000e-07	-6.146786e-06	-4.518825e-09	-4.425863e+01	-2.944754e+02
8.100000e-07	-6.104262e-06	-4.493075e-09	-4.395244e+01	-2.934237e+02
8.200000e-07	-6.061209e-06	-4.439690e-09	-4.364244e+01	-2.923335e+02
8.300000e-07	-6.017603e-06	-4.416476e-09	-4.332847e+01	-2.912097e+02
8.400000e-07	-5.973602e-06	-4.437012e-09	-4.301165e+01	-2.900580e+02
8.500000e-07	-5.929260e-06	-4.437144e-09	-4.269238e+01	-2.888842e+02
8.600000e-07	-5.884533e-06	-4.389196e-09	-4.237033e+01	-2.876945e+02
8.700000e-07	-5.839434e-06	-4.346483e-09	-4.204560e+01	-2.864946e+02
8.800000e-07	-5.793900e-06	-4.347600e-09	-4.171775e+01	-2.852901e+02
8.900000e-07	-5.748006e-06	-4.355893e-09	-4.138730e+01	-2.840862e+02
9.000000e-07	-5.701757e-06	-4.331215e-09	-4.105429e+01	-2.828873e+02
9.100000e-07	-5.655108e-06	-4.288935e-09	-4.071840e+01	-2.816971e+02
9.200000e-07	-5.608088e-06	-4.262019e-09	-4.037985e+01	-2.805183e+02
9.300000e-07	-5.560634e-06	-4.254417e-09	-4.003816e+01	-2.793528e+02
9.400000e-07	-5.512870e-06	-4.248470e-09	-3.969425e+01	-2.782012e+02
9.500000e-07	-5.464667e-06	-4.225999e-09	-3.934717e+01	-2.770634e+02
9.600000e-07	-5.415826e-06	-4.193229e-09	-3.899550e+01	-2.759383e+02
9.700000e-07	-5.366414e-06	-4.169740e-09	-3.863972e+01	-2.748235e+02
9.800000e-07	-5.316519e-06	-4.162255e-09	-3.828047e+01	-2.737163e+02
9.900000e-07	-5.266184e-06	-4.156860e-09	-3.791804e+01	-2.726128e+02
1.000000e-06	-5.215387e-06	-4.134992e-09	-3.755229e+01	-2.715089e+02
1.010000e-06	-5.163996e-06	-4.098594e-09	-3.718226e+01	-2.703998e+02
1.020000e-06	-5.112115e-06	-4.072490e-09	-3.680870e+01	-2.692807e+02
1.030000e-06	-5.059981e-06	-4.063315e-09	-3.643332e+01	-2.681463e+02
1.040000e-06	-5.007449e-06	-4.054306e-09	-3.605508e+01	-2.669919e+02
1.050000e-06	-4.954562e-06	-4.027925e-09	-3.567427e+01	-2.658126e+02
1.060000e-06	-4.901315e-06	-3.993444e-09	-3.529088e+01	-2.646042e+02
1.070000e-06	-4.847724e-06	-3.972555e-09	-3.490500e+01	-2.633627e+02
1.080000e-06	-4.793818e-06	-3.966380e-09	-3.451687e+01	-2.620851e+02
1.090000e-06	-4.739546e-06	-3.951699e-09	-3.412610e+01	-2.607688e+02
1.100000e-06	-4.684874e-06	-3.920357e-09	-3.373244e+01	-2.594122e+02
1.110000e-06	-4.629906e-06	-3.887311e-09	-3.333666e+01	-2.580145e+02
1.120000e-06	-4.574695e-06	-3.868405e-09	-3.293912e+01	-2.565756e+02
1.130000e-06	-4.519195e-06	-3.856940e-09	-3.253951e+01	-2.550964e+02
1.140000e-06	-4.463465e-06	-3.835848e-09	-3.213823e+01	-2.535785e+02
1.150000e-06	-4.407468e-06	-3.801334e-09	-3.173504e+01	-2.520240e+02
1.160000e-06	-4.351174e-06	-3.770125e-09	-3.132971e+01	-2.504357e+02
1.170000e-06	-4.294666e-06	-3.752717e-09	-3.092283e+01	-2.488171e+02
1.180000e-06	-4.237817e-06	-3.736755e-09	-3.051350e+01	-2.471717e+02
1.190000e-06	-4.180484e-06	-3.707964e-09	-3.010069e+01	-2.455034e+02
1.200000e-06	-4.122727e-06	-3.676861e-09	-2.968482e+01	-2.438161e+02
1.210000e-06	-4.064572e-06	-3.652385e-09	-2.926609e+01	-2.421136e+02
1.220000e-06	-4.006059e-06	-3.629417e-09	-2.884478e+01	-2.403995e+02
1.230000e-06	-3.947210e-06	-3.604827e-09	-2.842105e+01	-2.386770e+02
1.240000e-06	-3.888098e-06	-3.576931e-09	-2.799542e+01	-2.369490e+02
1.250000e-06	-3.828632e-06	-3.546648e-09	-2.756725e+01	-2.352175e+02
1.260000e-06	-3.768878e-06	-3.515733e-09	-2.713701e+01	-2.334842e+02
1.270000e-06	-3.708908e-06	-3.493631e-09	-2.670520e+01	-2.317499e+02
1.280000e-06	-3.648693e-06	-3.478573e-09	-2.627164e+01	-2.300148e+02
1.290000e-06	-3.588335e-06	-3.454412e-09	-2.583705e+01	-2.282782e+02
1.300000e-06	-3.527731e-06	-3.418008e-09	-2.540068e+01	-2.265388e+02
1.310000e-06	-3.466887e-06	-3.384356e-09	-2.496258e+01	-2.247947e+02
1.320000e-06	-3.405853e-06	-3.358436e-09	-2.452312e+01	-2.230432e+02
1.330000e-06	-3.344653e-06	-3.334999e-09	-2.408246e+01	-2.212813e+02
1.340000e-06	-3.283265e-06	-3.304243e-09	-2.364045e+01	-2.195054e+02
1.350000e-06	-3.221562e-06	-3.265522e-09	-2.319617e+01	-2.177118e+02
1.360000e-06	-3.159586e-06	-3.232385e-09	-2.274993e+01	-2.158966e+02
1.370000e-06	-3.097313e-06	-3.212020e-09	-2.230154e+01	-2.140556e+02
1.380000e-06	-3.034828e-06	-3.192593e-09	-2.185163e+01	-2.121851e+02
1.390000e-06	-2.972190e-06	-3.158456e-09	-2.140062e+01	-2.102813e+02
1.400000e-06	-2.909305e-06	-3.117229e-09	-2.094783e+01	-2.083409e+02
1.410000e-06	-2.846277e-06	-3.085931e-09	-2.049402e+01	-2.063611e+02
1.420000e-06	-2.783213e-06	-3.060944e-09	-2.003993e+01	-2.043393e+02
1.430000e-06	-2.720048e-06	-3.028715e-09	-1.958513e+01	-2.022739e+02
1.440000e-06	-2.656743e-06	-2.989023e-09	-1.912932e+01	-2.001636e+02
1.450000e-06	-2.593234e-06	-2.952008e-09	-1.867203e+01	-1.980081e+02
1.460000e-06	-2.529579e-06	-2.923213e-09	-1.821370e+01	-1.958076e+02
1.470000e-06	-2.465805e-06	-2.896594e-09	-1.775450e+01	-1.935628e+02
1.480000e-06	-2.401829e-06	-2.865113e-09	-1.729386e+01	-1.912753e+02
1.490000e-06	-2.337693e-06	-2.829325e-09	-1.683207e+01	-1.889471e+02
1.500000e-06	-2.273296e-06	-2.790887e-09	-1.636838e+01	-1.865806e+02
1.510000e-06	-2.208615e-06	-2.754863e-09	-1.590266e+01	-1.841788e+02
1.520000e-06	-2.143700e-06	-2.719423e-09	-1.543526e+01	-1.817447e+02
1.530000e-06	-2.078628e-06	-2.684672e-09	-1.496672e+01	-1.792815e+02
1.540000e-06	-2.013502e-06	-2.648849e-09	-1.449779e+01	-1.767926e+02
1.550000e-06	-1.948177e-06	-2.607849e-09	-1.402744e+01	-1.742812e+02
1.560000e-06	-1.882652e-06	-2.566801e-09	-1.355563e+01	-1.717502e+02
1.570000e-06	-1.817022e-06	-2.532027e-09	-1.308308e+01	-1.692022e+02
1.580000e-06	-1.751276e-06	-2.501315e-09	-1.260969e+01	-1.666396e+02
1.590000e-06	-1.685420e-06	-2.464261e-09	-1.213551e+01	-1.640640e+02
1.600000e-06	-1.619391e-06	-2.421732e-09	-1.166008e+01	-1.614766e+02
1.610000e-06	-1.553224e-06	-2.379481e-09	-1.118366e+01	-1.588780e+02
1.620000e-06	-1.486928e-06	-2.341102e-09	-1.070631e+01	-1.562681e+02
1.630000e-06	-1.420449e-06	-2.299517e-09	-1.022764e+01	-1.536463e+02
1.640000e-06	-1.353861e-06	-2.252052e-09	-9.748191e+00	-1.510111e+02
1.650000e-06	-1.287169e-06	-2.208728e-09	-9.267987e+00	-1.483609e+02
1.660000e-06	-1.220413e-06	-2.171881e-09	-8.787322e+00	-1.456930e+02
1.670000e-06	-1.153580e-06	-2.132893e-09	-8.306109e+00	-1.430048e+02
1.680000e-06	-1.086659e-06	-2.088337e-09	-7.824257e+00	-1.402929e+02
1.690000e-06	-1.019730e-06	-2.040250e-09	-7.342347e+00	-1.375541e+02
1.700000e-06	-9.527567e-07	-1.994292e-09	-6.860123e+00	-1.347846e+02
1.710000e-06	-8.857796e-07	-1.952521e-09	-6.377868e+00	-1.319809e+02
1.720000e-06	-8.188037e-07	-1.909335e-09	-5.895622e+00	-1.291394e+02
1.730000e-06	-7.517193e-07	-1.861585e-09	-5.412595e+00	-1.262569e+02
1.740000e-06	-6.844738e-07	-1.812472e-09	-4.928408e+00	-1.233301e+02
1.750000e-06	-6.171340e-07	-1.768330e-09	-4.443543e+00	-1.203566e+02
1.760000e-06	-5.497723e-07	-1.729316e-09	-3.958519e+00	-1.173340e+02
1.770000e-06	-4.823619e-07	-1.685905e-09	-3.473145e+00	-1.142606e+02
1.780000e-06	-4.148403e-07	-1.637154e-09	-2.986969e+00	-1.111354e+02
1.790000e-06	-3.473381e-07	-1.589029e-09	-2.500934e+00	-1.079576e+02
1.800000e-06	-2.797942e-07	-1.542707e-09	-2.014599e+00	-1.047272e+02
1.810000e-06	-2.122191e-07	-1.495410e-09	-1.528039e+00	-1.014449e+02
1.820000e-06	-1.446966e-07	-1.444623e-09	-1.041857e+00	-9.811163e+01
1.830000e-06	-7.710506e-08	-1.393279e-09	-5.551786e-01	-9.472889e+01
1.840000e-06	-9.478136e-09	-1.342099e-09	-6.824531e-02	-9.129859e+01
1.850000e-06	5.814386e-08	-1.292722e-09	4.186525e-01	-8.782289e+01
1.860000e-06	1.257134e-07	-1.244508e-09	9.051723e-01	-8.430420e+01
1.870000e-06	1.931766e-07	-1.195522e-09	1.390927e+00	-8.074502e+01
1.880000e-06	2.606204e-07	-1.143592e-09	1.876541e+00	-7.714783e+01
1.890000e-06	3.280987e-07	-1.086997e-09	2.362405e+00	-7.351505e+01
1.900000e-06	3.956304e-07	-1.035924e-09	2.848652e+00	-6.984887e+01
1.910000e-06	4.630916e-07	-9.848700e-10	3.334393e+00	-6.615124e+01
1.920000e-06	5.304540e-07	-9.283847e-10	3.819422e+00	-6.242371e+01
1.930000e-06	5.979040e-07	-8.688953e-10	4.305081e+00	-5.866744e+01
1.940000e-06	6.653726e-07	-8.091778e-10	4.790874e+00	-5.488314e+01
1.950000e-06	7.327168e-07	-7.534141e-10	5.275772e+00	-5.107101e+01
1.960000e-06	8.000044e-07	-6.971419e-10	5.760262e+00	-4.723078e+01
1.970000e-06	8.672386e-07	-6.396614e-10	6.244367e+00	-4.336171e+01
1.980000e-06	9.342373e-07	-5.807879e-10	6.726777e+00	-3.946261e+01
1.990000e-06	1.001137e-06	-5.220906e-10	7.208475e+00	-3.553194e+01
2.000000e-06	1.068109e-06	-4.660007e-10	7.690694e+00	-3.156783e+01
2.010000e-06	1.134913e-06	-4.072270e-10	8.171699e+00	-2.756822e+01
2.020000e-06	1.201580e-06	-3.429440e-10	8.651718e+00	-2.353091e+01
2.030000e-06	1.268239e-06	-2.788313e-10	9.131684e+00	-1.945373e+01
2.040000e-06	1.334792e-06	-2.157753e-10	9.610883e+00	-1.533458e+01
2.050000e-06	1.401272e-06	-1.552887e-10	1.008956e+01	-1.117164e+01
2.060000e-06	1.467712e-06	-9.387777e-11	1.056795e+01	-6.963402e+00
2.070000e-06	1.534020e-06	-3.093717e-11	1.104538e+01	-2.708818e+00
2.080000e-06	1.600155e-06	3.367870e-11	1.152158e+01	1.592600e+00
2.090000e-06	1.666118e-06	9.918297e-11	1.199653e+01	5.940705e+00
2.100000e-06	1.731985e-06	1.653777e-10	1.247079e+01	1.033464e+01
2.110000e-06	1.797704e-06	2.317265e-10	1.294399e+01	1.477280e+01
2.120000e-06	1.863208e-06	2.983253e-10	1.341563e+01	1.925278e+01
2.130000e-06	1.928635e-06	3.667253e-10	1.388673e+01	2.377139e+01
2.140000e-06	1.993988e-06	4.358438e-10	1.435728e+01	2.832468e+01
2.150000e-06	2.059115e-06	5.026259e-10	1.482622e+01	3.290794e+01
2.160000e-06	2.124032e-06	5.686378e-10	1.529364e+01	3.751580e+01
2.170000e-06	2.188716e-06	6.372653e-10	1.575938e+01	4.214230e+01
2.180000e-06	2.253195e-06	7.088555e-10	1.622366e+01	4.678097e+01
2.190000e-06	2.317478e-06	7.798831e-10	1.668651e+01	5.142499e+01
2.200000e-06	2.381591e-06	8.491800e-10	1.714814e+01	5.606724e+01
2.210000e-06	2.445566e-06	9.193474e-10	1.760878e+01	6.070053e+01
2.220000e-06	2.509374e-06	9.902341e-10	1.806821e+01	6.531766e+01
2.230000e-06	2.572977e-06	1.062974e-09	1.852617e+01	6.991158e+01
2.240000e-06	2.636357e-06	1.131798e-09	1.898253e+01	7.447553e+01
2.250000e-06	2.699662e-06	1.197080e-09	1.943835e+01	7.900316e+01
2.260000e-06	2.762822e-06	1.261916e-09	1.989311e+01	8.348867e+01
2.270000e-06	2.825817e-06	1.326162e-09	2.034669e+01	8.792683e+01
2.280000e-06	2.888712e-06	1.388799e-09	2.079956e+01	9.231314e+01
2.290000e-06	2.951304e-06	1.450908e-09	2.125024e+01	9.664386e+01
2.300000e-06	3.013638e-06	1.514167e-09	2.169906e+01	1.009160e+02
2.310000e-06	3.075874e-06	1.576695e-09	2.214717e+01	1.051274e+02
2.320000e-06	3.138019e-06	1.637557e-09	2.259464e+01	1.092768e+02
2.330000e-06	3.199914e-06	1.699307e-09	2.304030e+01	1.133634e+02
2.340000e-06	3.261494e-06	1.762055e-09	2.348370e+01	1.173874e+02
2.350000e-06	3.322886e-06	1.821821e-09	2.392573e+01	1.213496e+02
2.360000e-06	3.384082e-06	1.878327e-09	2.436637e+01	1.252511e+02
2.370000e-06	3.445093e-06	1.935036e-09	2.480566e+01	1.290937e+02
2.380000e-06	3.505931e-06	1.989379e-09	2.524371e+01	1.328794e+02
2.390000e-06	3.566559e-06	2.042179e-09	2.568025e+01	1.366104e+02
2.400000e-06	3.626877e-06	2.098122e-09	2.611456e+01	1.402890e+02
2.410000e-06	3.686930e-06	2.151988e-09	2.654696e+01	1.439175e+02
2.420000e-06	3.746763e-06	2.204187e-09	2.697777e+01	1.474980e+02
2.430000e-06	3.806362e-06	2.258258e-09	2.740690e+01	1.510324e+02
2.440000e-06	3.865588e-06	2.313382e-09	2.783335e+01	1.545222e+02
2.450000e-06	3.924529e-06	2.365451e-09	2.825773e+01	1.579684e+02
2.460000e-06	3.983298e-06	2.416642e-09	2.868089e+01	1.613718e+02
2.470000e-06	4.041799e-06	2.466234e-09	2.910212e+01	1.647325e+02
2.480000e-06	4.100138e-06	2.511724e-09	2.952217e+01	1.680501e+02
2.490000e-06	4.158033e-06	2.553079e-09	2.993903e+01	1.713236e+02
2.500000e-06	4.215316e-06	2.595781e-09	3.035149e+01	1.745518e+02
2.510000e-06	4.272197e-06	2.642143e-09	3.076105e+01	1.777329e+02
2.520000e-06	4.328714e-06	2.687693e-09	3.116799e+01	1.808647e+02
2.530000e-06	4.384805e-06	2.731995e-09	3.157186e+01	1.839448e+02
2.540000e-06	4.440484e-06	2.776821e-09	3.197276e+01	1.869706e+02
2.550000e-06	4.495941e-06	2.822465e-09	3.237207e+01	1.899394e+02
2.560000e-06	4.551206e-06	2.866231e-09	3.276999e+01	1.928487e+02
2.570000e-06	4.606263e-06	2.908354e-09	3.316642e+01	1.956959e+02
2.580000e-06	4.661096e-06	2.947496e-09	3.356123e+01	1.984788e+02
2.590000e-06	4.715696e-06	2.983309e-09	3.395437e+01	2.011956e+02
2.600000e-06	4.769997e-06	3.019536e-09	3.434535e+01	2.038448e+02
2.610000e-06	4.823860e-06	3.057160e-09	3.473318e+01	2.064257e+02
2.620000e-06	4.877404e-06	3.093804e-09	3.511871e+01	2.089378e+02
2.630000e-06	4.930636e-06	3.130436e-09	3.550199e+01	2.113815e+02
2.640000e-06	4.983493e-06	3.169057e-09	3.588258e+01	2.137579e+02
2.650000e-06	5.036026e-06	3.209222e-09	3.626083e+01	2.160684e+02
2.660000e-06	5.088039e-06	3.245715e-09	3.663535e+01	2.183154e+02
2.670000e-06	5.139507e-06	3.276002e-09	3.700593e+01	2.205016e+02
2.680000e-06	5.190611e-06	3.305034e-09	3.737389e+01	2.226303e+02
2.690000e-06	5.241269e-06	3.337734e-09	3.773864e+01	2.247053e+02
2.700000e-06	5.291488e-06	3.368944e-09	3.810024e+01	2.267306e+02
2.710000e-06	5.341083e-06	3.399330e-09	3.845733e+01	2.287104e+02
2.720000e-06	5.390065e-06	3.432413e-09	3.881002e+01	2.306491e+02
2.730000e-06	5.438672e-06	3.465269e-09	3.916001e+01	2.325510e+02
2.740000e-06	5.486897e-06	3.497103e-09	3.950724e+01	2.344202e+02
2.750000e-06	5.534744e-06	3.528740e-09	3.985175e+01	2.362605e+02
2.760000e-06	5.582233e-06	3.558801e-09	4.019368e+01	2.380753e+02
2.770000e-06	5.629404e-06	3.585031e-09	4.053333e+01	2.398675e+02
2.780000e-06	5.676130e-06	3.607880e-09	4.086977e+01	2.416396e+02
2.790000e-06	5.722429e-06	3.632110e-09	4.120313e+01	2.433931e+02
2.800000e-06	5.768264e-06	3.661068e-09	4.153316e+01	2.451292e+02
2.810000e-06	5.813722e-06	3.689463e-09	4.186047e+01	2.468479e+02
2.820000e-06	5.858906e-06	3.713832e-09	4.218581e+01	2.485489e+02
2.830000e-06	5.903674e-06	3.737545e-09	4.250815e+01	2.502311e+02
2.840000e-06	5.948069e-06	3.765697e-09	4.282781e+01	2.518925e+02
2.850000e-06	5.992138e-06	3.794454e-09	4.314512e+01	2.535310e+02
2.860000e-06	6.035894e-06	3.818562e-09	4.346018e+01	2.551435e+02
2.870000e-06	6.079376e-06	3.841954e-09	4.377325e+01	2.567270e+02
2.880000e-06	6.122486e-06	3.866175e-09	4.408366e+01	2.582780e+02
2.890000e-06	6.164960e-06	3.889073e-09	4.438948e+01	2.597930e+02
2.900000e-06	6.206727e-06	3.912749e-09	4.469022e+01	2.612684e+02
2.910000e-06	6.247870e-06	3.936476e-09	4.498646e+01	2.627008e+02
2.920000e-06	6.288303e-06	3.961624e-09	4.527759e+01	2.640873e+02
2.930000e-06	6.328143e-06	3.986784e-09	4.556445e+01	2.654252e+02
2.940000e-06	6.367699e-06	4.010401e-09	4.584927e+01	2.667125e+02
2.950000e-06	6.407090e-06	4.031397e-09	4.613289e+01	2.679477e+02
2.960000e-06	6.446150e-06	4.048286e-09	4.641413e+01	2.691300e+02
2.970000e-06	6.484792e-06	4.063906e-09	4.669237e+01	2.702596e+02
2.980000e-06	6.522921e-06	4.082358e-09	4.696691e+01	2.713372e+02
2.990000e-06	6.560569e-06	4.105000e-09	4.723798e+01	2.723645e+02
3.000000e-06	6.597830e-06	4.124494e-09	4.750627e+01	2.733439e+02
3.010000e-06	6.634570e-06	4.139308e-09	4.777081e+01	2.742784e+02
3.020000e-06	6.670812e-06	4.156369e-09	4.803177e+01	2.751718e+02
3.030000e-06	6.706794e-06	4.178205e-09	4.829084e+01	2.760283e+02
3.040000e-06	6.742604e-06	4.199635e-09	4.854869e+01	2.768526e+02
3.050000e-06	6.778024e-06	4.216671e-09	4.880372e+01	2.776495e+02
3.060000e-06	6.812841e-06	4.230899e-09	4.905442e+01	2.784242e+02
3.070000e-06	6.846823e-06	4.246623e-09	4.929909e+01	2.791816e+02
3.080000e-06	6.880023e-06	4.262542e-09	4.953814e+01	2.799264e+02
3.090000e-06	6.912657e-06	4.277078e-09	4.977312e+01	2.806633e+02
3.100000e-06	6.944761e-06	4.289320e-09	5.000428e+01	2.813960e+02
3.110000e-06	6.976462e-06	4.301068e-09	5.023253e+01	2.821280e+02
3.120000e-06	7.007847e-06	4.314184e-09	5.045851e+01	2.828620e+02
3.130000e-06	7.038831e-06	4.326506e-09	5.068161e+01	2.835996e+02
3.140000e-06	7.069286e-06	4.339628e-09	5.090089e+01	2.843418e+02
3.150000e-06	7.099221e-06	4.354361e-09	5.111643e+01	2.850888e+02
3.160000e-06	7.128680e-06	4.368001e-09	5.132855e+01	2.858394e+02
3.170000e-06	7.157671e-06	4.380842e-09	5.153729e+01	2.865921e+02
3.180000e-06	7.186249e-06	4.393399e-09	5.174306e+01	2.873441e+02
3.190000e-06	7.214439e-06	4.407364e-09	5.194603e+01	2.880922e+02
3.200000e-06	7.242226e-06	4.420598e-09	5.214611e+01	2.888324e+02
3.210000e-06	7.269564e-06	4.427818e-09	5.234295e+01	2.895603e+02
3.220000e-06	7.296337e-06	4.436192e-09	5.253573e+01	2.902711e+02
3.230000e-06	7.322359e-06	4.445556e-09	5.272309e+01	2.909598e+02
3.240000e-06	7.347608e-06	4.452894e-09	5.290489e+01	2.916217e+02
3.250000e-06	7.372140e-06	4.458492e-09	5.308153e+01	2.922519e+02
3.260000e-06	7.396075e-06	4.468816e-09	5.325386e+01	2.928462e+02
3.270000e-06	7.419672e-06	4.483764e-09	5.342377e+01	2.934007e+02
3.280000e-06	7.442911e-06	4.493192e-09	5.359110e+01	2.939126e+02
3.290000e-06	7.465624e-06	4.498824e-09	5.375464e+01	2.943795e+02
3.300000e-06	7.487824e-06	4.504637e-09	5.391449e+01	2.948001e+02
3.310000e-06	7.509541e-06	4.512181e-09	5.407086e+01	2.951742e+02
3.320000e-06	7.530732e-06	4.520860e-09	5.422344e+01	2.955025e+02
3.330000e-06	7.551305e-06	4.528417e-09	5.437156e+01	2.957871e+02
3.340000e-06	7.571332e-06	4.536417e-09	5.451577e+01	2.960306e+02
3.350000e-06	7.591036e-06	4.542997e-09	5.465765e+01	2.962371e+02
3.360000e-06	7.610475e-06	4.549865e-09	5.479761e+01	2.964113e+02
3.370000e-06	7.629494e-06	4.557524e-09	5.493455e+01	2.965587e+02
3.380000e-06	7.647849e-06	4.566094e-09	5.506671e+01	2.966853e+02
3.390000e-06	7.665441e-06	4.576070e-09	5.519338e+01	2.967977e+02
3.400000e-06	7.682474e-06	4.580667e-09	5.531602e+01	2.969023e+02
3.410000e-06	7.699205e-06	4.582702e-09	5.543649e+01	2.970059e+02
3.420000e-06	7.715552e-06	4.585679e-09	5.555419e+01	2.971148e+02
3.430000e-06	7.731241e-06	4.591944e-09	5.566716e+01	2.972347e+02
3.440000e-06	7.746154e-06	4.599016e-09	5.577454e+01	2.973709e+02
3.450000e-06	7.760390e-06	4.603908e-09	5.587704e+01	2.975275e+02
3.460000e-06	7.773926e-06	4.611392e-09	5.597451e+01	2.977078e+02
3.470000e-06	7.786856e-06	4.625409e-09	5.606760e+01	2.979135e+02
3.480000e-06	7.799377e-06	4.633086e-09	5.615776e+01	2.981453e+02
3.490000e-06	7.811360e-06	4.635795e-09	5.624404e+01	2.984024e+02
3.500000e-06	7.822711e-06	4.640422e-09	5.632577e+01	2.986825e+02
3.510000e-06	7.833318e-06	4.645181e-09	5.640214e+01	2.989819e+02
3.520000e-06	7.842931e-06	4.653163e-09	5.647136e+01	2.992956e+02
3.530000e-06	7.851680e-06	4.651599e-09	5.653435e+01	2.996172e+02
3.540000e-06	7.859884e-06	4.647443e-09	5.659342e+01	2.999394e+02
3.550000e-06	7.867750e-06	4.647957e-09	5.665007e+01	3.002539e+02
3.560000e-06	7.875257e-06	4.650928e-09	5.670411e+01	3.005519e+02
3.570000e-06	7.882192e-06	4.657872e-09	5.675405e+01	3.008241e+02
3.580000e-06	7.888522e-06	4.660582e-09	5.679963e+01	3.010611e+02
3.590000e-06	7.894311e-06	4.664409e-09	5.684131e+01	3.012537e+02
3.600000e-06	7.899555e-06	4.665600e-09	5.687907e+01	3.013933e+02
3.610000e-06	7.904145e-06	4.668207e-09	5.691211e+01	3.014722e+02
3.620000e-06	7.908289e-06	4.671252e-09	5.694196e+01	3.014836e+02
3.630000e-06	7.912149e-06	4.667890e-09	5.696974e+01	3.014223e+02
3.640000e-06	7.915573e-06	4.663807e-09	5.699441e+01	3.012849e+02
3.650000e-06	7.918395e-06	4.665193e-09	5.701472e+01	3.010696e+02
3.660000e-06	7.920426e-06	4.672797e-09	5.702934e+01	3.007769e+02
3.670000e-06	7.921621e-06	4.677917e-09	5.703795e+01	3.004093e+02
3.680000e-06	7.922101e-06	4.679110e-09	5.704140e+01	2.999716e+02
3.690000e-06	7.922114e-06	4.682281e-09	5.704150e+01	2.994709e+02
3.700000e-06	7.921763e-06	4.686780e-09	5.703897e+01	2.989163e+02
3.710000e-06	7.920956e-06	4.689500e-09	5.703316e+01	2.983193e+02
3.720000e-06	7.919609e-06	4.684177e-09	5.702347e+01	2.976928e+02
3.730000e-06	7.917726e-06	4.679012e-09	5.700991e+01	2.970518e+02
3.740000e-06	7.915353e-06	4.677470e-09	5.699282e+01	2.964124e+02
3.750000e-06	7.912544e-06	4.675396e-09	5.697259e+01	2.957917e+02
3.760000e-06	7.909251e-06	4.676574e-09	5.694888e+01	2.952075e+02
3.770000e-06	7.905473e-06	4.687021e-09	5.692168e+01	2.946778e+02
3.780000e-06	7.901349e-06	4.626983e-09	5.689198e+01	2.942204e+02
3.790000e-06	7.896621e-06	4.529125e-09	5.685794e+01	2.938527e+02
3.800000e-06	7.890694e-06	4.555389e-09	5.681527e+01	2.935906e+02
3.810000e-06	7.883407e-06	4.733967e-09	5.676280e+01	2.934491e+02
3.820000e-06	7.875537e-06	4.806821e-09	5.670613e+01	2.934408e+02
3.830000e-06	7.867734e-06	4.497987e-09	5.664995e+01	2.935764e+02
3.840000e-06	7.859630e-06	4.293419e-09	5.659159e+01	2.938642e+02
3.850000e-06	7.850661e-06	4.557608e-09	5.652702e+01	2.943096e+02
3.860000e-06	7.841113e-06	4.723194e-09	5.645827e+01	2.949148e+02
3.870000e-06	7.831699e-06	4.444089e-09	5.639049e+01	2.956794e+02
3.880000e-06	7.821914e-06	4.291538e-09	5.632003e+01	2.965995e+02
3.890000e-06	7.810889e-06	4.356821e-09	5.624065e+01	2.976683e+02
3.900000e-06	7.799149e-06	4.369639e-09	5.615611e+01	2.988758e+02
3.910000e-06	7.787580e-06	4.570955e-09	5.607281e+01	3.002092e+02
3.920000e-06	7.775388e-06	4.672422e-09	5.598503e+01	3.016532e+02
3.930000e-06	7.761746e-06	4.293355e-09	5.588681e+01	3.031899e+02
3.940000e-06	7.747360e-06	4.216065e-09	5.578322e+01	3.047996e+02
3.950000e-06	7.732563e-06	4.908734e-09	5.567667e+01	3.064609e+02
3.960000e-06	7.717078e-06	5.146377e-09	5.556518e+01	3.081515e+02
3.970000e-06	7.700795e-06	4.615846e-09	5.544794e+01	3.098479e+02
3.980000e-06	7.684128e-06	4.684269e-09	5.532793e+01	3.115269e+02
3.990000e-06	7.667281e-06	5.242570e-09	5.520663e+01	3.131653e+02
4.000000e-06	7.649855e-06	5.080108e-09	5.508116e+01	3.147406e+02
4.010000e-06	7.631602e-06	4.709251e-09	5.494973e+01	3.162317e+02
4.020000e-06	7.612850e-06	4.983267e-09	5.481471e+01	3.176188e+02
4.030000e-06	7.593869e-06	5.106998e-09	5.467804e+01	3.188845e+02
4.040000e-06	7.574410e-06	4.698222e-09	5.453793e+01	3.200133e+02
4.050000e-06	7.554352e-06	4.739463e-09	5.439350e+01	3.209928e+02
4.060000e-06	7.534067e-06	4.956782e-09	5.424745e+01	3.218129e+02
4.070000e-06	7.513316e-06	4.737308e-09	5.409803e+01	3.224668e+02
4.080000e-06	7.491550e-06	4.702744e-09	5.394131e+01	3.229508e+02
4.090000e-06	7.468919e-06	4.980984e-09	5.377837e+01	3.232639e+02
4.100000e-06	7.445773e-06	4.970875e-09	5.361170e+01	3.234083e+02
4.110000e-06	7.422148e-06	4.833537e-09	5.344160e+01	3.233891e+02
4.120000e-06	7.397891e-06	4.880742e-09	5.326694e+01	3.232138e+02
4.130000e-06	7.373251e-06	4.974586e-09	5.308953e+01	3.228923e+02
4.140000e-06	7.348294e-06	4.971001e-09	5.290983e+01	3.224369e+02
4.150000e-06	7.322761e-06	4.794723e-09	5.272598e+01	3.218610e+02
4.160000e-06	7.296551e-06	4.782315e-09	5.253726e+01	3.211799e+02
4.170000e-06	7.269845e-06	4.995987e-09	5.234498e+01	3.204094e+02
4.180000e-06	7.242753e-06	4.931348e-09	5.214990e+01	3.195661e+02
4.190000e-06	7.215203e-06	4.700794e-09	5.195154e+01	3.186664e+02
4.200000e-06	7.187277e-06	4.816328e-09	5.175046e+01	3.177268e+02
4.210000e-06	7.159013e-06	4.955271e-09	5.154695e+01	3.167626e+02
4.220000e-06	7.130135e-06	4.833597e-09	5.133902e+01	3.157885e+02
4.230000e-06	7.100404e-06	4.750339e-09	5.112495e+01	3.148178e+02
4.240000e-06	7.069899e-06	4.810282e-09	5.090530e+01	3.138619e+02
4.250000e-06	7.038847e-06	4.840150e-09	5.068172e+01	3.129308e+02
4.260000e-06	7.007279e-06	4.801195e-09	5.045443e+01	3.120322e+02
4.270000e-06	6.975256e-06	4.756936e-09	5.022385e+01	3.111721e+02
4.280000e-06	6.942800e-06	4.778587e-09	4.999016e+01	3.103540e+02
4.290000e-06	6.909797e-06	4.776288e-09	4.975253e+01	3.095797e+02
4.300000e-06	6.876360e-06	4.730204e-09	4.951177e+01	3.088488e+02
4.310000e-06	6.842564e-06	4.746964e-09	4.926843e+01	3.081591e+02
4.320000e-06	6.808356e-06	4.763689e-09	4.902212e+01	3.075069e+02
4.330000e-06	6.773667e-06	4.706878e-09	4.877235e+01	3.068866e+02
4.340000e-06	6.738481e-06	4.687303e-09	4.851900e+01	3.062919e+02
4.350000e-06	6.702889e-06	4.710890e-09	4.826273e+01	3.057152e+02
4.360000e-06	6.666971e-06	4.697592e-09	4.800411e+01	3.051484e+02
4.370000e-06	6.630688e-06	4.671147e-09	4.774286e+01	3.045830e+02
4.380000e-06	6.593784e-06	4.655998e-09	4.747714e+01	3.040105e+02
4.390000e-06	6.556254e-06	4.631709e-09	4.720692e+01	3.034225e+02
4.400000e-06	6.518151e-06	4.613707e-09	4.693256e+01	3.028111e+02
4.410000e-06	6.479410e-06	4.631327e-09	4.665361e+01	3.021692e+02
4.420000e-06	6.440149e-06	4.626563e-09	4.637092e+01	3.014906e+02
4.430000e-06	6.400395e-06	4.574989e-09	4.608468e+01	3.007700e+02
4.440000e-06	6.360272e-06	4.551797e-09	4.579579e+01	3.000035e+02
4.450000e-06	6.319887e-06	4.583664e-09	4.550500e+01	2.991885e+02
4.460000e-06	6.279009e-06	4.591698e-09	4.521067e+01	2.983235e+02
4.470000e-06	6.237647e-06	4.551843e-09	4.491285e+01	2.974084e+02
4.480000e-06	6.195885e-06	4.510431e-09	4.461216e+01	2.964447e+02
4.490000e-06	6.153642e-06	4.506375e-09	4.430800e+01	2.954345e+02
4.500000e-06	6.111042e-06	4.522055e-09	4.400126e+01	2.943814e+02
4.510000e-06	6.068078e-06	4.514958e-09	4.369191e+01	2.932897e+02
4.520000e-06	6.024676e-06	4.465082e-09	4.337940e+01	2.921645e+02
4.530000e-06	5.980870e-06	4.428901e-09	4.306399e+01	2.910114e+02
4.540000e-06	5.936716e-06	4.445223e-09	4.274607e+01	2.898362e+02
4.550000e-06	5.892224e-06	4.464405e-09	4.242571e+01	2.886450e+02
4.560000e-06	5.847415e-06	4.433238e-09	4.210307e+01	2.874437e+02
4.570000e-06	5.802156e-06	4.390442e-09	4.177719e+01	2.862378e+02
4.580000e-06	5.756430e-06	4.379468e-09	4.144795e+01	2.850325e+02
4.590000e-06	5.710408e-06	4.383011e-09	4.111658e+01	2.838321e+02
4.600000e-06	5.663962e-06	4.368837e-09	4.078215e+01	2.826405e+02
4.610000e-06	5.617081e-06	4.341188e-09	4.044460e+01	2.814603e+02
4.620000e-06	5.569966e-06	4.316765e-09	4.010535e+01	2.802933e+02
4.630000e-06	5.522411e-06	4.296823e-09	3.976294e+01	2.791403e+02
4.640000e-06	5.474306e-06	4.283449e-09	3.941657e+01	2.780011e+02
4.650000e-06	5.425731e-06	4.280897e-09	3.906683e+01	2.768745e+02
4.660000e-06	5.376736e-06	4.270189e-09	3.871405e+01	2.757583e+02
4.670000e-06	5.327303e-06	4.234932e-09	3.835812e+01	2.746496e+02
4.680000e-06	5.277318e-06	4.200922e-09	3.799821e+01	2.735447e+02
4.690000e-06	5.226963e-06	4.197193e-09	3.763564e+01	2.724394e+02
4.700000e-06	5.176271e-06	4.199911e-09	3.727064e+01	2.713289e+02
4.710000e-06	5.125239e-06	4.170202e-09	3.690319e+01	2.702083e+02
4.720000e-06	5.073920e-06	4.124541e-09	3.653368e+01	2.690725e+02
4.730000e-06	5.022164e-06	4.104401e-09	3.616102e+01	2.679166e+02
4.740000e-06	4.969945e-06	4.111390e-09	3.578503e+01	2.667359e+02
4.750000e-06	4.917407e-06	4.101495e-09	3.540674e+01	2.655260e+02
4.760000e-06	4.864354e-06	4.065290e-09	3.502474e+01	2.642831e+02
4.770000e-06	4.810611e-06	4.031503e-09	3.463778e+01	2.630041e+02
4.780000e-06	4.756421e-06	4.021925e-09	3.424760e+01	2.616863e+02
4.790000e-06	4.701817e-06	4.018477e-09	3.385444e+01	2.603283e+02
4.800000e-06	4.646803e-06	3.994586e-09	3.345832e+01	2.589292e+02
4.810000e-06	4.591528e-06	3.956491e-09	3.306032e+01	2.574889e+02
4.820000e-06	4.535900e-06	3.930742e-09	3.265978e+01	2.560083e+02
4.830000e-06	4.479855e-06	3.921916e-09	3.225624e+01	2.544889e+02
4.840000e-06	4.423525e-06	3.909766e-09	3.185065e+01	2.529329e+02
4.850000e-06	4.366928e-06	3.882058e-09	3.144314e+01	2.513433e+02
4.860000e-06	4.310089e-06	3.852557e-09	3.103388e+01	2.497232e+02
4.870000e-06	4.253051e-06	3.834594e-09	3.062319e+01	2.480764e+02
4.880000e-06	4.195751e-06	3.817821e-09	3.021061e+01	2.464067e+02
4.890000e-06	4.138196e-06	3.794200e-09	2.979620e+01	2.447179e+02
4.900000e-06	4.080362e-06	3.768489e-09	2.937978e+01	2.430140e+02
4.910000e-06	4.022121e-06	3.740005e-09	2.896043e+01	2.412984e+02
4.920000e-06	3.963517e-06	3.707988e-09	2.853846e+01	2.395745e+02
4.930000e-06	3.904735e-06	3.680465e-09	2.811521e+01	2.378450e+02
4.940000e-06	3.845744e-06	3.663986e-09	2.769046e+01	2.361122e+02
4.950000e-06	3.786486e-06	3.645391e-09	2.726379e+01	2.343774e+02
4.960000e-06	3.727025e-06	3.614491e-09	2.683565e+01	2.326417e+02
4.970000e-06	3.667224e-06	3.582409e-09	2.640507e+01	2.309051e+02
4.980000e-06	3.607245e-06	3.561393e-09	2.597320e+01	2.291671e+02
4.990000e-06	3.547085e-06	3.543107e-09	2.554003e+01	2.274263e+02
5.000000e-06	3.486680e-06	3.515702e-09	2.510510e+01	2.256807e+02
5.010000e-06	3.426095e-06	3.477457e-09	2.466887e+01	2.239278e+02
5.020000e-06	3.365278e-06	3.440860e-09	2.423097e+01	2.221645e+02
5.030000e-06	3.304182e-06	3.417143e-09	2.379106e+01	2.203872e+02
5.040000e-06	3.242682e-06	3.399448e-09	2.334824e+01	2.185922e+02
5.050000e-06	3.180881e-06	3.368314e-09	2.290326e+01	2.167755e+02
5.060000e-06	3.118729e-06	3.325018e-09	2.245575e+01	2.149331e+02
5.070000e-06	3.056274e-06	3.293468e-09	2.200605e+01	2.130611e+02
5.080000e-06	2.993728e-06	3.272578e-09	2.155570e+01	2.111559e+02
5.090000e-06	2.931028e-06	3.242585e-09	2.110424e+01	2.092141e+02
5.100000e-06	2.868011e-06	3.200541e-09	2.065050e+01	2.072328e+02
5.110000e-06	2.804732e-06	3.163226e-09	2.019488e+01	2.052096e+02
5.120000e-06	2.741381e-06	3.135158e-09	1.973873e+01	2.031427e+02
5.130000e-06	2.677858e-06	3.104917e-09	1.928134e+01	2.010310e+02
5.140000e-06	2.614019e-06	3.067271e-09	1.882169e+01	1.988741e+02
5.150000e-06	2.549969e-06	3.032486e-09	1.836051e+01	1.966721e+02
5.160000e-06	2.485742e-06	3.003578e-09	1.789806e+01	1.944259e+02
5.170000e-06	2.421293e-06	2.973515e-09	1.743400e+01	1.921370e+02
5.180000e-06	2.356637e-06	2.938305e-09	1.696846e+01	1.898073e+02
5.190000e-06	2.291822e-06	2.901639e-09	1.650178e+01	1.874395e+02
5.200000e-06	2.226786e-06	2.861743e-09	1.603350e+01	1.850362e+02
5.210000e-06	2.161630e-06	2.820140e-09	1.556436e+01	1.826006e+02
5.220000e-06	2.096453e-06	2.779789e-09	1.509506e+01	1.801361e+02
5.230000e-06	2.031152e-06	2.744470e-09	1.462488e+01	1.776457e+02
5.240000e-06	1.965704e-06	2.710441e-09	1.415363e+01	1.751329e+02
5.250000e-06	1.900167e-06	2.676316e-09	1.368175e+01	1.726004e+02
5.260000e-06	1.834476e-06	2.638393e-09	1.320876e+01	1.700510e+02
5.270000e-06	1.768691e-06	2.600266e-09	1.273508e+01	1.674869e+02
5.280000e-06	1.702898e-06	2.565296e-09	1.226136e+01	1.649099e+02
5.290000e-06	1.637056e-06	2.525133e-09	1.178727e+01	1.623211e+02
5.300000e-06	1.571042e-06	2.476430e-09	1.131196e+01	1.597210e+02
5.310000e-06	1.504792e-06	2.429890e-09	1.083493e+01	1.571097e+02
5.320000e-06	1.438487e-06	2.394038e-09	1.035752e+01	1.544864e+02
5.330000e-06	1.372146e-06	2.358716e-09	9.879848e+00	1.518499e+02
5.340000e-06	1.305668e-06	2.317263e-09	9.401188e+00	1.491982e+02
5.350000e-06	1.239044e-06	2.271735e-09	8.921473e+00	1.465289e+02
5.360000e-06	1.172291e-06	2.230035e-09	8.440833e+00	1.438392e+02
5.370000e-06	1.105449e-06	2.192804e-09	7.959551e+00	1.411260e+02
5.380000e-06	1.038586e-06	2.151727e-09	7.478117e+00	1.383857e+02
5.390000e-06	9.716876e-07	2.101987e-09	6.996430e+00	1.356147e+02
5.400000e-06	9.047640e-07	2.052388e-09	6.514561e+00	1.328096e+02
5.410000e-06	8.378111e-07	2.008928e-09	6.032481e+00	1.299667e+02
5.420000e-06	7.707358e-07	1.967089e-09	5.549520e+00	1.270827e+02
5.430000e-06	7.035992e-07	1.921748e-09	5.066116e+00	1.241546e+02
5.440000e-06	6.364324e-07	1.874174e-09	4.582496e+00	1.211796e+02
5.450000e-06	5.691738e-07	1.828669e-09	4.098215e+00	1.181556e+02
5.460000e-06	5.019544e-07	1.786159e-09	3.614216e+00	1.150808e+02
5.470000e-06	4.347479e-07	1.742723e-09	3.130310e+00	1.119541e+02
5.480000e-06	3.674990e-07	1.694192e-09	2.646099e+00	1.087748e+02
5.490000e-06	3.002217e-07	1.643615e-09	2.161683e+00	1.055431e+02
5.500000e-06	2.328883e-07	1.595602e-09	1.676863e+00	1.022593e+02
5.510000e-06	1.655854e-07	1.545324e-09	1.192263e+00	9.892460e+01
5.520000e-06	9.832634e-08	1.490530e-09	7.079779e-01	9.554042e+01
5.530000e-06	3.107690e-08	1.436301e-09	2.237626e-01	9.210868e+01
5.540000e-06	-3.621822e-08	1.384322e-09	-2.607816e-01	8.863156e+01
5.550000e-06	-1.035353e-07	1.330997e-09	-7.454839e-01	8.511144e+01
5.560000e-06	-1.708123e-07	1.277419e-09	-1.229898e+00	8.155082e+01
5.570000e-06	-2.381222e-07	1.222504e-09	-1.714549e+00	7.795220e+01
5.580000e-06	-3.054440e-07	1.167889e-09	-2.199285e+00	7.431798e+01
5.590000e-06	-3.726995e-07	1.111160e-09	-2.683544e+00	7.065037e+01
5.600000e-06	-4.398584e-07	1.051573e-09	-3.167107e+00	6.695130e+01
5.610000e-06	-5.069916e-07	9.933759e-10	-3.650485e+00	6.322234e+01
5.620000e-06	-5.741546e-07	9.369195e-10	-4.134078e+00	5.946465e+01
5.630000e-06	-6.413015e-07	8.772962e-10	-4.617555e+00	5.567891e+01
5.640000e-06	-7.084105e-07	8.143434e-10	-5.100759e+00	5.186535e+01
5.650000e-06	-7.754437e-07	7.528171e-10	-5.583417e+00	4.802368e+01
5.660000e-06	-8.423223e-07	6.929480e-10	-6.064963e+00	4.415317e+01
5.670000e-06	-9.091336e-07	6.340072e-10	-6.546023e+00	4.025264e+01
5.680000e-06	-9.760185e-07	5.722858e-10	-7.027614e+00	3.632054e+01
5.690000e-06	-1.042841e-06	5.079382e-10	-7.508756e+00	3.235500e+01
5.700000e-06	-1.109591e-06	4.404040e-10	-7.989374e+00	2.835395e+01
5.710000e-06	-1.176384e-06	3.747055e-10	-8.470300e+00	2.431522e+01
5.720000e-06	-1.243071e-06	3.103168e-10	-8.950467e+00	2.023660e+01
5.730000e-06	-1.309558e-06	2.425339e-10	-9.429193e+00	1.611602e+01
5.740000e-06	-1.376042e-06	1.752627e-10	-9.907897e+00	1.195165e+01
5.750000e-06	-1.442370e-06	1.087822e-10	-1.038548e+01	7.741974e+00
5.760000e-06	-1.508490e-06	4.093471e-11	-1.086156e+01	3.485957e+00
5.770000e-06	-1.574602e-06	-2.615064e-11	-1.133759e+01	-8.168946e-01
5.780000e-06	-1.640629e-06	-9.243665e-11	-1.181300e+01	-5.166433e+00
5.790000e-06	-1.706468e-06	-1.621521e-10	-1.228706e+01	-9.561802e+00
5.800000e-06	-1.772057e-06	-2.353004e-10	-1.275932e+01	-1.400139e+01
5.810000e-06	-1.837552e-06	-3.046964e-10	-1.323090e+01	-1.848280e+01
5.820000e-06	-1.902977e-06	-3.713657e-10	-1.370198e+01	-2.300285e+01
5.830000e-06	-1.968259e-06	-4.427680e-10	-1.417203e+01	-2.755757e+01
5.840000e-06	-2.033451e-06	-5.171415e-10	-1.464143e+01	-3.214226e+01
5.850000e-06	-2.098552e-06	-5.876749e-10	-1.511018e+01	-3.675156e+01
5.860000e-06	-2.163497e-06	-6.557740e-10	-1.557780e+01	-4.137949e+01
5.870000e-06	-2.228378e-06	-7.253291e-10	-1.604496e+01	-4.601960e+01
5.880000e-06	-2.293212e-06	-7.993101e-10	-1.651179e+01	-5.066504e+01
5.890000e-06	-2.357858e-06	-8.752668e-10	-1.697726e+01	-5.530873e+01
5.900000e-06	-2.422364e-06	-9.498412e-10	-1.744171e+01	-5.994346e+01
5.910000e-06	-2.486635e-06	-1.021720e-09	-1.790449e+01	-6.456202e+01
5.920000e-06	-2.550629e-06	-1.091862e-09	-1.836526e+01	-6.915736e+01
5.930000e-06	-2.614436e-06	-1.159951e-09	-1.882469e+01	-7.372275e+01
5.940000e-06	-2.677965e-06	-1.227116e-09	-1.928212e+01	-7.825182e+01
5.950000e-06	-2.741344e-06	-1.295804e-09	-1.973847e+01	-8.273876e+01
5.960000e-06	-2.804656e-06	-1.363891e-09	-2.019433e+01	-8.717835e+01
5.970000e-06	-2.867761e-06	-1.431048e-09	-2.064870e+01	-9.156610e+01
5.980000e-06	-2.930551e-06	-1.497491e-09	-2.110081e+01	-9.589824e+01
5.990000e-06	-2.993077e-06	-1.567106e-09	-2.155101e+01	-1.001718e+02
6.000000e-06	-3.055391e-06	-1.636825e-09	-2.199969e+01	-1.043847e+02
6.010000e-06	-3.117444e-06	-1.704198e-09	-2.244649e+01	-1.085355e+02
6.020000e-06	-3.179289e-06	-1.770865e-09	-2.289179e+01	-1.126235e+02
6.030000e-06	-3.240855e-06	-1.836342e-09	-2.333509e+01	-1.166490e+02
6.040000e-06	-3.302074e-06	-1.898462e-09	-2.377589e+01	-1.206126e+02
6.050000e-06	-3.362923e-06	-1.959358e-09	-2.421401e+01	-1.245155e+02
6.060000e-06	-3.423557e-06	-2.020792e-09	-2.465060e+01	-1.283595e+02
6.070000e-06	-3.483941e-06	-2.081908e-09	-2.508538e+01	-1.321466e+02
6.080000e-06	-3.543999e-06	-2.142615e-09	-2.551781e+01	-1.358791e+02
6.090000e-06	-3.603860e-06	-2.200940e-09	-2.594883e+01	-1.395591e+02
6.100000e-06	-3.663507e-06	-2.256316e-09	-2.637830e+01	-1.431891e+02
6.110000e-06	-3.722905e-06	-2.313989e-09	-2.680599e+01	-1.467710e+02
6.120000e-06	-3.782127e-06	-2.374188e-09	-2.723240e+01	-1.503068e+02
6.130000e-06	-3.841101e-06	-2.432049e-09	-2.765703e+01	-1.537980e+02
6.140000e-06	-3.899798e-06	-2.485911e-09	-2.807967e+01	-1.572457e+02
6.150000e-06	-3.958313e-06	-2.537596e-09	-2.850099e+01	-1.606506e+02
6.160000e-06	-4.016561e-06	-2.591358e-09	-2.892039e+01	-1.640127e+02
6.170000e-06	-4.074490e-06	-2.641857e-09	-2.933750e+01	-1.673317e+02
6.180000e-06	-4.132164e-06	-2.688903e-09	-2.975277e+01	-1.706067e+02
6.190000e-06	-4.189509e-06	-2.735794e-09	-3.016567e+01	-1.738363e+02
6.200000e-06	-4.246524e-06	-2.783156e-09	-3.057620e+01	-1.770188e+02
6.210000e-06	-4.303356e-06	-2.834656e-09	-3.098540e+01	-1.801520e+02
6.220000e-06	-4.359818e-06	-2.886460e-09	-3.139194e+01	-1.832336e+02
6.230000e-06	-4.415885e-06	-2.933337e-09	-3.179564e+01	-1.862608e+02
6.240000e-06	-4.471743e-06	-2.974762e-09	-3.219783e+01	-1.892310e+02
6.250000e-06	-4.527363e-06	-3.014559e-09	-3.259832e+01	-1.921417e+02
6.260000e-06	-4.582679e-06	-3.057230e-09	-3.299660e+01	-1.949904e+02
6.270000e-06	-4.637670e-06	-3.097842e-09	-3.339256e+01	-1.977747e+02
6.280000e-06	-4.692248e-06	-3.136489e-09	-3.378554e+01	-2.004929e+02
6.290000e-06	-4.746333e-06	-3.175427e-09	-3.417496e+01	-2.031436e+02
6.300000e-06	-4.799878e-06	-3.217840e-09	-3.456050e+01	-2.057259e+02
6.310000e-06	-4.852937e-06	-3.260787e-09	-3.494254e+01	-2.082395e+02
6.320000e-06	-4.905481e-06	-3.303867e-09	-3.532087e+01	-2.106846e+02
6.330000e-06	-4.957526e-06	-3.344677e-09	-3.569561e+01	-2.130624e+02
6.340000e-06	-5.009202e-06	-3.382432e-09	-3.606770e+01	-2.153744e+02
6.350000e-06	-5.060555e-06	-3.416315e-09	-3.643745e+01	-2.176228e+02
6.360000e-06	-5.111586e-06	-3.449793e-09	-3.680489e+01	-2.198104e+02
6.370000e-06	-5.162258e-06	-3.483430e-09	-3.716974e+01	-2.219406e+02
6.380000e-06	-5.212410e-06	-3.517290e-09	-3.753085e+01	-2.240170e+02
6.390000e-06	-5.262234e-06	-3.551041e-09	-3.788960e+01	-2.260437e+02
6.400000e-06	-5.311717e-06	-3.582980e-09	-3.824589e+01	-2.280250e+02
6.410000e-06	-5.360517e-06	-3.615025e-09	-3.859726e+01	-2.299652e+02
6.420000e-06	-5.408843e-06	-3.648870e-09	-3.894522e+01	-2.318685e+02
6.430000e-06	-5.456864e-06	-3.683917e-09	-3.929099e+01	-2.337391e+02
6.440000e-06	-5.504284e-06	-3.713408e-09	-3.963243e+01	-2.355808e+02
6.450000e-06	-5.551257e-06	-3.738111e-09	-3.997064e+01	-2.373970e+02
6.460000e-06	-5.597922e-06	-3.760849e-09	-4.030665e+01	-2.391907e+02
6.470000e-06	-5.644211e-06	-3.786576e-09	-4.063994e+01	-2.409642e+02
6.480000e-06	-5.690243e-06	-3.812145e-09	-4.097139e+01	-2.427192e+02
6.490000e-06	-5.735891e-06	-3.836722e-09	-4.130007e+01	-2.444566e+02
6.500000e-06	-5.781029e-06	-3.861687e-09	-4.162507e+01	-2.461768e+02
6.510000e-06	-5.825748e-06	-3.888646e-09	-4.194706e+01	-2.478793e+02
6.520000e-06	-5.870175e-06	-3.917183e-09	-4.226695e+01	-2.495628e+02
6.530000e-06	-5.914273e-06	-3.942587e-09	-4.258447e+01	-2.512257e+02
6.540000e-06	-5.958106e-06	-3.962356e-09	-4.290008e+01	-2.528656e+02
6.550000e-06	-6.001669e-06	-3.983899e-09	-4.321374e+01	-2.544796e+02
6.560000e-06	-6.044974e-06	-4.006376e-09	-4.352555e+01	-2.560645e+02
6.570000e-06	-6.087887e-06	-4.027362e-09	-4.383454e+01	-2.576170e+02
6.580000e-06	-6.130288e-06	-4.046481e-09	-4.413984e+01	-2.591334e+02
6.590000e-06	-6.172265e-06	-4.065352e-09	-4.444209e+01	-2.606102e+02
6.600000e-06	-6.213836e-06	-4.084927e-09	-4.474141e+01	-2.620441e+02
6.610000e-06	-6.254966e-06	-4.106959e-09	-4.503755e+01	-2.634320e+02
6.620000e-06	-6.295621e-06	-4.130049e-09	-4.533028e+01	-2.647713e+02
6.630000e-06	-6.335842e-06	-4.148594e-09	-4.561989e+01	-2.660600e+02
6.640000e-06	-6.375749e-06	-4.161279e-09	-4.590722e+01	-2.672966e+02
6.650000e-06	-6.415349e-06	-4.174629e-09	-4.619236e+01	-2.684804e+02
6.660000e-06	-6.454483e-06	-4.190757e-09	-4.647413e+01	-2.696114e+02
6.670000e-06	-6.492978e-06	-4.204874e-09	-4.675131e+01	-2.706905e+02
6.680000e-06	-6.530861e-06	-4.216099e-09	-4.702408e+01	-2.717192e+02
6.690000e-06	-6.568061e-06	-4.226954e-09	-4.729193e+01	-2.727000e+02
6.700000e-06	-6.604679e-06	-4.243739e-09	-4.755559e+01	-2.736360e+02
6.710000e-06	-6.641023e-06	-4.260492e-09	-4.781728e+01	-2.745308e+02
6.720000e-06	-6.677009e-06	-4.275971e-09	-4.807638e+01	-2.753887e+02
6.730000e-06	-6.712579e-06	-4.288237e-09	-4.833250e+01	-2.762145e+02
6.740000e-06	-6.747667e-06	-4.299092e-09	-4.858515e+01	-2.770128e+02
6.750000e-06	-6.782259e-06	-4.311029e-09	-4.883421e+01	-2.777889e+02
6.760000e-06	-6.816436e-06	-4.323188e-09	-4.908030e+01	-2.785477e+02
6.770000e-06	-6.850108e-06	-4.332313e-09	-4.932275e+01	-2.792940e+02
6.780000e-06	-6.883267e-06	-4.339834e-09	-4.956150e+01	-2.800323e+02
6.790000e-06	-6.915933e-06	-4.349879e-09	-4.979671e+01	-2.807665e+02
6.800000e-06	-6.948195e-06	-4.361653e-09	-5.002900e+01	-2.814999e+02
6.810000e-06	-6.980158e-06	-4.374921e-09	-5.025914e+01	-2.822353e+02
6.820000e-06	-7.011694e-06	-4.386768e-09	-5.048622e+01	-2.829743e+02
6.830000e-06	-7.042641e-06	-4.397262e-09	-5.070904e+01	-2.837180e+02
6.840000e-06	-7.072810e-06	-4.404517e-09	-5.092627e+01	-2.844664e+02
6.850000e-06	-7.102190e-06	-4.411626e-09	-5.113781e+01	-2.852185e+02
6.860000e-06	-7.130914e-06	-4.421776e-09	-5.134463e+01	-2.859726e+02
6.870000e-06	-7.159144e-06	-4.430448e-09	-5.154789e+01	-2.867260e+02
6.880000e-06	-7.187046e-06	-4.435023e-09	-5.174880e+01	-2.874756e+02
6.890000e-06	-7.214564e-06	-4.438663e-09	-5.194694e+01	-2.882172e+02
6.900000e-06	-7.241594e-06	-4.444057e-09	-5.214156e+01	-2.889465e+02
6.910000e-06	-7.268058e-06	-4.454461e-09	-5.233211e+01	-2.896587e+02
6.920000e-06	-7.293951e-06	-4.464224e-09	-5.251854e+01	-2.903489e+02
6.930000e-06	-7.319361e-06	-4.468217e-09	-5.270150e+01	-2.910122e+02
6.940000e-06	-7.344248e-06	-4.472536e-09	-5.288070e+01	-2.916438e+02
6.950000e-06	-7.368674e-06	-4.480950e-09	-5.305657e+01	-2.922395e+02
6.960000e-06	-7.392706e-06	-4.488342e-09	-5.322961e+01	-2.927956e+02
6.970000e-06	-7.416374e-06	-4.491143e-09	-5.340002e+01	-2.933088e+02
6.980000e-06	-7.439521e-06	-4.494099e-09	-5.356669e+01	-2.937771e+02
6.990000e-06	-7.461996e-06	-4.497192e-09	-5.372851e+01	-2.941992e+02
7.000000e-06	-7.483645e-06	-4.500157e-09	-5.388440e+01	-2.945747e+02
7.010000e-06	-7.504512e-06	-4.505838e-09	-5.403465e+01	-2.949045e+02
7.020000e-06	-7.524904e-06	-4.512534e-09	-5.418147e+01	-2.951905e+02
7.030000e-06	-7.544908e-06	-4.519164e-09	-5.432550e+01	-2.954355e+02
7.040000e-06	-7.564538e-06	-4.525777e-09	-5.446685e+01	-2.956434e+02
7.050000e-06	-7.583694e-06	-4.532294e-09	-5.460477e+01	-2.958191e+02
7.060000e-06	-7.602341e-06	-4.536459e-09	-5.473905e+01	-2.959679e+02
7.070000e-06	-7.620427e-06	-4.535998e-09	-5.486927e+01	-2.960959e+02
7.080000e-06	-7.637977e-06	-4.534032e-09	-5.499563e+01	-2.962097e+02
7.090000e-06	-7.655009e-06	-4.533698e-09	-5.511826e+01	-2.963158e+02
7.100000e-06	-7.671558e-06	-4.534733e-09	-5.523743e+01	-2.964208e+02
7.110000e-06	-7.687782e-06	-4.536688e-09	-5.535424e+01	-2.965311e+02
7.120000e-06	-7.703706e-06	-4.538356e-09	-5.546890e+01	-2.966525e+02
7.130000e-06	-7.719080e-06	-4.541625e-09	-5.557960e+01	-2.967901e+02
7.140000e-06	-7.733426e-06	-4.546550e-09	-5.568289e+01	-2.969481e+02
7.150000e-06	-7.746743e-06	-4.550245e-09	-5.577878e+01	-2.971298e+02
7.160000e-06	-7.759378e-06	-4.549430e-09	-5.586975e+01	-2.973370e+02
7.170000e-06	-7.771519e-06	-4.547488e-09	-5.595717e+01	-2.975703e+02
7.180000e-06	-7.783101e-06	-4.547905e-09	-5.604056e+01	-2.978288e+02
7.190000e-06	-7.794027e-06	-4.547594e-09	-5.611924e+01	-2.981103e+02
7.200000e-06	-7.804453e-06	-4.546121e-09	-5.619430e+01	-2.984111e+02
7.210000e-06	-7.814379e-06	-4.546042e-09	-5.626578e+01	-2.987262e+02
7.220000e-06	-7.823713e-06	-4.544764e-09	-5.633299e+01	-2.990492e+02
7.230000e-06	-7.832508e-06	-4.543040e-09	-5.639631e+01	-2.993729e+02
7.240000e-06	-7.840919e-06	-4.542748e-09	-5.645687e+01	-2.996889e+02
7.250000e-06	-7.849004e-06	-4.542265e-09	-5.651508e+01	-2.999883e+02
7.260000e-06	-7.856620e-06	-4.540826e-09	-5.656992e+01	-3.002619e+02
7.270000e-06	-7.863468e-06	-4.537878e-09	-5.661923e+01	-3.005003e+02
7.280000e-06	-7.869376e-06	-4.534789e-09	-5.666177e+01	-3.006944e+02
7.290000e-06	-7.874473e-06	-4.530793e-09	-5.669847e+01	-3.008354e+02
7.300000e-06	-7.879052e-06	-4.525891e-09	-5.673144e+01	-3.009157e+02
7.310000e-06	-7.883275e-06	-4.520664e-09	-5.676184e+01	-3.009285e+02
7.320000e-06	-7.887091e-06	-4.518254e-09	-5.678932e+01	-3.008687e+02
7.330000e-06	-7.890379e-06	-4.517053e-09	-5.681300e+01	-3.007328e+02
7.340000e-06	-7.893088e-06	-4.513980e-09	-5.683251e+01	-3.005189e+02
7.350000e-06	-7.895401e-06	-4.510584e-09	-5.684916e+01	-3.002276e+02
7.360000e-06	-7.897304e-06	-4.509452e-09	-5.686286e+01	-2.998614e+02
7.370000e-06	-7.898459e-06	-4.505932e-09	-5.687117e+01	-2.994252e+02
7.380000e-06	-7.898997e-06	-4.497638e-09	-5.687505e+01	-2.989259e+02
