# Temperatura_=_20.0
# Concentracion g/m^3_=_9000.0
# C_Vs_to_Am_M_A/Vsm_=_65563218390.804596
# pendiente_HvsI_1/m_=_3716.3
# ordenada_HvsI_A/m_=_1297.0
# frecuencia_Hz_=_135188.19665717252

Tiempo_(s)	Campo_(V.s)	Magnetizacion_(V.s)	Campo_(kA/m)	Magnetizacion_(A/m)
0.000000e+00	-5.189981e-06	-4.008675e-09	-3.843190e+01	-2.586127e+02
1.000000e-08	-5.190138e-06	-4.007741e-09	-3.843306e+01	-2.586341e+02
2.000000e-08	-5.190045e-06	-4.006478e-09	-3.843237e+01	-2.586456e+02
3.000000e-08	-5.189577e-06	-4.007031e-09	-3.842891e+01	-2.586465e+02
4.000000e-08	-5.188672e-06	-4.007558e-09	-3.842221e+01	-2.586363e+02
5.000000e-08	-5.187298e-06	-4.003491e-09	-3.841203e+01	-2.586143e+02
6.000000e-08	-5.185315e-06	-3.995326e-09	-3.839735e+01	-2.585802e+02
7.000000e-08	-5.182716e-06	-3.998242e-09	-3.837810e+01	-2.585335e+02
8.000000e-08	-5.179636e-06	-4.021860e-09	-3.835529e+01	-2.584739e+02
9.000000e-08	-5.176067e-06	-4.029934e-09	-3.832887e+01	-2.584012e+02
1.000000e-07	-5.172125e-06	-3.979256e-09	-3.829967e+01	-2.583151e+02
1.100000e-07	-5.167931e-06	-3.960698e-09	-3.826862e+01	-2.582156e+02
1.200000e-07	-5.163469e-06	-3.989426e-09	-3.823558e+01	-2.581027e+02
1.300000e-07	-5.158750e-06	-4.010259e-09	-3.820064e+01	-2.579765e+02
1.400000e-07	-5.153828e-06	-3.979837e-09	-3.816418e+01	-2.578372e+02
1.500000e-07	-5.148594e-06	-3.933827e-09	-3.812543e+01	-2.576852e+02
1.600000e-07	-5.142915e-06	-3.970426e-09	-3.808337e+01	-2.575207e+02
1.700000e-07	-5.136829e-06	-4.001700e-09	-3.803831e+01	-2.573442e+02
1.800000e-07	-5.130329e-06	-4.038467e-09	-3.799017e+01	-2.571562e+02
1.900000e-07	-5.123448e-06	-4.020237e-09	-3.793922e+01	-2.569575e+02
2.000000e-07	-5.116285e-06	-4.002064e-09	-3.788618e+01	-2.567485e+02
2.100000e-07	-5.108940e-06	-3.980292e-09	-3.783179e+01	-2.565301e+02
2.200000e-07	-5.101409e-06	-3.985060e-09	-3.777602e+01	-2.563030e+02
2.300000e-07	-5.093602e-06	-3.942653e-09	-3.771821e+01	-2.560680e+02
2.400000e-07	-5.085374e-06	-3.862229e-09	-3.765728e+01	-2.558260e+02
2.500000e-07	-5.076570e-06	-3.824974e-09	-3.759209e+01	-2.555778e+02
2.600000e-07	-5.067268e-06	-3.846391e-09	-3.752321e+01	-2.553242e+02
2.700000e-07	-5.057461e-06	-3.826749e-09	-3.745058e+01	-2.550661e+02
2.800000e-07	-5.047172e-06	-3.719024e-09	-3.737439e+01	-2.548043e+02
2.900000e-07	-5.036427e-06	-3.701607e-09	-3.729483e+01	-2.545397e+02
3.000000e-07	-5.025095e-06	-3.770473e-09	-3.721092e+01	-2.542730e+02
3.100000e-07	-5.013366e-06	-3.771028e-09	-3.712406e+01	-2.540048e+02
3.200000e-07	-5.001364e-06	-3.694726e-09	-3.703519e+01	-2.537360e+02
3.300000e-07	-4.988989e-06	-3.718777e-09	-3.694355e+01	-2.534670e+02
3.400000e-07	-4.976239e-06	-3.766968e-09	-3.684914e+01	-2.531984e+02
3.500000e-07	-4.963056e-06	-3.757237e-09	-3.675152e+01	-2.529307e+02
3.600000e-07	-4.949543e-06	-3.737303e-09	-3.665145e+01	-2.526640e+02
3.700000e-07	-4.935673e-06	-3.770072e-09	-3.654875e+01	-2.523988e+02
3.800000e-07	-4.921447e-06	-3.738462e-09	-3.644340e+01	-2.521352e+02
3.900000e-07	-4.906816e-06	-3.715448e-09	-3.633505e+01	-2.518732e+02
4.000000e-07	-4.891612e-06	-3.752704e-09	-3.622247e+01	-2.516128e+02
4.100000e-07	-4.875825e-06	-3.769817e-09	-3.610557e+01	-2.513538e+02
4.200000e-07	-4.859472e-06	-3.703399e-09	-3.598447e+01	-2.510959e+02
4.300000e-07	-4.842769e-06	-3.720972e-09	-3.586079e+01	-2.508389e+02
4.400000e-07	-4.825740e-06	-3.798156e-09	-3.573469e+01	-2.505823e+02
4.500000e-07	-4.808480e-06	-3.780628e-09	-3.560687e+01	-2.503255e+02
4.600000e-07	-4.791023e-06	-3.724246e-09	-3.547761e+01	-2.500679e+02
4.700000e-07	-4.773216e-06	-3.764633e-09	-3.534575e+01	-2.498089e+02
4.800000e-07	-4.755029e-06	-3.813717e-09	-3.521107e+01	-2.495476e+02
4.900000e-07	-4.736539e-06	-3.773264e-09	-3.507415e+01	-2.492833e+02
5.000000e-07	-4.717701e-06	-3.748434e-09	-3.493466e+01	-2.490151e+02
5.100000e-07	-4.698446e-06	-3.779601e-09	-3.479207e+01	-2.487420e+02
5.200000e-07	-4.678862e-06	-3.782914e-09	-3.464705e+01	-2.484631e+02
5.300000e-07	-4.659035e-06	-3.742621e-09	-3.450023e+01	-2.481776e+02
5.400000e-07	-4.639018e-06	-3.740638e-09	-3.435201e+01	-2.478843e+02
5.500000e-07	-4.618829e-06	-3.756314e-09	-3.420251e+01	-2.475824e+02
5.600000e-07	-4.598393e-06	-3.752049e-09	-3.405118e+01	-2.472710e+02
5.700000e-07	-4.577624e-06	-3.733015e-09	-3.389738e+01	-2.469491e+02
5.800000e-07	-4.556485e-06	-3.736218e-09	-3.374085e+01	-2.466159e+02
5.900000e-07	-4.535019e-06	-3.727625e-09	-3.358189e+01	-2.462705e+02
6.000000e-07	-4.513312e-06	-3.716085e-09	-3.342115e+01	-2.459123e+02
6.100000e-07	-4.491306e-06	-3.712210e-09	-3.325820e+01	-2.455405e+02
6.200000e-07	-4.468962e-06	-3.709573e-09	-3.309274e+01	-2.451546e+02
6.300000e-07	-4.446386e-06	-3.681491e-09	-3.292556e+01	-2.447540e+02
6.400000e-07	-4.423460e-06	-3.671371e-09	-3.275580e+01	-2.443385e+02
6.500000e-07	-4.400150e-06	-3.691034e-09	-3.258318e+01	-2.439075e+02
6.600000e-07	-4.376587e-06	-3.693152e-09	-3.240870e+01	-2.434610e+02
6.700000e-07	-4.352762e-06	-3.660745e-09	-3.223228e+01	-2.429988e+02
6.800000e-07	-4.328754e-06	-3.652178e-09	-3.205450e+01	-2.425209e+02
6.900000e-07	-4.304501e-06	-3.665310e-09	-3.187491e+01	-2.420275e+02
7.000000e-07	-4.280030e-06	-3.657019e-09	-3.169370e+01	-2.415186e+02
7.100000e-07	-4.255237e-06	-3.626516e-09	-3.151010e+01	-2.409947e+02
7.200000e-07	-4.229860e-06	-3.612546e-09	-3.132219e+01	-2.404561e+02
7.300000e-07	-4.204021e-06	-3.613389e-09	-3.113085e+01	-2.399034e+02
7.400000e-07	-4.177813e-06	-3.606060e-09	-3.093678e+01	-2.393370e+02
7.500000e-07	-4.151177e-06	-3.592334e-09	-3.073953e+01	-2.387576e+02
7.600000e-07	-4.124075e-06	-3.581859e-09	-3.053885e+01	-2.381659e+02
7.700000e-07	-4.096599e-06	-3.574992e-09	-3.033539e+01	-2.375627e+02
7.800000e-07	-4.068933e-06	-3.568195e-09	-3.013052e+01	-2.369487e+02
7.900000e-07	-4.041135e-06	-3.567261e-09	-2.992467e+01	-2.363248e+02
8.000000e-07	-4.013150e-06	-3.554888e-09	-2.971745e+01	-2.356917e+02
8.100000e-07	-3.984917e-06	-3.528443e-09	-2.950838e+01	-2.350505e+02
8.200000e-07	-3.956421e-06	-3.511853e-09	-2.929737e+01	-2.344018e+02
8.300000e-07	-3.927701e-06	-3.515518e-09	-2.908470e+01	-2.337465e+02
8.400000e-07	-3.898709e-06	-3.504012e-09	-2.887001e+01	-2.330854e+02
8.500000e-07	-3.869388e-06	-3.479665e-09	-2.865288e+01	-2.324192e+02
8.600000e-07	-3.839831e-06	-3.469943e-09	-2.843401e+01	-2.317485e+02
8.700000e-07	-3.810109e-06	-3.475211e-09	-2.821393e+01	-2.310740e+02
8.800000e-07	-3.780095e-06	-3.467176e-09	-2.799167e+01	-2.303962e+02
8.900000e-07	-3.749745e-06	-3.450251e-09	-2.776693e+01	-2.297155e+02
9.000000e-07	-3.719128e-06	-3.434964e-09	-2.754021e+01	-2.290322e+02
9.100000e-07	-3.688346e-06	-3.423778e-09	-2.731226e+01	-2.283466e+02
9.200000e-07	-3.657292e-06	-3.409773e-09	-2.708231e+01	-2.276588e+02
9.300000e-07	-3.625905e-06	-3.396160e-09	-2.684989e+01	-2.269688e+02
9.400000e-07	-3.594301e-06	-3.382610e-09	-2.661586e+01	-2.262764e+02
9.500000e-07	-3.562533e-06	-3.369066e-09	-2.638062e+01	-2.255815e+02
9.600000e-07	-3.530645e-06	-3.357068e-09	-2.614449e+01	-2.248836e+02
9.700000e-07	-3.498605e-06	-3.348844e-09	-2.590723e+01	-2.241823e+02
9.800000e-07	-3.466369e-06	-3.338142e-09	-2.566852e+01	-2.234770e+02
9.900000e-07	-3.433907e-06	-3.322467e-09	-2.542814e+01	-2.227670e+02
1.000000e-06	-3.401162e-06	-3.307387e-09	-2.518566e+01	-2.220515e+02
1.010000e-06	-3.368120e-06	-3.296149e-09	-2.494099e+01	-2.213295e+02
1.020000e-06	-3.334667e-06	-3.283611e-09	-2.469327e+01	-2.206002e+02
1.030000e-06	-3.300752e-06	-3.267421e-09	-2.444212e+01	-2.198623e+02
1.040000e-06	-3.266552e-06	-3.253034e-09	-2.418887e+01	-2.191149e+02
1.050000e-06	-3.231990e-06	-3.239111e-09	-2.393294e+01	-2.183566e+02
1.060000e-06	-3.196990e-06	-3.225657e-09	-2.367376e+01	-2.175863e+02
1.070000e-06	-3.161659e-06	-3.215150e-09	-2.341214e+01	-2.168027e+02
1.080000e-06	-3.126161e-06	-3.207802e-09	-2.314928e+01	-2.160046e+02
1.090000e-06	-3.090524e-06	-3.195267e-09	-2.288538e+01	-2.151906e+02
1.100000e-06	-3.054666e-06	-3.179536e-09	-2.261985e+01	-2.143595e+02
1.110000e-06	-3.018710e-06	-3.165692e-09	-2.235360e+01	-2.135102e+02
1.120000e-06	-2.982636e-06	-3.152837e-09	-2.208647e+01	-2.126414e+02
1.130000e-06	-2.946396e-06	-3.134602e-09	-2.181812e+01	-2.117519e+02
1.140000e-06	-2.910040e-06	-3.115556e-09	-2.154889e+01	-2.108408e+02
1.150000e-06	-2.873437e-06	-3.100740e-09	-2.127785e+01	-2.099071e+02
1.160000e-06	-2.836632e-06	-3.088500e-09	-2.100531e+01	-2.089499e+02
1.170000e-06	-2.799661e-06	-3.073805e-09	-2.073154e+01	-2.079684e+02
1.180000e-06	-2.762474e-06	-3.059946e-09	-2.045617e+01	-2.069619e+02
1.190000e-06	-2.725058e-06	-3.047925e-09	-2.017910e+01	-2.059299e+02
1.200000e-06	-2.687456e-06	-3.036074e-09	-1.990066e+01	-2.048720e+02
1.210000e-06	-2.649654e-06	-3.020872e-09	-1.962073e+01	-2.037878e+02
1.220000e-06	-2.611665e-06	-3.000733e-09	-1.933942e+01	-2.026771e+02
1.230000e-06	-2.573452e-06	-2.977297e-09	-1.905645e+01	-2.015398e+02
1.240000e-06	-2.535013e-06	-2.953150e-09	-1.877182e+01	-2.003761e+02
1.250000e-06	-2.496454e-06	-2.932721e-09	-1.848628e+01	-1.991860e+02
1.260000e-06	-2.457664e-06	-2.914542e-09	-1.819905e+01	-1.979698e+02
1.270000e-06	-2.418700e-06	-2.894806e-09	-1.791051e+01	-1.967279e+02
1.280000e-06	-2.379663e-06	-2.878394e-09	-1.762145e+01	-1.954607e+02
1.290000e-06	-2.340447e-06	-2.862254e-09	-1.733105e+01	-1.941688e+02
1.300000e-06	-2.300994e-06	-2.841060e-09	-1.703890e+01	-1.928526e+02
1.310000e-06	-2.261395e-06	-2.818257e-09	-1.674567e+01	-1.915129e+02
1.320000e-06	-2.221696e-06	-2.796600e-09	-1.645170e+01	-1.901503e+02
1.330000e-06	-2.181938e-06	-2.774387e-09	-1.615729e+01	-1.887654e+02
1.340000e-06	-2.142142e-06	-2.751367e-09	-1.586260e+01	-1.873589e+02
1.350000e-06	-2.102265e-06	-2.726187e-09	-1.556731e+01	-1.859314e+02
1.360000e-06	-2.062257e-06	-2.700332e-09	-1.527105e+01	-1.844835e+02
1.370000e-06	-2.022104e-06	-2.677003e-09	-1.497371e+01	-1.830157e+02
1.380000e-06	-1.981862e-06	-2.657396e-09	-1.467572e+01	-1.815283e+02
1.390000e-06	-1.941619e-06	-2.635896e-09	-1.437772e+01	-1.800216e+02
1.400000e-06	-1.901283e-06	-2.611428e-09	-1.407903e+01	-1.784959e+02
1.410000e-06	-1.860752e-06	-2.588663e-09	-1.377890e+01	-1.769511e+02
1.420000e-06	-1.820039e-06	-2.565405e-09	-1.347742e+01	-1.753870e+02
1.430000e-06	-1.779154e-06	-2.540036e-09	-1.317467e+01	-1.738034e+02
1.440000e-06	-1.738146e-06	-2.511205e-09	-1.287100e+01	-1.721996e+02
1.450000e-06	-1.696954e-06	-2.483722e-09	-1.256597e+01	-1.705749e+02
1.460000e-06	-1.655498e-06	-2.457948e-09	-1.225899e+01	-1.689282e+02
1.470000e-06	-1.613837e-06	-2.432801e-09	-1.195049e+01	-1.672585e+02
1.480000e-06	-1.572036e-06	-2.407589e-09	-1.164096e+01	-1.655642e+02
1.490000e-06	-1.530060e-06	-2.382496e-09	-1.133012e+01	-1.638436e+02
1.500000e-06	-1.487872e-06	-2.357060e-09	-1.101771e+01	-1.620947e+02
1.510000e-06	-1.445523e-06	-2.328095e-09	-1.070413e+01	-1.603153e+02
1.520000e-06	-1.402982e-06	-2.294238e-09	-1.038910e+01	-1.585031e+02
1.530000e-06	-1.360258e-06	-2.260960e-09	-1.007273e+01	-1.566552e+02
1.540000e-06	-1.317376e-06	-2.227898e-09	-9.755194e+00	-1.547688e+02
1.550000e-06	-1.274421e-06	-2.194051e-09	-9.437111e+00	-1.528408e+02
1.560000e-06	-1.231367e-06	-2.158776e-09	-9.118294e+00	-1.508679e+02
1.570000e-06	-1.188144e-06	-2.124162e-09	-8.798223e+00	-1.488465e+02
1.580000e-06	-1.144835e-06	-2.091362e-09	-8.477524e+00	-1.467730e+02
1.590000e-06	-1.101424e-06	-2.059297e-09	-8.156063e+00	-1.446436e+02
1.600000e-06	-1.057907e-06	-2.024005e-09	-7.833817e+00	-1.424545e+02
1.610000e-06	-1.014259e-06	-1.988327e-09	-7.510604e+00	-1.402017e+02
1.620000e-06	-9.705971e-07	-1.954496e-09	-7.187288e+00	-1.378811e+02
1.630000e-06	-9.268888e-07	-1.917250e-09	-6.863627e+00	-1.354887e+02
1.640000e-06	-8.830956e-07	-1.874829e-09	-6.539338e+00	-1.330206e+02
1.650000e-06	-8.393283e-07	-1.831095e-09	-6.215240e+00	-1.304727e+02
1.660000e-06	-7.955450e-07	-1.789597e-09	-5.891024e+00	-1.278411e+02
1.670000e-06	-7.517405e-07	-1.748124e-09	-5.566651e+00	-1.251223e+02
1.680000e-06	-7.079042e-07	-1.705621e-09	-5.242043e+00	-1.223124e+02
1.690000e-06	-6.640089e-07	-1.661151e-09	-4.916997e+00	-1.194083e+02
1.700000e-06	-6.200813e-07	-1.618423e-09	-4.591713e+00	-1.164066e+02
1.710000e-06	-5.761478e-07	-1.574940e-09	-4.266384e+00	-1.133046e+02
1.720000e-06	-5.322120e-07	-1.526997e-09	-3.941039e+00	-1.100997e+02
1.730000e-06	-4.882966e-07	-1.474991e-09	-3.615845e+00	-1.067896e+02
1.740000e-06	-4.443769e-07	-1.423139e-09	-3.290618e+00	-1.033724e+02
1.750000e-06	-4.004081e-07	-1.372409e-09	-2.965029e+00	-9.984660e+01
1.760000e-06	-3.564647e-07	-1.319816e-09	-2.639627e+00	-9.621123e+01
1.770000e-06	-3.124910e-07	-1.264725e-09	-2.314001e+00	-9.246563e+01
1.780000e-06	-2.684550e-07	-1.210521e-09	-1.987914e+00	-8.860962e+01
1.790000e-06	-2.244506e-07	-1.155430e-09	-1.662060e+00	-8.464355e+01
1.800000e-06	-1.804379e-07	-1.096360e-09	-1.336146e+00	-8.056821e+01
1.810000e-06	-1.363741e-07	-1.035390e-09	-1.009853e+00	-7.638494e+01
1.820000e-06	-9.229493e-08	-9.742367e-10	-6.834455e-01	-7.209556e+01
1.830000e-06	-4.825029e-08	-9.099393e-10	-3.572942e-01	-6.770242e+01
1.840000e-06	-4.194456e-09	-8.432439e-10	-3.106002e-02	-6.320837e+01
1.850000e-06	3.985103e-08	-7.729796e-10	2.950975e-01	-5.861678e+01
1.860000e-06	8.390938e-08	-7.006900e-10	6.213504e-01	-5.393150e+01
1.870000e-06	1.280096e-07	-6.289571e-10	9.479134e-01	-4.915690e+01
1.880000e-06	1.721224e-07	-5.560133e-10	1.274569e+00	-4.429776e+01
1.890000e-06	2.162046e-07	-4.803595e-10	1.600999e+00	-3.935937e+01
1.900000e-06	2.602250e-07	-4.028190e-10	1.926971e+00	-3.434739e+01
1.910000e-06	3.042127e-07	-3.267161e-10	2.252701e+00	-2.926792e+01
1.920000e-06	3.482478e-07	-2.494075e-10	2.578781e+00	-2.412739e+01
1.930000e-06	3.923025e-07	-1.682916e-10	2.905007e+00	-1.893258e+01
1.940000e-06	4.362504e-07	-8.306677e-11	3.230441e+00	-1.369057e+01
1.950000e-06	4.801470e-07	8.159800e-13	3.555497e+00	-8.408679e+00
1.960000e-06	5.240327e-07	8.224923e-11	3.880471e+00	-3.094464e+00
1.970000e-06	5.679025e-07	1.648895e-10	4.205328e+00	2.244356e+00
1.980000e-06	6.117862e-07	2.505068e-10	4.530288e+00	7.599927e+00
1.990000e-06	6.556734e-07	3.345833e-10	4.855272e+00	1.296431e+01
2.000000e-06	6.995080e-07	4.138640e-10	5.179869e+00	1.832952e+01
2.010000e-06	7.433266e-07	4.946614e-10	5.504347e+00	2.368757e+01
2.020000e-06	7.871549e-07	5.794559e-10	5.828896e+00	2.903054e+01
2.030000e-06	8.309639e-07	6.642833e-10	6.153302e+00	3.435059e+01
2.040000e-06	8.747642e-07	7.472629e-10	6.477644e+00	3.964001e+01
2.050000e-06	9.185755e-07	8.295161e-10	6.802068e+00	4.489129e+01
2.060000e-06	9.623784e-07	9.114794e-10	7.126428e+00	5.009711e+01
2.070000e-06	1.006081e-06	9.939732e-10	7.450044e+00	5.525043e+01
2.080000e-06	1.049716e-06	1.074250e-09	7.773163e+00	6.034450e+01
2.090000e-06	1.093269e-06	1.152204e-09	8.095678e+00	6.537290e+01
2.100000e-06	1.136726e-06	1.227995e-09	8.417472e+00	7.032958e+01
2.110000e-06	1.180138e-06	1.302515e-09	8.738946e+00	7.520885e+01
2.120000e-06	1.223425e-06	1.378578e-09	9.059486e+00	8.000547e+01
2.130000e-06	1.266566e-06	1.451875e-09	9.378941e+00	8.471461e+01
2.140000e-06	1.309645e-06	1.522392e-09	9.697946e+00	8.933191e+01
2.150000e-06	1.352561e-06	1.591335e-09	1.001573e+01	9.385346e+01
2.160000e-06	1.395267e-06	1.660169e-09	1.033198e+01	9.827585e+01
2.170000e-06	1.437852e-06	1.727967e-09	1.064732e+01	1.025961e+02
2.180000e-06	1.480225e-06	1.790898e-09	1.096109e+01	1.068119e+02
2.190000e-06	1.522342e-06	1.849214e-09	1.127297e+01	1.109211e+02
2.200000e-06	1.564248e-06	1.904974e-09	1.158328e+01	1.149224e+02
2.210000e-06	1.605930e-06	1.958559e-09	1.189194e+01	1.188148e+02
2.220000e-06	1.647383e-06	2.010852e-09	1.219890e+01	1.225976e+02
2.230000e-06	1.688725e-06	2.063858e-09	1.250504e+01	1.262710e+02
2.240000e-06	1.729888e-06	2.114507e-09	1.280985e+01	1.298351e+02
2.250000e-06	1.770696e-06	2.161723e-09	1.311204e+01	1.332908e+02
2.260000e-06	1.811271e-06	2.207759e-09	1.341249e+01	1.366392e+02
2.270000e-06	1.851692e-06	2.252788e-09	1.371181e+01	1.398820e+02
2.280000e-06	1.892003e-06	2.295148e-09	1.401031e+01	1.430210e+02
2.290000e-06	1.932247e-06	2.333317e-09	1.430832e+01	1.460583e+02
2.300000e-06	1.972407e-06	2.370703e-09	1.460570e+01	1.489964e+02
2.310000e-06	2.012503e-06	2.408650e-09	1.490262e+01	1.518381e+02
2.320000e-06	2.052478e-06	2.444993e-09	1.519863e+01	1.545863e+02
2.330000e-06	2.092350e-06	2.480692e-09	1.549389e+01	1.572442e+02
2.340000e-06	2.132195e-06	2.517419e-09	1.578894e+01	1.598149e+02
2.350000e-06	2.171967e-06	2.555140e-09	1.608345e+01	1.623020e+02
2.360000e-06	2.211656e-06	2.592206e-09	1.637735e+01	1.647088e+02
2.370000e-06	2.251238e-06	2.625585e-09	1.667046e+01	1.670390e+02
2.380000e-06	2.290710e-06	2.657405e-09	1.696275e+01	1.692960e+02
2.390000e-06	2.330023e-06	2.689000e-09	1.725386e+01	1.714836e+02
2.400000e-06	2.369066e-06	2.719956e-09	1.754297e+01	1.736051e+02
2.410000e-06	2.407977e-06	2.750412e-09	1.783111e+01	1.756641e+02
2.420000e-06	2.446730e-06	2.778179e-09	1.811808e+01	1.776640e+02
2.430000e-06	2.485156e-06	2.804718e-09	1.840262e+01	1.796080e+02
2.440000e-06	2.523380e-06	2.832313e-09	1.868568e+01	1.814994e+02
2.450000e-06	2.561505e-06	2.859248e-09	1.896798e+01	1.833411e+02
2.460000e-06	2.599485e-06	2.885567e-09	1.924923e+01	1.851361e+02
2.470000e-06	2.637412e-06	2.912405e-09	1.953008e+01	1.868870e+02
2.480000e-06	2.675228e-06	2.938891e-09	1.981011e+01	1.885963e+02
2.490000e-06	2.712806e-06	2.965255e-09	2.008838e+01	1.902664e+02
2.500000e-06	2.750179e-06	2.990654e-09	2.036512e+01	1.918995e+02
2.510000e-06	2.787290e-06	3.015290e-09	2.063993e+01	1.934975e+02
2.520000e-06	2.824144e-06	3.039925e-09	2.091284e+01	1.950621e+02
2.530000e-06	2.860844e-06	3.062512e-09	2.118460e+01	1.965949e+02
2.540000e-06	2.897325e-06	3.084610e-09	2.145474e+01	1.980973e+02
2.550000e-06	2.933538e-06	3.107046e-09	2.172290e+01	1.995706e+02
2.560000e-06	2.969593e-06	3.129373e-09	2.198989e+01	2.010156e+02
2.570000e-06	3.005574e-06	3.153443e-09	2.225632e+01	2.024333e+02
2.580000e-06	3.041460e-06	3.175155e-09	2.252207e+01	2.038245e+02
2.590000e-06	3.077241e-06	3.195969e-09	2.278702e+01	2.051895e+02
2.600000e-06	3.112927e-06	3.214953e-09	2.305128e+01	2.065290e+02
2.610000e-06	3.148528e-06	3.232919e-09	2.331490e+01	2.078432e+02
2.620000e-06	3.183895e-06	3.252097e-09	2.357679e+01	2.091323e+02
2.630000e-06	3.218972e-06	3.272586e-09	2.383654e+01	2.103965e+02
2.640000e-06	3.253717e-06	3.294911e-09	2.409383e+01	2.116359e+02
2.650000e-06	3.288118e-06	3.312431e-09	2.434857e+01	2.128505e+02
2.660000e-06	3.322041e-06	3.327759e-09	2.459977e+01	2.140403e+02
2.670000e-06	3.355311e-06	3.346260e-09	2.484613e+01	2.152052e+02
2.680000e-06	3.388134e-06	3.365509e-09	2.508919e+01	2.163452e+02
2.690000e-06	3.420672e-06	3.381940e-09	2.533013e+01	2.174603e+02
2.700000e-06	3.453008e-06	3.398091e-09	2.556958e+01	2.185504e+02
2.710000e-06	3.485168e-06	3.415017e-09	2.580773e+01	2.196156e+02
2.720000e-06	3.517195e-06	3.432319e-09	2.604489e+01	2.206558e+02
2.730000e-06	3.549132e-06	3.449600e-09	2.628138e+01	2.216712e+02
2.740000e-06	3.580941e-06	3.464502e-09	2.651693e+01	2.226620e+02
2.750000e-06	3.612603e-06	3.477017e-09	2.675139e+01	2.236282e+02
2.760000e-06	3.644129e-06	3.491222e-09	2.698484e+01	2.245703e+02
2.770000e-06	3.675390e-06	3.508369e-09	2.721633e+01	2.254884e+02
2.780000e-06	3.706195e-06	3.524367e-09	2.744444e+01	2.263831e+02
2.790000e-06	3.736625e-06	3.538232e-09	2.766977e+01	2.272548e+02
2.800000e-06	3.766905e-06	3.552837e-09	2.789400e+01	2.281040e+02
2.810000e-06	3.796974e-06	3.567730e-09	2.811666e+01	2.289314e+02
2.820000e-06	3.826808e-06	3.582011e-09	2.833758e+01	2.297376e+02
2.830000e-06	3.856392e-06	3.593741e-09	2.855665e+01	2.305233e+02
2.840000e-06	3.885715e-06	3.604973e-09	2.877378e+01	2.312893e+02
2.850000e-06	3.914916e-06	3.621413e-09	2.899002e+01	2.320364e+02
2.860000e-06	3.943793e-06	3.639470e-09	2.920386e+01	2.327655e+02
2.870000e-06	3.972325e-06	3.651820e-09	2.941513e+01	2.334774e+02
2.880000e-06	4.000596e-06	3.664559e-09	2.962448e+01	2.341730e+02
2.890000e-06	4.028610e-06	3.680624e-09	2.983193e+01	2.348532e+02
2.900000e-06	4.056490e-06	3.694465e-09	3.003837e+01	2.355190e+02
2.910000e-06	4.084222e-06	3.703835e-09	3.024373e+01	2.361711e+02
2.920000e-06	4.111773e-06	3.711539e-09	3.044775e+01	2.368105e+02
2.930000e-06	4.139019e-06	3.721085e-09	3.064950e+01	2.374380e+02
2.940000e-06	4.165829e-06	3.732847e-09	3.084803e+01	2.380544e+02
2.950000e-06	4.192068e-06	3.745675e-09	3.104233e+01	2.386604e+02
2.960000e-06	4.217809e-06	3.757005e-09	3.123295e+01	2.392567e+02
2.970000e-06	4.243122e-06	3.768023e-09	3.142039e+01	2.398439e+02
2.980000e-06	4.267981e-06	3.778388e-09	3.160447e+01	2.404226e+02
2.990000e-06	4.292497e-06	3.786817e-09	3.178601e+01	2.409933e+02
3.000000e-06	4.316754e-06	3.794517e-09	3.196563e+01	2.415564e+02
3.010000e-06	4.340748e-06	3.802087e-09	3.214331e+01	2.421122e+02
3.020000e-06	4.364534e-06	3.811224e-09	3.231945e+01	2.426610e+02
3.030000e-06	4.388058e-06	3.821289e-09	3.249365e+01	2.432029e+02
3.040000e-06	4.411329e-06	3.828506e-09	3.266596e+01	2.437380e+02
3.050000e-06	4.434347e-06	3.835919e-09	3.283641e+01	2.442663e+02
3.060000e-06	4.457028e-06	3.847840e-09	3.300437e+01	2.447878e+02
3.070000e-06	4.479359e-06	3.859625e-09	3.316973e+01	2.453022e+02
3.080000e-06	4.501321e-06	3.865178e-09	3.333236e+01	2.458094e+02
3.090000e-06	4.523079e-06	3.869196e-09	3.349348e+01	2.463091e+02
3.100000e-06	4.544646e-06	3.877439e-09	3.365318e+01	2.468010e+02
3.110000e-06	4.565895e-06	3.888374e-09	3.381053e+01	2.472846e+02
3.120000e-06	4.586684e-06	3.895319e-09	3.396447e+01	2.477595e+02
3.130000e-06	4.607063e-06	3.900090e-09	3.411538e+01	2.482254e+02
3.140000e-06	4.627232e-06	3.905594e-09	3.426473e+01	2.486816e+02
3.150000e-06	4.647224e-06	3.913066e-09	3.441277e+01	2.491278e+02
3.160000e-06	4.667054e-06	3.919443e-09	3.455961e+01	2.495634e+02
3.170000e-06	4.686702e-06	3.923981e-09	3.470511e+01	2.499879e+02
3.180000e-06	4.706080e-06	3.930415e-09	3.484860e+01	2.504008e+02
3.190000e-06	4.725120e-06	3.937125e-09	3.498959e+01	2.508017e+02
3.200000e-06	4.743701e-06	3.940603e-09	3.512719e+01	2.511902e+02
3.210000e-06	4.761769e-06	3.944357e-09	3.526098e+01	2.515658e+02
3.220000e-06	4.779443e-06	3.952359e-09	3.539186e+01	2.519283e+02
3.230000e-06	4.796783e-06	3.957415e-09	3.552026e+01	2.522773e+02
3.240000e-06	4.813873e-06	3.960683e-09	3.564681e+01	2.526126e+02
3.250000e-06	4.830762e-06	3.967993e-09	3.577187e+01	2.529341e+02
3.260000e-06	4.847311e-06	3.975770e-09	3.589442e+01	2.532417e+02
3.270000e-06	4.863496e-06	3.982046e-09	3.601427e+01	2.535354e+02
3.280000e-06	4.879380e-06	3.989514e-09	3.613189e+01	2.538152e+02
3.290000e-06	4.894778e-06	3.996166e-09	3.624592e+01	2.540812e+02
3.300000e-06	4.909663e-06	4.000599e-09	3.635614e+01	2.543337e+02
3.310000e-06	4.924153e-06	4.005304e-09	3.646343e+01	2.545730e+02
3.320000e-06	4.938228e-06	4.008810e-09	3.656767e+01	2.547993e+02
3.330000e-06	4.952001e-06	4.010334e-09	3.666965e+01	2.550132e+02
3.340000e-06	4.965452e-06	4.015491e-09	3.676926e+01	2.552150e+02
3.350000e-06	4.978508e-06	4.021453e-09	3.686594e+01	2.554054e+02
3.360000e-06	4.991223e-06	4.025952e-09	3.696009e+01	2.555849e+02
3.370000e-06	5.003608e-06	4.030059e-09	3.705180e+01	2.557542e+02
3.380000e-06	5.015592e-06	4.034054e-09	3.714054e+01	2.559140e+02
3.390000e-06	5.027198e-06	4.039955e-09	3.722649e+01	2.560648e+02
3.400000e-06	5.038459e-06	4.047132e-09	3.730987e+01	2.562076e+02
3.410000e-06	5.049271e-06	4.052135e-09	3.738994e+01	2.563429e+02
3.420000e-06	5.059597e-06	4.054612e-09	3.746640e+01	2.564715e+02
3.430000e-06	5.069296e-06	4.057523e-09	3.753823e+01	2.565941e+02
3.440000e-06	5.078277e-06	4.062189e-09	3.760473e+01	2.567114e+02
3.450000e-06	5.086794e-06	4.064890e-09	3.766780e+01	2.568242e+02
3.460000e-06	5.095011e-06	4.067448e-09	3.772865e+01	2.569330e+02
3.470000e-06	5.102960e-06	4.071868e-09	3.778750e+01	2.570384e+02
3.480000e-06	5.110711e-06	4.076026e-09	3.784490e+01	2.571410e+02
3.490000e-06	5.118285e-06	4.081813e-09	3.790099e+01	2.572412e+02
3.500000e-06	5.125476e-06	4.087069e-09	3.795424e+01	2.573395e+02
3.510000e-06	5.132250e-06	4.090463e-09	3.800440e+01	2.574362e+02
3.520000e-06	5.138689e-06	4.094987e-09	3.805208e+01	2.575316e+02
3.530000e-06	5.144747e-06	4.100896e-09	3.809694e+01	2.576257e+02
3.540000e-06	5.150559e-06	4.103846e-09	3.813997e+01	2.577189e+02
3.550000e-06	5.156029e-06	4.104521e-09	3.818048e+01	2.578109e+02
3.560000e-06	5.161051e-06	4.106103e-09	3.821767e+01	2.579019e+02
3.570000e-06	5.165755e-06	4.110109e-09	3.825250e+01	2.579916e+02
3.580000e-06	5.170182e-06	4.112111e-09	3.828529e+01	2.580798e+02
3.590000e-06	5.174296e-06	4.110263e-09	3.831575e+01	2.581662e+02
3.600000e-06	5.178179e-06	4.110382e-09	3.834450e+01	2.582504e+02
3.610000e-06	5.181871e-06	4.113423e-09	3.837184e+01	2.583319e+02
3.620000e-06	5.185195e-06	4.117265e-09	3.839646e+01	2.584102e+02
3.630000e-06	5.187947e-06	4.120543e-09	3.841683e+01	2.584848e+02
3.640000e-06	5.190126e-06	4.123185e-09	3.843297e+01	2.585550e+02
3.650000e-06	5.191740e-06	4.125088e-09	3.844493e+01	2.586202e+02
3.660000e-06	5.192836e-06	4.125503e-09	3.845304e+01	2.586795e+02
3.670000e-06	5.193482e-06	4.123965e-09	3.845782e+01	2.587325e+02
3.680000e-06	5.193740e-06	4.123351e-09	3.845973e+01	2.587782e+02
3.690000e-06	5.193776e-06	4.123920e-09	3.846000e+01	2.588160e+02
3.700000e-06	5.193616e-06	4.123809e-09	3.845882e+01	2.588452e+02
3.710000e-06	5.193172e-06	4.122281e-09	3.845552e+01	2.588650e+02
3.720000e-06	5.192401e-06	4.122329e-09	3.844982e+01	2.588748e+02
3.730000e-06	5.191318e-06	4.124712e-09	3.844180e+01	2.588739e+02
3.740000e-06	5.189913e-06	4.125868e-09	3.843139e+01	2.588618e+02
3.750000e-06	5.188157e-06	4.127958e-09	3.841839e+01	2.588378e+02
3.760000e-06	5.186052e-06	4.123916e-09	3.840280e+01	2.588017e+02
3.770000e-06	5.183576e-06	4.090120e-09	3.838447e+01	2.587529e+02
3.780000e-06	5.180677e-06	4.064103e-09	3.836300e+01	2.586912e+02
3.790000e-06	5.177273e-06	4.106409e-09	3.833780e+01	2.586162e+02
3.800000e-06	5.173411e-06	4.115463e-09	3.830920e+01	2.585279e+02
3.810000e-06	5.169342e-06	4.085564e-09	3.827907e+01	2.584262e+02
3.820000e-06	5.165159e-06	4.051975e-09	3.824809e+01	2.583111e+02
3.830000e-06	5.160622e-06	4.068193e-09	3.821449e+01	2.581828e+02
3.840000e-06	5.155610e-06	4.150446e-09	3.817738e+01	2.580414e+02
3.850000e-06	5.150218e-06	4.133680e-09	3.813745e+01	2.578872e+02
3.860000e-06	5.144458e-06	4.072665e-09	3.809480e+01	2.577207e+02
3.870000e-06	5.138374e-06	4.025565e-09	3.804975e+01	2.575423e+02
3.880000e-06	5.131900e-06	4.082450e-09	3.800181e+01	2.573525e+02
3.890000e-06	5.124797e-06	4.138619e-09	3.794921e+01	2.571520e+02
3.900000e-06	5.117138e-06	4.111672e-09	3.789249e+01	2.569415e+02
3.910000e-06	5.109232e-06	4.043932e-09	3.783395e+01	2.567216e+02
3.920000e-06	5.101091e-06	4.038565e-09	3.777367e+01	2.564932e+02
3.930000e-06	5.092576e-06	4.124493e-09	3.771062e+01	2.562570e+02
3.940000e-06	5.083676e-06	4.111524e-09	3.764471e+01	2.560139e+02
3.950000e-06	5.074551e-06	4.022300e-09	3.757713e+01	2.557647e+02
3.960000e-06	5.065123e-06	3.960514e-09	3.750733e+01	2.555103e+02
3.970000e-06	5.055159e-06	4.011636e-09	3.743354e+01	2.552516e+02
3.980000e-06	5.044752e-06	4.003485e-09	3.735648e+01	2.549893e+02
3.990000e-06	5.034145e-06	3.896593e-09	3.727793e+01	2.547243e+02
4.000000e-06	5.023253e-06	3.818336e-09	3.719727e+01	2.544574e+02
4.010000e-06	5.011885e-06	3.849912e-09	3.711310e+01	2.541891e+02
4.020000e-06	5.000134e-06	3.844179e-09	3.702608e+01	2.539202e+02
4.030000e-06	4.988122e-06	3.763761e-09	3.693713e+01	2.536513e+02
4.040000e-06	4.975866e-06	3.746671e-09	3.684637e+01	2.533828e+02
4.050000e-06	4.963137e-06	3.795001e-09	3.675211e+01	2.531153e+02
4.060000e-06	4.949770e-06	3.747037e-09	3.665313e+01	2.528489e+02
4.070000e-06	4.935893e-06	3.716360e-09	3.655038e+01	2.525840e+02
4.080000e-06	4.921328e-06	3.786217e-09	3.644252e+01	2.523206e+02
4.090000e-06	4.906124e-06	3.760082e-09	3.632994e+01	2.520589e+02
4.100000e-06	4.890614e-06	3.668205e-09	3.621508e+01	2.517988e+02
4.110000e-06	4.874776e-06	3.715472e-09	3.609780e+01	2.515400e+02
4.120000e-06	4.858663e-06	3.779076e-09	3.597848e+01	2.512824e+02
4.130000e-06	4.842341e-06	3.673347e-09	3.585762e+01	2.510255e+02
4.140000e-06	4.825730e-06	3.644482e-09	3.573462e+01	2.507689e+02
4.150000e-06	4.808802e-06	3.735524e-09	3.560926e+01	2.505120e+02
4.160000e-06	4.791532e-06	3.698701e-09	3.548138e+01	2.502543e+02
4.170000e-06	4.773893e-06	3.580939e-09	3.535076e+01	2.499950e+02
4.180000e-06	4.755971e-06	3.637177e-09	3.521804e+01	2.497333e+02
4.190000e-06	4.737823e-06	3.699746e-09	3.508366e+01	2.494684e+02
4.200000e-06	4.719405e-06	3.621177e-09	3.494727e+01	2.491994e+02
4.210000e-06	4.700653e-06	3.576543e-09	3.480842e+01	2.489255e+02
4.220000e-06	4.681489e-06	3.651000e-09	3.466651e+01	2.486456e+02
4.230000e-06	4.661910e-06	3.653866e-09	3.452153e+01	2.483589e+02
4.240000e-06	4.642045e-06	3.589361e-09	3.437442e+01	2.480643e+02
4.250000e-06	4.622011e-06	3.581871e-09	3.422607e+01	2.477609e+02
4.260000e-06	4.601816e-06	3.620572e-09	3.407653e+01	2.474478e+02
4.270000e-06	4.581447e-06	3.610585e-09	3.392569e+01	2.471241e+02
4.280000e-06	4.560819e-06	3.578064e-09	3.377294e+01	2.467889e+02
4.290000e-06	4.539774e-06	3.578940e-09	3.361710e+01	2.464415e+02
4.300000e-06	4.518209e-06	3.588416e-09	3.345741e+01	2.460811e+02
4.310000e-06	4.496112e-06	3.571621e-09	3.329378e+01	2.457070e+02
4.320000e-06	4.473399e-06	3.564518e-09	3.312559e+01	2.453187e+02
4.330000e-06	4.450091e-06	3.579753e-09	3.295300e+01	2.449157e+02
4.340000e-06	4.426443e-06	3.560221e-09	3.277789e+01	2.444976e+02
4.350000e-06	4.402600e-06	3.531920e-09	3.260133e+01	2.440641e+02
4.360000e-06	4.378588e-06	3.551923e-09	3.242352e+01	2.436150e+02
4.370000e-06	4.354384e-06	3.568965e-09	3.224429e+01	2.431502e+02
4.380000e-06	4.329898e-06	3.528060e-09	3.206297e+01	2.426698e+02
4.390000e-06	4.305047e-06	3.507758e-09	3.187894e+01	2.421737e+02
4.400000e-06	4.279898e-06	3.530602e-09	3.169271e+01	2.416624e+02
4.410000e-06	4.254530e-06	3.530935e-09	3.150487e+01	2.411361e+02
4.420000e-06	4.228855e-06	3.498124e-09	3.131474e+01	2.405951e+02
4.430000e-06	4.202909e-06	3.490837e-09	3.112262e+01	2.400400e+02
4.440000e-06	4.176779e-06	3.498769e-09	3.092912e+01	2.394715e+02
4.450000e-06	4.150386e-06	3.490265e-09	3.073368e+01	2.388900e+02
4.460000e-06	4.123637e-06	3.473182e-09	3.053560e+01	2.382963e+02
4.470000e-06	4.096516e-06	3.472975e-09	3.033477e+01	2.376913e+02
4.480000e-06	4.069091e-06	3.465056e-09	3.013169e+01	2.370756e+02
4.490000e-06	4.041398e-06	3.448012e-09	2.992662e+01	2.364502e+02
4.500000e-06	4.013520e-06	3.444533e-09	2.972018e+01	2.358157e+02
4.510000e-06	3.985507e-06	3.445672e-09	2.951275e+01	2.351732e+02
4.520000e-06	3.957385e-06	3.424698e-09	2.930450e+01	2.345234e+02
4.530000e-06	3.929068e-06	3.410383e-09	2.909481e+01	2.338671e+02
4.540000e-06	3.900384e-06	3.415426e-09	2.888241e+01	2.332051e+02
4.550000e-06	3.871434e-06	3.408199e-09	2.866803e+01	2.325381e+02
4.560000e-06	3.842157e-06	3.384529e-09	2.845124e+01	2.318668e+02
4.570000e-06	3.812296e-06	3.376936e-09	2.823011e+01	2.311917e+02
4.580000e-06	3.781960e-06	3.379380e-09	2.800548e+01	2.305134e+02
4.590000e-06	3.751204e-06	3.367082e-09	2.777773e+01	2.298323e+02
4.600000e-06	3.720079e-06	3.349768e-09	2.754725e+01	2.291487e+02
4.610000e-06	3.688698e-06	3.343045e-09	2.731487e+01	2.284627e+02
4.620000e-06	3.656995e-06	3.338387e-09	2.708011e+01	2.277746e+02
4.630000e-06	3.625043e-06	3.323794e-09	2.684351e+01	2.270842e+02
4.640000e-06	3.592995e-06	3.312137e-09	2.660619e+01	2.263915e+02
4.650000e-06	3.560827e-06	3.306618e-09	2.636799e+01	2.256961e+02
4.660000e-06	3.528479e-06	3.296990e-09	2.612845e+01	2.249977e+02
4.670000e-06	3.495885e-06	3.282368e-09	2.588709e+01	2.242958e+02
4.680000e-06	3.462985e-06	3.275659e-09	2.564346e+01	2.235898e+02
4.690000e-06	3.429885e-06	3.269268e-09	2.539836e+01	2.228790e+02
4.700000e-06	3.396588e-06	3.255366e-09	2.515180e+01	2.221625e+02
4.710000e-06	3.363098e-06	3.241790e-09	2.490380e+01	2.214394e+02
4.720000e-06	3.329433e-06	3.236130e-09	2.465451e+01	2.207087e+02
4.730000e-06	3.295517e-06	3.225329e-09	2.440336e+01	2.199694e+02
4.740000e-06	3.261400e-06	3.210231e-09	2.415073e+01	2.192202e+02
4.750000e-06	3.227119e-06	3.201263e-09	2.389687e+01	2.184601e+02
4.760000e-06	3.192581e-06	3.193529e-09	2.364112e+01	2.176877e+02
4.770000e-06	3.157679e-06	3.177331e-09	2.338267e+01	2.169018e+02
4.780000e-06	3.122482e-06	3.165094e-09	2.312203e+01	2.161011e+02
4.790000e-06	3.087075e-06	3.159291e-09	2.285984e+01	2.152844e+02
4.800000e-06	3.051476e-06	3.148861e-09	2.259623e+01	2.144504e+02
4.810000e-06	3.015740e-06	3.132233e-09	2.233161e+01	2.135979e+02
4.820000e-06	2.979892e-06	3.120703e-09	2.206615e+01	2.127258e+02
4.830000e-06	2.943919e-06	3.111090e-09	2.179977e+01	2.118328e+02
4.840000e-06	2.907823e-06	3.096136e-09	2.153248e+01	2.109180e+02
4.850000e-06	2.871690e-06	3.080593e-09	2.126491e+01	2.099805e+02
4.860000e-06	2.835470e-06	3.068525e-09	2.099670e+01	2.090193e+02
4.870000e-06	2.799090e-06	3.059634e-09	2.072731e+01	2.080337e+02
4.880000e-06	2.762484e-06	3.047970e-09	2.045624e+01	2.070230e+02
4.890000e-06	2.725391e-06	3.033377e-09	2.018157e+01	2.059868e+02
4.900000e-06	2.687959e-06	3.018861e-09	1.990438e+01	2.049245e+02
4.910000e-06	2.650327e-06	3.004343e-09	1.962571e+01	2.038359e+02
4.920000e-06	2.612261e-06	2.987342e-09	1.934383e+01	2.027208e+02
4.930000e-06	2.573820e-06	2.971357e-09	1.905918e+01	2.015792e+02
4.940000e-06	2.535115e-06	2.955376e-09	1.877257e+01	2.004111e+02
4.950000e-06	2.496098e-06	2.937927e-09	1.848365e+01	1.992166e+02
4.960000e-06	2.456791e-06	2.923816e-09	1.819258e+01	1.979961e+02
4.970000e-06	2.417295e-06	2.912450e-09	1.790011e+01	1.967500e+02
4.980000e-06	2.377629e-06	2.897442e-09	1.760638e+01	1.954787e+02
4.990000e-06	2.337873e-06	2.881179e-09	1.731199e+01	1.941827e+02
5.000000e-06	2.298050e-06	2.865477e-09	1.701710e+01	1.928626e+02
5.010000e-06	2.258128e-06	2.845889e-09	1.672148e+01	1.915191e+02
5.020000e-06	2.218129e-06	2.819982e-09	1.642529e+01	1.901527e+02
5.030000e-06	2.178052e-06	2.794859e-09	1.612851e+01	1.887642e+02
5.040000e-06	2.137891e-06	2.772275e-09	1.583112e+01	1.873542e+02
5.050000e-06	2.097559e-06	2.752973e-09	1.553246e+01	1.859233e+02
5.060000e-06	2.057099e-06	2.736547e-09	1.523285e+01	1.844721e+02
5.070000e-06	2.016573e-06	2.720350e-09	1.493276e+01	1.830009e+02
5.080000e-06	1.975971e-06	2.700303e-09	1.463210e+01	1.815104e+02
5.090000e-06	1.935227e-06	2.677917e-09	1.433039e+01	1.800005e+02
5.100000e-06	1.894314e-06	2.655356e-09	1.402743e+01	1.784717e+02
5.110000e-06	1.853317e-06	2.630970e-09	1.372385e+01	1.769237e+02
5.120000e-06	1.812142e-06	2.602335e-09	1.341895e+01	1.753564e+02
5.130000e-06	1.770702e-06	2.573426e-09	1.311208e+01	1.737695e+02
5.140000e-06	1.729125e-06	2.546743e-09	1.280420e+01	1.721623e+02
5.150000e-06	1.687514e-06	2.520937e-09	1.249607e+01	1.705340e+02
5.160000e-06	1.645828e-06	2.496165e-09	1.218738e+01	1.688837e+02
5.170000e-06	1.603987e-06	2.470225e-09	1.187755e+01	1.672100e+02
5.180000e-06	1.562043e-06	2.444803e-09	1.156696e+01	1.655114e+02
5.190000e-06	1.520088e-06	2.416399e-09	1.125628e+01	1.637862e+02
5.200000e-06	1.478027e-06	2.388799e-09	1.094481e+01	1.620325e+02
5.210000e-06	1.435803e-06	2.361592e-09	1.063215e+01	1.602478e+02
5.220000e-06	1.393471e-06	2.330277e-09	1.031868e+01	1.584298e+02
5.230000e-06	1.351052e-06	2.298041e-09	1.000456e+01	1.565758e+02
5.240000e-06	1.308543e-06	2.266246e-09	9.689784e+00	1.546827e+02
5.250000e-06	1.265890e-06	2.236754e-09	9.373940e+00	1.527475e+02
5.260000e-06	1.223148e-06	2.205851e-09	9.057432e+00	1.507667e+02
5.270000e-06	1.180408e-06	2.174619e-09	8.740942e+00	1.487370e+02
5.280000e-06	1.137547e-06	2.143789e-09	8.423558e+00	1.466545e+02
5.290000e-06	1.094549e-06	2.113111e-09	8.105156e+00	1.445155e+02
5.300000e-06	1.051515e-06	2.082293e-09	7.786485e+00	1.423160e+02
5.310000e-06	1.008349e-06	2.047933e-09	7.466842e+00	1.400522e+02
5.320000e-06	9.650423e-07	2.011660e-09	7.146155e+00	1.377199e+02
5.330000e-06	9.217193e-07	1.972488e-09	6.825347e+00	1.353152e+02
5.340000e-06	8.784155e-07	1.932715e-09	6.504682e+00	1.328341e+02
5.350000e-06	8.350677e-07	1.894559e-09	6.183691e+00	1.302726e+02
5.360000e-06	7.916320e-07	1.854104e-09	5.862048e+00	1.276268e+02
5.370000e-06	7.481659e-07	1.811131e-09	5.540181e+00	1.248930e+02
5.380000e-06	7.046332e-07	1.769416e-09	5.217821e+00	1.220677e+02
5.390000e-06	6.610641e-07	1.727772e-09	4.895191e+00	1.191475e+02
5.400000e-06	6.174007e-07	1.683253e-09	4.571863e+00	1.161294e+02
5.410000e-06	5.736685e-07	1.637469e-09	4.248025e+00	1.130104e+02
5.420000e-06	5.299449e-07	1.589768e-09	3.924251e+00	1.097881e+02
5.430000e-06	4.861704e-07	1.538257e-09	3.600100e+00	1.064603e+02
5.440000e-06	4.424070e-07	1.484849e-09	3.276031e+00	1.030251e+02
5.450000e-06	3.986096e-07	1.431725e-09	2.951711e+00	9.948117e+01
5.460000e-06	3.547357e-07	1.379048e-09	2.626824e+00	9.582749e+01
5.470000e-06	3.108727e-07	1.324070e-09	2.302017e+00	9.206351e+01
5.480000e-06	2.670138e-07	1.268380e-09	1.977242e+00	8.818915e+01
5.490000e-06	2.231426e-07	1.212494e-09	1.652375e+00	8.420482e+01
5.500000e-06	1.792569e-07	1.154335e-09	1.327400e+00	8.011141e+01
5.510000e-06	1.353395e-07	1.092172e-09	1.002191e+00	7.591034e+01
5.520000e-06	9.140420e-08	1.028219e-09	6.768497e-01	7.160352e+01
5.530000e-06	4.745026e-08	9.626357e-10	3.513700e-01	6.719337e+01
5.540000e-06	3.471771e-09	8.935123e-10	2.570852e-02	6.268284e+01
5.550000e-06	-4.050812e-08	8.238765e-10	-2.999633e-01	5.807539e+01
5.560000e-06	-8.446366e-08	7.549008e-10	-6.254548e-01	5.337493e+01
5.570000e-06	-1.284048e-07	6.844109e-10	-9.508395e-01	4.858592e+01
5.580000e-06	-1.723184e-07	6.145050e-10	-1.276021e+00	4.371322e+01
5.590000e-06	-2.162016e-07	5.430373e-10	-1.600977e+00	3.876219e+01
5.600000e-06	-2.601294e-07	4.659661e-10	-1.926263e+00	3.373856e+01
5.610000e-06	-3.040683e-07	3.869883e-10	-2.251631e+00	2.864847e+01
5.620000e-06	-3.479415e-07	3.091395e-10	-2.576513e+00	2.349844e+01
5.630000e-06	-3.917511e-07	2.292388e-10	-2.900924e+00	1.829530e+01
5.640000e-06	-4.355530e-07	1.460763e-10	-3.225278e+00	1.304615e+01
5.650000e-06	-4.793503e-07	6.312026e-11	-3.549597e+00	7.758371e+00
5.660000e-06	-5.231200e-07	-1.913518e-11	-3.873713e+00	2.439541e+00
5.670000e-06	-5.669158e-07	-1.013467e-10	-4.198021e+00	-2.902593e+00
5.680000e-06	-6.106908e-07	-1.853279e-10	-4.522176e+00	-8.260159e+00
5.690000e-06	-6.543821e-07	-2.714611e-10	-4.845710e+00	-1.362521e+01
5.700000e-06	-6.980532e-07	-3.562232e-10	-5.169096e+00	-1.898975e+01
5.710000e-06	-7.417409e-07	-4.381950e-10	-5.492604e+00	-2.434582e+01
5.720000e-06	-7.853347e-07	-5.211015e-10	-5.815417e+00	-2.968548e+01
5.730000e-06	-8.288548e-07	-6.078563e-10	-6.137684e+00	-3.500093e+01
5.740000e-06	-8.723670e-07	-6.936381e-10	-6.459892e+00	-4.028448e+01
5.750000e-06	-9.157382e-07	-7.769098e-10	-6.781057e+00	-4.552865e+01
5.760000e-06	-9.589507e-07	-8.602011e-10	-7.101047e+00	-5.072618e+01
5.770000e-06	-1.002086e-06	-9.417497e-10	-7.420460e+00	-5.587006e+01
5.780000e-06	-1.045197e-06	-1.020909e-09	-7.739700e+00	-6.095360e+01
5.790000e-06	-1.088236e-06	-1.098446e-09	-8.058409e+00	-6.597043e+01
5.800000e-06	-1.131178e-06	-1.174838e-09	-8.376393e+00	-7.091456e+01
5.810000e-06	-1.174063e-06	-1.248971e-09	-8.693960e+00	-7.578039e+01
5.820000e-06	-1.216793e-06	-1.320829e-09	-9.010374e+00	-8.056272e+01
5.830000e-06	-1.259399e-06	-1.391565e-09	-9.325871e+00	-8.525682e+01
5.840000e-06	-1.301912e-06	-1.460564e-09	-9.640683e+00	-8.985839e+01
5.850000e-06	-1.344361e-06	-1.529235e-09	-9.955013e+00	-9.436361e+01
5.860000e-06	-1.386763e-06	-1.597156e-09	-1.026900e+01	-9.876915e+01
5.870000e-06	-1.429048e-06	-1.660509e-09	-1.058213e+01	-1.030721e+02
5.880000e-06	-1.471238e-06	-1.722260e-09	-1.089454e+01	-1.072702e+02
5.890000e-06	-1.513315e-06	-1.783585e-09	-1.120612e+01	-1.113616e+02
5.900000e-06	-1.555311e-06	-1.843119e-09	-1.151710e+01	-1.153447e+02
5.910000e-06	-1.597277e-06	-1.901701e-09	-1.182786e+01	-1.192188e+02
5.920000e-06	-1.639165e-06	-1.960581e-09	-1.213804e+01	-1.229834e+02
5.930000e-06	-1.680950e-06	-2.019198e-09	-1.244747e+01	-1.266384e+02
5.940000e-06	-1.722605e-06	-2.073017e-09	-1.275592e+01	-1.301844e+02
5.950000e-06	-1.764121e-06	-2.124262e-09	-1.306334e+01	-1.336221e+02
5.960000e-06	-1.805479e-06	-2.176582e-09	-1.336960e+01	-1.369528e+02
5.970000e-06	-1.846692e-06	-2.227971e-09	-1.367479e+01	-1.401781e+02
5.980000e-06	-1.887765e-06	-2.275176e-09	-1.397893e+01	-1.432999e+02
5.990000e-06	-1.928645e-06	-2.320564e-09	-1.428165e+01	-1.463205e+02
6.000000e-06	-1.969373e-06	-2.367365e-09	-1.458324e+01	-1.492424e+02
6.010000e-06	-2.009976e-06	-2.412782e-09	-1.488390e+01	-1.520683e+02
6.020000e-06	-2.050418e-06	-2.455968e-09	-1.518338e+01	-1.548012e+02
6.030000e-06	-2.090714e-06	-2.498622e-09	-1.548177e+01	-1.574442e+02
6.040000e-06	-2.130867e-06	-2.541099e-09	-1.577910e+01	-1.600008e+02
6.050000e-06	-2.170984e-06	-2.583446e-09	-1.607618e+01	-1.624742e+02
6.060000e-06	-2.211043e-06	-2.622940e-09	-1.637281e+01	-1.648680e+02
6.070000e-06	-2.250982e-06	-2.662563e-09	-1.666856e+01	-1.671857e+02
6.080000e-06	-2.290883e-06	-2.700410e-09	-1.696403e+01	-1.694309e+02
6.090000e-06	-2.330714e-06	-2.734175e-09	-1.725898e+01	-1.716071e+02
6.100000e-06	-2.370447e-06	-2.765934e-09	-1.755320e+01	-1.737180e+02
6.110000e-06	-2.410062e-06	-2.798057e-09	-1.784655e+01	-1.757669e+02
6.120000e-06	-2.449485e-06	-2.834065e-09	-1.813848e+01	-1.777572e+02
6.130000e-06	-2.488728e-06	-2.869744e-09	-1.842907e+01	-1.796922e+02
6.140000e-06	-2.527693e-06	-2.904169e-09	-1.871761e+01	-1.815751e+02
6.150000e-06	-2.566286e-06	-2.936276e-09	-1.900340e+01	-1.834088e+02
6.160000e-06	-2.604487e-06	-2.967717e-09	-1.928627e+01	-1.851962e+02
6.170000e-06	-2.642355e-06	-2.998544e-09	-1.956669e+01	-1.869400e+02
6.180000e-06	-2.679943e-06	-3.026854e-09	-1.984502e+01	-1.886426e+02
6.190000e-06	-2.717203e-06	-3.051607e-09	-2.012093e+01	-1.903064e+02
6.200000e-06	-2.754156e-06	-3.077985e-09	-2.039457e+01	-1.919334e+02
6.210000e-06	-2.790783e-06	-3.107473e-09	-2.066580e+01	-1.935257e+02
6.220000e-06	-2.827152e-06	-3.135755e-09	-2.093511e+01	-1.950849e+02
6.230000e-06	-2.863345e-06	-3.160413e-09	-2.120312e+01	-1.966125e+02
6.240000e-06	-2.899461e-06	-3.185311e-09	-2.147056e+01	-1.981100e+02
6.250000e-06	-2.935480e-06	-3.211939e-09	-2.173728e+01	-1.995784e+02
6.260000e-06	-2.971340e-06	-3.236635e-09	-2.200282e+01	-2.010188e+02
6.270000e-06	-3.007169e-06	-3.257065e-09	-2.226814e+01	-2.024320e+02
6.280000e-06	-3.042930e-06	-3.276157e-09	-2.253295e+01	-2.038187e+02
6.290000e-06	-3.078502e-06	-3.297373e-09	-2.279636e+01	-2.051795e+02
6.300000e-06	-3.113825e-06	-3.318480e-09	-2.305793e+01	-2.065147e+02
6.310000e-06	-3.148805e-06	-3.339735e-09	-2.331696e+01	-2.078247e+02
6.320000e-06	-3.183546e-06	-3.359296e-09	-2.357422e+01	-2.091096e+02
6.330000e-06	-3.218080e-06	-3.379154e-09	-2.382993e+01	-2.103697e+02
6.340000e-06	-3.252341e-06	-3.399431e-09	-2.408364e+01	-2.116049e+02
6.350000e-06	-3.286393e-06	-3.417838e-09	-2.433579e+01	-2.128154e+02
6.360000e-06	-3.320234e-06	-3.433468e-09	-2.458639e+01	-2.140010e+02
6.370000e-06	-3.353833e-06	-3.449653e-09	-2.483519e+01	-2.151617e+02
6.380000e-06	-3.387343e-06	-3.466738e-09	-2.508333e+01	-2.162975e+02
6.390000e-06	-3.420617e-06	-3.482717e-09	-2.532973e+01	-2.174084e+02
6.400000e-06	-3.453511e-06	-3.499715e-09	-2.557331e+01	-2.184944e+02
6.410000e-06	-3.486145e-06	-3.516077e-09	-2.581496e+01	-2.195553e+02
6.420000e-06	-3.518560e-06	-3.527897e-09	-2.605499e+01	-2.205914e+02
6.430000e-06	-3.550841e-06	-3.540162e-09	-2.629404e+01	-2.216027e+02
6.440000e-06	-3.582971e-06	-3.552431e-09	-2.653196e+01	-2.225893e+02
6.450000e-06	-3.614920e-06	-3.563088e-09	-2.676855e+01	-2.235514e+02
6.460000e-06	-3.646718e-06	-3.574381e-09	-2.700401e+01	-2.244894e+02
6.470000e-06	-3.678314e-06	-3.587057e-09	-2.723798e+01	-2.254036e+02
6.480000e-06	-3.709698e-06	-3.601073e-09	-2.747037e+01	-2.262944e+02
6.490000e-06	-3.740663e-06	-3.613990e-09	-2.769967e+01	-2.271623e+02
6.500000e-06	-3.771172e-06	-3.626523e-09	-2.792559e+01	-2.280078e+02
6.510000e-06	-3.801254e-06	-3.638862e-09	-2.814835e+01	-2.288316e+02
6.520000e-06	-3.830867e-06	-3.650504e-09	-2.836764e+01	-2.296343e+02
6.530000e-06	-3.860118e-06	-3.662435e-09	-2.858424e+01	-2.304166e+02
6.540000e-06	-3.888942e-06	-3.673337e-09	-2.879768e+01	-2.311794e+02
6.550000e-06	-3.917415e-06	-3.683003e-09	-2.900853e+01	-2.319234e+02
6.560000e-06	-3.945702e-06	-3.694930e-09	-2.921799e+01	-2.326495e+02
6.570000e-06	-3.973847e-06	-3.708236e-09	-2.942640e+01	-2.333586e+02
6.580000e-06	-4.001779e-06	-3.720477e-09	-2.963324e+01	-2.340516e+02
6.590000e-06	-4.029551e-06	-3.731541e-09	-2.983890e+01	-2.347293e+02
6.600000e-06	-4.057134e-06	-3.742369e-09	-3.004315e+01	-2.353927e+02
6.610000e-06	-4.084503e-06	-3.751264e-09	-3.024582e+01	-2.360427e+02
6.620000e-06	-4.111576e-06	-3.758205e-09	-3.044629e+01	-2.366800e+02
6.630000e-06	-4.138261e-06	-3.764685e-09	-3.064389e+01	-2.373056e+02
6.640000e-06	-4.164676e-06	-3.772040e-09	-3.083950e+01	-2.379201e+02
6.650000e-06	-4.190819e-06	-3.781323e-09	-3.103308e+01	-2.385244e+02
6.660000e-06	-4.216657e-06	-3.790914e-09	-3.122441e+01	-2.391191e+02
6.670000e-06	-4.242206e-06	-3.798315e-09	-3.141361e+01	-2.397049e+02
6.680000e-06	-4.267487e-06	-3.805499e-09	-3.160082e+01	-2.402822e+02
6.690000e-06	-4.292389e-06	-3.813056e-09	-3.178521e+01	-2.408516e+02
6.700000e-06	-4.316920e-06	-3.818490e-09	-3.196687e+01	-2.414134e+02
6.710000e-06	-4.341226e-06	-3.824760e-09	-3.214685e+01	-2.419680e+02
6.720000e-06	-4.365355e-06	-3.832221e-09	-3.232553e+01	-2.425156e+02
6.730000e-06	-4.389255e-06	-3.839206e-09	-3.250250e+01	-2.430563e+02
6.740000e-06	-4.412933e-06	-3.846890e-09	-3.267784e+01	-2.435903e+02
6.750000e-06	-4.436392e-06	-3.854694e-09	-3.285156e+01	-2.441174e+02
6.760000e-06	-4.459457e-06	-3.862040e-09	-3.302236e+01	-2.446377e+02
6.770000e-06	-4.482025e-06	-3.869729e-09	-3.318947e+01	-2.451509e+02
6.780000e-06	-4.504179e-06	-3.876580e-09	-3.335352e+01	-2.456569e+02
6.790000e-06	-4.525866e-06	-3.883360e-09	-3.351412e+01	-2.461553e+02
6.800000e-06	-4.547042e-06	-3.890718e-09	-3.367093e+01	-2.466458e+02
6.810000e-06	-4.567745e-06	-3.897108e-09	-3.382423e+01	-2.471279e+02
6.820000e-06	-4.588103e-06	-3.901234e-09	-3.397498e+01	-2.476014e+02
6.830000e-06	-4.608240e-06	-3.906748e-09	-3.412409e+01	-2.480657e+02
6.840000e-06	-4.628124e-06	-3.913169e-09	-3.427134e+01	-2.485202e+02
6.850000e-06	-4.647845e-06	-3.917229e-09	-3.441737e+01	-2.489646e+02
6.860000e-06	-4.667397e-06	-3.920629e-09	-3.456215e+01	-2.493984e+02
6.870000e-06	-4.686640e-06	-3.924498e-09	-3.470465e+01	-2.498209e+02
6.880000e-06	-4.705509e-06	-3.929770e-09	-3.484438e+01	-2.502319e+02
6.890000e-06	-4.724004e-06	-3.933543e-09	-3.498133e+01	-2.506307e+02
6.900000e-06	-4.742182e-06	-3.936155e-09	-3.511594e+01	-2.510170e+02
6.910000e-06	-4.760118e-06	-3.940686e-09	-3.524876e+01	-2.513904e+02
6.920000e-06	-4.777733e-06	-3.946196e-09	-3.537920e+01	-2.517507e+02
6.930000e-06	-4.794988e-06	-3.952118e-09	-3.550697e+01	-2.520974e+02
6.940000e-06	-4.811927e-06	-3.956255e-09	-3.563241e+01	-2.524304e+02
6.950000e-06	-4.828556e-06	-3.959184e-09	-3.575554e+01	-2.527496e+02
6.960000e-06	-4.844930e-06	-3.963382e-09	-3.587679e+01	-2.530548e+02
6.970000e-06	-4.861059e-06	-3.968321e-09	-3.599622e+01	-2.533461e+02
6.980000e-06	-4.876891e-06	-3.973299e-09	-3.611346e+01	-2.536236e+02
6.990000e-06	-4.892406e-06	-3.976153e-09	-3.622835e+01	-2.538873e+02
7.000000e-06	-4.907369e-06	-3.979404e-09	-3.633915e+01	-2.541376e+02
7.010000e-06	-4.921721e-06	-3.982867e-09	-3.644543e+01	-2.543746e+02
7.020000e-06	-4.935634e-06	-3.984044e-09	-3.654845e+01	-2.545988e+02
7.030000e-06	-4.949048e-06	-3.985249e-09	-3.664778e+01	-2.548106e+02
7.040000e-06	-4.961892e-06	-3.988813e-09	-3.674290e+01	-2.550105e+02
7.050000e-06	-4.974358e-06	-3.993407e-09	-3.683521e+01	-2.551990e+02
7.060000e-06	-4.986514e-06	-3.996148e-09	-3.692522e+01	-2.553768e+02
7.070000e-06	-4.998311e-06	-3.998270e-09	-3.701258e+01	-2.555444e+02
7.080000e-06	-5.009805e-06	-4.000814e-09	-3.709769e+01	-2.557026e+02
7.090000e-06	-5.020911e-06	-4.002477e-09	-3.717993e+01	-2.558520e+02
7.100000e-06	-5.031652e-06	-4.004589e-09	-3.725947e+01	-2.559934e+02
7.110000e-06	-5.042093e-06	-4.007373e-09	-3.733679e+01	-2.561275e+02
7.120000e-06	-5.052191e-06	-4.008173e-09	-3.741156e+01	-2.562551e+02
7.130000e-06	-5.061919e-06	-4.009934e-09	-3.748360e+01	-2.563767e+02
7.140000e-06	-5.071223e-06	-4.012756e-09	-3.755249e+01	-2.564933e+02
7.150000e-06	-5.080135e-06	-4.013992e-09	-3.761848e+01	-2.566053e+02
7.160000e-06	-5.088761e-06	-4.013447e-09	-3.768237e+01	-2.567135e+02
7.170000e-06	-5.097143e-06	-4.012787e-09	-3.774443e+01	-2.568183e+02
7.180000e-06	-5.105328e-06	-4.013682e-09	-3.780504e+01	-2.569205e+02
7.190000e-06	-5.113316e-06	-4.015691e-09	-3.786419e+01	-2.570203e+02
7.200000e-06	-5.120965e-06	-4.016577e-09	-3.792083e+01	-2.571183e+02
7.210000e-06	-5.128288e-06	-4.016560e-09	-3.797506e+01	-2.572147e+02
7.220000e-06	-5.135179e-06	-4.018357e-09	-3.802609e+01	-2.573098e+02
7.230000e-06	-5.141443e-06	-4.020349e-09	-3.807247e+01	-2.574038e+02
7.240000e-06	-5.147175e-06	-4.020220e-09	-3.811492e+01	-2.574967e+02
7.250000e-06	-5.152305e-06	-4.018073e-09	-3.815291e+01	-2.575886e+02
7.260000e-06	-5.156864e-06	-4.017305e-09	-3.818667e+01	-2.576794e+02
7.270000e-06	-5.161168e-06	-4.017969e-09	-3.821854e+01	-2.577688e+02
7.280000e-06	-5.165278e-06	-4.018483e-09	-3.824897e+01	-2.578567e+02
7.290000e-06	-5.169168e-06	-4.019693e-09	-3.827777e+01	-2.579427e+02
7.300000e-06	-5.172803e-06	-4.020899e-09	-3.830470e+01	-2.580265e+02
7.310000e-06	-5.176086e-06	-4.022039e-09	-3.832901e+01	-2.581075e+02
7.320000e-06	-5.178973e-06	-4.023200e-09	-3.835039e+01	-2.581852e+02
7.330000e-06	-5.181500e-06	-4.023925e-09	-3.836910e+01	-2.582591e+02
7.340000e-06	-5.183764e-06	-4.024798e-09	-3.838586e+01	-2.583284e+02
7.350000e-06	-5.185768e-06	-4.023723e-09	-3.840070e+01	-2.583926e+02
7.360000e-06	-5.187394e-06	-4.019001e-09	-3.841274e+01	-2.584510e+02
7.370000e-06	-5.188526e-06	-4.013314e-09	-3.842113e+01	-2.585027e+02
7.380000e-06	-5.189276e-06	-4.010793e-09	-3.842667e+01	-2.585472e+02
7.390000e-06	-5.189720e-06	-4.009959e-09	-3.842996e+01	-2.585835e+02
