# Temperatura_=_20.0
# Concentracion g/m^3_=_9000.0
# C_Vs_to_Am_M_A/Vsm_=_65563218390.804596
# pendiente_HvsI_1/m_=_3716.3
# ordenada_HvsI_A/m_=_1297.0
# frecuencia_Hz_=_212982.13783337382

Tiempo_(s)	Campo_(V.s)	Magnetizacion_(V.s)	Campo_(kA/m)	Magnetizacion_(A/m)
0.000000e+00	-8.086046e-06	-4.982049e-09	-5.692330e+01	-3.273189e+02
1.000000e-08	-8.085146e-06	-4.984163e-09	-5.691697e+01	-3.273144e+02
2.000000e-08	-8.082582e-06	-4.990055e-09	-5.689892e+01	-3.273008e+02
3.000000e-08	-8.078635e-06	-4.991872e-09	-5.687113e+01	-3.272757e+02
4.000000e-08	-8.073508e-06	-4.989484e-09	-5.683504e+01	-3.272364e+02
5.000000e-08	-8.067079e-06	-4.985737e-09	-5.678978e+01	-3.271808e+02
6.000000e-08	-8.059469e-06	-4.979963e-09	-5.673621e+01	-3.271069e+02
7.000000e-08	-8.050547e-06	-4.974817e-09	-5.667341e+01	-3.270138e+02
8.000000e-08	-8.039932e-06	-4.966388e-09	-5.659868e+01	-3.269015e+02
9.000000e-08	-8.027544e-06	-4.982478e-09	-5.651147e+01	-3.267707e+02
1.000000e-07	-8.013248e-06	-5.026071e-09	-5.641083e+01	-3.266232e+02
1.100000e-07	-7.997024e-06	-5.031310e-09	-5.629662e+01	-3.264617e+02
1.200000e-07	-7.979258e-06	-5.000492e-09	-5.617155e+01	-3.262890e+02
1.300000e-07	-7.960280e-06	-4.947248e-09	-5.603795e+01	-3.261086e+02
1.400000e-07	-7.940354e-06	-4.885781e-09	-5.589768e+01	-3.259235e+02
1.500000e-07	-7.919486e-06	-4.950192e-09	-5.575078e+01	-3.257366e+02
1.600000e-07	-7.897428e-06	-5.036869e-09	-5.559549e+01	-3.255496e+02
1.700000e-07	-7.874192e-06	-4.954545e-09	-5.543192e+01	-3.253633e+02
1.800000e-07	-7.849500e-06	-4.924459e-09	-5.525810e+01	-3.251770e+02
1.900000e-07	-7.823016e-06	-4.933415e-09	-5.507166e+01	-3.249888e+02
2.000000e-07	-7.795272e-06	-4.934616e-09	-5.487635e+01	-3.247950e+02
2.100000e-07	-7.766502e-06	-5.020918e-09	-5.467381e+01	-3.245910e+02
2.200000e-07	-7.736291e-06	-4.973237e-09	-5.446114e+01	-3.243709e+02
2.300000e-07	-7.704767e-06	-4.866522e-09	-5.423922e+01	-3.241279e+02
2.400000e-07	-7.672000e-06	-4.922775e-09	-5.400855e+01	-3.238554e+02
2.500000e-07	-7.637759e-06	-4.997996e-09	-5.376750e+01	-3.235466e+02
2.600000e-07	-7.602057e-06	-4.971813e-09	-5.351617e+01	-3.231954e+02
2.700000e-07	-7.564951e-06	-4.893408e-09	-5.325495e+01	-3.227969e+02
2.800000e-07	-7.526490e-06	-4.857872e-09	-5.298420e+01	-3.223478e+02
2.900000e-07	-7.486816e-06	-4.913281e-09	-5.270491e+01	-3.218463e+02
3.000000e-07	-7.445751e-06	-4.938718e-09	-5.241582e+01	-3.212927e+02
3.100000e-07	-7.403050e-06	-4.898532e-09	-5.211522e+01	-3.206892e+02
3.200000e-07	-7.358878e-06	-4.844881e-09	-5.180426e+01	-3.200399e+02
3.300000e-07	-7.313327e-06	-4.841974e-09	-5.148360e+01	-3.193503e+02
3.400000e-07	-7.266485e-06	-4.880159e-09	-5.115385e+01	-3.186271e+02
3.500000e-07	-7.218395e-06	-4.879113e-09	-5.081531e+01	-3.178778e+02
3.600000e-07	-7.168659e-06	-4.833059e-09	-5.046518e+01	-3.171098e+02
3.700000e-07	-7.117091e-06	-4.785090e-09	-5.010216e+01	-3.163301e+02
3.800000e-07	-7.064121e-06	-4.809421e-09	-4.972927e+01	-3.155450e+02
3.900000e-07	-7.009931e-06	-4.847409e-09	-4.934778e+01	-3.147591e+02
4.000000e-07	-6.954517e-06	-4.807459e-09	-4.895769e+01	-3.139754e+02
4.100000e-07	-6.897944e-06	-4.752315e-09	-4.855943e+01	-3.131947e+02
4.200000e-07	-6.840020e-06	-4.759211e-09	-4.815166e+01	-3.124161e+02
4.300000e-07	-6.780728e-06	-4.788348e-09	-4.773427e+01	-3.116365e+02
4.400000e-07	-6.720168e-06	-4.763010e-09	-4.730794e+01	-3.108511e+02
4.500000e-07	-6.658417e-06	-4.716118e-09	-4.687323e+01	-3.100540e+02
4.600000e-07	-6.595701e-06	-4.699039e-09	-4.643173e+01	-3.092382e+02
4.700000e-07	-6.532062e-06	-4.701975e-09	-4.598373e+01	-3.083966e+02
4.800000e-07	-6.467310e-06	-4.702443e-09	-4.552790e+01	-3.075223e+02
4.900000e-07	-6.401159e-06	-4.679215e-09	-4.506221e+01	-3.066093e+02
5.000000e-07	-6.333738e-06	-4.643139e-09	-4.458759e+01	-3.056527e+02
5.100000e-07	-6.265398e-06	-4.632772e-09	-4.410650e+01	-3.046495e+02
5.200000e-07	-6.196092e-06	-4.640140e-09	-4.361861e+01	-3.035985e+02
5.300000e-07	-6.125760e-06	-4.620641e-09	-4.312349e+01	-3.025004e+02
5.400000e-07	-6.054418e-06	-4.583982e-09	-4.262126e+01	-3.013577e+02
5.500000e-07	-5.982089e-06	-4.566483e-09	-4.211209e+01	-3.001745e+02
5.600000e-07	-5.908667e-06	-4.564836e-09	-4.159522e+01	-2.989562e+02
5.700000e-07	-5.834003e-06	-4.553017e-09	-4.106961e+01	-2.977088e+02
5.800000e-07	-5.758021e-06	-4.520965e-09	-4.053472e+01	-2.964382e+02
5.900000e-07	-5.680736e-06	-4.490626e-09	-3.999066e+01	-2.951502e+02
6.000000e-07	-5.602406e-06	-4.480460e-09	-3.943924e+01	-2.938492e+02
6.100000e-07	-5.523002e-06	-4.470540e-09	-3.888025e+01	-2.925384e+02
6.200000e-07	-5.442318e-06	-4.440232e-09	-3.831226e+01	-2.912189e+02
6.300000e-07	-5.360541e-06	-4.406844e-09	-3.773658e+01	-2.898899e+02
6.400000e-07	-5.277969e-06	-4.390381e-09	-3.715530e+01	-2.885484e+02
6.500000e-07	-5.194654e-06	-4.377495e-09	-3.656879e+01	-2.871897e+02
6.600000e-07	-5.110500e-06	-4.353209e-09	-3.597637e+01	-2.858070e+02
6.700000e-07	-5.025495e-06	-4.323768e-09	-3.537796e+01	-2.843929e+02
6.800000e-07	-4.939662e-06	-4.298588e-09	-3.477372e+01	-2.829388e+02
6.900000e-07	-4.853087e-06	-4.278958e-09	-3.416426e+01	-2.814364e+02
7.000000e-07	-4.765712e-06	-4.256849e-09	-3.354917e+01	-2.798780e+02
7.100000e-07	-4.677392e-06	-4.225253e-09	-3.292742e+01	-2.782568e+02
7.200000e-07	-4.588170e-06	-4.192422e-09	-3.229932e+01	-2.765679e+02
7.300000e-07	-4.498066e-06	-4.170453e-09	-3.166501e+01	-2.748082e+02
7.400000e-07	-4.407076e-06	-4.150654e-09	-3.102447e+01	-2.729768e+02
7.500000e-07	-4.315228e-06	-4.119109e-09	-3.037790e+01	-2.710747e+02
7.600000e-07	-4.222543e-06	-4.083907e-09	-2.972542e+01	-2.691051e+02
7.700000e-07	-4.129153e-06	-4.057268e-09	-2.906798e+01	-2.670722e+02
7.800000e-07	-4.035172e-06	-4.033216e-09	-2.840638e+01	-2.649816e+02
7.900000e-07	-3.940552e-06	-4.000000e-09	-2.774029e+01	-2.628388e+02
8.000000e-07	-3.845213e-06	-3.960636e-09	-2.706913e+01	-2.606490e+02
8.100000e-07	-3.749096e-06	-3.927304e-09	-2.639250e+01	-2.584163e+02
8.200000e-07	-3.652290e-06	-3.898924e-09	-2.571101e+01	-2.561429e+02
8.300000e-07	-3.554961e-06	-3.865164e-09	-2.502584e+01	-2.538289e+02
8.400000e-07	-3.456992e-06	-3.823763e-09	-2.433618e+01	-2.514718e+02
8.500000e-07	-3.358211e-06	-3.781830e-09	-2.364079e+01	-2.490664e+02
8.600000e-07	-3.258781e-06	-3.745405e-09	-2.294083e+01	-2.466048e+02
8.700000e-07	-3.158888e-06	-3.708822e-09	-2.223761e+01	-2.440770e+02
8.800000e-07	-3.058537e-06	-3.663706e-09	-2.153117e+01	-2.414712e+02
8.900000e-07	-2.957661e-06	-3.614643e-09	-2.082104e+01	-2.387745e+02
9.000000e-07	-2.856338e-06	-3.571562e-09	-2.010775e+01	-2.359736e+02
9.100000e-07	-2.754673e-06	-3.531761e-09	-1.939206e+01	-2.330558e+02
9.200000e-07	-2.652653e-06	-3.485642e-09	-1.867387e+01	-2.300094e+02
9.300000e-07	-2.550221e-06	-3.430475e-09	-1.795278e+01	-2.268248e+02
9.400000e-07	-2.447317e-06	-3.377007e-09	-1.722837e+01	-2.234944e+02
9.500000e-07	-2.343918e-06	-3.329230e-09	-1.650047e+01	-2.200131e+02
9.600000e-07	-2.240035e-06	-3.279246e-09	-1.576916e+01	-2.163779e+02
9.700000e-07	-2.135724e-06	-3.220411e-09	-1.503485e+01	-2.125878e+02
9.800000e-07	-2.031014e-06	-3.155617e-09	-1.429772e+01	-2.086428e+02
9.900000e-07	-1.925980e-06	-3.097781e-09	-1.355831e+01	-2.045428e+02
1.000000e-06	-1.820638e-06	-3.040880e-09	-1.281674e+01	-2.002868e+02
1.010000e-06	-1.714887e-06	-2.973876e-09	-1.207228e+01	-1.958710e+02
1.020000e-06	-1.608700e-06	-2.897428e-09	-1.132476e+01	-1.912880e+02
1.030000e-06	-1.502102e-06	-2.820960e-09	-1.057434e+01	-1.865251e+02
1.040000e-06	-1.395211e-06	-2.750000e-09	-9.821862e+00	-1.815633e+02
1.050000e-06	-1.288012e-06	-2.673347e-09	-9.067214e+00	-1.763768e+02
1.060000e-06	-1.180483e-06	-2.586247e-09	-8.310239e+00	-1.709324e+02
1.070000e-06	-1.072775e-06	-2.492841e-09	-7.552011e+00	-1.651898e+02
1.080000e-06	-9.648986e-07	-2.399913e-09	-6.792593e+00	-1.591024e+02
1.090000e-06	-8.567957e-07	-2.305243e-09	-6.031582e+00	-1.526182e+02
1.100000e-06	-7.484920e-07	-2.196621e-09	-5.269156e+00	-1.456820e+02
1.110000e-06	-6.401316e-07	-2.075099e-09	-4.506332e+00	-1.382376e+02
1.120000e-06	-5.317090e-07	-1.948852e-09	-3.743069e+00	-1.302303e+02
1.130000e-06	-4.230884e-07	-1.819290e-09	-2.978414e+00	-1.216100e+02
1.140000e-06	-3.143850e-07	-1.678966e-09	-2.213175e+00	-1.123342e+02
1.150000e-06	-2.056826e-07	-1.524064e-09	-1.447943e+00	-1.023709e+02
1.160000e-06	-9.689324e-08	-1.359310e-09	-6.820990e-01	-9.170151e+01
1.170000e-06	1.193395e-08	-1.188365e-09	8.401142e-02	-8.032309e+01
1.180000e-06	1.207059e-07	-1.008807e-09	8.497328e-01	-6.825015e+01
1.190000e-06	2.293832e-07	-8.176292e-10	1.614788e+00	-5.551582e+01
1.200000e-06	3.379411e-07	-6.151236e-10	2.379003e+00	-4.217215e+01
1.210000e-06	4.464281e-07	-4.041221e-10	3.142718e+00	-2.828965e+01
1.220000e-06	5.548433e-07	-1.875436e-10	3.905928e+00	-1.395591e+01
1.230000e-06	6.631221e-07	3.414948e-11	4.668178e+00	7.265086e-01
1.240000e-06	7.712855e-07	2.612536e-10	5.429615e+00	1.564293e+01
1.250000e-06	8.793112e-07	4.930076e-10	6.190083e+00	3.067005e+01
1.260000e-06	9.871091e-07	7.258608e-10	6.948948e+00	4.567977e+01
1.270000e-06	1.094725e-06	9.578353e-10	7.706533e+00	6.054339e+01
1.280000e-06	1.202121e-06	1.186878e-09	8.462567e+00	7.513580e+01
1.290000e-06	1.309242e-06	1.409549e-09	9.216663e+00	8.933945e+01
1.300000e-06	1.416129e-06	1.619365e-09	9.969120e+00	1.030481e+02
1.310000e-06	1.522674e-06	1.816056e-09	1.071916e+01	1.161700e+02
1.320000e-06	1.628785e-06	2.003213e-09	1.146615e+01	1.286302e+02
1.330000e-06	1.734519e-06	2.179911e-09	1.221048e+01	1.403726e+02
1.340000e-06	1.839908e-06	2.342802e-09	1.295239e+01	1.513604e+02
1.350000e-06	1.944983e-06	2.492293e-09	1.369209e+01	1.615765e+02
1.360000e-06	2.049845e-06	2.632710e-09	1.443029e+01	1.710222e+02
1.370000e-06	2.154440e-06	2.763908e-09	1.516660e+01	1.797161e+02
1.380000e-06	2.258649e-06	2.881660e-09	1.590020e+01	1.876917e+02
1.390000e-06	2.362463e-06	2.986943e-09	1.663102e+01	1.949945e+02
1.400000e-06	2.465901e-06	3.086028e-09	1.735919e+01	2.016791e+02
1.410000e-06	2.568867e-06	3.181199e-09	1.808404e+01	2.078061e+02
1.420000e-06	2.671329e-06	3.267664e-09	1.880534e+01	2.134388e+02
1.430000e-06	2.773385e-06	3.346398e-09	1.952379e+01	2.186400e+02
1.440000e-06	2.875020e-06	3.422063e-09	2.023927e+01	2.234699e+02
1.450000e-06	2.976228e-06	3.494608e-09	2.095174e+01	2.279833e+02
1.460000e-06	3.077007e-06	3.563214e-09	2.166120e+01	2.322286e+02
1.470000e-06	3.177300e-06	3.626127e-09	2.236723e+01	2.362462e+02
1.480000e-06	3.277031e-06	3.686219e-09	2.306930e+01	2.400680e+02
1.490000e-06	3.376148e-06	3.743914e-09	2.376706e+01	2.437183e+02
1.500000e-06	3.474549e-06	3.798901e-09	2.445977e+01	2.472134e+02
1.510000e-06	3.572151e-06	3.849636e-09	2.514686e+01	2.505632e+02
1.520000e-06	3.669061e-06	3.896164e-09	2.582907e+01	2.537725e+02
1.530000e-06	3.765333e-06	3.941964e-09	2.650680e+01	2.568421e+02
1.540000e-06	3.860887e-06	3.986724e-09	2.717947e+01	2.597709e+02
1.550000e-06	3.955729e-06	4.028646e-09	2.784713e+01	2.625568e+02
1.560000e-06	4.049890e-06	4.063619e-09	2.851000e+01	2.651986e+02
1.570000e-06	4.143344e-06	4.094645e-09	2.916788e+01	2.676965e+02
1.580000e-06	4.236109e-06	4.127412e-09	2.982092e+01	2.700532e+02
1.590000e-06	4.328188e-06	4.160890e-09	3.046913e+01	2.722742e+02
1.600000e-06	4.419456e-06	4.192495e-09	3.111162e+01	2.743679e+02
1.610000e-06	4.509772e-06	4.220687e-09	3.174743e+01	2.763453e+02
1.620000e-06	4.599185e-06	4.249826e-09	3.237686e+01	2.782194e+02
1.630000e-06	4.687740e-06	4.280831e-09	3.300026e+01	2.800049e+02
1.640000e-06	4.775434e-06	4.308662e-09	3.361760e+01	2.817166e+02
1.650000e-06	4.862262e-06	4.332540e-09	3.422885e+01	2.833693e+02
1.660000e-06	4.948279e-06	4.355296e-09	3.483438e+01	2.849763e+02
1.670000e-06	5.033528e-06	4.376536e-09	3.543451e+01	2.865489e+02
1.680000e-06	5.118016e-06	4.396121e-09	3.602928e+01	2.880961e+02
1.690000e-06	5.201734e-06	4.416174e-09	3.661862e+01	2.896236e+02
1.700000e-06	5.284586e-06	4.437793e-09	3.720188e+01	2.911341e+02
1.710000e-06	5.366485e-06	4.458836e-09	3.777843e+01	2.926276e+02
1.720000e-06	5.447391e-06	4.478069e-09	3.834798e+01	2.941009e+02
1.730000e-06	5.527298e-06	4.497733e-09	3.891050e+01	2.955492e+02
1.740000e-06	5.606225e-06	4.517483e-09	3.946612e+01	2.969659e+02
1.750000e-06	5.684211e-06	4.535498e-09	4.001512e+01	2.983438e+02
1.760000e-06	5.761239e-06	4.551911e-09	4.055737e+01	2.996757e+02
1.770000e-06	5.837256e-06	4.568060e-09	4.109251e+01	3.009552e+02
1.780000e-06	5.912091e-06	4.585213e-09	4.161932e+01	3.021770e+02
1.790000e-06	5.985675e-06	4.600343e-09	4.213733e+01	3.033381e+02
1.800000e-06	6.058129e-06	4.613136e-09	4.264739e+01	3.044374e+02
1.810000e-06	6.129495e-06	4.627631e-09	4.314978e+01	3.054759e+02
1.820000e-06	6.199804e-06	4.643354e-09	4.364473e+01	3.064571e+02
1.830000e-06	6.269085e-06	4.658567e-09	4.413245e+01	3.073861e+02
1.840000e-06	6.337400e-06	4.672533e-09	4.461337e+01	3.082696e+02
1.850000e-06	6.404660e-06	4.686449e-09	4.508686e+01	3.091152e+02
1.860000e-06	6.470645e-06	4.699119e-09	4.555137e+01	3.099307e+02
1.870000e-06	6.535327e-06	4.710729e-09	4.600672e+01	3.107239e+02
1.880000e-06	6.598806e-06	4.722549e-09	4.645359e+01	3.115015e+02
1.890000e-06	6.661209e-06	4.733653e-09	4.689289e+01	3.122690e+02
1.900000e-06	6.722557e-06	4.745287e-09	4.732476e+01	3.130301e+02
1.910000e-06	6.782873e-06	4.757941e-09	4.774936e+01	3.137868e+02
1.920000e-06	6.842116e-06	4.770787e-09	4.816641e+01	3.145389e+02
1.930000e-06	6.899895e-06	4.782283e-09	4.857317e+01	3.152847e+02
1.940000e-06	6.956186e-06	4.790974e-09	4.896944e+01	3.160208e+02
1.950000e-06	7.011246e-06	4.799536e-09	4.935704e+01	3.167426e+02
1.960000e-06	7.065116e-06	4.811141e-09	4.973627e+01	3.174448e+02
1.970000e-06	7.117739e-06	4.822426e-09	5.010672e+01	3.181219e+02
1.980000e-06	7.168829e-06	4.829594e-09	5.046638e+01	3.187690e+02
1.990000e-06	7.218224e-06	4.838039e-09	5.081410e+01	3.193816e+02
2.000000e-06	7.266160e-06	4.849660e-09	5.115156e+01	3.199567e+02
2.010000e-06	7.312805e-06	4.860027e-09	5.147993e+01	3.204924e+02
2.020000e-06	7.358214e-06	4.868549e-09	5.179959e+01	3.209888e+02
2.030000e-06	7.402524e-06	4.878160e-09	5.211152e+01	3.214472e+02
2.040000e-06	7.445663e-06	4.888389e-09	5.241521e+01	3.218707e+02
2.050000e-06	7.487289e-06	4.896471e-09	5.270824e+01	3.222633e+02
2.060000e-06	7.527432e-06	4.903674e-09	5.299083e+01	3.226302e+02
2.070000e-06	7.566370e-06	4.910714e-09	5.326495e+01	3.229768e+02
2.080000e-06	7.604081e-06	4.917891e-09	5.353042e+01	3.233086e+02
2.090000e-06	7.640568e-06	4.926418e-09	5.378728e+01	3.236306e+02
2.100000e-06	7.675840e-06	4.934319e-09	5.403558e+01	3.239470e+02
2.110000e-06	7.709659e-06	4.939519e-09	5.427366e+01	3.242611e+02
2.120000e-06	7.741991e-06	4.945370e-09	5.450126e+01	3.245746e+02
2.130000e-06	7.773046e-06	4.952472e-09	5.471988e+01	3.248879e+02
2.140000e-06	7.802856e-06	4.957983e-09	5.492973e+01	3.252003e+02
2.150000e-06	7.831451e-06	4.962801e-09	5.513104e+01	3.255093e+02
2.160000e-06	7.858807e-06	4.967810e-09	5.532361e+01	3.258121e+02
2.170000e-06	7.884525e-06	4.974062e-09	5.550466e+01	3.261047e+02
2.180000e-06	7.908674e-06	4.978896e-09	5.567466e+01	3.263832e+02
2.190000e-06	7.931530e-06	4.980648e-09	5.583556e+01	3.266435e+02
2.200000e-06	7.953036e-06	4.983686e-09	5.598696e+01	3.268822e+02
2.210000e-06	7.973324e-06	4.989048e-09	5.612978e+01	3.270963e+02
2.220000e-06	7.992399e-06	4.994010e-09	5.626406e+01	3.272843e+02
2.230000e-06	8.009976e-06	4.996632e-09	5.638780e+01	3.274452e+02
2.240000e-06	8.026007e-06	4.998244e-09	5.650065e+01	3.275797e+02
2.250000e-06	8.040566e-06	5.001676e-09	5.660314e+01	3.276891e+02
2.260000e-06	8.053608e-06	5.006443e-09	5.669495e+01	3.277758e+02
2.270000e-06	8.065095e-06	5.010687e-09	5.677582e+01	3.278429e+02
2.280000e-06	8.074850e-06	5.013873e-09	5.684449e+01	3.278938e+02
2.290000e-06	8.083019e-06	5.017238e-09	5.690199e+01	3.279318e+02
2.300000e-06	8.089818e-06	5.020036e-09	5.694986e+01	3.279601e+02
2.310000e-06	8.095193e-06	5.020555e-09	5.698770e+01	3.279812e+02
2.320000e-06	8.099236e-06	5.020634e-09	5.701616e+01	3.279969e+02
2.330000e-06	8.101840e-06	5.020438e-09	5.703449e+01	3.280080e+02
2.340000e-06	8.102836e-06	5.020305e-09	5.704150e+01	3.280145e+02
2.350000e-06	8.102484e-06	5.022562e-09	5.703902e+01	3.280154e+02
2.360000e-06	8.100831e-06	5.023169e-09	5.702739e+01	3.280088e+02
2.370000e-06	8.097818e-06	5.019302e-09	5.700618e+01	3.279926e+02
2.380000e-06	8.093611e-06	5.017040e-09	5.697656e+01	3.279642e+02
2.390000e-06	8.088031e-06	5.018304e-09	5.693728e+01	3.279210e+02
2.400000e-06	8.080890e-06	5.019300e-09	5.688701e+01	3.278609e+02
2.410000e-06	8.072464e-06	5.020979e-09	5.682770e+01	3.277824e+02
2.420000e-06	8.062866e-06	5.031330e-09	5.676013e+01	3.276844e+02
2.430000e-06	8.051984e-06	5.008599e-09	5.668352e+01	3.275674e+02
2.440000e-06	8.039481e-06	4.946773e-09	5.659551e+01	3.274322e+02
2.450000e-06	8.024779e-06	4.928308e-09	5.649200e+01	3.272810e+02
2.460000e-06	8.007921e-06	4.954153e-09	5.637333e+01	3.271163e+02
2.470000e-06	7.989567e-06	5.027813e-09	5.624413e+01	3.269414e+02
2.480000e-06	7.970371e-06	5.099870e-09	5.610899e+01	3.267595e+02
2.490000e-06	7.950617e-06	4.987984e-09	5.596992e+01	3.265738e+02
2.500000e-06	7.929483e-06	4.936338e-09	5.582115e+01	3.263867e+02
2.510000e-06	7.906472e-06	5.030635e-09	5.565916e+01	3.261999e+02
2.520000e-06	7.882352e-06	4.993826e-09	5.548936e+01	3.260137e+02
2.530000e-06	7.857036e-06	5.038247e-09	5.531115e+01	3.258272e+02
2.540000e-06	7.830121e-06	5.030630e-09	5.512167e+01	3.256379e+02
2.550000e-06	7.802072e-06	4.886976e-09	5.492422e+01	3.254421e+02
2.560000e-06	7.772765e-06	4.967865e-09	5.471790e+01	3.252347e+02
2.570000e-06	7.741847e-06	5.012928e-09	5.450025e+01	3.250095e+02
2.580000e-06	7.709453e-06	4.900584e-09	5.427220e+01	3.247598e+02
2.590000e-06	7.675609e-06	4.879300e-09	5.403396e+01	3.244788e+02
2.600000e-06	7.640619e-06	4.902376e-09	5.378764e+01	3.241599e+02
2.610000e-06	7.604486e-06	4.966511e-09	5.353327e+01	3.237973e+02
2.620000e-06	7.566730e-06	4.966781e-09	5.326748e+01	3.233864e+02
2.630000e-06	7.527387e-06	4.880376e-09	5.299052e+01	3.229243e+02
2.640000e-06	7.486711e-06	4.874146e-09	5.270417e+01	3.224096e+02
2.650000e-06	7.444694e-06	4.870510e-09	5.240838e+01	3.218433e+02
2.660000e-06	7.401449e-06	4.904428e-09	5.210395e+01	3.212279e+02
2.670000e-06	7.357115e-06	4.905042e-09	5.179186e+01	3.205680e+02
2.680000e-06	7.311418e-06	4.825390e-09	5.147016e+01	3.198693e+02
2.690000e-06	7.264245e-06	4.816600e-09	5.113808e+01	3.191389e+02
2.700000e-06	7.215897e-06	4.856065e-09	5.079772e+01	3.183842e+02
2.710000e-06	7.166205e-06	4.887432e-09	5.044790e+01	3.176127e+02
2.720000e-06	7.114960e-06	4.811050e-09	5.008716e+01	3.168311e+02
2.730000e-06	7.062149e-06	4.748513e-09	4.971538e+01	3.160454e+02
2.740000e-06	7.007776e-06	4.802946e-09	4.933261e+01	3.152599e+02
2.750000e-06	6.952062e-06	4.821955e-09	4.894040e+01	3.144769e+02
2.760000e-06	6.895066e-06	4.780373e-09	4.853917e+01	3.136969e+02
2.770000e-06	6.836882e-06	4.728545e-09	4.812957e+01	3.129184e+02
2.780000e-06	6.777686e-06	4.731579e-09	4.771285e+01	3.121379e+02
2.790000e-06	6.717439e-06	4.751570e-09	4.728873e+01	3.113502e+02
2.800000e-06	6.655891e-06	4.742168e-09	4.685545e+01	3.105491e+02
2.810000e-06	6.592916e-06	4.716692e-09	4.641212e+01	3.097275e+02
2.820000e-06	6.528725e-06	4.681074e-09	4.596024e+01	3.088784e+02
2.830000e-06	6.463469e-06	4.673393e-09	4.550086e+01	3.079949e+02
2.840000e-06	6.397202e-06	4.680399e-09	4.503435e+01	3.070714e+02
2.850000e-06	6.329926e-06	4.668290e-09	4.456076e+01	3.061034e+02
2.860000e-06	6.261520e-06	4.629562e-09	4.407920e+01	3.050883e+02
2.870000e-06	6.191917e-06	4.608763e-09	4.358922e+01	3.040253e+02
2.880000e-06	6.121147e-06	4.611216e-09	4.309101e+01	3.029157e+02
2.890000e-06	6.049278e-06	4.599508e-09	4.258508e+01	3.017625e+02
2.900000e-06	5.976346e-06	4.565792e-09	4.207166e+01	3.005700e+02
2.910000e-06	5.902412e-06	4.541135e-09	4.155119e+01	2.993439e+02
2.920000e-06	5.827449e-06	4.539993e-09	4.102347e+01	2.980901e+02
2.930000e-06	5.751391e-06	4.528134e-09	4.048804e+01	2.968147e+02
2.940000e-06	5.674140e-06	4.500594e-09	3.994422e+01	2.955230e+02
2.950000e-06	5.595616e-06	4.477031e-09	3.939143e+01	2.942194e+02
2.960000e-06	5.516006e-06	4.464662e-09	3.883101e+01	2.929063e+02
2.970000e-06	5.435448e-06	4.445461e-09	3.826390e+01	2.915846e+02
2.980000e-06	5.353948e-06	4.423062e-09	3.769017e+01	2.902529e+02
2.990000e-06	5.271539e-06	4.402068e-09	3.711003e+01	2.889076e+02
3.000000e-06	5.188245e-06	4.379953e-09	3.652367e+01	2.875436e+02
3.010000e-06	5.104037e-06	4.358090e-09	3.593087e+01	2.861538e+02
3.020000e-06	5.018905e-06	4.334906e-09	3.533157e+01	2.847305e+02
3.030000e-06	4.932799e-06	4.309906e-09	3.472541e+01	2.832651e+02
3.040000e-06	4.845622e-06	4.286153e-09	3.411171e+01	2.817494e+02
3.050000e-06	4.757472e-06	4.268126e-09	3.349116e+01	2.801758e+02
3.060000e-06	4.668507e-06	4.245160e-09	3.286487e+01	2.785382e+02
3.070000e-06	4.578750e-06	4.211198e-09	3.223301e+01	2.768318e+02
3.080000e-06	4.488223e-06	4.178189e-09	3.159573e+01	2.750541e+02
3.090000e-06	4.396981e-06	4.157610e-09	3.095341e+01	2.732049e+02
3.100000e-06	4.305018e-06	4.134923e-09	3.030602e+01	2.712856e+02
3.110000e-06	4.212374e-06	4.099195e-09	2.965383e+01	2.692997e+02
3.120000e-06	4.119016e-06	4.063173e-09	2.899662e+01	2.672519e+02
3.130000e-06	4.024793e-06	4.039584e-09	2.833332e+01	2.651477e+02
3.140000e-06	3.929689e-06	4.016313e-09	2.766382e+01	2.629927e+02
3.150000e-06	3.833829e-06	3.978684e-09	2.698899e+01	2.607918e+02
3.160000e-06	3.737384e-06	3.937054e-09	2.631005e+01	2.585488e+02
3.170000e-06	3.640358e-06	3.904536e-09	2.562702e+01	2.562653e+02
3.180000e-06	3.542676e-06	3.877301e-09	2.493936e+01	2.539409e+02
3.190000e-06	3.444521e-06	3.843074e-09	2.424838e+01	2.515723e+02
3.200000e-06	3.345908e-06	3.799141e-09	2.355418e+01	2.491537e+02
3.210000e-06	3.246674e-06	3.753091e-09	2.285560e+01	2.466766e+02
3.220000e-06	3.146820e-06	3.714017e-09	2.215266e+01	2.441305e+02
3.230000e-06	3.046566e-06	3.683146e-09	2.144690e+01	2.415032e+02
3.240000e-06	2.945925e-06	3.644044e-09	2.073841e+01	2.387817e+02
3.250000e-06	2.844777e-06	3.591380e-09	2.002636e+01	2.359527e+02
3.260000e-06	2.743187e-06	3.542434e-09	1.931120e+01	2.330038e+02
3.270000e-06	2.641067e-06	3.503418e-09	1.859231e+01	2.299237e+02
3.280000e-06	2.538443e-06	3.461141e-09	1.786987e+01	2.267033e+02
3.290000e-06	2.435345e-06	3.405545e-09	1.714409e+01	2.233355e+02
3.300000e-06	2.331712e-06	3.346618e-09	1.641454e+01	2.198159e+02
3.310000e-06	2.227559e-06	3.296182e-09	1.568134e+01	2.161420e+02
3.320000e-06	2.122934e-06	3.247726e-09	1.494481e+01	2.123132e+02
3.330000e-06	2.017934e-06	3.188471e-09	1.420564e+01	2.083294e+02
3.340000e-06	1.912561e-06	3.121050e-09	1.346385e+01	2.041906e+02
3.350000e-06	1.806852e-06	3.055676e-09	1.271969e+01	1.998951e+02
3.360000e-06	1.700889e-06	2.993762e-09	1.197374e+01	1.954385e+02
3.370000e-06	1.594680e-06	2.928500e-09	1.122606e+01	1.908119e+02
3.380000e-06	1.488231e-06	2.854710e-09	1.047670e+01	1.860013e+02
3.390000e-06	1.381536e-06	2.772997e-09	9.725597e+00	1.809860e+02
3.400000e-06	1.274555e-06	2.691063e-09	8.972478e+00	1.757385e+02
3.410000e-06	1.167332e-06	2.610764e-09	8.217662e+00	1.702236e+02
3.420000e-06	1.059872e-06	2.523641e-09	7.461180e+00	1.643994e+02
3.430000e-06	9.521559e-07	2.423800e-09	6.702888e+00	1.582178e+02
3.440000e-06	8.443420e-07	2.315135e-09	5.943911e+00	1.516259e+02
3.450000e-06	7.364141e-07	2.205652e-09	5.184131e+00	1.445679e+02
3.460000e-06	6.282995e-07	2.092860e-09	4.423037e+00	1.369878e+02
3.470000e-06	5.201087e-07	1.970568e-09	3.661407e+00	1.288317e+02
3.480000e-06	4.118633e-07	1.835981e-09	2.899393e+00	1.200511e+02
3.490000e-06	3.035769e-07	1.693767e-09	2.137089e+00	1.106059e+02
3.500000e-06	1.953270e-07	1.544032e-09	1.375043e+00	1.004673e+02
3.510000e-06	8.704222e-08	1.383465e-09	6.127508e-01	8.962029e+01
3.520000e-06	-2.131993e-08	1.208930e-09	-1.500858e-01	7.806616e+01
3.530000e-06	-1.296694e-07	1.019696e-09	-9.128335e-01	6.582403e+01
3.540000e-06	-2.379297e-07	8.241565e-10	-1.674953e+00	5.293175e+01
3.550000e-06	-3.460632e-07	6.251327e-10	-2.436180e+00	3.944607e+01
3.560000e-06	-4.540800e-07	4.190618e-10	-3.196585e+00	2.544192e+01
3.570000e-06	-5.620100e-07	2.000893e-10	-3.956380e+00	1.101087e+01
3.580000e-06	-6.698707e-07	-2.692401e-11	-4.715686e+00	-3.741195e+00
3.590000e-06	-7.775971e-07	-2.564443e-10	-5.474047e+00	-1.869711e+01
3.600000e-06	-8.851477e-07	-4.874673e-10	-6.231171e+00	-3.373197e+01
3.610000e-06	-9.925574e-07	-7.201276e-10	-6.987303e+00	-4.871716e+01
3.620000e-06	-1.099795e-06	-9.515652e-10	-7.742225e+00	-6.352448e+01
3.630000e-06	-1.206753e-06	-1.178104e-09	-8.495178e+00	-7.803033e+01
3.640000e-06	-1.313466e-06	-1.397556e-09	-9.246404e+00	-9.211968e+01
3.650000e-06	-1.420017e-06	-1.607245e-09	-9.996488e+00	-1.056896e+02
3.660000e-06	-1.526311e-06	-1.806739e-09	-1.074477e+01	-1.186524e+02
3.670000e-06	-1.632316e-06	-1.996502e-09	-1.149101e+01	-1.309377e+02
3.680000e-06	-1.738094e-06	-2.173398e-09	-1.223565e+01	-1.424941e+02
3.690000e-06	-1.843600e-06	-2.333223e-09	-1.297838e+01	-1.532898e+02
3.700000e-06	-1.948824e-06	-2.478187e-09	-1.371913e+01	-1.633125e+02
3.710000e-06	-2.053729e-06	-2.612775e-09	-1.445763e+01	-1.725679e+02
3.720000e-06	-2.158344e-06	-2.740081e-09	-1.519408e+01	-1.810786e+02
3.730000e-06	-2.262622e-06	-2.860054e-09	-1.592817e+01	-1.888813e+02
3.740000e-06	-2.366523e-06	-2.971665e-09	-1.665960e+01	-1.960241e+02
3.750000e-06	-2.470010e-06	-3.074508e-09	-1.738812e+01	-2.025635e+02
3.760000e-06	-2.572890e-06	-3.172010e-09	-1.811236e+01	-2.085609e+02
3.770000e-06	-2.675171e-06	-3.260234e-09	-1.883239e+01	-2.140799e+02
3.780000e-06	-2.776931e-06	-3.339065e-09	-1.954875e+01	-2.191828e+02
3.790000e-06	-2.878200e-06	-3.412414e-09	-2.026166e+01	-2.239287e+02
3.800000e-06	-2.978974e-06	-3.480706e-09	-2.097107e+01	-2.283709e+02
3.810000e-06	-3.079269e-06	-3.545403e-09	-2.167712e+01	-2.325557e+02
3.820000e-06	-3.179016e-06	-3.607456e-09	-2.237931e+01	-2.365217e+02
3.830000e-06	-3.278148e-06	-3.668211e-09	-2.307717e+01	-2.402987e+02
3.840000e-06	-3.376727e-06	-3.725578e-09	-2.377113e+01	-2.439089e+02
3.850000e-06	-3.474798e-06	-3.778846e-09	-2.446152e+01	-2.473670e+02
3.860000e-06	-3.572339e-06	-3.830499e-09	-2.514818e+01	-2.506814e+02
3.870000e-06	-3.669245e-06	-3.880696e-09	-2.583037e+01	-2.538558e+02
3.880000e-06	-3.765598e-06	-3.926259e-09	-2.650866e+01	-2.568903e+02
3.890000e-06	-3.861435e-06	-3.965323e-09	-2.718333e+01	-2.597836e+02
3.900000e-06	-3.956461e-06	-4.001613e-09	-2.785228e+01	-2.625336e+02
3.910000e-06	-4.050596e-06	-4.038455e-09	-2.851496e+01	-2.651393e+02
3.920000e-06	-4.143982e-06	-4.074302e-09	-2.917237e+01	-2.676015e+02
3.930000e-06	-4.236656e-06	-4.106541e-09	-2.982477e+01	-2.699236e+02
3.940000e-06	-4.328516e-06	-4.137074e-09	-3.047143e+01	-2.721119e+02
3.950000e-06	-4.419492e-06	-4.170721e-09	-3.111188e+01	-2.741754e+02
3.960000e-06	-4.509581e-06	-4.205655e-09	-3.174608e+01	-2.761257e+02
3.970000e-06	-4.598872e-06	-4.238769e-09	-3.237466e+01	-2.779763e+02
3.980000e-06	-4.687475e-06	-4.268126e-09	-3.299840e+01	-2.797419e+02
3.990000e-06	-4.775356e-06	-4.295672e-09	-3.361705e+01	-2.814375e+02
4.000000e-06	-4.862419e-06	-4.325191e-09	-3.422995e+01	-2.830776e+02
4.010000e-06	-4.948544e-06	-4.353379e-09	-3.483625e+01	-2.846750e+02
4.020000e-06	-5.033712e-06	-4.379015e-09	-3.543581e+01	-2.862406e+02
4.030000e-06	-5.117999e-06	-4.402902e-09	-3.602916e+01	-2.877824e+02
4.040000e-06	-5.201365e-06	-4.427037e-09	-3.661603e+01	-2.893055e+02
4.050000e-06	-5.283826e-06	-4.453823e-09	-3.719653e+01	-2.908119e+02
4.060000e-06	-5.365449e-06	-4.480909e-09	-3.777113e+01	-2.923006e+02
4.070000e-06	-5.446270e-06	-4.506621e-09	-3.834009e+01	-2.937683e+02
4.080000e-06	-5.526273e-06	-4.529590e-09	-3.890328e+01	-2.952093e+02
4.090000e-06	-5.605331e-06	-4.550026e-09	-3.945983e+01	-2.966170e+02
4.100000e-06	-5.683246e-06	-4.570332e-09	-4.000833e+01	-2.979841e+02
4.110000e-06	-5.759914e-06	-4.589916e-09	-4.054804e+01	-2.993034e+02
4.120000e-06	-5.835358e-06	-4.607430e-09	-4.107915e+01	-3.005689e+02
4.130000e-06	-5.909768e-06	-4.623504e-09	-4.160297e+01	-3.017758e+02
4.140000e-06	-5.983165e-06	-4.641735e-09	-4.211966e+01	-3.029214e+02
4.150000e-06	-6.055515e-06	-4.662809e-09	-4.262899e+01	-3.040053e+02
4.160000e-06	-6.126864e-06	-4.683969e-09	-4.313126e+01	-3.050291e+02
4.170000e-06	-6.197007e-06	-4.702359e-09	-4.362504e+01	-3.059967e+02
4.180000e-06	-6.265952e-06	-4.717509e-09	-4.411039e+01	-3.069136e+02
4.190000e-06	-6.333790e-06	-4.731410e-09	-4.458795e+01	-3.077869e+02
4.200000e-06	-6.400535e-06	-4.744007e-09	-4.505782e+01	-3.086242e+02
4.210000e-06	-6.466183e-06	-4.756546e-09	-4.551996e+01	-3.094335e+02
4.220000e-06	-6.530783e-06	-4.769324e-09	-4.597473e+01	-3.102222e+02
4.230000e-06	-6.594349e-06	-4.782578e-09	-4.642221e+01	-3.109968e+02
4.240000e-06	-6.656590e-06	-4.797494e-09	-4.686037e+01	-3.117624e+02
4.250000e-06	-6.717385e-06	-4.813225e-09	-4.728835e+01	-3.125223e+02
4.260000e-06	-6.777005e-06	-4.828322e-09	-4.770805e+01	-3.132779e+02
4.270000e-06	-6.835548e-06	-4.839398e-09	-4.812018e+01	-3.140287e+02
4.280000e-06	-6.892901e-06	-4.848078e-09	-4.852392e+01	-3.147725e+02
4.290000e-06	-6.949097e-06	-4.858133e-09	-4.891953e+01	-3.155054e+02
4.300000e-06	-7.004073e-06	-4.869573e-09	-4.930655e+01	-3.162228e+02
4.310000e-06	-7.057502e-06	-4.879230e-09	-4.968267e+01	-3.169192e+02
4.320000e-06	-7.109322e-06	-4.885669e-09	-5.004746e+01	-3.175894e+02
4.330000e-06	-7.159700e-06	-4.894005e-09	-5.040211e+01	-3.182282e+02
4.340000e-06	-7.208618e-06	-4.903688e-09	-5.074648e+01	-3.188317e+02
4.350000e-06	-7.255989e-06	-4.910394e-09	-5.107996e+01	-3.193970e+02
4.360000e-06	-7.301988e-06	-4.914528e-09	-5.140377e+01	-3.199228e+02
4.370000e-06	-7.346847e-06	-4.919535e-09	-5.171957e+01	-3.204095e+02
4.380000e-06	-7.390692e-06	-4.926993e-09	-5.202823e+01	-3.208588e+02
4.390000e-06	-7.433471e-06	-4.934946e-09	-5.232938e+01	-3.212742e+02
4.400000e-06	-7.474996e-06	-4.940329e-09	-5.262170e+01	-3.216599e+02
4.410000e-06	-7.515390e-06	-4.943664e-09	-5.290606e+01	-3.220212e+02
4.420000e-06	-7.554584e-06	-4.948096e-09	-5.318197e+01	-3.223636e+02
4.430000e-06	-7.592208e-06	-4.953210e-09	-5.344684e+01	-3.226924e+02
4.440000e-06	-7.628433e-06	-4.957199e-09	-5.370185e+01	-3.230127e+02
4.450000e-06	-7.663448e-06	-4.960083e-09	-5.394834e+01	-3.233283e+02
4.460000e-06	-7.697097e-06	-4.963022e-09	-5.418522e+01	-3.236421e+02
4.470000e-06	-7.729501e-06	-4.967388e-09	-5.441334e+01	-3.239555e+02
4.480000e-06	-7.760710e-06	-4.972818e-09	-5.463304e+01	-3.242688e+02
4.490000e-06	-7.790284e-06	-4.976383e-09	-5.484123e+01	-3.245805e+02
4.500000e-06	-7.818357e-06	-4.978061e-09	-5.503885e+01	-3.248884e+02
4.510000e-06	-7.845209e-06	-4.979704e-09	-5.522789e+01	-3.251890e+02
4.520000e-06	-7.870680e-06	-4.981363e-09	-5.540720e+01	-3.254784e+02
4.530000e-06	-7.894955e-06	-4.982060e-09	-5.557808e+01	-3.257527e+02
4.540000e-06	-7.917883e-06	-4.980874e-09	-5.573949e+01	-3.260079e+02
4.550000e-06	-7.939135e-06	-4.981759e-09	-5.588910e+01	-3.262407e+02
4.560000e-06	-7.958949e-06	-4.983143e-09	-5.602858e+01	-3.264484e+02
4.570000e-06	-7.977570e-06	-4.983143e-09	-5.615967e+01	-3.266296e+02
4.580000e-06	-7.994865e-06	-4.985628e-09	-5.628142e+01	-3.267839e+02
4.590000e-06	-8.010756e-06	-4.989211e-09	-5.639329e+01	-3.269119e+02
4.600000e-06	-8.025013e-06	-4.992413e-09	-5.649365e+01	-3.270153e+02
4.610000e-06	-8.037512e-06	-4.993212e-09	-5.658164e+01	-3.270969e+02
4.620000e-06	-8.048495e-06	-4.993272e-09	-5.665895e+01	-3.271596e+02
4.630000e-06	-8.058074e-06	-4.993283e-09	-5.672639e+01	-3.272070e+02
4.640000e-06	-8.066351e-06	-4.992425e-09	-5.678466e+01	-3.272423e+02
4.650000e-06	-8.073192e-06	-4.990886e-09	-5.683282e+01	-3.272686e+02
4.660000e-06	-8.078391e-06	-4.987511e-09	-5.686942e+01	-3.272882e+02
4.670000e-06	-8.082184e-06	-4.987045e-09	-5.689612e+01	-3.273027e+02
4.680000e-06	-8.084689e-06	-4.988049e-09	-5.691375e+01	-3.273127e+02
4.690000e-06	-8.085838e-06	-4.985036e-09	-5.692184e+01	-3.273179e+02
