# Temperatura_=_20.0
# Concentracion g/m^3_=_12600.0
# C_Vs_to_Am_M_A/Vsm_=_65563218390.804596
# pendiente_HvsI_1/m_=_3716.3
# ordenada_HvsI_A/m_=_1297.0
# frecuencia_Hz_=_302277.97314984567

Tiempo_(s)	Campo_(V.s)	Magnetizacion_(V.s)	Campo_(kA/m)	Magnetizacion_(A/m)
0.000000e+00	-8.099820e-06	-2.218285e-08	-5.693858e+01	-1.453691e+03
1.000000e-08	-8.096085e-06	-2.218269e-08	-5.691233e+01	-1.453143e+03
2.000000e-08	-8.089742e-06	-2.217427e-08	-5.686774e+01	-1.452400e+03
3.000000e-08	-8.080698e-06	-2.216247e-08	-5.680416e+01	-1.451485e+03
4.000000e-08	-8.068771e-06	-2.214529e-08	-5.672033e+01	-1.450418e+03
5.000000e-08	-8.053872e-06	-2.212699e-08	-5.661559e+01	-1.449217e+03
6.000000e-08	-8.036216e-06	-2.210464e-08	-5.649148e+01	-1.447891e+03
7.000000e-08	-8.016229e-06	-2.206713e-08	-5.635097e+01	-1.446446e+03
8.000000e-08	-7.993773e-06	-2.206920e-08	-5.619312e+01	-1.444880e+03
9.000000e-08	-7.968209e-06	-2.211866e-08	-5.601341e+01	-1.443186e+03
1.000000e-07	-7.939398e-06	-2.205985e-08	-5.581088e+01	-1.441353e+03
1.100000e-07	-7.907642e-06	-2.196194e-08	-5.558765e+01	-1.439372e+03
1.200000e-07	-7.873013e-06	-2.190201e-08	-5.534423e+01	-1.437233e+03
1.300000e-07	-7.835772e-06	-2.188648e-08	-5.508243e+01	-1.434929e+03
1.400000e-07	-7.796371e-06	-2.185760e-08	-5.480546e+01	-1.432457e+03
1.500000e-07	-7.754708e-06	-2.181270e-08	-5.451259e+01	-1.429817e+03
1.600000e-07	-7.710327e-06	-2.182043e-08	-5.420060e+01	-1.427010e+03
1.700000e-07	-7.663215e-06	-2.163683e-08	-5.386942e+01	-1.424037e+03
1.800000e-07	-7.613217e-06	-2.169460e-08	-5.351795e+01	-1.420898e+03
1.900000e-07	-7.560146e-06	-2.170494e-08	-5.314489e+01	-1.417585e+03
2.000000e-07	-7.504259e-06	-2.149082e-08	-5.275202e+01	-1.414087e+03
2.100000e-07	-7.445609e-06	-2.145897e-08	-5.233974e+01	-1.410389e+03
2.200000e-07	-7.384277e-06	-2.141631e-08	-5.190859e+01	-1.406466e+03
2.300000e-07	-7.320337e-06	-2.143640e-08	-5.145912e+01	-1.402297e+03
2.400000e-07	-7.253559e-06	-2.131235e-08	-5.098970e+01	-1.397857e+03
2.500000e-07	-7.183958e-06	-2.115716e-08	-5.050043e+01	-1.393125e+03
2.600000e-07	-7.111576e-06	-2.110314e-08	-4.999162e+01	-1.388087e+03
2.700000e-07	-7.036375e-06	-2.107935e-08	-4.946298e+01	-1.382739e+03
2.800000e-07	-6.958428e-06	-2.102931e-08	-4.891505e+01	-1.377083e+03
2.900000e-07	-6.877716e-06	-2.086131e-08	-4.834767e+01	-1.371134e+03
3.000000e-07	-6.794501e-06	-2.075519e-08	-4.776270e+01	-1.364911e+03
3.100000e-07	-6.709007e-06	-2.069132e-08	-4.716172e+01	-1.358436e+03
3.200000e-07	-6.621172e-06	-2.061875e-08	-4.654427e+01	-1.351733e+03
3.300000e-07	-6.530902e-06	-2.052241e-08	-4.590970e+01	-1.344818e+03
3.400000e-07	-6.438239e-06	-2.035931e-08	-4.525832e+01	-1.337700e+03
3.500000e-07	-6.343305e-06	-2.025182e-08	-4.459097e+01	-1.330378e+03
3.600000e-07	-6.245983e-06	-2.017758e-08	-4.390683e+01	-1.322837e+03
3.700000e-07	-6.146365e-06	-2.008313e-08	-4.320656e+01	-1.315052e+03
3.800000e-07	-6.044598e-06	-1.991983e-08	-4.249118e+01	-1.306990e+03
3.900000e-07	-5.940703e-06	-1.975231e-08	-4.176084e+01	-1.298614e+03
4.000000e-07	-5.834695e-06	-1.964510e-08	-4.101564e+01	-1.289886e+03
4.100000e-07	-5.726654e-06	-1.953953e-08	-4.025615e+01	-1.280776e+03
4.200000e-07	-5.616663e-06	-1.939559e-08	-3.948296e+01	-1.271260e+03
4.300000e-07	-5.504621e-06	-1.919991e-08	-3.869534e+01	-1.261329e+03
4.400000e-07	-5.390413e-06	-1.903687e-08	-3.789251e+01	-1.250982e+03
4.500000e-07	-5.274102e-06	-1.890462e-08	-3.707489e+01	-1.240232e+03
4.600000e-07	-5.155865e-06	-1.875922e-08	-3.624373e+01	-1.229097e+03
4.700000e-07	-5.035822e-06	-1.857209e-08	-3.539987e+01	-1.217597e+03
4.800000e-07	-4.913927e-06	-1.837091e-08	-3.454300e+01	-1.205747e+03
4.900000e-07	-4.790222e-06	-1.819003e-08	-3.367340e+01	-1.193556e+03
5.000000e-07	-4.664799e-06	-1.801760e-08	-3.279173e+01	-1.181018e+03
5.100000e-07	-4.537713e-06	-1.782777e-08	-3.189836e+01	-1.168113e+03
5.200000e-07	-4.408997e-06	-1.760261e-08	-3.099354e+01	-1.154808e+03
5.300000e-07	-4.278558e-06	-1.737670e-08	-3.007660e+01	-1.141055e+03
5.400000e-07	-4.146515e-06	-1.716582e-08	-2.914839e+01	-1.126804e+03
5.500000e-07	-4.012956e-06	-1.695348e-08	-2.820952e+01	-1.112000e+03
5.600000e-07	-3.877958e-06	-1.671164e-08	-2.726053e+01	-1.096596e+03
5.700000e-07	-3.741547e-06	-1.644757e-08	-2.630162e+01	-1.080555e+03
5.800000e-07	-3.603575e-06	-1.619099e-08	-2.533173e+01	-1.063856e+03
5.900000e-07	-3.463998e-06	-1.593810e-08	-2.435056e+01	-1.046493e+03
6.000000e-07	-3.322979e-06	-1.567526e-08	-2.335925e+01	-1.028475e+03
6.100000e-07	-3.180634e-06	-1.538693e-08	-2.235862e+01	-1.009822e+03
6.200000e-07	-3.037011e-06	-1.508693e-08	-2.134901e+01	-9.905576e+02
6.300000e-07	-2.892175e-06	-1.478903e-08	-2.033087e+01	-9.707001e+02
6.400000e-07	-2.746242e-06	-1.448802e-08	-1.930501e+01	-9.502570e+02
6.500000e-07	-2.599452e-06	-1.416629e-08	-1.827314e+01	-9.292169e+02
6.600000e-07	-2.451928e-06	-1.382150e-08	-1.723610e+01	-9.075460e+02
6.700000e-07	-2.303655e-06	-1.347544e-08	-1.619380e+01	-8.851869e+02
6.800000e-07	-2.154601e-06	-1.312676e-08	-1.514601e+01	-8.620618e+02
6.900000e-07	-2.004802e-06	-1.275952e-08	-1.409298e+01	-8.380783e+02
7.000000e-07	-1.854354e-06	-1.236338e-08	-1.303539e+01	-8.131383e+02
7.100000e-07	-1.703351e-06	-1.195883e-08	-1.197389e+01	-7.871480e+02
7.200000e-07	-1.551836e-06	-1.155186e-08	-1.090880e+01	-7.600271e+02
7.300000e-07	-1.399786e-06	-1.113005e-08	-9.839950e+00	-7.317167e+02
7.400000e-07	-1.247165e-06	-1.068247e-08	-8.767088e+00	-7.021834e+02
7.500000e-07	-1.093996e-06	-1.020775e-08	-7.690368e+00	-6.714184e+02
7.600000e-07	-9.403981e-07	-9.722625e-09	-6.610633e+00	-6.394329e+02
7.700000e-07	-7.864738e-07	-9.230777e-09	-5.528605e+00	-6.062484e+02
7.800000e-07	-6.322792e-07	-8.717584e-09	-4.444677e+00	-5.718836e+02
7.900000e-07	-4.778450e-07	-8.165275e-09	-3.359065e+00	-5.363409e+02
8.000000e-07	-3.232286e-07	-7.590432e-09	-2.272171e+00	-4.995921e+02
8.100000e-07	-1.685177e-07	-7.009489e-09	-1.184614e+00	-4.615693e+02
8.200000e-07	-1.377991e-08	-6.413119e-09	-9.686740e-02	-4.221590e+02
8.300000e-07	1.409534e-07	-5.778412e-09	9.908476e-01	-3.812050e+02
8.400000e-07	2.957266e-07	-5.105097e-09	2.078843e+00	-3.385174e+02
8.500000e-07	4.504523e-07	-4.417077e-09	3.166505e+00	-2.938899e+02
8.600000e-07	6.049792e-07	-3.716777e-09	4.252769e+00	-2.471230e+02
8.700000e-07	7.593496e-07	-2.984701e-09	5.337933e+00	-1.980511e+02
8.800000e-07	9.135971e-07	-2.200522e-09	6.422233e+00	-1.465708e+02
8.900000e-07	1.067593e-06	-1.376388e-09	7.504762e+00	-9.266691e+01
9.000000e-07	1.221159e-06	-5.292138e-10	8.584272e+00	-3.643308e+01
9.100000e-07	1.374189e-06	3.432084e-10	9.660013e+00	2.191599e+01
9.200000e-07	1.526609e-06	1.256917e-09	1.073147e+01	8.204227e+01
9.300000e-07	1.678410e-06	2.212662e-09	1.179857e+01	1.434935e+02
9.400000e-07	1.829638e-06	3.183488e-09	1.286164e+01	2.057230e+02
9.500000e-07	1.980182e-06	4.144254e-09	1.391991e+01	2.681185e+02
9.600000e-07	2.130030e-06	5.086511e-09	1.497328e+01	3.300380e+02
9.700000e-07	2.279138e-06	6.016365e-09	1.602145e+01	3.908482e+02
9.800000e-07	2.427352e-06	6.924801e-09	1.706334e+01	4.499629e+02
9.900000e-07	2.574641e-06	7.790026e-09	1.809873e+01	5.068765e+02
1.000000e-06	2.721040e-06	8.595690e-09	1.912785e+01	5.611906e+02
1.010000e-06	2.866515e-06	9.355048e-09	2.015049e+01	6.126300e+02
1.020000e-06	3.010843e-06	1.008445e-08	2.116505e+01	6.610487e+02
1.030000e-06	3.153977e-06	1.077656e-08	2.217124e+01	7.064235e+02
1.040000e-06	3.295937e-06	1.141729e-08	2.316916e+01	7.488392e+02
1.050000e-06	3.436593e-06	1.200995e-08	2.415791e+01	7.884657e+02
1.060000e-06	3.575872e-06	1.257555e-08	2.513699e+01	8.255300e+02
1.070000e-06	3.713765e-06	1.311984e-08	2.610632e+01	8.602884e+02
1.080000e-06	3.850210e-06	1.363391e-08	2.706548e+01	8.929988e+02
1.090000e-06	3.985260e-06	1.410688e-08	2.801483e+01	9.238990e+02
1.100000e-06	4.118917e-06	1.454737e-08	2.895438e+01	9.531905e+02
1.110000e-06	4.251084e-06	1.497029e-08	2.988347e+01	9.810305e+02
1.120000e-06	4.381749e-06	1.537938e-08	3.080199e+01	1.007531e+03
1.130000e-06	4.510842e-06	1.576268e-08	3.170947e+01	1.032762e+03
1.140000e-06	4.638362e-06	1.611497e-08	3.260588e+01	1.056766e+03
1.150000e-06	4.764320e-06	1.645079e-08	3.349132e+01	1.079565e+03
1.160000e-06	4.888663e-06	1.678050e-08	3.436540e+01	1.101180e+03
1.170000e-06	5.011299e-06	1.709689e-08	3.522748e+01	1.121633e+03
1.180000e-06	5.132113e-06	1.739068e-08	3.607676e+01	1.140965e+03
1.190000e-06	5.251112e-06	1.766357e-08	3.691328e+01	1.159233e+03
1.200000e-06	5.368240e-06	1.792425e-08	3.773664e+01	1.176510e+03
1.210000e-06	5.483279e-06	1.817993e-08	3.854532e+01	1.192883e+03
1.220000e-06	5.596104e-06	1.842657e-08	3.933844e+01	1.208444e+03
1.230000e-06	5.706821e-06	1.865512e-08	4.011674e+01	1.223284e+03
1.240000e-06	5.815576e-06	1.886576e-08	4.088124e+01	1.237480e+03
1.250000e-06	5.922286e-06	1.906961e-08	4.163137e+01	1.251093e+03
1.260000e-06	6.026775e-06	1.927210e-08	4.236589e+01	1.264164e+03
1.270000e-06	6.129034e-06	1.946462e-08	4.308472e+01	1.276710e+03
1.280000e-06	6.229078e-06	1.964168e-08	4.378800e+01	1.288731e+03
1.290000e-06	6.326722e-06	1.981026e-08	4.447440e+01	1.300211e+03
1.300000e-06	6.421960e-06	1.997609e-08	4.514388e+01	1.311130e+03
1.310000e-06	6.514972e-06	2.013747e-08	4.579772e+01	1.321468e+03
1.320000e-06	6.605720e-06	2.028756e-08	4.643564e+01	1.331212e+03
1.330000e-06	6.694053e-06	2.042424e-08	4.705659e+01	1.340365e+03
1.340000e-06	6.779996e-06	2.055428e-08	4.766074e+01	1.348944e+03
1.350000e-06	6.863638e-06	2.068333e-08	4.824871e+01	1.356983e+03
1.360000e-06	6.944874e-06	2.080706e-08	4.881976e+01	1.364529e+03
1.370000e-06	7.023560e-06	2.091859e-08	4.937289e+01	1.371636e+03
1.380000e-06	7.099634e-06	2.102054e-08	4.990767e+01	1.378362e+03
1.390000e-06	7.172914e-06	2.111896e-08	5.042280e+01	1.384760e+03
1.400000e-06	7.243560e-06	2.121503e-08	5.091941e+01	1.390871e+03
1.410000e-06	7.311814e-06	2.130601e-08	5.139921e+01	1.396726e+03
1.420000e-06	7.377420e-06	2.138788e-08	5.186040e+01	1.402336e+03
1.430000e-06	7.440363e-06	2.146329e-08	5.230286e+01	1.407700e+03
1.440000e-06	7.500819e-06	2.153726e-08	5.272784e+01	1.412802e+03
1.450000e-06	7.558636e-06	2.161025e-08	5.313428e+01	1.417619e+03
1.460000e-06	7.613745e-06	2.167887e-08	5.352167e+01	1.422128e+03
1.470000e-06	7.666041e-06	2.174040e-08	5.388929e+01	1.426306e+03
1.480000e-06	7.715203e-06	2.179709e-08	5.423488e+01	1.430139e+03
1.490000e-06	7.761392e-06	2.185211e-08	5.455957e+01	1.433623e+03
1.500000e-06	7.804912e-06	2.190338e-08	5.486550e+01	1.436766e+03
1.510000e-06	7.845645e-06	2.194683e-08	5.515183e+01	1.439588e+03
1.520000e-06	7.883511e-06	2.198411e-08	5.541802e+01	1.442115e+03
1.530000e-06	7.918686e-06	2.202016e-08	5.566528e+01	1.444379e+03
1.540000e-06	7.951065e-06	2.205422e-08	5.589290e+01	1.446410e+03
1.550000e-06	7.980571e-06	2.208320e-08	5.610031e+01	1.448236e+03
1.560000e-06	8.007244e-06	2.210732e-08	5.628782e+01	1.449876e+03
1.570000e-06	8.030908e-06	2.212892e-08	5.645416e+01	1.451340e+03
1.580000e-06	8.051758e-06	2.214844e-08	5.660073e+01	1.452628e+03
1.590000e-06	8.069872e-06	2.216377e-08	5.672807e+01	1.453732e+03
1.600000e-06	8.084945e-06	2.217450e-08	5.683402e+01	1.454639e+03
1.610000e-06	8.096857e-06	2.218242e-08	5.691776e+01	1.455332e+03
1.620000e-06	8.105636e-06	2.218933e-08	5.697947e+01	1.455798e+03
1.630000e-06	8.111436e-06	2.219505e-08	5.702024e+01	1.456026e+03
1.640000e-06	8.114370e-06	2.219581e-08	5.704087e+01	1.456015e+03
1.650000e-06	8.114460e-06	2.219506e-08	5.704150e+01	1.455770e+03
1.660000e-06	8.111877e-06	2.218248e-08	5.702334e+01	1.455304e+03
1.670000e-06	8.106620e-06	2.217409e-08	5.698639e+01	1.454635e+03
1.680000e-06	8.098591e-06	2.216530e-08	5.692995e+01	1.453785e+03
1.690000e-06	8.087863e-06	2.215271e-08	5.685453e+01	1.452775e+03
1.700000e-06	8.074239e-06	2.214097e-08	5.675876e+01	1.451624e+03
1.710000e-06	8.057830e-06	2.213149e-08	5.664342e+01	1.450345e+03
1.720000e-06	8.039075e-06	2.212964e-08	5.651158e+01	1.448947e+03
1.730000e-06	8.017871e-06	2.204797e-08	5.636251e+01	1.447428e+03
1.740000e-06	7.993594e-06	2.195156e-08	5.619186e+01	1.445785e+03
1.750000e-06	7.965617e-06	2.197418e-08	5.599519e+01	1.444008e+03
1.760000e-06	7.934060e-06	2.198591e-08	5.577336e+01	1.442086e+03
1.770000e-06	7.899776e-06	2.196361e-08	5.553236e+01	1.440009e+03
1.780000e-06	7.863270e-06	2.195020e-08	5.527573e+01	1.437770e+03
1.790000e-06	7.824466e-06	2.192188e-08	5.500296e+01	1.435364e+03
1.800000e-06	7.783578e-06	2.173021e-08	5.471553e+01	1.432789e+03
1.810000e-06	7.740357e-06	2.181405e-08	5.441170e+01	1.430047e+03
1.820000e-06	7.694425e-06	2.180661e-08	5.408881e+01	1.427139e+03
1.830000e-06	7.645776e-06	2.165903e-08	5.374683e+01	1.424065e+03
1.840000e-06	7.594020e-06	2.175235e-08	5.338301e+01	1.420821e+03
1.850000e-06	7.539263e-06	2.159500e-08	5.299809e+01	1.417397e+03
1.860000e-06	7.481770e-06	2.163787e-08	5.259394e+01	1.413779e+03
1.870000e-06	7.421668e-06	2.151828e-08	5.217144e+01	1.409947e+03
1.880000e-06	7.358855e-06	2.136501e-08	5.172989e+01	1.405878e+03
1.890000e-06	7.292995e-06	2.142188e-08	5.126692e+01	1.401546e+03
1.900000e-06	7.224370e-06	2.129247e-08	5.078452e+01	1.396930e+03
1.910000e-06	7.152958e-06	2.131270e-08	5.028251e+01	1.392013e+03
1.920000e-06	7.078767e-06	2.114391e-08	4.976098e+01	1.386786e+03
1.930000e-06	7.001859e-06	2.102266e-08	4.922035e+01	1.381250e+03
1.940000e-06	6.922130e-06	2.097931e-08	4.865989e+01	1.375414e+03
1.950000e-06	6.839859e-06	2.089556e-08	4.808155e+01	1.369295e+03
1.960000e-06	6.755084e-06	2.088947e-08	4.748562e+01	1.362916e+03
1.970000e-06	6.667785e-06	2.066362e-08	4.687194e+01	1.356300e+03
1.980000e-06	6.578055e-06	2.056927e-08	4.624117e+01	1.349466e+03
1.990000e-06	6.486102e-06	2.047695e-08	4.559477e+01	1.342427e+03
2.000000e-06	6.391853e-06	2.041687e-08	4.493224e+01	1.335185e+03
2.010000e-06	6.295240e-06	2.029259e-08	4.425309e+01	1.327732e+03
2.020000e-06	6.196447e-06	2.010226e-08	4.355862e+01	1.320046e+03
2.030000e-06	6.095437e-06	2.000322e-08	4.284856e+01	1.312097e+03
2.040000e-06	5.992159e-06	1.989383e-08	4.212255e+01	1.303849e+03
2.050000e-06	5.886731e-06	1.980412e-08	4.138143e+01	1.295263e+03
2.060000e-06	5.779413e-06	1.960724e-08	4.062703e+01	1.286305e+03
2.070000e-06	5.670154e-06	1.944591e-08	3.985898e+01	1.276950e+03
2.080000e-06	5.558770e-06	1.930298e-08	3.907599e+01	1.267182e+03
2.090000e-06	5.445288e-06	1.919626e-08	3.827826e+01	1.256998e+03
2.100000e-06	5.329814e-06	1.904211e-08	3.746652e+01	1.246404e+03
2.110000e-06	5.212290e-06	1.884150e-08	3.664037e+01	1.235417e+03
2.120000e-06	5.092618e-06	1.864893e-08	3.579913e+01	1.224058e+03
2.130000e-06	4.971087e-06	1.849120e-08	3.494481e+01	1.212343e+03
2.140000e-06	4.847876e-06	1.834917e-08	3.407868e+01	1.200286e+03
2.150000e-06	4.722964e-06	1.814620e-08	3.320060e+01	1.187885e+03
2.160000e-06	4.596232e-06	1.792144e-08	3.230972e+01	1.175127e+03
2.170000e-06	4.467762e-06	1.770007e-08	3.140663e+01	1.161984e+03
2.180000e-06	4.337755e-06	1.751942e-08	3.049274e+01	1.148412e+03
2.190000e-06	4.206219e-06	1.731171e-08	2.956809e+01	1.134363e+03
2.200000e-06	4.073138e-06	1.708166e-08	2.863258e+01	1.119782e+03
2.210000e-06	3.938433e-06	1.682976e-08	2.768566e+01	1.104618e+03
2.220000e-06	3.802166e-06	1.659450e-08	2.672775e+01	1.088830e+03
2.230000e-06	3.664537e-06	1.636121e-08	2.576027e+01	1.072391e+03
2.240000e-06	3.525592e-06	1.610666e-08	2.478354e+01	1.055288e+03
2.250000e-06	3.385292e-06	1.582562e-08	2.379728e+01	1.037525e+03
2.260000e-06	3.243629e-06	1.553920e-08	2.280145e+01	1.019118e+03
2.270000e-06	3.100602e-06	1.526475e-08	2.179603e+01	1.000091e+03
2.280000e-06	2.956331e-06	1.497593e-08	2.078186e+01	9.804640e+02
2.290000e-06	2.811050e-06	1.466600e-08	1.976059e+01	9.602507e+02
2.300000e-06	2.664832e-06	1.433750e-08	1.873273e+01	9.394475e+02
2.310000e-06	2.517668e-06	1.401313e-08	1.769823e+01	9.180295e+02
2.320000e-06	2.369758e-06	1.367872e-08	1.665848e+01	8.959485e+02
2.330000e-06	2.221094e-06	1.332714e-08	1.561343e+01	8.731342e+02
2.340000e-06	2.071582e-06	1.295721e-08	1.456242e+01	8.494991e+02
2.350000e-06	1.921338e-06	1.257867e-08	1.350626e+01	8.249461e+02
2.360000e-06	1.770499e-06	1.219362e-08	1.244592e+01	7.993784e+02
2.370000e-06	1.619022e-06	1.178935e-08	1.138109e+01	7.727095e+02
2.380000e-06	1.466939e-06	1.135979e-08	1.031201e+01	7.448715e+02
2.390000e-06	1.314338e-06	1.091453e-08	9.239287e+00	7.158204e+02
2.400000e-06	1.161293e-06	1.046536e-08	8.163436e+00	6.855384e+02
2.410000e-06	1.007913e-06	1.000199e-08	7.085239e+00	6.540297e+02
2.420000e-06	8.542581e-07	9.503944e-09	6.005103e+00	6.213131e+02
2.430000e-06	7.003453e-07	8.978089e-09	4.923155e+00	5.874100e+02
2.440000e-06	5.461403e-07	8.445357e-09	3.839154e+00	5.523310e+02
2.450000e-06	3.917008e-07	7.903165e-09	2.753504e+00	5.160613e+02
2.460000e-06	2.371370e-07	7.328888e-09	1.666981e+00	4.785495e+02
2.470000e-06	8.245574e-08	6.716855e-09	5.796318e-01	4.397002e+02
2.480000e-06	-7.233199e-08	6.085610e-09	-5.084658e-01	3.993733e+02
2.490000e-06	-2.271131e-07	5.445679e-09	-1.596517e+00	3.573904e+02
2.500000e-06	-3.818137e-07	4.782459e-09	-2.684002e+00	3.135493e+02
2.510000e-06	-5.364133e-07	4.077530e-09	-3.770777e+00	2.676447e+02
2.520000e-06	-6.908216e-07	3.334128e-09	-4.856207e+00	2.194942e+02
2.530000e-06	-8.450193e-07	2.571784e-09	-5.940158e+00	1.689668e+02
2.540000e-06	-9.989556e-07	1.790213e-09	-7.022270e+00	1.160098e+02
2.550000e-06	-1.152548e-06	9.679995e-10	-8.101963e+00	6.067215e+01
2.560000e-06	-1.305692e-06	9.161914e-11	-9.178511e+00	3.120035e+00
2.570000e-06	-1.458363e-06	-8.229623e-10	-1.025172e+01	-5.635646e+01
2.580000e-06	-1.610528e-06	-1.751188e-09	-1.132139e+01	-1.173482e+02
2.590000e-06	-1.762046e-06	-2.692195e-09	-1.238650e+01	-1.793425e+02
2.600000e-06	-1.912882e-06	-3.656818e-09	-1.344682e+01	-2.417490e+02
2.610000e-06	-2.062966e-06	-4.633404e-09	-1.450185e+01	-3.039329e+02
2.620000e-06	-2.212207e-06	-5.586629e-09	-1.555096e+01	-3.652527e+02
2.630000e-06	-2.360549e-06	-6.495361e-09	-1.659374e+01	-4.250994e+02
2.640000e-06	-2.508064e-06	-7.365050e-09	-1.763072e+01	-4.829321e+02
2.650000e-06	-2.654728e-06	-8.209729e-09	-1.866171e+01	-5.383077e+02
2.660000e-06	-2.800476e-06	-9.021154e-09	-1.968626e+01	-5.909015e+02
2.670000e-06	-2.945217e-06	-9.774859e-09	-2.070373e+01	-6.405167e+02
2.680000e-06	-3.088791e-06	-1.046622e-08	-2.171300e+01	-6.870832e+02
2.690000e-06	-3.231088e-06	-1.111914e-08	-2.271329e+01	-7.306458e+02
2.700000e-06	-3.372017e-06	-1.175182e-08	-2.370397e+01	-7.713439e+02
2.710000e-06	-3.511612e-06	-1.235289e-08	-2.468527e+01	-8.093857e+02
2.720000e-06	-3.649906e-06	-1.290378e-08	-2.565742e+01	-8.450193e+02
2.730000e-06	-3.786853e-06	-1.340985e-08	-2.662011e+01	-8.785048e+02
2.740000e-06	-3.922406e-06	-1.389616e-08	-2.757299e+01	-9.100903e+02
2.750000e-06	-4.056578e-06	-1.437125e-08	-2.851617e+01	-9.399930e+02
2.760000e-06	-4.189326e-06	-1.481692e-08	-2.944933e+01	-9.683879e+02
2.770000e-06	-4.320624e-06	-1.522258e-08	-3.037231e+01	-9.954043e+02
2.780000e-06	-4.450469e-06	-1.560050e-08	-3.128507e+01	-1.021128e+03
2.790000e-06	-4.578842e-06	-1.596986e-08	-3.218748e+01	-1.045611e+03
2.800000e-06	-4.705678e-06	-1.633230e-08	-3.307909e+01	-1.068882e+03
2.810000e-06	-4.830807e-06	-1.666892e-08	-3.395870e+01	-1.090960e+03
2.820000e-06	-4.954240e-06	-1.697431e-08	-3.482638e+01	-1.111866e+03
2.830000e-06	-5.076019e-06	-1.726503e-08	-3.568244e+01	-1.131634e+03
2.840000e-06	-5.195934e-06	-1.755457e-08	-3.652540e+01	-1.150312e+03
2.850000e-06	-5.313714e-06	-1.783855e-08	-3.735335e+01	-1.167969e+03
2.860000e-06	-5.429327e-06	-1.810050e-08	-3.816606e+01	-1.184686e+03
2.870000e-06	-5.542784e-06	-1.833835e-08	-3.896362e+01	-1.200556e+03
2.880000e-06	-5.653989e-06	-1.856913e-08	-3.974535e+01	-1.215670e+03
2.890000e-06	-5.763113e-06	-1.880076e-08	-4.051244e+01	-1.230111e+03
2.900000e-06	-5.870360e-06	-1.902426e-08	-4.126635e+01	-1.243948e+03
2.910000e-06	-5.975576e-06	-1.922673e-08	-4.200598e+01	-1.257229e+03
2.920000e-06	-6.078520e-06	-1.941131e-08	-4.272964e+01	-1.269981e+03
2.930000e-06	-6.179132e-06	-1.959268e-08	-4.343690e+01	-1.282210e+03
2.940000e-06	-6.277576e-06	-1.977437e-08	-4.412892e+01	-1.293905e+03
2.950000e-06	-6.373865e-06	-1.994586e-08	-4.480580e+01	-1.305047e+03
2.960000e-06	-6.467773e-06	-2.010067e-08	-4.546593e+01	-1.315616e+03
2.970000e-06	-6.559303e-06	-2.024438e-08	-4.610935e+01	-1.325595e+03
2.980000e-06	-6.648589e-06	-2.038573e-08	-4.673700e+01	-1.334979e+03
2.990000e-06	-6.735538e-06	-2.052531e-08	-4.734822e+01	-1.343781e+03
3.000000e-06	-6.819992e-06	-2.065304e-08	-4.794190e+01	-1.352027e+03
3.010000e-06	-6.901986e-06	-2.076515e-08	-4.851828e+01	-1.359761e+03
3.020000e-06	-6.981555e-06	-2.087136e-08	-4.907762e+01	-1.367034e+03
3.030000e-06	-7.058474e-06	-2.098070e-08	-4.961833e+01	-1.373903e+03
3.040000e-06	-7.132699e-06	-2.108664e-08	-5.014010e+01	-1.380425e+03
3.050000e-06	-7.204377e-06	-2.118252e-08	-5.064397e+01	-1.386645e+03
3.060000e-06	-7.273445e-06	-2.127009e-08	-5.112949e+01	-1.392599e+03
3.070000e-06	-7.339935e-06	-2.135749e-08	-5.159689e+01	-1.398305e+03
3.080000e-06	-7.403913e-06	-2.144573e-08	-5.204663e+01	-1.403767e+03
3.090000e-06	-7.465200e-06	-2.152797e-08	-5.247746e+01	-1.408975e+03
3.100000e-06	-7.523814e-06	-2.159734e-08	-5.288949e+01	-1.413908e+03
3.110000e-06	-7.579811e-06	-2.165979e-08	-5.328313e+01	-1.418541e+03
3.120000e-06	-7.632934e-06	-2.172359e-08	-5.365656e+01	-1.422852e+03
3.130000e-06	-7.682919e-06	-2.178733e-08	-5.400794e+01	-1.426822e+03
3.140000e-06	-7.729826e-06	-2.184513e-08	-5.433767e+01	-1.430443e+03
3.150000e-06	-7.774149e-06	-2.189546e-08	-5.464925e+01	-1.433719e+03
3.160000e-06	-7.815991e-06	-2.194002e-08	-5.494338e+01	-1.436665e+03
3.170000e-06	-7.855023e-06	-2.198331e-08	-5.521776e+01	-1.439304e+03
3.180000e-06	-7.891231e-06	-2.202323e-08	-5.547229e+01	-1.441668e+03
3.190000e-06	-7.924708e-06	-2.205509e-08	-5.570762e+01	-1.443787e+03
3.200000e-06	-7.955286e-06	-2.208172e-08	-5.592257e+01	-1.445692e+03
3.210000e-06	-7.982938e-06	-2.210685e-08	-5.611695e+01	-1.447404e+03
3.220000e-06	-8.007871e-06	-2.213214e-08	-5.629222e+01	-1.448937e+03
3.230000e-06	-8.029914e-06	-2.215363e-08	-5.644718e+01	-1.450295e+03
3.240000e-06	-8.049039e-06	-2.216879e-08	-5.658162e+01	-1.451473e+03
3.250000e-06	-8.065320e-06	-2.218029e-08	-5.669607e+01	-1.452459e+03
3.260000e-06	-8.078407e-06	-2.219034e-08	-5.678806e+01	-1.453239e+03
3.270000e-06	-8.088334e-06	-2.219666e-08	-5.685785e+01	-1.453796e+03
3.280000e-06	-8.095346e-06	-2.219900e-08	-5.690714e+01	-1.454119e+03
3.290000e-06	-8.099518e-06	-2.219615e-08	-5.693646e+01	-1.454202e+03
3.300000e-06	-8.100965e-06	-2.218752e-08	-5.694664e+01	-1.454049e+03
