# Temperatura_=_20.0
# Concentracion g/m^3_=_10000.0
# C_Vs_to_Am_M_A/Vsm_=_65563218390.804596
# pendiente_HvsI_1/m_=_3716.3
# ordenada_HvsI_A/m_=_1297.0
# frecuencia_Hz_=_135484.60788758454

Tiempo_(s)	Campo_(V.s)	Magnetizacion_(V.s)	Campo_(kA/m)	Magnetizacion_(A/m)
0.000000e+00	-7.825531e-06	-1.365090e-09	-5.691149e+01	-9.044530e+01
1.000000e-08	-7.825744e-06	-1.361899e-09	-5.691304e+01	-9.036678e+01
2.000000e-08	-7.825607e-06	-1.361114e-09	-5.691204e+01	-9.026449e+01
3.000000e-08	-7.824939e-06	-1.367050e-09	-5.690718e+01	-9.013749e+01
4.000000e-08	-7.823530e-06	-1.373008e-09	-5.689693e+01	-8.998496e+01
5.000000e-08	-7.821238e-06	-1.371204e-09	-5.688027e+01	-8.980626e+01
6.000000e-08	-7.818209e-06	-1.369346e-09	-5.685824e+01	-8.960087e+01
7.000000e-08	-7.814715e-06	-1.362911e-09	-5.683283e+01	-8.936846e+01
8.000000e-08	-7.810913e-06	-1.340947e-09	-5.680518e+01	-8.910888e+01
9.000000e-08	-7.806704e-06	-1.318794e-09	-5.677457e+01	-8.882213e+01
1.000000e-07	-7.801882e-06	-1.372400e-09	-5.673950e+01	-8.850842e+01
1.100000e-07	-7.796240e-06	-1.495823e-09	-5.669847e+01	-8.816811e+01
1.200000e-07	-7.789652e-06	-1.516677e-09	-5.665056e+01	-8.780178e+01
1.300000e-07	-7.782301e-06	-1.295314e-09	-5.659710e+01	-8.741015e+01
1.400000e-07	-7.774639e-06	-1.052907e-09	-5.654138e+01	-8.699415e+01
1.500000e-07	-7.766904e-06	-1.257480e-09	-5.648512e+01	-8.655486e+01
1.600000e-07	-7.758845e-06	-1.633821e-09	-5.642651e+01	-8.609353e+01
1.700000e-07	-7.750235e-06	-1.494866e-09	-5.636390e+01	-8.561157e+01
1.800000e-07	-7.741055e-06	-1.122517e-09	-5.629713e+01	-8.511054e+01
1.900000e-07	-7.730996e-06	-1.171671e-09	-5.622398e+01	-8.459210e+01
2.000000e-07	-7.719932e-06	-1.435334e-09	-5.614351e+01	-8.405808e+01
2.100000e-07	-7.708373e-06	-1.577420e-09	-5.605945e+01	-8.351038e+01
2.200000e-07	-7.696470e-06	-1.478222e-09	-5.597288e+01	-8.295101e+01
2.300000e-07	-7.683841e-06	-1.188210e-09	-5.588104e+01	-8.238205e+01
2.400000e-07	-7.670465e-06	-1.111951e-09	-5.578377e+01	-8.180563e+01
2.500000e-07	-7.656733e-06	-1.465120e-09	-5.568390e+01	-8.122394e+01
2.600000e-07	-7.642348e-06	-1.594811e-09	-5.557928e+01	-8.063918e+01
2.700000e-07	-7.626847e-06	-1.119564e-09	-5.546655e+01	-8.005355e+01
2.800000e-07	-7.610563e-06	-9.037059e-10	-5.534812e+01	-7.946926e+01
2.900000e-07	-7.593847e-06	-1.289722e-09	-5.522656e+01	-7.888847e+01
3.000000e-07	-7.576650e-06	-1.385128e-09	-5.510149e+01	-7.831329e+01
3.100000e-07	-7.558948e-06	-9.519147e-10	-5.497276e+01	-7.774577e+01
3.200000e-07	-7.540832e-06	-8.638614e-10	-5.484100e+01	-7.718788e+01
3.300000e-07	-7.522131e-06	-1.184537e-09	-5.470500e+01	-7.664149e+01
3.400000e-07	-7.502789e-06	-1.232701e-09	-5.456434e+01	-7.610834e+01
3.500000e-07	-7.483092e-06	-1.102392e-09	-5.442109e+01	-7.559006e+01
3.600000e-07	-7.463108e-06	-1.064172e-09	-5.427575e+01	-7.508814e+01
3.700000e-07	-7.442658e-06	-9.511333e-10	-5.412703e+01	-7.460390e+01
3.800000e-07	-7.421721e-06	-1.024265e-09	-5.397476e+01	-7.413851e+01
3.900000e-07	-7.400339e-06	-1.275044e-09	-5.381926e+01	-7.369297e+01
4.000000e-07	-7.378427e-06	-1.179052e-09	-5.365991e+01	-7.326810e+01
4.100000e-07	-7.355899e-06	-8.576211e-10	-5.349607e+01	-7.286453e+01
4.200000e-07	-7.332796e-06	-9.888643e-10	-5.332805e+01	-7.248272e+01
4.300000e-07	-7.309266e-06	-1.341767e-09	-5.315693e+01	-7.212291e+01
4.400000e-07	-7.285325e-06	-1.204837e-09	-5.298282e+01	-7.178520e+01
4.500000e-07	-7.260914e-06	-8.405800e-10	-5.280529e+01	-7.146946e+01
4.600000e-07	-7.236062e-06	-9.712479e-10	-5.262455e+01	-7.117541e+01
4.700000e-07	-7.210610e-06	-1.293074e-09	-5.243945e+01	-7.090256e+01
4.800000e-07	-7.184205e-06	-1.151167e-09	-5.224742e+01	-7.065027e+01
4.900000e-07	-7.156939e-06	-9.121173e-10	-5.204913e+01	-7.041775e+01
5.000000e-07	-7.129260e-06	-1.020910e-09	-5.184783e+01	-7.020404e+01
5.100000e-07	-7.101269e-06	-1.145114e-09	-5.164427e+01	-7.000804e+01
5.200000e-07	-7.072904e-06	-1.096987e-09	-5.143798e+01	-6.982852e+01
5.300000e-07	-7.044129e-06	-1.068778e-09	-5.122871e+01	-6.966414e+01
5.400000e-07	-7.014797e-06	-1.012521e-09	-5.101540e+01	-6.951347e+01
5.500000e-07	-6.984894e-06	-9.876702e-10	-5.079792e+01	-6.937498e+01
5.600000e-07	-6.954595e-06	-1.116490e-09	-5.057757e+01	-6.924706e+01
5.700000e-07	-6.923883e-06	-1.153851e-09	-5.035422e+01	-6.912808e+01
5.800000e-07	-6.892658e-06	-9.830377e-10	-5.012713e+01	-6.901635e+01
5.900000e-07	-6.861029e-06	-9.480099e-10	-4.989711e+01	-6.891015e+01
6.000000e-07	-6.829112e-06	-1.099582e-09	-4.966499e+01	-6.880778e+01
6.100000e-07	-6.796773e-06	-1.138631e-09	-4.942981e+01	-6.870754e+01
6.200000e-07	-6.763770e-06	-1.006869e-09	-4.918979e+01	-6.860775e+01
6.300000e-07	-6.729992e-06	-9.395366e-10	-4.894413e+01	-6.850679e+01
6.400000e-07	-6.695590e-06	-1.027053e-09	-4.869395e+01	-6.840309e+01
6.500000e-07	-6.660652e-06	-1.104648e-09	-4.843986e+01	-6.829516e+01
6.600000e-07	-6.625176e-06	-1.027359e-09	-4.818186e+01	-6.818157e+01
6.700000e-07	-6.589314e-06	-9.413633e-10	-4.792105e+01	-6.806101e+01
6.800000e-07	-6.553088e-06	-9.938975e-10	-4.765759e+01	-6.793227e+01
6.900000e-07	-6.516447e-06	-1.055414e-09	-4.739112e+01	-6.779425e+01
7.000000e-07	-6.479307e-06	-1.016901e-09	-4.712102e+01	-6.764598e+01
7.100000e-07	-6.441702e-06	-9.733045e-10	-4.684754e+01	-6.748661e+01
7.200000e-07	-6.403644e-06	-9.755177e-10	-4.657076e+01	-6.731543e+01
7.300000e-07	-6.365021e-06	-9.944590e-10	-4.628987e+01	-6.713187e+01
7.400000e-07	-6.325955e-06	-1.020802e-09	-4.600576e+01	-6.693550e+01
7.500000e-07	-6.286654e-06	-1.009875e-09	-4.571994e+01	-6.672602e+01
7.600000e-07	-6.247084e-06	-9.591306e-10	-4.543217e+01	-6.650328e+01
7.700000e-07	-6.207221e-06	-9.661039e-10	-4.514226e+01	-6.626725e+01
7.800000e-07	-6.166995e-06	-1.025017e-09	-4.484972e+01	-6.601804e+01
7.900000e-07	-6.126192e-06	-1.005317e-09	-4.455298e+01	-6.575588e+01
8.000000e-07	-6.084670e-06	-9.359535e-10	-4.425100e+01	-6.548113e+01
8.100000e-07	-6.042400e-06	-9.405295e-10	-4.394360e+01	-6.519425e+01
8.200000e-07	-5.999561e-06	-9.915528e-10	-4.363205e+01	-6.489580e+01
8.300000e-07	-5.956321e-06	-9.811076e-10	-4.331758e+01	-6.458644e+01
8.400000e-07	-5.912720e-06	-9.326840e-10	-4.300049e+01	-6.426691e+01
8.500000e-07	-5.868771e-06	-9.266690e-10	-4.268087e+01	-6.393801e+01
8.600000e-07	-5.824404e-06	-9.603597e-10	-4.235821e+01	-6.360059e+01
8.700000e-07	-5.779564e-06	-9.650609e-10	-4.203211e+01	-6.325558e+01
8.800000e-07	-5.734368e-06	-9.290091e-10	-4.170342e+01	-6.290390e+01
8.900000e-07	-5.688893e-06	-9.025754e-10	-4.137271e+01	-6.254652e+01
9.000000e-07	-5.643069e-06	-9.164703e-10	-4.103945e+01	-6.218440e+01
9.100000e-07	-5.596780e-06	-9.321574e-10	-4.070281e+01	-6.181850e+01
9.200000e-07	-5.550040e-06	-9.194966e-10	-4.036289e+01	-6.144977e+01
9.300000e-07	-5.502940e-06	-8.941082e-10	-4.002035e+01	-6.107911e+01
9.400000e-07	-5.455541e-06	-8.890474e-10	-3.967564e+01	-6.070740e+01
9.500000e-07	-5.407737e-06	-9.073079e-10	-3.932798e+01	-6.033546e+01
9.600000e-07	-5.359482e-06	-9.154429e-10	-3.897705e+01	-5.996405e+01
9.700000e-07	-5.310772e-06	-8.895999e-10	-3.862281e+01	-5.959386e+01
9.800000e-07	-5.261381e-06	-8.643576e-10	-3.826361e+01	-5.922550e+01
9.900000e-07	-5.211358e-06	-8.744664e-10	-3.789981e+01	-5.885951e+01
1.000000e-06	-5.160936e-06	-8.867519e-10	-3.753312e+01	-5.849634e+01
1.010000e-06	-5.110084e-06	-8.629104e-10	-3.716329e+01	-5.813633e+01
1.020000e-06	-5.058782e-06	-8.341910e-10	-3.679019e+01	-5.777974e+01
1.030000e-06	-5.007016e-06	-8.413752e-10	-3.641372e+01	-5.742673e+01
1.040000e-06	-4.954843e-06	-8.576444e-10	-3.603430e+01	-5.707736e+01
1.050000e-06	-4.902403e-06	-8.473891e-10	-3.565293e+01	-5.673160e+01
1.060000e-06	-4.849632e-06	-8.245766e-10	-3.526914e+01	-5.638932e+01
1.070000e-06	-4.796388e-06	-8.177931e-10	-3.488192e+01	-5.605030e+01
1.080000e-06	-4.742705e-06	-8.224924e-10	-3.449151e+01	-5.571423e+01
1.090000e-06	-4.688734e-06	-8.175503e-10	-3.409901e+01	-5.538071e+01
1.100000e-06	-4.634537e-06	-7.979012e-10	-3.370486e+01	-5.504929e+01
1.110000e-06	-4.580033e-06	-7.819144e-10	-3.330847e+01	-5.471942e+01
1.120000e-06	-4.525121e-06	-7.793132e-10	-3.290913e+01	-5.439052e+01
1.130000e-06	-4.469863e-06	-7.827003e-10	-3.250726e+01	-5.406192e+01
1.140000e-06	-4.414486e-06	-7.765969e-10	-3.210453e+01	-5.373295e+01
1.150000e-06	-4.358923e-06	-7.626314e-10	-3.170045e+01	-5.340287e+01
1.160000e-06	-4.303107e-06	-7.557872e-10	-3.129452e+01	-5.307093e+01
1.170000e-06	-4.247159e-06	-7.598841e-10	-3.088763e+01	-5.273637e+01
1.180000e-06	-4.190941e-06	-7.574246e-10	-3.047879e+01	-5.239841e+01
1.190000e-06	-4.134323e-06	-7.405958e-10	-3.006703e+01	-5.205629e+01
1.200000e-06	-4.077284e-06	-7.249500e-10	-2.965221e+01	-5.170926e+01
1.210000e-06	-4.019802e-06	-7.217325e-10	-2.923417e+01	-5.135659e+01
1.220000e-06	-3.961889e-06	-7.193856e-10	-2.881299e+01	-5.099759e+01
1.230000e-06	-3.903584e-06	-7.074598e-10	-2.838897e+01	-5.063160e+01
1.240000e-06	-3.844860e-06	-6.958534e-10	-2.796190e+01	-5.025802e+01
1.250000e-06	-3.785764e-06	-6.946316e-10	-2.753212e+01	-4.987630e+01
1.260000e-06	-3.726490e-06	-6.957591e-10	-2.710105e+01	-4.948596e+01
1.270000e-06	-3.667018e-06	-6.910936e-10	-2.666854e+01	-4.908656e+01
1.280000e-06	-3.607319e-06	-6.805361e-10	-2.623437e+01	-4.867777e+01
1.290000e-06	-3.547390e-06	-6.672431e-10	-2.579854e+01	-4.825931e+01
1.300000e-06	-3.487210e-06	-6.572091e-10	-2.536087e+01	-4.783099e+01
1.310000e-06	-3.426865e-06	-6.516263e-10	-2.492201e+01	-4.739267e+01
1.320000e-06	-3.366338e-06	-6.439748e-10	-2.448182e+01	-4.694432e+01
1.330000e-06	-3.305632e-06	-6.328852e-10	-2.404034e+01	-4.648599e+01
1.340000e-06	-3.244693e-06	-6.295473e-10	-2.359716e+01	-4.601777e+01
1.350000e-06	-3.183532e-06	-6.326177e-10	-2.315236e+01	-4.553985e+01
1.360000e-06	-3.122100e-06	-6.282873e-10	-2.270560e+01	-4.505249e+01
1.370000e-06	-3.060455e-06	-6.187867e-10	-2.225728e+01	-4.455600e+01
1.380000e-06	-2.998606e-06	-6.137565e-10	-2.180749e+01	-4.405075e+01
1.390000e-06	-2.936511e-06	-6.098070e-10	-2.135590e+01	-4.353717e+01
1.400000e-06	-2.874221e-06	-5.997185e-10	-2.090289e+01	-4.301574e+01
1.410000e-06	-2.811726e-06	-5.878723e-10	-2.044839e+01	-4.248695e+01
1.420000e-06	-2.749068e-06	-5.803779e-10	-1.999271e+01	-4.195135e+01
1.430000e-06	-2.686265e-06	-5.749546e-10	-1.953597e+01	-4.140949e+01
1.440000e-06	-2.623309e-06	-5.691243e-10	-1.907812e+01	-4.086194e+01
1.450000e-06	-2.560197e-06	-5.624279e-10	-1.861914e+01	-4.030928e+01
1.460000e-06	-2.497019e-06	-5.547830e-10	-1.815967e+01	-3.975206e+01
1.470000e-06	-2.433768e-06	-5.491131e-10	-1.769967e+01	-3.919085e+01
1.480000e-06	-2.370349e-06	-5.433189e-10	-1.723846e+01	-3.862615e+01
1.490000e-06	-2.306732e-06	-5.330539e-10	-1.677580e+01	-3.805847e+01
1.500000e-06	-2.242984e-06	-5.215255e-10	-1.631219e+01	-3.748826e+01
1.510000e-06	-2.179113e-06	-5.119755e-10	-1.584768e+01	-3.691592e+01
1.520000e-06	-2.115034e-06	-5.031538e-10	-1.538167e+01	-3.634180e+01
1.530000e-06	-2.050838e-06	-4.939049e-10	-1.491480e+01	-3.576619e+01
1.540000e-06	-1.986585e-06	-4.849329e-10	-1.444752e+01	-3.518930e+01
1.550000e-06	-1.922168e-06	-4.772279e-10	-1.397905e+01	-3.461128e+01
1.560000e-06	-1.857540e-06	-4.728075e-10	-1.350904e+01	-3.403219e+01
1.570000e-06	-1.792683e-06	-4.663892e-10	-1.303736e+01	-3.345203e+01
1.580000e-06	-1.727658e-06	-4.558672e-10	-1.256446e+01	-3.287071e+01
1.590000e-06	-1.662492e-06	-4.446240e-10	-1.209054e+01	-3.228804e+01
1.600000e-06	-1.597201e-06	-4.345056e-10	-1.161571e+01	-3.170376e+01
1.610000e-06	-1.531841e-06	-4.248891e-10	-1.114038e+01	-3.111754e+01
1.620000e-06	-1.466336e-06	-4.136556e-10	-1.066399e+01	-3.052894e+01
1.630000e-06	-1.400586e-06	-4.012978e-10	-1.018582e+01	-2.993746e+01
1.640000e-06	-1.334663e-06	-3.925096e-10	-9.706389e+00	-2.934253e+01
1.650000e-06	-1.268663e-06	-3.882630e-10	-9.226404e+00	-2.874349e+01
1.660000e-06	-1.202559e-06	-3.815155e-10	-8.745657e+00	-2.813963e+01
1.670000e-06	-1.136343e-06	-3.703640e-10	-8.264100e+00	-2.753017e+01
1.680000e-06	-1.070029e-06	-3.596475e-10	-7.781827e+00	-2.691429e+01
1.690000e-06	-1.003739e-06	-3.519956e-10	-7.299731e+00	-2.629111e+01
1.700000e-06	-9.374054e-07	-3.451242e-10	-6.817318e+00	-2.565972e+01
1.710000e-06	-8.709898e-07	-3.337249e-10	-6.334308e+00	-2.501918e+01
1.720000e-06	-8.045004e-07	-3.165949e-10	-5.850762e+00	-2.436853e+01
1.730000e-06	-7.378901e-07	-3.017666e-10	-5.366336e+00	-2.370680e+01
1.740000e-06	-6.711825e-07	-2.927644e-10	-4.881202e+00	-2.303302e+01
1.750000e-06	-6.043420e-07	-2.810680e-10	-4.395102e+00	-2.234620e+01
1.760000e-06	-5.374233e-07	-2.680974e-10	-3.908433e+00	-2.164540e+01
1.770000e-06	-4.705346e-07	-2.577845e-10	-3.421982e+00	-2.092969e+01
1.780000e-06	-4.036690e-07	-2.489868e-10	-2.935699e+00	-2.019817e+01
1.790000e-06	-3.367325e-07	-2.409257e-10	-2.448900e+00	-1.944999e+01
1.800000e-06	-2.696962e-07	-2.304946e-10	-1.961376e+00	-1.868434e+01
1.810000e-06	-2.026222e-07	-2.157964e-10	-1.473578e+00	-1.790046e+01
1.820000e-06	-1.355828e-07	-1.994369e-10	-9.860314e-01	-1.709769e+01
1.830000e-06	-6.856072e-08	-1.866371e-10	-4.986106e-01	-1.627539e+01
1.840000e-06	-1.603690e-09	-1.732989e-10	-1.166290e-02	-1.543304e+01
1.850000e-06	6.532734e-08	-1.577665e-10	4.750957e-01	-1.457017e+01
1.860000e-06	1.323147e-07	-1.436450e-10	9.622640e-01	-1.368640e+01
1.870000e-06	1.993235e-07	-1.328055e-10	1.449588e+00	-1.278146e+01
1.880000e-06	2.662700e-07	-1.235027e-10	1.936460e+00	-1.185514e+01
1.890000e-06	3.331653e-07	-1.114515e-10	2.422958e+00	-1.090735e+01
1.900000e-06	4.000407e-07	-9.704751e-11	2.909312e+00	-9.938067e+00
1.910000e-06	4.669199e-07	-8.193184e-11	3.395694e+00	-8.947382e+00
1.920000e-06	5.337945e-07	-6.595539e-11	3.882042e+00	-7.935469e+00
1.930000e-06	6.005982e-07	-4.825546e-11	4.367874e+00	-6.902593e+00
1.940000e-06	6.673317e-07	-3.020017e-11	4.853197e+00	-5.849111e+00
1.950000e-06	7.340401e-07	-1.608809e-11	5.338336e+00	-4.775463e+00
1.960000e-06	8.006768e-07	-4.626300e-12	5.822954e+00	-3.682171e+00
1.970000e-06	8.672136e-07	7.181260e-12	6.306846e+00	-2.569838e+00
1.980000e-06	9.336810e-07	1.854321e-11	6.790232e+00	-1.439135e+00
1.990000e-06	1.000004e-06	2.937767e-11	7.272568e+00	-2.908065e-01
2.000000e-06	1.066257e-06	4.189991e-11	7.754393e+00	8.743443e-01
2.010000e-06	1.132488e-06	5.704516e-11	8.236067e+00	2.055456e+00
2.020000e-06	1.198543e-06	7.405102e-11	8.716456e+00	3.251617e+00
2.030000e-06	1.264467e-06	9.164590e-11	9.195886e+00	4.461873e+00
2.040000e-06	1.330365e-06	1.081107e-10	9.675135e+00	5.685228e+00
2.050000e-06	1.396111e-06	1.230128e-10	1.015327e+01	6.920659e+00
2.060000e-06	1.461701e-06	1.369214e-10	1.063028e+01	8.167114e+00
2.070000e-06	1.527184e-06	1.520973e-10	1.110651e+01	9.423524e+00
2.080000e-06	1.592555e-06	1.692971e-10	1.158192e+01	1.068881e+01
2.090000e-06	1.657825e-06	1.863491e-10	1.205660e+01	1.196188e+01
2.100000e-06	1.722924e-06	2.030220e-10	1.253003e+01	1.324163e+01
2.110000e-06	1.787827e-06	2.213114e-10	1.300204e+01	1.452700e+01
2.120000e-06	1.852561e-06	2.402992e-10	1.347282e+01	1.581688e+01
2.130000e-06	1.917112e-06	2.585326e-10	1.394227e+01	1.711022e+01
2.140000e-06	1.981451e-06	2.780727e-10	1.441019e+01	1.840596e+01
2.150000e-06	2.045584e-06	2.967917e-10	1.487659e+01	1.970306e+01
2.160000e-06	2.109520e-06	3.134186e-10	1.534157e+01	2.100052e+01
2.170000e-06	2.173377e-06	3.317334e-10	1.580597e+01	2.229735e+01
2.180000e-06	2.237174e-06	3.505965e-10	1.626994e+01	2.359259e+01
2.190000e-06	2.300857e-06	3.678811e-10	1.673307e+01	2.488529e+01
2.200000e-06	2.364463e-06	3.844910e-10	1.719565e+01	2.617457e+01
2.210000e-06	2.427936e-06	4.026276e-10	1.765726e+01	2.745953e+01
2.220000e-06	2.491211e-06	4.215264e-10	1.811743e+01	2.873933e+01
2.230000e-06	2.554290e-06	4.414834e-10	1.857618e+01	3.001315e+01
2.240000e-06	2.617222e-06	4.625142e-10	1.903386e+01	3.128020e+01
2.250000e-06	2.680017e-06	4.818628e-10	1.949053e+01	3.253972e+01
2.260000e-06	2.742634e-06	4.994805e-10	1.994592e+01	3.379095e+01
2.270000e-06	2.805061e-06	5.166275e-10	2.039992e+01	3.503319e+01
2.280000e-06	2.867299e-06	5.333790e-10	2.085254e+01	3.626575e+01
2.290000e-06	2.929361e-06	5.502517e-10	2.130390e+01	3.748794e+01
2.300000e-06	2.991236e-06	5.687840e-10	2.175389e+01	3.869913e+01
2.310000e-06	3.052894e-06	5.875985e-10	2.220229e+01	3.989866e+01
2.320000e-06	3.114369e-06	6.056247e-10	2.264937e+01	4.108593e+01
2.330000e-06	3.175654e-06	6.233143e-10	2.309507e+01	4.226033e+01
2.340000e-06	3.236725e-06	6.400701e-10	2.353921e+01	4.342128e+01
2.350000e-06	3.297570e-06	6.556094e-10	2.398171e+01	4.456818e+01
2.360000e-06	3.358143e-06	6.707610e-10	2.442223e+01	4.570049e+01
2.370000e-06	3.418466e-06	6.858281e-10	2.486093e+01	4.681765e+01
2.380000e-06	3.478619e-06	6.995886e-10	2.529840e+01	4.791911e+01
2.390000e-06	3.538608e-06	7.123011e-10	2.573467e+01	4.900435e+01
2.400000e-06	3.598391e-06	7.265375e-10	2.616944e+01	5.007284e+01
2.410000e-06	3.658012e-06	7.414919e-10	2.660304e+01	5.112409e+01
2.420000e-06	3.717478e-06	7.573760e-10	2.703550e+01	5.215760e+01
2.430000e-06	3.776702e-06	7.739893e-10	2.746621e+01	5.317291e+01
2.440000e-06	3.835570e-06	7.888156e-10	2.789433e+01	5.416954e+01
2.450000e-06	3.894020e-06	8.028735e-10	2.831942e+01	5.514707e+01
2.460000e-06	3.952041e-06	8.153810e-10	2.874138e+01	5.610509e+01
2.470000e-06	4.009691e-06	8.266210e-10	2.916064e+01	5.704320e+01
2.480000e-06	4.067044e-06	8.366706e-10	2.957774e+01	5.796104e+01
2.490000e-06	4.123951e-06	8.458238e-10	2.999160e+01	5.885828e+01
2.500000e-06	4.180446e-06	8.569818e-10	3.040246e+01	5.973463e+01
2.510000e-06	4.236613e-06	8.702035e-10	3.081094e+01	6.058982e+01
2.520000e-06	4.292456e-06	8.841388e-10	3.121706e+01	6.142365e+01
2.530000e-06	4.348104e-06	8.984878e-10	3.162176e+01	6.223593e+01
2.540000e-06	4.403472e-06	9.124654e-10	3.202443e+01	6.302654e+01
2.550000e-06	4.458506e-06	9.260998e-10	3.242467e+01	6.379540e+01
2.560000e-06	4.513293e-06	9.380018e-10	3.282311e+01	6.454249e+01
2.570000e-06	4.567824e-06	9.476752e-10	3.321968e+01	6.526782e+01
2.580000e-06	4.622072e-06	9.572005e-10	3.361420e+01	6.597149e+01
2.590000e-06	4.675999e-06	9.658911e-10	3.400639e+01	6.665365e+01
2.600000e-06	4.729615e-06	9.732711e-10	3.439631e+01	6.731448e+01
2.610000e-06	4.782981e-06	9.829743e-10	3.478442e+01	6.795426e+01
2.620000e-06	4.836047e-06	9.940792e-10	3.517035e+01	6.857331e+01
2.630000e-06	4.888672e-06	1.004288e-09	3.555307e+01	6.917200e+01
2.640000e-06	4.940872e-06	1.015211e-09	3.593269e+01	6.975078e+01
2.650000e-06	4.992701e-06	1.025266e-09	3.630962e+01	7.031014e+01
2.660000e-06	5.044059e-06	1.033047e-09	3.668313e+01	7.085064e+01
2.670000e-06	5.094992e-06	1.040410e-09	3.705354e+01	7.137287e+01
2.680000e-06	5.145448e-06	1.048876e-09	3.742048e+01	7.187749e+01
2.690000e-06	5.195343e-06	1.056773e-09	3.778334e+01	7.236520e+01
2.700000e-06	5.244615e-06	1.063662e-09	3.814167e+01	7.283674e+01
2.710000e-06	5.293289e-06	1.071483e-09	3.849565e+01	7.329287e+01
2.720000e-06	5.341617e-06	1.082470e-09	3.884712e+01	7.373439e+01
2.730000e-06	5.389634e-06	1.092203e-09	3.919633e+01	7.416214e+01
2.740000e-06	5.437300e-06	1.101249e-09	3.954299e+01	7.457695e+01
2.750000e-06	5.484604e-06	1.108285e-09	3.988701e+01	7.497969e+01
2.760000e-06	5.531521e-06	1.111267e-09	4.022821e+01	7.537120e+01
2.770000e-06	5.578049e-06	1.115584e-09	4.056658e+01	7.575235e+01
2.780000e-06	5.624190e-06	1.120449e-09	4.090215e+01	7.612399e+01
2.790000e-06	5.669906e-06	1.125674e-09	4.123462e+01	7.648693e+01
2.800000e-06	5.715225e-06	1.130835e-09	4.156421e+01	7.684200e+01
2.810000e-06	5.760193e-06	1.138222e-09	4.189123e+01	7.718995e+01
2.820000e-06	5.804823e-06	1.146933e-09	4.221581e+01	7.753155e+01
2.830000e-06	5.849082e-06	1.157112e-09	4.253768e+01	7.786747e+01
2.840000e-06	5.893040e-06	1.166263e-09	4.285737e+01	7.819836e+01
2.850000e-06	5.936817e-06	1.170546e-09	4.317574e+01	7.852483e+01
2.860000e-06	5.980310e-06	1.171986e-09	4.349205e+01	7.884739e+01
2.870000e-06	6.023433e-06	1.173439e-09	4.380566e+01	7.916652e+01
2.880000e-06	6.066018e-06	1.176019e-09	4.411536e+01	7.948262e+01
2.890000e-06	6.107943e-06	1.181440e-09	4.442026e+01	7.979603e+01
2.900000e-06	6.149139e-06	1.188339e-09	4.471986e+01	8.010699e+01
2.910000e-06	6.189569e-06	1.194738e-09	4.501389e+01	8.041570e+01
2.920000e-06	6.229509e-06	1.201801e-09	4.530436e+01	8.072227e+01
2.930000e-06	6.269215e-06	1.207015e-09	4.559312e+01	8.102674e+01
2.940000e-06	6.308654e-06	1.208745e-09	4.587994e+01	8.132907e+01
2.950000e-06	6.347705e-06	1.211251e-09	4.616394e+01	8.162916e+01
2.960000e-06	6.386335e-06	1.215732e-09	4.644488e+01	8.192684e+01
2.970000e-06	6.424540e-06	1.222461e-09	4.672272e+01	8.222187e+01
2.980000e-06	6.462290e-06	1.227542e-09	4.699726e+01	8.251396e+01
2.990000e-06	6.499606e-06	1.231720e-09	4.726865e+01	8.280277e+01
3.000000e-06	6.536434e-06	1.238043e-09	4.753648e+01	8.308790e+01
3.010000e-06	6.572804e-06	1.243848e-09	4.780098e+01	8.336892e+01
3.020000e-06	6.608828e-06	1.247831e-09	4.806297e+01	8.364535e+01
3.030000e-06	6.644529e-06	1.251022e-09	4.832260e+01	8.391671e+01
3.040000e-06	6.679947e-06	1.254428e-09	4.858018e+01	8.418248e+01
3.050000e-06	6.714899e-06	1.259319e-09	4.883437e+01	8.444213e+01
3.060000e-06	6.749113e-06	1.264182e-09	4.908319e+01	8.469515e+01
3.070000e-06	6.782463e-06	1.265873e-09	4.932573e+01	8.494102e+01
3.080000e-06	6.815032e-06	1.267727e-09	4.956260e+01	8.517924e+01
3.090000e-06	6.847116e-06	1.272194e-09	4.979592e+01	8.540932e+01
3.100000e-06	6.878873e-06	1.277195e-09	5.002688e+01	8.563083e+01
3.110000e-06	6.910339e-06	1.279610e-09	5.025572e+01	8.584337e+01
3.120000e-06	6.941460e-06	1.283612e-09	5.048204e+01	8.604656e+01
3.130000e-06	6.972100e-06	1.291832e-09	5.070488e+01	8.624013e+01
3.140000e-06	7.002191e-06	1.298109e-09	5.092372e+01	8.642382e+01
3.150000e-06	7.031758e-06	1.297891e-09	5.113874e+01	8.659745e+01
3.160000e-06	7.060850e-06	1.299661e-09	5.135032e+01	8.676093e+01
3.170000e-06	7.089465e-06	1.304576e-09	5.155842e+01	8.691422e+01
3.180000e-06	7.117666e-06	1.309218e-09	5.176351e+01	8.705738e+01
3.190000e-06	7.145588e-06	1.312749e-09	5.196658e+01	8.719053e+01
3.200000e-06	7.173190e-06	1.315639e-09	5.216731e+01	8.731388e+01
3.210000e-06	7.200305e-06	1.318060e-09	5.236451e+01	8.742772e+01
3.220000e-06	7.226698e-06	1.321404e-09	5.255645e+01	8.753241e+01
3.230000e-06	7.252176e-06	1.325396e-09	5.274174e+01	8.762839e+01
3.240000e-06	7.276869e-06	1.329429e-09	5.292132e+01	8.771620e+01
3.250000e-06	7.301115e-06	1.332715e-09	5.309765e+01	8.779640e+01
3.260000e-06	7.324952e-06	1.334628e-09	5.327101e+01	8.786965e+01
3.270000e-06	7.348308e-06	1.335501e-09	5.344086e+01	8.793665e+01
3.280000e-06	7.371132e-06	1.336331e-09	5.360685e+01	8.799816e+01
3.290000e-06	7.393439e-06	1.336592e-09	5.376908e+01	8.805496e+01
3.300000e-06	7.415301e-06	1.337987e-09	5.392807e+01	8.810789e+01
3.310000e-06	7.436712e-06	1.340345e-09	5.408379e+01	8.815780e+01
3.320000e-06	7.457623e-06	1.341150e-09	5.423586e+01	8.820553e+01
3.330000e-06	7.477987e-06	1.346136e-09	5.438396e+01	8.825196e+01
3.340000e-06	7.497985e-06	1.349054e-09	5.452940e+01	8.829794e+01
3.350000e-06	7.517621e-06	1.350325e-09	5.467220e+01	8.834430e+01
3.360000e-06	7.536733e-06	1.352240e-09	5.481119e+01	8.839183e+01
3.370000e-06	7.555293e-06	1.353506e-09	5.494618e+01	8.844129e+01
3.380000e-06	7.573225e-06	1.356962e-09	5.507658e+01	8.849339e+01
3.390000e-06	7.590519e-06	1.357462e-09	5.520235e+01	8.854875e+01
3.400000e-06	7.607441e-06	1.357166e-09	5.532542e+01	8.860795e+01
3.410000e-06	7.623989e-06	1.359469e-09	5.544577e+01	8.867145e+01
3.420000e-06	7.639933e-06	1.364118e-09	5.556172e+01	8.873964e+01
3.430000e-06	7.655307e-06	1.366665e-09	5.567353e+01	8.881281e+01
3.440000e-06	7.670002e-06	1.364398e-09	5.578040e+01	8.889111e+01
3.450000e-06	7.683910e-06	1.363926e-09	5.588155e+01	8.897462e+01
3.460000e-06	7.697222e-06	1.366298e-09	5.597836e+01	8.906326e+01
3.470000e-06	7.709998e-06	1.369873e-09	5.607127e+01	8.915686e+01
3.480000e-06	7.722231e-06	1.371279e-09	5.616024e+01	8.925509e+01
3.490000e-06	7.733982e-06	1.369377e-09	5.624570e+01	8.935753e+01
3.500000e-06	7.745200e-06	1.370374e-09	5.632728e+01	8.946361e+01
3.510000e-06	7.755692e-06	1.373179e-09	5.640358e+01	8.957263e+01
3.520000e-06	7.765198e-06	1.376527e-09	5.647272e+01	8.968378e+01
3.530000e-06	7.773784e-06	1.381016e-09	5.653515e+01	8.979614e+01
3.540000e-06	7.781839e-06	1.385132e-09	5.659374e+01	8.990867e+01
3.550000e-06	7.789627e-06	1.389099e-09	5.665037e+01	9.002021e+01
3.560000e-06	7.797124e-06	1.392532e-09	5.670490e+01	9.012953e+01
3.570000e-06	7.804048e-06	1.393940e-09	5.675525e+01	9.023530e+01
3.580000e-06	7.810369e-06	1.395683e-09	5.680122e+01	9.033611e+01
3.590000e-06	7.816259e-06	1.397514e-09	5.684406e+01	9.043051e+01
3.600000e-06	7.821527e-06	1.397689e-09	5.688237e+01	9.051698e+01
3.610000e-06	7.826048e-06	1.398209e-09	5.691525e+01	9.059397e+01
3.620000e-06	7.830073e-06	1.399374e-09	5.694452e+01	9.065991e+01
3.630000e-06	7.833800e-06	1.403346e-09	5.697163e+01	9.071321e+01
3.640000e-06	7.837208e-06	1.407555e-09	5.699641e+01	9.075230e+01
3.650000e-06	7.840000e-06	1.408255e-09	5.701672e+01	9.077563e+01
3.660000e-06	7.841921e-06	1.407179e-09	5.703069e+01	9.078171e+01
3.670000e-06	7.843010e-06	1.407793e-09	5.703861e+01	9.076906e+01
3.680000e-06	7.843408e-06	1.408719e-09	5.704150e+01	9.073632e+01
3.690000e-06	7.843320e-06	1.409135e-09	5.704086e+01	9.068217e+01
3.700000e-06	7.842897e-06	1.410801e-09	5.703778e+01	9.060544e+01
3.710000e-06	7.842023e-06	1.413220e-09	5.703143e+01	9.050502e+01
3.720000e-06	7.840573e-06	1.411366e-09	5.702088e+01	9.037996e+01
3.730000e-06	7.838645e-06	1.406948e-09	5.700686e+01	9.022944e+01
3.740000e-06	7.836290e-06	1.406530e-09	5.698973e+01	9.005279e+01
3.750000e-06	7.833472e-06	1.411373e-09	5.696924e+01	8.984950e+01
3.760000e-06	7.830147e-06	1.431204e-09	5.694506e+01	8.961921e+01
3.770000e-06	7.826376e-06	1.472680e-09	5.691763e+01	8.936174e+01
3.780000e-06	7.822272e-06	1.450396e-09	5.688779e+01	8.907711e+01
3.790000e-06	7.817600e-06	1.290720e-09	5.685381e+01	8.876548e+01
3.800000e-06	7.811699e-06	1.176524e-09	5.681089e+01	8.842723e+01
3.810000e-06	7.804405e-06	1.362886e-09	5.675785e+01	8.806289e+01
3.820000e-06	7.796451e-06	1.719551e-09	5.670000e+01	8.767319e+01
3.830000e-06	7.788512e-06	1.670059e-09	5.664226e+01	8.725903e+01
3.840000e-06	7.780444e-06	1.216785e-09	5.658359e+01	8.682149e+01
3.850000e-06	7.771580e-06	1.136435e-09	5.651913e+01	8.636180e+01
3.860000e-06	7.762005e-06	1.509056e-09	5.644949e+01	8.588136e+01
3.870000e-06	7.752490e-06	1.559592e-09	5.638029e+01	8.538170e+01
3.880000e-06	7.742806e-06	1.272562e-09	5.630987e+01	8.486451e+01
3.890000e-06	7.731954e-06	1.094529e-09	5.623095e+01	8.433157e+01
3.900000e-06	7.720232e-06	1.131443e-09	5.614570e+01	8.378478e+01
3.910000e-06	7.708696e-06	1.413606e-09	5.606180e+01	8.322616e+01
3.920000e-06	7.696793e-06	1.609938e-09	5.597524e+01	8.265777e+01
3.930000e-06	7.683341e-06	1.258861e-09	5.587741e+01	8.208174e+01
3.940000e-06	7.669036e-06	8.258467e-10	5.577337e+01	8.150026e+01
3.950000e-06	7.654896e-06	1.155758e-09	5.567054e+01	8.091552e+01
3.960000e-06	7.640040e-06	1.528114e-09	5.556250e+01	8.032974e+01
3.970000e-06	7.624049e-06	1.121922e-09	5.544621e+01	7.974511e+01
3.980000e-06	7.607656e-06	8.603780e-10	5.532698e+01	7.916379e+01
3.990000e-06	7.590918e-06	1.338025e-09	5.520526e+01	7.858792e+01
4.000000e-06	7.573510e-06	1.394839e-09	5.507866e+01	7.801954e+01
4.010000e-06	7.555476e-06	8.332262e-10	5.494750e+01	7.746063e+01
4.020000e-06	7.536962e-06	8.914535e-10	5.481286e+01	7.691306e+01
4.030000e-06	7.517889e-06	1.264329e-09	5.467415e+01	7.637860e+01
4.040000e-06	7.498299e-06	1.067293e-09	5.453168e+01	7.585887e+01
4.050000e-06	7.478375e-06	1.050223e-09	5.438678e+01	7.535539e+01
4.060000e-06	7.458206e-06	1.328545e-09	5.424011e+01	7.486948e+01
4.070000e-06	7.437515e-06	1.089936e-09	5.408962e+01	7.440234e+01
4.080000e-06	7.416020e-06	9.297066e-10	5.393330e+01	7.395496e+01
4.090000e-06	7.394002e-06	1.314004e-09	5.377317e+01	7.352820e+01
4.100000e-06	7.371465e-06	1.312552e-09	5.360927e+01	7.312269e+01
4.110000e-06	7.348066e-06	8.283976e-10	5.343911e+01	7.273890e+01
4.120000e-06	7.323964e-06	8.659349e-10	5.326382e+01	7.237711e+01
4.130000e-06	7.299606e-06	1.317022e-09	5.308667e+01	7.203741e+01
4.140000e-06	7.274783e-06	1.277405e-09	5.290615e+01	7.171970e+01
4.150000e-06	7.249156e-06	8.473734e-10	5.271978e+01	7.142371e+01
4.160000e-06	7.223110e-06	9.042105e-10	5.253035e+01	7.114897e+01
4.170000e-06	7.196773e-06	1.276732e-09	5.233882e+01	7.089485e+01
4.180000e-06	7.169781e-06	1.168419e-09	5.214252e+01	7.066057e+01
4.190000e-06	7.142203e-06	8.848860e-10	5.194196e+01	7.044519e+01
4.200000e-06	7.114350e-06	1.033721e-09	5.173939e+01	7.024761e+01
4.210000e-06	7.086189e-06	1.150994e-09	5.153459e+01	7.006662e+01
4.220000e-06	7.057567e-06	1.013810e-09	5.132644e+01	6.990089e+01
4.230000e-06	7.028404e-06	1.041446e-09	5.111435e+01	6.974898e+01
4.240000e-06	6.998527e-06	1.096190e-09	5.089707e+01	6.960939e+01
4.250000e-06	6.967748e-06	9.860760e-10	5.067322e+01	6.948051e+01
4.260000e-06	6.936274e-06	1.015968e-09	5.044433e+01	6.936070e+01
4.270000e-06	6.904377e-06	1.142724e-09	5.021236e+01	6.924828e+01
4.280000e-06	6.872075e-06	1.061429e-09	4.997744e+01	6.914154e+01
4.290000e-06	6.839388e-06	9.374719e-10	4.973972e+01	6.903877e+01
4.300000e-06	6.806306e-06	1.023129e-09	4.949913e+01	6.893826e+01
4.310000e-06	6.772800e-06	1.141315e-09	4.925546e+01	6.883836e+01
4.320000e-06	6.738845e-06	1.045533e-09	4.900852e+01	6.873741e+01
4.330000e-06	6.704418e-06	9.329675e-10	4.875815e+01	6.863385e+01
4.340000e-06	6.669597e-06	1.027466e-09	4.850491e+01	6.852618e+01
4.350000e-06	6.634283e-06	1.116542e-09	4.824809e+01	6.841297e+01
4.360000e-06	6.598479e-06	1.017871e-09	4.798771e+01	6.829289e+01
4.370000e-06	6.562378e-06	9.577522e-10	4.772516e+01	6.816472e+01
4.380000e-06	6.525975e-06	1.025143e-09	4.746042e+01	6.802737e+01
4.390000e-06	6.488961e-06	1.044411e-09	4.719123e+01	6.787984e+01
4.400000e-06	6.451156e-06	9.978995e-10	4.691629e+01	6.772128e+01
4.410000e-06	6.412727e-06	1.005760e-09	4.663681e+01	6.755096e+01
4.420000e-06	6.373716e-06	1.015919e-09	4.635311e+01	6.736831e+01
4.430000e-06	6.334201e-06	9.911295e-10	4.606573e+01	6.717287e+01
4.440000e-06	6.294333e-06	1.010566e-09	4.577579e+01	6.696435e+01
4.450000e-06	6.254161e-06	1.030773e-09	4.548364e+01	6.674256e+01
4.460000e-06	6.213616e-06	9.757540e-10	4.518878e+01	6.650749e+01
4.470000e-06	6.172572e-06	9.532131e-10	4.489027e+01	6.625922e+01
4.480000e-06	6.131091e-06	1.008582e-09	4.458860e+01	6.599799e+01
4.490000e-06	6.089259e-06	1.013005e-09	4.428438e+01	6.572412e+01
4.500000e-06	6.046946e-06	9.484245e-10	4.397665e+01	6.543809e+01
4.510000e-06	6.004118e-06	9.443875e-10	4.366519e+01	6.514043e+01
4.520000e-06	5.960912e-06	1.001649e-09	4.335097e+01	6.483181e+01
4.530000e-06	5.917369e-06	1.000386e-09	4.303431e+01	6.451295e+01
4.540000e-06	5.873529e-06	9.464207e-10	4.271548e+01	6.418464e+01
4.550000e-06	5.829401e-06	9.401380e-10	4.239456e+01	6.384776e+01
4.560000e-06	5.784948e-06	9.769137e-10	4.207127e+01	6.350320e+01
4.570000e-06	5.740195e-06	9.764004e-10	4.174580e+01	6.315189e+01
4.580000e-06	5.695066e-06	9.428477e-10	4.141759e+01	6.279480e+01
4.590000e-06	5.649399e-06	9.311173e-10	4.108548e+01	6.243290e+01
4.600000e-06	5.603278e-06	9.414913e-10	4.075006e+01	6.206713e+01
4.610000e-06	5.556840e-06	9.415027e-10	4.041234e+01	6.169845e+01
4.620000e-06	5.510045e-06	9.353613e-10	4.007203e+01	6.132777e+01
4.630000e-06	5.462868e-06	9.227049e-10	3.972893e+01	6.095597e+01
4.640000e-06	5.415257e-06	9.069148e-10	3.938267e+01	6.058387e+01
4.650000e-06	5.367208e-06	9.129427e-10	3.903324e+01	6.021224e+01
4.660000e-06	5.318808e-06	9.289785e-10	3.868125e+01	5.984177e+01
4.670000e-06	5.269949e-06	9.102758e-10	3.832592e+01	5.947310e+01
4.680000e-06	5.220574e-06	8.757145e-10	3.796684e+01	5.910675e+01
4.690000e-06	5.170864e-06	8.812293e-10	3.760531e+01	5.874318e+01
4.700000e-06	5.120732e-06	9.040022e-10	3.724073e+01	5.838275e+01
4.710000e-06	5.070168e-06	8.895530e-10	3.687300e+01	5.802572e+01
4.720000e-06	5.019393e-06	8.631590e-10	3.650373e+01	5.767226e+01
4.730000e-06	4.968268e-06	8.684074e-10	3.613193e+01	5.732244e+01
4.740000e-06	4.916657e-06	8.842315e-10	3.575659e+01	5.697624e+01
4.750000e-06	4.864645e-06	8.777077e-10	3.537832e+01	5.663353e+01
4.760000e-06	4.812244e-06	8.605047e-10	3.499723e+01	5.629410e+01
4.770000e-06	4.759377e-06	8.545318e-10	3.461276e+01	5.595765e+01
4.780000e-06	4.705955e-06	8.542386e-10	3.422425e+01	5.562379e+01
4.790000e-06	4.651938e-06	8.509060e-10	3.383141e+01	5.529206e+01
4.800000e-06	4.597428e-06	8.472773e-10	3.343498e+01	5.496194e+01
4.810000e-06	4.542618e-06	8.393847e-10	3.303637e+01	5.463283e+01
4.820000e-06	4.487498e-06	8.324303e-10	3.263551e+01	5.430409e+01
4.830000e-06	4.432039e-06	8.363202e-10	3.223218e+01	5.397503e+01
4.840000e-06	4.376294e-06	8.424136e-10	3.182677e+01	5.364493e+01
4.850000e-06	4.320305e-06	8.338758e-10	3.141959e+01	5.331303e+01
4.860000e-06	4.264048e-06	8.202807e-10	3.101046e+01	5.297857e+01
4.870000e-06	4.207563e-06	8.188194e-10	3.059967e+01	5.264077e+01
4.880000e-06	4.150787e-06	8.188419e-10	3.018676e+01	5.229888e+01
4.890000e-06	4.093695e-06	8.064243e-10	2.977156e+01	5.195215e+01
4.900000e-06	4.036370e-06	7.948614e-10	2.935466e+01	5.159983e+01
4.910000e-06	3.978816e-06	7.969321e-10	2.893610e+01	5.124123e+01
4.920000e-06	3.920999e-06	7.989027e-10	2.851562e+01	5.087570e+01
4.930000e-06	3.862839e-06	7.915575e-10	2.809266e+01	5.050263e+01
4.940000e-06	3.804371e-06	7.849632e-10	2.766744e+01	5.012146e+01
4.950000e-06	3.745597e-06	7.833339e-10	2.724001e+01	4.973170e+01
4.960000e-06	3.686570e-06	7.794593e-10	2.681073e+01	4.933293e+01
4.970000e-06	3.627333e-06	7.731396e-10	2.637993e+01	4.892479e+01
4.980000e-06	3.567892e-06	7.667612e-10	2.594764e+01	4.850700e+01
4.990000e-06	3.508207e-06	7.570532e-10	2.551357e+01	4.807935e+01
5.000000e-06	3.448335e-06	7.507676e-10	2.507815e+01	4.764172e+01
5.010000e-06	3.388340e-06	7.489791e-10	2.464184e+01	4.719407e+01
5.020000e-06	3.328157e-06	7.435727e-10	2.420416e+01	4.673641e+01
5.030000e-06	3.267772e-06	7.346267e-10	2.376500e+01	4.626886e+01
5.040000e-06	3.207132e-06	7.283598e-10	2.332400e+01	4.579160e+01
5.050000e-06	3.146176e-06	7.260551e-10	2.288069e+01	4.530487e+01
5.060000e-06	3.084935e-06	7.188608e-10	2.243531e+01	4.480897e+01
5.070000e-06	3.023412e-06	7.088359e-10	2.198789e+01	4.430429e+01
5.080000e-06	2.961482e-06	7.027087e-10	2.153750e+01	4.379125e+01
5.090000e-06	2.899258e-06	6.980033e-10	2.108497e+01	4.327030e+01
5.100000e-06	2.836877e-06	6.868257e-10	2.063130e+01	4.274196e+01
5.110000e-06	2.774151e-06	6.744697e-10	2.017512e+01	4.220676e+01
5.120000e-06	2.711144e-06	6.695568e-10	1.971690e+01	4.166525e+01
5.130000e-06	2.648048e-06	6.650275e-10	1.925803e+01	4.111801e+01
5.140000e-06	2.584840e-06	6.544247e-10	1.879835e+01	4.056561e+01
5.150000e-06	2.521433e-06	6.445750e-10	1.833722e+01	4.000860e+01
5.160000e-06	2.457890e-06	6.402260e-10	1.787510e+01	3.944755e+01
5.170000e-06	2.394234e-06	6.339669e-10	1.741216e+01	3.888298e+01
5.180000e-06	2.330342e-06	6.231432e-10	1.694751e+01	3.831538e+01
5.190000e-06	2.266268e-06	6.134391e-10	1.648153e+01	3.774522e+01
5.200000e-06	2.202044e-06	6.033378e-10	1.601445e+01	3.717290e+01
5.210000e-06	2.137594e-06	5.925849e-10	1.554574e+01	3.659877e+01
5.220000e-06	2.072994e-06	5.866669e-10	1.507593e+01	3.602312e+01
5.230000e-06	2.008280e-06	5.805559e-10	1.460529e+01	3.544618e+01
5.240000e-06	1.943430e-06	5.679239e-10	1.413368e+01	3.486811e+01
5.250000e-06	1.878535e-06	5.563376e-10	1.366172e+01	3.428896e+01
5.260000e-06	1.813531e-06	5.514324e-10	1.318898e+01	3.370875e+01
5.270000e-06	1.748413e-06	5.460185e-10	1.271540e+01	3.312738e+01
5.280000e-06	1.683202e-06	5.364181e-10	1.224115e+01	3.254469e+01
5.290000e-06	1.617866e-06	5.239561e-10	1.176600e+01	3.196041e+01
5.300000e-06	1.552420e-06	5.124188e-10	1.129004e+01	3.137422e+01
5.310000e-06	1.486846e-06	5.065374e-10	1.081315e+01	3.078569e+01
5.320000e-06	1.421162e-06	5.013335e-10	1.033546e+01	3.019432e+01
5.330000e-06	1.355338e-06	4.881842e-10	9.856750e+00	2.959956e+01
5.340000e-06	1.289439e-06	4.737703e-10	9.377500e+00	2.900074e+01
5.350000e-06	1.223533e-06	4.683298e-10	8.898195e+00	2.839716e+01
5.360000e-06	1.157525e-06	4.654887e-10	8.418148e+00	2.778805e+01
5.370000e-06	1.091426e-06	4.549591e-10	7.937436e+00	2.717259e+01
5.380000e-06	1.025303e-06	4.399065e-10	7.456554e+00	2.654991e+01
5.390000e-06	9.591228e-07	4.289351e-10	6.975259e+00	2.591909e+01
5.400000e-06	8.928280e-07	4.227244e-10	6.493128e+00	2.527921e+01
5.410000e-06	8.264746e-07	4.138131e-10	6.010570e+00	2.462929e+01
5.420000e-06	7.600854e-07	3.995571e-10	5.527752e+00	2.396837e+01
5.430000e-06	6.936771e-07	3.864577e-10	5.044795e+00	2.329548e+01
5.440000e-06	6.272493e-07	3.785045e-10	4.561696e+00	2.260964e+01
5.450000e-06	5.607517e-07	3.708264e-10	4.078089e+00	2.190990e+01
5.460000e-06	4.941524e-07	3.576975e-10	3.593743e+00	2.119532e+01
5.470000e-06	4.274343e-07	3.416172e-10	3.108533e+00	2.046500e+01
5.480000e-06	3.606986e-07	3.284074e-10	2.623195e+00	1.971809e+01
5.490000e-06	2.939813e-07	3.172360e-10	2.137991e+00	1.895378e+01
5.500000e-06	2.272132e-07	3.049037e-10	1.652417e+00	1.817130e+01
5.510000e-06	1.603954e-07	2.918449e-10	1.166482e+00	1.736998e+01
5.520000e-06	9.365800e-08	2.799954e-10	6.811315e-01	1.654919e+01
5.530000e-06	2.695106e-08	2.688560e-10	1.960027e-01	1.570838e+01
5.540000e-06	-3.978811e-08	2.541805e-10	-2.893606e-01	1.484708e+01
5.550000e-06	-1.064624e-07	2.364109e-10	-7.742521e-01	1.396493e+01
5.560000e-06	-1.731500e-07	2.224460e-10	-1.259240e+00	1.306161e+01
5.570000e-06	-2.399270e-07	2.130685e-10	-1.744879e+00	1.213693e+01
5.580000e-06	-3.067218e-07	2.018373e-10	-2.230647e+00	1.119078e+01
5.590000e-06	-3.734138e-07	1.864206e-10	-2.715667e+00	1.022314e+01
5.600000e-06	-4.399949e-07	1.694428e-10	-3.199881e+00	9.234091e+00
5.610000e-06	-5.066014e-07	1.532366e-10	-3.684279e+00	8.223791e+00
5.620000e-06	-5.732266e-07	1.371040e-10	-4.168813e+00	7.192504e+00
5.630000e-06	-6.398222e-07	1.205473e-10	-4.653133e+00	6.140576e+00
5.640000e-06	-7.063239e-07	1.053604e-10	-5.136769e+00	5.068443e+00
5.650000e-06	-7.726990e-07	8.943988e-11	-5.619484e+00	3.976620e+00
5.660000e-06	-8.389791e-07	7.350202e-11	-6.101509e+00	2.865701e+00
5.670000e-06	-9.051893e-07	5.837596e-11	-6.583026e+00	1.736355e+00
5.680000e-06	-9.714121e-07	4.026883e-11	-7.064633e+00	5.893187e-01
5.690000e-06	-1.037575e-06	1.899232e-11	-7.545803e+00	-5.746092e-01
5.700000e-06	-1.103613e-06	-1.556582e-12	-8.026069e+00	-1.754572e+00
5.710000e-06	-1.169597e-06	-1.935001e-11	-8.505939e+00	-2.949662e+00
5.720000e-06	-1.235500e-06	-3.815974e-11	-8.985222e+00	-4.158927e+00
5.730000e-06	-1.301268e-06	-5.899837e-11	-9.463522e+00	-5.381376e+00
5.740000e-06	-1.367020e-06	-7.982526e-11	-9.941709e+00	-6.615987e+00
5.750000e-06	-1.432725e-06	-9.881303e-11	-1.041955e+01	-7.861711e+00
5.760000e-06	-1.498268e-06	-1.191474e-10	-1.089622e+01	-9.117480e+00
5.770000e-06	-1.563656e-06	-1.405562e-10	-1.137175e+01	-1.038221e+01
5.780000e-06	-1.628920e-06	-1.624750e-10	-1.184639e+01	-1.165482e+01
5.790000e-06	-1.694117e-06	-1.832506e-10	-1.232054e+01	-1.293421e+01
5.800000e-06	-1.759250e-06	-2.025417e-10	-1.279422e+01	-1.421929e+01
5.810000e-06	-1.824221e-06	-2.230840e-10	-1.326672e+01	-1.550899e+01
5.820000e-06	-1.889030e-06	-2.465906e-10	-1.373805e+01	-1.680222e+01
5.830000e-06	-1.953798e-06	-2.705962e-10	-1.420908e+01	-1.809795e+01
5.840000e-06	-2.018456e-06	-2.923703e-10	-1.467930e+01	-1.939513e+01
5.850000e-06	-2.082982e-06	-3.122021e-10	-1.514857e+01	-2.069274e+01
5.860000e-06	-2.147345e-06	-3.320768e-10	-1.561665e+01	-2.198981e+01
5.870000e-06	-2.211549e-06	-3.532294e-10	-1.608358e+01	-2.328536e+01
5.880000e-06	-2.275728e-06	-3.775869e-10	-1.655032e+01	-2.457846e+01
5.890000e-06	-2.339782e-06	-4.040695e-10	-1.701616e+01	-2.586820e+01
5.900000e-06	-2.403610e-06	-4.287685e-10	-1.748035e+01	-2.715370e+01
5.910000e-06	-2.467209e-06	-4.513269e-10	-1.794288e+01	-2.843411e+01
5.920000e-06	-2.530578e-06	-4.750849e-10	-1.840373e+01	-2.970861e+01
5.930000e-06	-2.593794e-06	-5.001838e-10	-1.886347e+01	-3.097640e+01
5.940000e-06	-2.656820e-06	-5.215100e-10	-1.932183e+01	-3.223672e+01
5.950000e-06	-2.719641e-06	-5.412642e-10	-1.977870e+01	-3.348881e+01
5.960000e-06	-2.782251e-06	-5.625491e-10	-2.023404e+01	-3.473198e+01
5.970000e-06	-2.844589e-06	-5.865198e-10	-2.068739e+01	-3.596551e+01
5.980000e-06	-2.906621e-06	-6.103075e-10	-2.113852e+01	-3.718874e+01
5.990000e-06	-2.968334e-06	-6.342064e-10	-2.158733e+01	-3.840101e+01
6.000000e-06	-3.029694e-06	-6.563884e-10	-2.203357e+01	-3.960169e+01
6.010000e-06	-3.090785e-06	-6.767993e-10	-2.247786e+01	-4.079015e+01
6.020000e-06	-3.151697e-06	-6.968499e-10	-2.292084e+01	-4.196580e+01
6.030000e-06	-3.212456e-06	-7.166129e-10	-2.336272e+01	-4.312803e+01
6.040000e-06	-3.272964e-06	-7.334991e-10	-2.380277e+01	-4.427628e+01
6.050000e-06	-3.333182e-06	-7.506126e-10	-2.424070e+01	-4.540997e+01
6.060000e-06	-3.393247e-06	-7.685783e-10	-2.467753e+01	-4.652856e+01
6.070000e-06	-3.453093e-06	-7.862158e-10	-2.511276e+01	-4.763149e+01
6.080000e-06	-3.512668e-06	-8.046021e-10	-2.554602e+01	-4.871825e+01
6.090000e-06	-3.571954e-06	-8.197466e-10	-2.597718e+01	-4.978830e+01
6.100000e-06	-3.631098e-06	-8.357248e-10	-2.640731e+01	-5.084116e+01
6.110000e-06	-3.690145e-06	-8.534821e-10	-2.683673e+01	-5.187631e+01
6.120000e-06	-3.748902e-06	-8.688640e-10	-2.726404e+01	-5.289330e+01
6.130000e-06	-3.807337e-06	-8.813334e-10	-2.768901e+01	-5.389165e+01
6.140000e-06	-3.865488e-06	-8.953627e-10	-2.811192e+01	-5.487094e+01
6.150000e-06	-3.923285e-06	-9.107286e-10	-2.853225e+01	-5.583074e+01
6.160000e-06	-3.980834e-06	-9.250939e-10	-2.895078e+01	-5.677067e+01
6.170000e-06	-4.038201e-06	-9.368951e-10	-2.936798e+01	-5.769036e+01
6.180000e-06	-4.095271e-06	-9.487686e-10	-2.978302e+01	-5.858948e+01
6.190000e-06	-4.152047e-06	-9.604949e-10	-3.019593e+01	-5.946772e+01
6.200000e-06	-4.208504e-06	-9.729693e-10	-3.060651e+01	-6.032484e+01
6.210000e-06	-4.264689e-06	-9.851554e-10	-3.101512e+01	-6.116060e+01
6.220000e-06	-4.320689e-06	-9.958581e-10	-3.142239e+01	-6.197483e+01
6.230000e-06	-4.376455e-06	-1.006512e-09	-3.182794e+01	-6.276739e+01
6.240000e-06	-4.431937e-06	-1.017500e-09	-3.223144e+01	-6.353822e+01
6.250000e-06	-4.487026e-06	-1.028832e-09	-3.263207e+01	-6.428726e+01
6.260000e-06	-4.541640e-06	-1.039911e-09	-3.302926e+01	-6.501455e+01
6.270000e-06	-4.595896e-06	-1.050118e-09	-3.342384e+01	-6.572017e+01
6.280000e-06	-4.649849e-06	-1.058245e-09	-3.381621e+01	-6.640426e+01
6.290000e-06	-4.703292e-06	-1.064771e-09	-3.420488e+01	-6.706701e+01
6.300000e-06	-4.756090e-06	-1.072311e-09	-3.458885e+01	-6.770868e+01
6.310000e-06	-4.808443e-06	-1.081493e-09	-3.496959e+01	-6.832958e+01
6.320000e-06	-4.860498e-06	-1.090767e-09	-3.534817e+01	-6.893010e+01
6.330000e-06	-4.912248e-06	-1.099837e-09	-3.572452e+01	-6.951067e+01
6.340000e-06	-4.963597e-06	-1.108688e-09	-3.609796e+01	-7.007177e+01
6.350000e-06	-5.014491e-06	-1.119305e-09	-3.646809e+01	-7.061397e+01
6.360000e-06	-5.065041e-06	-1.130083e-09	-3.683572e+01	-7.113785e+01
6.370000e-06	-5.115248e-06	-1.140115e-09	-3.720085e+01	-7.164406e+01
6.380000e-06	-5.164966e-06	-1.147167e-09	-3.756242e+01	-7.213330e+01
6.390000e-06	-5.214170e-06	-1.153615e-09	-3.792026e+01	-7.260630e+01
6.400000e-06	-5.262893e-06	-1.161910e-09	-3.827460e+01	-7.306383e+01
6.410000e-06	-5.311032e-06	-1.172161e-09	-3.862469e+01	-7.350668e+01
6.420000e-06	-5.358691e-06	-1.181388e-09	-3.897130e+01	-7.393570e+01
6.430000e-06	-5.405987e-06	-1.191945e-09	-3.931526e+01	-7.435170e+01
6.440000e-06	-5.452833e-06	-1.203536e-09	-3.965595e+01	-7.475556e+01
6.450000e-06	-5.499345e-06	-1.211659e-09	-3.999421e+01	-7.514812e+01
6.460000e-06	-5.545637e-06	-1.216046e-09	-4.033086e+01	-7.553025e+01
6.470000e-06	-5.591594e-06	-1.218572e-09	-4.066509e+01	-7.590279e+01
6.480000e-06	-5.637158e-06	-1.222284e-09	-4.099646e+01	-7.626657e+01
6.490000e-06	-5.682300e-06	-1.227979e-09	-4.132476e+01	-7.662241e+01
6.500000e-06	-5.726961e-06	-1.233253e-09	-4.164955e+01	-7.697108e+01
6.510000e-06	-5.771322e-06	-1.237579e-09	-4.197217e+01	-7.731332e+01
6.520000e-06	-5.815453e-06	-1.243260e-09	-4.229311e+01	-7.764984e+01
6.530000e-06	-5.859320e-06	-1.249693e-09	-4.261214e+01	-7.798127e+01
6.540000e-06	-5.902861e-06	-1.255813e-09	-4.292879e+01	-7.830823e+01
6.550000e-06	-5.946056e-06	-1.260430e-09	-4.324293e+01	-7.863125e+01
6.560000e-06	-5.988913e-06	-1.264283e-09	-4.355461e+01	-7.895080e+01
6.570000e-06	-6.031364e-06	-1.268703e-09	-4.386334e+01	-7.926729e+01
6.580000e-06	-6.073383e-06	-1.273711e-09	-4.416892e+01	-7.958105e+01
6.590000e-06	-6.114961e-06	-1.277596e-09	-4.447130e+01	-7.989236e+01
6.600000e-06	-6.156087e-06	-1.277855e-09	-4.477039e+01	-8.020140e+01
6.610000e-06	-6.196772e-06	-1.277968e-09	-4.506627e+01	-8.050829e+01
6.620000e-06	-6.237202e-06	-1.282542e-09	-4.536030e+01	-8.081308e+01
6.630000e-06	-6.277281e-06	-1.288418e-09	-4.565178e+01	-8.111574e+01
6.640000e-06	-6.316938e-06	-1.293791e-09	-4.594019e+01	-8.141616e+01
6.650000e-06	-6.356274e-06	-1.298322e-09	-4.622626e+01	-8.171420e+01
6.660000e-06	-6.395082e-06	-1.302893e-09	-4.650849e+01	-8.200961e+01
6.670000e-06	-6.433177e-06	-1.307357e-09	-4.678554e+01	-8.230211e+01
6.680000e-06	-6.470447e-06	-1.311447e-09	-4.705658e+01	-8.259135e+01
6.690000e-06	-6.507065e-06	-1.315355e-09	-4.732289e+01	-8.287695e+01
6.700000e-06	-6.543352e-06	-1.318634e-09	-4.758679e+01	-8.315847e+01
6.710000e-06	-6.579326e-06	-1.319919e-09	-4.784841e+01	-8.343546e+01
6.720000e-06	-6.614962e-06	-1.321158e-09	-4.810758e+01	-8.370740e+01
6.730000e-06	-6.650201e-06	-1.324502e-09	-4.836385e+01	-8.397380e+01
6.740000e-06	-6.684928e-06	-1.326808e-09	-4.861641e+01	-8.423413e+01
6.750000e-06	-6.719114e-06	-1.329447e-09	-4.886503e+01	-8.448787e+01
6.760000e-06	-6.752811e-06	-1.333315e-09	-4.911009e+01	-8.473450e+01
6.770000e-06	-6.786073e-06	-1.337506e-09	-4.935199e+01	-8.497352e+01
6.780000e-06	-6.818869e-06	-1.341514e-09	-4.959050e+01	-8.520445e+01
6.790000e-06	-6.851279e-06	-1.343634e-09	-4.982620e+01	-8.542683e+01
6.800000e-06	-6.883408e-06	-1.344772e-09	-5.005986e+01	-8.564028e+01
6.810000e-06	-6.915173e-06	-1.345835e-09	-5.029088e+01	-8.584441e+01
6.820000e-06	-6.946360e-06	-1.347895e-09	-5.051768e+01	-8.603894e+01
6.830000e-06	-6.976753e-06	-1.350019e-09	-5.073872e+01	-8.622360e+01
6.840000e-06	-7.006359e-06	-1.351335e-09	-5.095403e+01	-8.639823e+01
6.850000e-06	-7.035305e-06	-1.353611e-09	-5.116454e+01	-8.656270e+01
6.860000e-06	-7.063753e-06	-1.358285e-09	-5.137142e+01	-8.671699e+01
6.870000e-06	-7.091845e-06	-1.362167e-09	-5.157573e+01	-8.686114e+01
6.880000e-06	-7.119549e-06	-1.361098e-09	-5.177720e+01	-8.699526e+01
6.890000e-06	-7.146833e-06	-1.359641e-09	-5.197563e+01	-8.711956e+01
6.900000e-06	-7.173642e-06	-1.360619e-09	-5.217060e+01	-8.723432e+01
6.910000e-06	-7.199912e-06	-1.363139e-09	-5.236165e+01	-8.733991e+01
6.920000e-06	-7.225623e-06	-1.366268e-09	-5.254864e+01	-8.743675e+01
6.930000e-06	-7.250778e-06	-1.370053e-09	-5.273157e+01	-8.752536e+01
6.940000e-06	-7.275451e-06	-1.371829e-09	-5.291101e+01	-8.760632e+01
6.950000e-06	-7.299692e-06	-1.372761e-09	-5.308731e+01	-8.768027e+01
6.960000e-06	-7.323652e-06	-1.372666e-09	-5.326155e+01	-8.774791e+01
6.970000e-06	-7.347284e-06	-1.370835e-09	-5.343342e+01	-8.780999e+01
6.980000e-06	-7.370269e-06	-1.368953e-09	-5.360058e+01	-8.786730e+01
6.990000e-06	-7.392427e-06	-1.367712e-09	-5.376172e+01	-8.792067e+01
7.000000e-06	-7.413696e-06	-1.367148e-09	-5.391640e+01	-8.797094e+01
7.010000e-06	-7.434282e-06	-1.367334e-09	-5.406612e+01	-8.801897e+01
7.020000e-06	-7.454484e-06	-1.369238e-09	-5.421304e+01	-8.806562e+01
7.030000e-06	-7.474365e-06	-1.372370e-09	-5.435762e+01	-8.811175e+01
7.040000e-06	-7.493845e-06	-1.375427e-09	-5.449929e+01	-8.815819e+01
7.050000e-06	-7.512788e-06	-1.377547e-09	-5.463705e+01	-8.820574e+01
7.060000e-06	-7.531227e-06	-1.377721e-09	-5.477115e+01	-8.825517e+01
7.070000e-06	-7.549195e-06	-1.376150e-09	-5.490182e+01	-8.830716e+01
7.080000e-06	-7.566615e-06	-1.373768e-09	-5.502851e+01	-8.836238e+01
7.090000e-06	-7.583450e-06	-1.370910e-09	-5.515094e+01	-8.842139e+01
7.100000e-06	-7.599799e-06	-1.372223e-09	-5.526984e+01	-8.848466e+01
7.110000e-06	-7.615853e-06	-1.375540e-09	-5.538660e+01	-8.855259e+01
7.120000e-06	-7.631591e-06	-1.377098e-09	-5.550105e+01	-8.862548e+01
7.130000e-06	-7.646700e-06	-1.377572e-09	-5.561093e+01	-8.870350e+01
7.140000e-06	-7.660866e-06	-1.378742e-09	-5.571396e+01	-8.878672e+01
7.150000e-06	-7.674006e-06	-1.378655e-09	-5.580952e+01	-8.887509e+01
7.160000e-06	-7.686421e-06	-1.376559e-09	-5.589981e+01	-8.896843e+01
7.170000e-06	-7.698404e-06	-1.373557e-09	-5.598695e+01	-8.906644e+01
7.180000e-06	-7.709838e-06	-1.371822e-09	-5.607011e+01	-8.916870e+01
7.190000e-06	-7.720652e-06	-1.371319e-09	-5.614875e+01	-8.927464e+01
7.200000e-06	-7.730947e-06	-1.371453e-09	-5.622363e+01	-8.938359e+01
7.210000e-06	-7.740826e-06	-1.371278e-09	-5.629546e+01	-8.949475e+01
7.220000e-06	-7.750145e-06	-1.372072e-09	-5.636324e+01	-8.960719e+01
7.230000e-06	-7.758879e-06	-1.375756e-09	-5.642676e+01	-8.971989e+01
7.240000e-06	-7.767226e-06	-1.378479e-09	-5.648746e+01	-8.983171e+01
7.250000e-06	-7.775277e-06	-1.378878e-09	-5.654601e+01	-8.994141e+01
7.260000e-06	-7.782927e-06	-1.379001e-09	-5.660165e+01	-9.004767e+01
7.270000e-06	-7.789792e-06	-1.377817e-09	-5.665157e+01	-9.014910e+01
7.280000e-06	-7.795719e-06	-1.375006e-09	-5.669468e+01	-9.024424e+01
7.290000e-06	-7.800859e-06	-1.373396e-09	-5.673206e+01	-9.033158e+01
7.300000e-06	-7.805395e-06	-1.373760e-09	-5.676505e+01	-9.040957e+01
7.310000e-06	-7.809549e-06	-1.374487e-09	-5.679526e+01	-9.047663e+01
7.320000e-06	-7.813366e-06	-1.374944e-09	-5.682302e+01	-9.053119e+01
7.330000e-06	-7.816710e-06	-1.376186e-09	-5.684734e+01	-9.057167e+01
7.340000e-06	-7.819488e-06	-1.375746e-09	-5.686754e+01	-9.059652e+01
7.350000e-06	-7.821789e-06	-1.374870e-09	-5.688427e+01	-9.060424e+01
7.360000e-06	-7.823626e-06	-1.374571e-09	-5.689764e+01	-9.059335e+01
7.370000e-06	-7.824735e-06	-1.373188e-09	-5.690570e+01	-9.056248e+01
7.380000e-06	-7.825216e-06	-1.369741e-09	-5.690920e+01	-9.051032e+01
