# Temperatura_=_20.0
# Concentracion g/m^3_=_10000.0
# C_Vs_to_Am_M_A/Vsm_=_65563218390.804596
# pendiente_HvsI_1/m_=_3716.3
# ordenada_HvsI_A/m_=_1297.0
# frecuencia_Hz_=_135483.8861247162

Tiempo_(s)	Campo_(V.s)	Magnetizacion_(V.s)	Campo_(kA/m)	Magnetizacion_(A/m)
0.000000e+00	-7.786010e-06	-1.505558e-09	-5.690544e+01	-1.003047e+02
1.000000e-08	-7.786144e-06	-1.506171e-09	-5.690641e+01	-1.003057e+02
2.000000e-08	-7.785876e-06	-1.508108e-09	-5.690445e+01	-1.002818e+02
3.000000e-08	-7.785079e-06	-1.512478e-09	-5.689863e+01	-1.002311e+02
4.000000e-08	-7.783599e-06	-1.513566e-09	-5.688782e+01	-1.001520e+02
5.000000e-08	-7.781266e-06	-1.513529e-09	-5.687076e+01	-1.000429e+02
6.000000e-08	-7.778234e-06	-1.512270e-09	-5.684860e+01	-9.990232e+01
7.000000e-08	-7.774674e-06	-1.505977e-09	-5.682259e+01	-9.972918e+01
8.000000e-08	-7.770636e-06	-1.493056e-09	-5.679307e+01	-9.952239e+01
9.000000e-08	-7.766231e-06	-1.503178e-09	-5.676087e+01	-9.928113e+01
1.000000e-07	-7.761203e-06	-1.559635e-09	-5.672413e+01	-9.900475e+01
1.100000e-07	-7.755253e-06	-1.595047e-09	-5.668064e+01	-9.869286e+01
1.200000e-07	-7.748468e-06	-1.543837e-09	-5.663105e+01	-9.834528e+01
1.300000e-07	-7.741087e-06	-1.400190e-09	-5.657711e+01	-9.796206e+01
1.400000e-07	-7.733412e-06	-1.389265e-09	-5.652101e+01	-9.754350e+01
1.500000e-07	-7.725546e-06	-1.596988e-09	-5.646352e+01	-9.709011e+01
1.600000e-07	-7.717392e-06	-1.620632e-09	-5.640393e+01	-9.660266e+01
1.700000e-07	-7.708855e-06	-1.423896e-09	-5.634154e+01	-9.608216e+01
1.800000e-07	-7.699719e-06	-1.414584e-09	-5.627476e+01	-9.552982e+01
1.900000e-07	-7.689579e-06	-1.514059e-09	-5.620065e+01	-9.494710e+01
2.000000e-07	-7.678502e-06	-1.589382e-09	-5.611969e+01	-9.433566e+01
2.100000e-07	-7.666886e-06	-1.593344e-09	-5.603480e+01	-9.369734e+01
2.200000e-07	-7.654691e-06	-1.479042e-09	-5.594566e+01	-9.303421e+01
2.300000e-07	-7.641792e-06	-1.405229e-09	-5.585139e+01	-9.234847e+01
2.400000e-07	-7.628439e-06	-1.571159e-09	-5.575380e+01	-9.164249e+01
2.500000e-07	-7.614726e-06	-1.688463e-09	-5.565358e+01	-9.091879e+01
2.600000e-07	-7.600193e-06	-1.402334e-09	-5.554736e+01	-9.017997e+01
2.700000e-07	-7.584655e-06	-1.241494e-09	-5.543379e+01	-8.942877e+01
2.800000e-07	-7.568442e-06	-1.478670e-09	-5.531530e+01	-8.866796e+01
2.900000e-07	-7.551644e-06	-1.556857e-09	-5.519253e+01	-8.790039e+01
3.000000e-07	-7.534352e-06	-1.251268e-09	-5.506615e+01	-8.712893e+01
3.100000e-07	-7.516648e-06	-1.114976e-09	-5.493675e+01	-8.635644e+01
3.200000e-07	-7.498344e-06	-1.244260e-09	-5.480298e+01	-8.558579e+01
3.300000e-07	-7.479466e-06	-1.260879e-09	-5.466501e+01	-8.481978e+01
3.400000e-07	-7.460135e-06	-1.179633e-09	-5.452372e+01	-8.406117e+01
3.500000e-07	-7.440460e-06	-1.192400e-09	-5.437992e+01	-8.331261e+01
3.600000e-07	-7.420408e-06	-1.124935e-09	-5.423337e+01	-8.257665e+01
3.700000e-07	-7.399872e-06	-1.078965e-09	-5.408328e+01	-8.185571e+01
3.800000e-07	-7.378877e-06	-1.235274e-09	-5.392983e+01	-8.115208e+01
3.900000e-07	-7.357457e-06	-1.278342e-09	-5.377328e+01	-8.046786e+01
4.000000e-07	-7.335485e-06	-1.092012e-09	-5.361269e+01	-7.980499e+01
4.100000e-07	-7.312866e-06	-1.073868e-09	-5.344738e+01	-7.916519e+01
4.200000e-07	-7.289764e-06	-1.260683e-09	-5.327853e+01	-7.855000e+01
4.300000e-07	-7.266314e-06	-1.267466e-09	-5.310714e+01	-7.796072e+01
4.400000e-07	-7.242408e-06	-1.066376e-09	-5.293242e+01	-7.739844e+01
4.500000e-07	-7.217956e-06	-1.032917e-09	-5.275371e+01	-7.686400e+01
4.600000e-07	-7.193108e-06	-1.193521e-09	-5.257210e+01	-7.635802e+01
4.700000e-07	-7.167643e-06	-1.172555e-09	-5.238599e+01	-7.588088e+01
4.800000e-07	-7.141267e-06	-1.043844e-09	-5.219322e+01	-7.543271e+01
4.900000e-07	-7.114261e-06	-1.079704e-09	-5.199584e+01	-7.501342e+01
5.000000e-07	-7.086782e-06	-1.155122e-09	-5.179500e+01	-7.462267e+01
5.100000e-07	-7.058844e-06	-1.108410e-09	-5.159081e+01	-7.425992e+01
5.200000e-07	-7.030529e-06	-1.106411e-09	-5.138386e+01	-7.392440e+01
5.300000e-07	-7.001751e-06	-1.110565e-09	-5.117354e+01	-7.361513e+01
5.400000e-07	-6.972444e-06	-1.064110e-09	-5.095934e+01	-7.333096e+01
5.500000e-07	-6.942654e-06	-1.083793e-09	-5.074162e+01	-7.307055e+01
5.600000e-07	-6.912342e-06	-1.141768e-09	-5.052008e+01	-7.283239e+01
5.700000e-07	-6.881434e-06	-1.088850e-09	-5.029418e+01	-7.261484e+01
5.800000e-07	-6.850034e-06	-1.047539e-09	-5.006469e+01	-7.241614e+01
5.900000e-07	-6.818314e-06	-1.099239e-09	-4.983286e+01	-7.223439e+01
6.000000e-07	-6.786354e-06	-1.138882e-09	-4.959927e+01	-7.206763e+01
6.100000e-07	-6.753946e-06	-1.096428e-09	-4.936241e+01	-7.191383e+01
6.200000e-07	-6.720947e-06	-1.052717e-09	-4.912123e+01	-7.177089e+01
6.300000e-07	-6.687369e-06	-1.071255e-09	-4.887582e+01	-7.163672e+01
6.400000e-07	-6.653132e-06	-1.110519e-09	-4.862560e+01	-7.150919e+01
6.500000e-07	-6.618237e-06	-1.083140e-09	-4.837056e+01	-7.138620e+01
6.600000e-07	-6.582851e-06	-1.032627e-09	-4.811193e+01	-7.126567e+01
6.700000e-07	-6.547096e-06	-1.055876e-09	-4.785061e+01	-7.114559e+01
6.800000e-07	-6.510928e-06	-1.089300e-09	-4.758627e+01	-7.102400e+01
6.900000e-07	-6.474246e-06	-1.063750e-09	-4.731817e+01	-7.089905e+01
7.000000e-07	-6.437121e-06	-1.039792e-09	-4.704684e+01	-7.076896e+01
7.100000e-07	-6.399659e-06	-1.053989e-09	-4.677304e+01	-7.063210e+01
7.200000e-07	-6.361682e-06	-1.052743e-09	-4.649548e+01	-7.048694e+01
7.300000e-07	-6.323174e-06	-1.049421e-09	-4.621404e+01	-7.033210e+01
7.400000e-07	-6.284318e-06	-1.048048e-09	-4.593005e+01	-7.016635e+01
7.500000e-07	-6.245139e-06	-1.026385e-09	-4.564371e+01	-6.998862e+01
7.600000e-07	-6.205650e-06	-1.013781e-09	-4.535510e+01	-6.979800e+01
7.700000e-07	-6.165753e-06	-1.043173e-09	-4.506350e+01	-6.959373e+01
7.800000e-07	-6.125415e-06	-1.043473e-09	-4.476869e+01	-6.937523e+01
7.900000e-07	-6.084616e-06	-1.004950e-09	-4.447049e+01	-6.914210e+01
8.000000e-07	-6.043209e-06	-9.957606e-10	-4.416786e+01	-6.889409e+01
8.100000e-07	-6.001100e-06	-1.025930e-09	-4.386010e+01	-6.863110e+01
8.200000e-07	-5.958343e-06	-1.025148e-09	-4.354761e+01	-6.835321e+01
8.300000e-07	-5.915144e-06	-9.944412e-10	-4.323188e+01	-6.806065e+01
8.400000e-07	-5.871599e-06	-9.791055e-10	-4.291362e+01	-6.775378e+01
8.500000e-07	-5.827651e-06	-9.941116e-10	-4.259242e+01	-6.743308e+01
8.600000e-07	-5.783261e-06	-1.001374e-09	-4.226799e+01	-6.709919e+01
8.700000e-07	-5.738557e-06	-9.833895e-10	-4.194126e+01	-6.675283e+01
8.800000e-07	-5.693608e-06	-9.640573e-10	-4.161274e+01	-6.639481e+01
8.900000e-07	-5.648305e-06	-9.659093e-10	-4.128164e+01	-6.602605e+01
9.000000e-07	-5.602526e-06	-9.710751e-10	-4.094706e+01	-6.564751e+01
9.100000e-07	-5.556330e-06	-9.633077e-10	-4.060943e+01	-6.526023e+01
9.200000e-07	-5.509808e-06	-9.485589e-10	-4.026941e+01	-6.486527e+01
9.300000e-07	-5.462877e-06	-9.356649e-10	-3.992641e+01	-6.446372e+01
9.400000e-07	-5.415527e-06	-9.332142e-10	-3.958034e+01	-6.405668e+01
9.500000e-07	-5.367870e-06	-9.363002e-10	-3.923203e+01	-6.364524e+01
9.600000e-07	-5.319821e-06	-9.269909e-10	-3.888086e+01	-6.323047e+01
9.700000e-07	-5.271199e-06	-9.066778e-10	-3.852550e+01	-6.281341e+01
9.800000e-07	-5.222109e-06	-9.031721e-10	-3.816671e+01	-6.239505e+01
9.900000e-07	-5.172588e-06	-9.102237e-10	-3.780478e+01	-6.197633e+01
1.000000e-06	-5.122520e-06	-9.010790e-10	-3.743885e+01	-6.155810e+01
1.010000e-06	-5.071959e-06	-8.797089e-10	-3.706931e+01	-6.114115e+01
1.020000e-06	-5.020986e-06	-8.741811e-10	-3.669677e+01	-6.072618e+01
1.030000e-06	-4.969598e-06	-8.767908e-10	-3.632119e+01	-6.031379e+01
1.040000e-06	-4.917752e-06	-8.704511e-10	-3.594227e+01	-5.990448e+01
1.050000e-06	-4.865523e-06	-8.561349e-10	-3.556054e+01	-5.949865e+01
1.060000e-06	-4.812931e-06	-8.478366e-10	-3.517616e+01	-5.909657e+01
1.070000e-06	-4.759929e-06	-8.440302e-10	-3.478879e+01	-5.869843e+01
1.080000e-06	-4.706592e-06	-8.406826e-10	-3.439896e+01	-5.830429e+01
1.090000e-06	-4.652877e-06	-8.304565e-10	-3.400638e+01	-5.791411e+01
1.100000e-06	-4.598754e-06	-8.178727e-10	-3.361081e+01	-5.752773e+01
1.110000e-06	-4.544313e-06	-8.087923e-10	-3.321292e+01	-5.714492e+01
1.120000e-06	-4.489601e-06	-8.056267e-10	-3.281305e+01	-5.676530e+01
1.130000e-06	-4.434614e-06	-8.011901e-10	-3.241116e+01	-5.638846e+01
1.140000e-06	-4.379362e-06	-7.923034e-10	-3.200734e+01	-5.601385e+01
1.150000e-06	-4.323813e-06	-7.845464e-10	-3.160136e+01	-5.564089e+01
1.160000e-06	-4.267993e-06	-7.835225e-10	-3.119338e+01	-5.526889e+01
1.170000e-06	-4.211967e-06	-7.811443e-10	-3.078391e+01	-5.489715e+01
1.180000e-06	-4.155761e-06	-7.701580e-10	-3.037311e+01	-5.452489e+01
1.190000e-06	-4.099332e-06	-7.573577e-10	-2.996069e+01	-5.415131e+01
1.200000e-06	-4.042498e-06	-7.505613e-10	-2.954532e+01	-5.377557e+01
1.210000e-06	-3.985284e-06	-7.457604e-10	-2.912715e+01	-5.339684e+01
1.220000e-06	-3.927724e-06	-7.367149e-10	-2.870647e+01	-5.301427e+01
1.230000e-06	-3.869746e-06	-7.272488e-10	-2.828272e+01	-5.262703e+01
1.240000e-06	-3.811435e-06	-7.193395e-10	-2.785655e+01	-5.223430e+01
1.250000e-06	-3.752879e-06	-7.145524e-10	-2.742858e+01	-5.183530e+01
1.260000e-06	-3.694020e-06	-7.092680e-10	-2.699840e+01	-5.142927e+01
1.270000e-06	-3.634803e-06	-7.039078e-10	-2.656560e+01	-5.101553e+01
1.280000e-06	-3.575237e-06	-6.952481e-10	-2.613025e+01	-5.059342e+01
1.290000e-06	-3.515350e-06	-6.844950e-10	-2.569256e+01	-5.016237e+01
1.300000e-06	-3.455263e-06	-6.765887e-10	-2.525340e+01	-4.972187e+01
1.310000e-06	-3.395051e-06	-6.698715e-10	-2.481333e+01	-4.927148e+01
1.320000e-06	-3.334698e-06	-6.617314e-10	-2.437223e+01	-4.881086e+01
1.330000e-06	-3.274166e-06	-6.535711e-10	-2.392982e+01	-4.833972e+01
1.340000e-06	-3.213393e-06	-6.487581e-10	-2.348565e+01	-4.785788e+01
1.350000e-06	-3.152379e-06	-6.434229e-10	-2.303972e+01	-4.736523e+01
1.360000e-06	-3.091220e-06	-6.338388e-10	-2.259273e+01	-4.686176e+01
1.370000e-06	-3.029845e-06	-6.263622e-10	-2.214416e+01	-4.634751e+01
1.380000e-06	-2.968136e-06	-6.197254e-10	-2.169315e+01	-4.582263e+01
1.390000e-06	-2.906193e-06	-6.107301e-10	-2.124042e+01	-4.528733e+01
1.400000e-06	-2.844094e-06	-6.011689e-10	-2.078656e+01	-4.474189e+01
1.410000e-06	-2.781811e-06	-5.940488e-10	-2.033136e+01	-4.418667e+01
1.420000e-06	-2.719340e-06	-5.895752e-10	-1.987478e+01	-4.362206e+01
1.430000e-06	-2.656701e-06	-5.831935e-10	-1.941697e+01	-4.304852e+01
1.440000e-06	-2.593969e-06	-5.751771e-10	-1.895848e+01	-4.246653e+01
1.450000e-06	-2.531169e-06	-5.686160e-10	-1.849950e+01	-4.187664e+01
1.460000e-06	-2.468217e-06	-5.628151e-10	-1.803940e+01	-4.127938e+01
1.470000e-06	-2.405106e-06	-5.576121e-10	-1.757814e+01	-4.067531e+01
1.480000e-06	-2.341846e-06	-5.500570e-10	-1.711580e+01	-4.006500e+01
1.490000e-06	-2.278413e-06	-5.424887e-10	-1.665219e+01	-3.944901e+01
1.500000e-06	-2.214845e-06	-5.344798e-10	-1.618758e+01	-3.882788e+01
1.510000e-06	-2.151138e-06	-5.221017e-10	-1.572198e+01	-3.820212e+01
1.520000e-06	-2.087256e-06	-5.078965e-10	-1.525508e+01	-3.757222e+01
1.530000e-06	-2.023175e-06	-4.954417e-10	-1.478674e+01	-3.693862e+01
1.540000e-06	-1.958995e-06	-4.875660e-10	-1.431766e+01	-3.630169e+01
1.550000e-06	-1.894680e-06	-4.829264e-10	-1.384761e+01	-3.566176e+01
1.560000e-06	-1.830198e-06	-4.768531e-10	-1.337633e+01	-3.501910e+01
1.570000e-06	-1.765684e-06	-4.661543e-10	-1.290482e+01	-3.437388e+01
1.580000e-06	-1.701037e-06	-4.541241e-10	-1.243233e+01	-3.372621e+01
1.590000e-06	-1.636208e-06	-4.431349e-10	-1.195852e+01	-3.307613e+01
1.600000e-06	-1.571283e-06	-4.317257e-10	-1.148400e+01	-3.242358e+01
1.610000e-06	-1.506263e-06	-4.208288e-10	-1.100879e+01	-3.176840e+01
1.620000e-06	-1.441113e-06	-4.083439e-10	-1.053263e+01	-3.111037e+01
1.630000e-06	-1.375827e-06	-3.959061e-10	-1.005548e+01	-3.044917e+01
1.640000e-06	-1.310425e-06	-3.872169e-10	-9.577473e+00	-2.978440e+01
1.650000e-06	-1.244902e-06	-3.800345e-10	-9.098588e+00	-2.911556e+01
1.660000e-06	-1.179282e-06	-3.703494e-10	-8.618990e+00	-2.844209e+01
1.670000e-06	-1.113581e-06	-3.584835e-10	-8.138804e+00	-2.776334e+01
1.680000e-06	-1.047837e-06	-3.489170e-10	-7.658305e+00	-2.707860e+01
1.690000e-06	-9.819798e-07	-3.396588e-10	-7.176974e+00	-2.638709e+01
1.700000e-06	-9.160677e-07	-3.289487e-10	-6.695243e+00	-2.568798e+01
1.710000e-06	-8.501436e-07	-3.138223e-10	-6.213425e+00	-2.498038e+01
1.720000e-06	-7.840291e-07	-2.952476e-10	-5.730216e+00	-2.426337e+01
1.730000e-06	-7.177725e-07	-2.796255e-10	-5.245968e+00	-2.353600e+01
1.740000e-06	-6.515125e-07	-2.671840e-10	-4.761695e+00	-2.279730e+01
1.750000e-06	-5.852865e-07	-2.546812e-10	-4.277670e+00	-2.204627e+01
1.760000e-06	-5.189898e-07	-2.410501e-10	-3.793129e+00	-2.128193e+01
1.770000e-06	-4.525907e-07	-2.300632e-10	-3.307839e+00	-2.050330e+01
1.780000e-06	-3.862344e-07	-2.219729e-10	-2.822863e+00	-1.970942e+01
1.790000e-06	-3.198346e-07	-2.130963e-10	-2.337568e+00	-1.889936e+01
1.800000e-06	-2.533226e-07	-2.015645e-10	-1.851453e+00	-1.807222e+01
1.810000e-06	-1.868552e-07	-1.853784e-10	-1.365665e+00	-1.722717e+01
1.820000e-06	-1.203314e-07	-1.697725e-10	-8.794635e-01	-1.636340e+01
1.830000e-06	-5.375710e-08	-1.575928e-10	-3.928933e-01	-1.548021e+01
1.840000e-06	1.265416e-08	-1.438236e-10	9.248518e-02	-1.457694e+01
1.850000e-06	7.901693e-08	-1.303967e-10	5.775092e-01	-1.365302e+01
1.860000e-06	1.454411e-07	-1.176566e-10	1.062982e+00	-1.270797e+01
1.870000e-06	2.118941e-07	-1.071922e-10	1.548665e+00	-1.174139e+01
1.880000e-06	2.783118e-07	-1.004837e-10	2.034091e+00	-1.075300e+01
1.890000e-06	3.446475e-07	-9.281440e-11	2.518917e+00	-9.742580e+00
1.900000e-06	4.110413e-07	-7.812943e-11	3.004168e+00	-8.710049e+00
1.910000e-06	4.774891e-07	-5.998607e-11	3.489813e+00	-7.655411e+00
1.920000e-06	5.438463e-07	-4.398526e-11	3.974797e+00	-6.578779e+00
1.930000e-06	6.101518e-07	-2.683598e-11	4.459402e+00	-5.480365e+00
1.940000e-06	6.763981e-07	-6.749844e-12	4.943576e+00	-4.360488e+00
1.950000e-06	7.425641e-07	1.038738e-11	5.427161e+00	-3.219563e+00
1.960000e-06	8.086849e-07	2.142792e-11	5.910417e+00	-2.058102e+00
1.970000e-06	8.747484e-07	3.244639e-11	6.393254e+00	-8.767104e-01
1.980000e-06	9.406758e-07	4.715898e-11	6.875096e+00	3.239201e-01
1.990000e-06	1.006475e-06	6.289402e-11	7.355999e+00	1.543016e+00
2.000000e-06	1.072273e-06	7.562740e-11	7.836897e+00	2.779726e+00
2.010000e-06	1.137978e-06	8.986842e-11	8.317118e+00	4.033133e+00
2.020000e-06	1.203456e-06	1.085883e-10	8.795674e+00	5.302256e+00
2.030000e-06	1.268818e-06	1.281240e-10	9.273379e+00	6.586058e+00
2.040000e-06	1.334192e-06	1.441085e-10	9.751179e+00	7.883457e+00
2.050000e-06	1.399494e-06	1.585432e-10	1.022845e+01	9.193332e+00
2.060000e-06	1.464669e-06	1.753543e-10	1.070479e+01	1.051453e+01
2.070000e-06	1.529752e-06	1.933248e-10	1.118046e+01	1.184587e+01
2.080000e-06	1.594745e-06	2.105710e-10	1.165548e+01	1.318617e+01
2.090000e-06	1.659611e-06	2.261074e-10	1.212956e+01	1.453423e+01
2.100000e-06	1.724337e-06	2.422754e-10	1.260262e+01	1.588884e+01
2.110000e-06	1.788869e-06	2.613843e-10	1.307427e+01	1.724882e+01
2.120000e-06	1.853209e-06	2.809502e-10	1.354451e+01	1.861297e+01
2.130000e-06	1.917505e-06	2.989023e-10	1.401442e+01	1.998014e+01
2.140000e-06	1.981719e-06	3.172642e-10	1.448374e+01	2.134919e+01
2.150000e-06	2.045699e-06	3.380208e-10	1.495135e+01	2.271901e+01
2.160000e-06	2.109483e-06	3.592859e-10	1.541753e+01	2.408852e+01
2.170000e-06	2.173158e-06	3.784843e-10	1.588291e+01	2.545668e+01
2.180000e-06	2.236780e-06	3.964045e-10	1.634790e+01	2.682249e+01
2.190000e-06	2.300244e-06	4.150959e-10	1.681174e+01	2.818498e+01
2.200000e-06	2.363442e-06	4.356900e-10	1.727364e+01	2.954324e+01
2.210000e-06	2.426516e-06	4.563182e-10	1.773462e+01	3.089640e+01
2.220000e-06	2.489522e-06	4.750525e-10	1.819511e+01	3.224361e+01
2.230000e-06	2.552413e-06	4.949893e-10	1.865476e+01	3.358409e+01
2.240000e-06	2.615165e-06	5.175533e-10	1.911340e+01	3.491710e+01
2.250000e-06	2.677698e-06	5.388165e-10	1.957043e+01	3.624192e+01
2.260000e-06	2.740029e-06	5.589716e-10	2.002599e+01	3.755789e+01
2.270000e-06	2.802168e-06	5.790195e-10	2.048014e+01	3.886437e+01
2.280000e-06	2.863993e-06	5.981147e-10	2.093200e+01	4.016075e+01
2.290000e-06	2.925616e-06	6.179506e-10	2.138239e+01	4.144648e+01
2.300000e-06	2.987091e-06	6.382900e-10	2.183169e+01	4.272099e+01
2.310000e-06	3.048346e-06	6.587753e-10	2.227938e+01	4.398378e+01
2.320000e-06	3.109392e-06	6.793016e-10	2.272554e+01	4.523433e+01
2.330000e-06	3.170241e-06	6.982142e-10	2.317027e+01	4.647216e+01
2.340000e-06	3.230959e-06	7.168942e-10	2.361404e+01	4.769679e+01
2.350000e-06	3.291604e-06	7.340998e-10	2.405727e+01	4.890777e+01
2.360000e-06	3.352121e-06	7.501605e-10	2.449957e+01	5.010463e+01
2.370000e-06	3.412383e-06	7.660386e-10	2.494001e+01	5.128691e+01
2.380000e-06	3.472359e-06	7.797325e-10	2.537835e+01	5.245418e+01
2.390000e-06	3.532099e-06	7.930659e-10	2.581497e+01	5.360598e+01
2.400000e-06	3.591651e-06	8.100271e-10	2.625022e+01	5.474185e+01
2.410000e-06	3.650951e-06	8.278753e-10	2.668362e+01	5.586136e+01
2.420000e-06	3.709885e-06	8.437513e-10	2.711435e+01	5.696404e+01
2.430000e-06	3.768471e-06	8.607908e-10	2.754254e+01	5.804944e+01
2.440000e-06	3.826729e-06	8.778310e-10	2.796833e+01	5.911710e+01
2.450000e-06	3.884554e-06	8.933998e-10	2.839095e+01	6.016658e+01
2.460000e-06	3.941956e-06	9.076493e-10	2.881049e+01	6.119743e+01
2.470000e-06	3.999035e-06	9.197703e-10	2.922766e+01	6.220919e+01
2.480000e-06	4.055770e-06	9.294875e-10	2.964232e+01	6.320143e+01
2.490000e-06	4.112227e-06	9.396087e-10	3.005494e+01	6.417373e+01
2.500000e-06	4.168511e-06	9.504868e-10	3.046630e+01	6.512569e+01
2.510000e-06	4.224540e-06	9.632066e-10	3.087580e+01	6.605690e+01
2.520000e-06	4.280258e-06	9.779607e-10	3.128302e+01	6.696701e+01
2.530000e-06	4.335677e-06	9.931911e-10	3.168807e+01	6.785568e+01
2.540000e-06	4.390797e-06	1.006649e-09	3.209092e+01	6.872261e+01
2.550000e-06	4.445654e-06	1.017391e-09	3.249185e+01	6.956754e+01
2.560000e-06	4.500242e-06	1.027148e-09	3.289082e+01	7.039024e+01
2.570000e-06	4.554575e-06	1.037236e-09	3.328792e+01	7.119054e+01
2.580000e-06	4.608664e-06	1.044698e-09	3.368324e+01	7.196832e+01
2.590000e-06	4.662453e-06	1.049354e-09	3.407637e+01	7.272351e+01
2.600000e-06	4.715865e-06	1.056342e-09	3.446673e+01	7.345611e+01
2.610000e-06	4.768909e-06	1.066449e-09	3.485442e+01	7.416618e+01
2.620000e-06	4.821639e-06	1.075778e-09	3.523981e+01	7.485385e+01
2.630000e-06	4.874027e-06	1.085144e-09	3.562269e+01	7.551930e+01
2.640000e-06	4.925950e-06	1.095560e-09	3.600218e+01	7.616280e+01
2.650000e-06	4.977381e-06	1.104826e-09	3.637807e+01	7.678468e+01
2.660000e-06	5.028386e-06	1.114619e-09	3.675085e+01	7.738536e+01
2.670000e-06	5.078869e-06	1.124150e-09	3.711981e+01	7.796531e+01
2.680000e-06	5.128779e-06	1.134394e-09	3.748459e+01	7.852508e+01
2.690000e-06	5.178186e-06	1.141518e-09	3.784569e+01	7.906528e+01
2.700000e-06	5.227135e-06	1.148887e-09	3.820344e+01	7.958660e+01
2.710000e-06	5.275678e-06	1.159607e-09	3.855823e+01	8.008977e+01
2.720000e-06	5.323833e-06	1.168979e-09	3.891018e+01	8.057560e+01
2.730000e-06	5.371573e-06	1.178011e-09	3.925909e+01	8.104494e+01
2.740000e-06	5.418954e-06	1.187571e-09	3.960539e+01	8.149868e+01
2.750000e-06	5.466017e-06	1.197292e-09	3.994935e+01	8.193776e+01
2.760000e-06	5.512760e-06	1.205601e-09	4.029098e+01	8.236315e+01
2.770000e-06	5.559137e-06	1.212612e-09	4.062994e+01	8.277583e+01
2.780000e-06	5.605072e-06	1.219602e-09	4.096567e+01	8.317683e+01
2.790000e-06	5.650522e-06	1.226114e-09	4.129784e+01	8.356714e+01
2.800000e-06	5.695556e-06	1.232423e-09	4.162698e+01	8.394779e+01
2.810000e-06	5.740228e-06	1.239002e-09	4.195348e+01	8.431979e+01
2.820000e-06	5.784593e-06	1.247498e-09	4.227772e+01	8.468410e+01
2.830000e-06	5.828731e-06	1.257829e-09	4.260032e+01	8.504171e+01
2.840000e-06	5.872644e-06	1.268119e-09	4.292126e+01	8.539352e+01
2.850000e-06	5.916188e-06	1.277879e-09	4.323951e+01	8.574040e+01
2.860000e-06	5.959220e-06	1.285553e-09	4.355402e+01	8.608319e+01
2.870000e-06	6.001738e-06	1.290263e-09	4.386477e+01	8.642264e+01
2.880000e-06	6.043691e-06	1.294877e-09	4.417139e+01	8.675944e+01
2.890000e-06	6.085075e-06	1.302012e-09	4.447385e+01	8.709420e+01
2.900000e-06	6.125942e-06	1.307638e-09	4.477253e+01	8.742747e+01
2.910000e-06	6.166360e-06	1.311251e-09	4.506794e+01	8.775970e+01
2.920000e-06	6.206354e-06	1.316761e-09	4.536024e+01	8.809123e+01
2.930000e-06	6.245871e-06	1.323864e-09	4.564906e+01	8.842235e+01
2.940000e-06	6.284916e-06	1.330834e-09	4.593443e+01	8.875322e+01
2.950000e-06	6.323598e-06	1.338815e-09	4.621714e+01	8.908391e+01
2.960000e-06	6.361884e-06	1.346285e-09	4.649696e+01	8.941443e+01
2.970000e-06	6.399689e-06	1.353054e-09	4.677326e+01	8.974464e+01
2.980000e-06	6.437101e-06	1.360238e-09	4.704669e+01	9.007435e+01
2.990000e-06	6.474126e-06	1.365905e-09	4.731730e+01	9.040327e+01
3.000000e-06	6.510773e-06	1.370244e-09	4.758514e+01	9.073102e+01
3.010000e-06	6.547067e-06	1.374701e-09	4.785040e+01	9.105716e+01
3.020000e-06	6.582957e-06	1.380598e-09	4.811271e+01	9.138116e+01
3.030000e-06	6.618448e-06	1.386718e-09	4.837210e+01	9.170244e+01
3.040000e-06	6.653448e-06	1.392623e-09	4.862791e+01	9.202036e+01
3.050000e-06	6.687826e-06	1.397834e-09	4.887917e+01	9.233424e+01
3.060000e-06	6.721503e-06	1.402668e-09	4.912530e+01	9.264335e+01
3.070000e-06	6.754460e-06	1.409199e-09	4.936617e+01	9.294695e+01
3.080000e-06	6.786842e-06	1.415612e-09	4.960284e+01	9.324429e+01
3.090000e-06	6.818767e-06	1.418333e-09	4.983616e+01	9.353459e+01
3.100000e-06	6.850359e-06	1.419843e-09	5.006706e+01	9.381712e+01
3.110000e-06	6.881575e-06	1.424507e-09	5.029521e+01	9.409113e+01
3.120000e-06	6.912355e-06	1.429953e-09	5.052017e+01	9.435592e+01
3.130000e-06	6.942783e-06	1.434199e-09	5.074256e+01	9.461083e+01
3.140000e-06	6.972684e-06	1.436837e-09	5.096110e+01	9.485525e+01
3.150000e-06	7.001980e-06	1.438515e-09	5.117521e+01	9.508863e+01
3.160000e-06	7.030834e-06	1.442251e-09	5.138610e+01	9.531050e+01
3.170000e-06	7.059383e-06	1.446920e-09	5.159475e+01	9.552047e+01
3.180000e-06	7.087551e-06	1.449118e-09	5.180063e+01	9.571821e+01
3.190000e-06	7.115320e-06	1.452087e-09	5.200358e+01	9.590352e+01
3.200000e-06	7.142690e-06	1.457398e-09	5.220361e+01	9.607629e+01
3.210000e-06	7.169402e-06	1.460678e-09	5.239885e+01	9.623650e+01
3.220000e-06	7.195273e-06	1.463009e-09	5.258793e+01	9.638425e+01
3.230000e-06	7.220330e-06	1.466654e-09	5.277106e+01	9.651975e+01
3.240000e-06	7.244798e-06	1.471169e-09	5.294989e+01	9.664330e+01
3.250000e-06	7.268918e-06	1.474277e-09	5.312618e+01	9.675533e+01
3.260000e-06	7.292626e-06	1.476353e-09	5.329945e+01	9.685636e+01
3.270000e-06	7.315811e-06	1.479522e-09	5.346890e+01	9.694702e+01
3.280000e-06	7.338438e-06	1.481847e-09	5.363427e+01	9.702803e+01
3.290000e-06	7.360526e-06	1.483090e-09	5.379571e+01	9.710020e+01
3.300000e-06	7.382179e-06	1.485244e-09	5.395396e+01	9.716443e+01
3.310000e-06	7.403357e-06	1.488960e-09	5.410875e+01	9.722167e+01
3.320000e-06	7.424018e-06	1.493110e-09	5.425975e+01	9.727295e+01
3.330000e-06	7.444235e-06	1.496546e-09	5.440751e+01	9.731934e+01
3.340000e-06	7.464094e-06	1.498313e-09	5.455265e+01	9.736195e+01
3.350000e-06	7.483609e-06	1.498815e-09	5.469528e+01	9.740191e+01
3.360000e-06	7.502639e-06	1.500289e-09	5.483437e+01	9.744036e+01
3.370000e-06	7.520981e-06	1.501616e-09	5.496842e+01	9.747845e+01
3.380000e-06	7.538701e-06	1.501802e-09	5.509793e+01	9.751728e+01
3.390000e-06	7.555918e-06	1.500461e-09	5.522377e+01	9.755795e+01
3.400000e-06	7.572628e-06	1.500563e-09	5.534590e+01	9.760149e+01
3.410000e-06	7.588884e-06	1.504410e-09	5.546471e+01	9.764887e+01
3.420000e-06	7.604520e-06	1.507030e-09	5.557898e+01	9.770098e+01
3.430000e-06	7.619388e-06	1.508617e-09	5.568765e+01	9.775863e+01
3.440000e-06	7.633643e-06	1.512245e-09	5.579183e+01	9.782250e+01
3.450000e-06	7.647447e-06	1.515822e-09	5.589272e+01	9.789318e+01
3.460000e-06	7.660725e-06	1.518373e-09	5.598977e+01	9.797112e+01
3.470000e-06	7.673430e-06	1.519615e-09	5.608263e+01	9.805663e+01
3.480000e-06	7.685622e-06	1.519796e-09	5.617173e+01	9.814986e+01
3.490000e-06	7.697274e-06	1.520665e-09	5.625689e+01	9.825084e+01
3.500000e-06	7.708229e-06	1.523445e-09	5.633695e+01	9.835940e+01
3.510000e-06	7.718373e-06	1.527586e-09	5.641110e+01	9.847523e+01
3.520000e-06	7.727713e-06	1.531330e-09	5.647936e+01	9.859785e+01
3.530000e-06	7.736386e-06	1.535544e-09	5.654275e+01	9.872659e+01
3.540000e-06	7.744579e-06	1.541046e-09	5.660263e+01	9.886065e+01
3.550000e-06	7.752299e-06	1.546447e-09	5.665905e+01	9.899903e+01
3.560000e-06	7.759497e-06	1.550997e-09	5.671166e+01	9.914061e+01
3.570000e-06	7.766170e-06	1.555361e-09	5.676043e+01	9.928407e+01
3.580000e-06	7.772370e-06	1.556981e-09	5.680575e+01	9.942798e+01
3.590000e-06	7.778098e-06	1.558558e-09	5.684761e+01	9.957078e+01
3.600000e-06	7.783231e-06	1.558415e-09	5.688513e+01	9.971076e+01
3.610000e-06	7.787740e-06	1.557925e-09	5.691808e+01	9.984613e+01
3.620000e-06	7.791813e-06	1.560353e-09	5.694785e+01	9.997498e+01
3.630000e-06	7.795563e-06	1.560838e-09	5.697525e+01	1.000954e+02
3.640000e-06	7.798829e-06	1.563625e-09	5.699912e+01	1.002052e+02
3.650000e-06	7.801405e-06	1.565496e-09	5.701795e+01	1.003025e+02
3.660000e-06	7.803204e-06	1.566992e-09	5.703110e+01	1.003850e+02
3.670000e-06	7.804228e-06	1.566954e-09	5.703859e+01	1.004508e+02
3.680000e-06	7.804627e-06	1.567164e-09	5.704150e+01	1.004977e+02
3.690000e-06	7.804595e-06	1.571134e-09	5.704127e+01	1.005237e+02
3.700000e-06	7.804173e-06	1.573520e-09	5.703818e+01	1.005268e+02
3.710000e-06	7.803170e-06	1.573196e-09	5.703085e+01	1.005051e+02
3.720000e-06	7.801676e-06	1.572209e-09	5.701993e+01	1.004567e+02
3.730000e-06	7.799790e-06	1.572634e-09	5.700615e+01	1.003800e+02
3.740000e-06	7.797395e-06	1.573487e-09	5.698864e+01	1.002735e+02
3.750000e-06	7.794453e-06	1.575666e-09	5.696714e+01	1.001357e+02
3.760000e-06	7.791017e-06	1.588937e-09	5.694203e+01	9.996532e+01
3.770000e-06	7.787179e-06	1.600441e-09	5.691398e+01	9.976140e+01
3.780000e-06	7.782921e-06	1.544316e-09	5.688286e+01	9.952307e+01
3.790000e-06	7.777971e-06	1.465402e-09	5.684668e+01	9.924967e+01
3.800000e-06	7.771823e-06	1.486886e-09	5.680174e+01	9.894079e+01
3.810000e-06	7.764542e-06	1.636669e-09	5.674853e+01	9.859622e+01
3.820000e-06	7.756767e-06	1.728256e-09	5.669171e+01	9.821599e+01
3.830000e-06	7.748907e-06	1.559532e-09	5.663426e+01	9.780039e+01
3.840000e-06	7.740677e-06	1.471819e-09	5.657411e+01	9.734991e+01
3.850000e-06	7.731760e-06	1.657581e-09	5.650894e+01	9.686530e+01
3.860000e-06	7.722543e-06	1.709929e-09	5.644157e+01	9.634754e+01
3.870000e-06	7.713164e-06	1.539822e-09	5.637302e+01	9.579784e+01
3.880000e-06	7.703141e-06	1.394462e-09	5.629977e+01	9.521763e+01
3.890000e-06	7.692189e-06	1.385071e-09	5.621973e+01	9.460854e+01
3.900000e-06	7.680820e-06	1.457920e-09	5.613664e+01	9.397242e+01
3.910000e-06	7.669275e-06	1.630259e-09	5.605225e+01	9.331131e+01
3.920000e-06	7.656791e-06	1.548891e-09	5.596101e+01	9.262740e+01
3.930000e-06	7.643199e-06	1.247734e-09	5.586168e+01	9.192305e+01
3.940000e-06	7.629179e-06	1.341788e-09	5.575921e+01	9.120076e+01
3.950000e-06	7.614717e-06	1.566945e-09	5.565351e+01	9.046313e+01
3.960000e-06	7.599486e-06	1.412690e-09	5.554219e+01	8.971289e+01
3.970000e-06	7.583547e-06	1.183547e-09	5.542570e+01	8.895281e+01
3.980000e-06	7.567115e-06	1.410508e-09	5.530560e+01	8.818573e+01
3.990000e-06	7.550195e-06	1.542005e-09	5.518194e+01	8.741451e+01
4.000000e-06	7.532650e-06	1.173350e-09	5.505371e+01	8.664204e+01
4.010000e-06	7.514606e-06	1.043573e-09	5.492183e+01	8.587116e+01
4.020000e-06	7.496063e-06	1.268078e-09	5.478631e+01	8.510469e+01
4.030000e-06	7.477010e-06	1.149878e-09	5.464706e+01	8.434539e+01
4.040000e-06	7.457529e-06	1.064834e-09	5.450468e+01	8.359593e+01
4.050000e-06	7.437686e-06	1.347412e-09	5.435965e+01	8.285885e+01
4.060000e-06	7.417477e-06	1.269589e-09	5.421195e+01	8.213661e+01
4.070000e-06	7.396683e-06	1.089651e-09	5.405997e+01	8.143149e+01
4.080000e-06	7.375220e-06	1.336355e-09	5.390310e+01	8.074561e+01
4.090000e-06	7.353254e-06	1.432377e-09	5.374256e+01	8.008092e+01
4.100000e-06	7.330495e-06	1.123569e-09	5.357622e+01	7.943918e+01
4.110000e-06	7.306811e-06	1.024436e-09	5.340312e+01	7.882191e+01
4.120000e-06	7.282686e-06	1.226327e-09	5.322680e+01	7.823046e+01
4.130000e-06	7.258266e-06	1.267029e-09	5.304832e+01	7.766593e+01
4.140000e-06	7.233258e-06	1.065204e-09	5.286555e+01	7.712918e+01
4.150000e-06	7.207776e-06	1.024503e-09	5.267931e+01	7.662085e+01
4.160000e-06	7.181992e-06	1.194503e-09	5.249086e+01	7.614133e+01
4.170000e-06	7.155633e-06	1.196415e-09	5.229821e+01	7.569078e+01
4.180000e-06	7.128670e-06	1.041159e-09	5.210115e+01	7.526912e+01
4.190000e-06	7.101330e-06	1.105133e-09	5.190133e+01	7.487605e+01
4.200000e-06	7.073612e-06	1.200873e-09	5.169875e+01	7.451103e+01
4.210000e-06	7.045391e-06	1.104725e-09	5.149249e+01	7.417330e+01
4.220000e-06	7.016676e-06	1.086056e-09	5.128262e+01	7.386192e+01
4.230000e-06	6.987534e-06	1.159532e-09	5.106963e+01	7.357574e+01
4.240000e-06	6.957728e-06	1.118723e-09	5.085179e+01	7.331344e+01
4.250000e-06	6.927041e-06	1.077490e-09	5.062751e+01	7.307352e+01
4.260000e-06	6.895671e-06	1.136471e-09	5.039823e+01	7.285436e+01
4.270000e-06	6.863880e-06	1.141468e-09	5.016588e+01	7.265419e+01
4.280000e-06	6.831741e-06	1.084049e-09	4.993099e+01	7.247113e+01
4.290000e-06	6.799169e-06	1.081851e-09	4.969293e+01	7.230324e+01
4.300000e-06	6.766192e-06	1.152322e-09	4.945192e+01	7.214847e+01
4.310000e-06	6.732833e-06	1.134625e-09	4.920810e+01	7.200474e+01
4.320000e-06	6.698947e-06	1.054321e-09	4.896045e+01	7.186995e+01
4.330000e-06	6.664561e-06	1.076801e-09	4.870913e+01	7.174198e+01
4.340000e-06	6.629726e-06	1.148229e-09	4.845453e+01	7.161873e+01
4.350000e-06	6.594415e-06	1.096454e-09	4.819645e+01	7.149810e+01
4.360000e-06	6.558738e-06	1.040892e-09	4.793570e+01	7.137810e+01
4.370000e-06	6.522719e-06	1.078762e-09	4.767245e+01	7.125674e+01
4.380000e-06	6.486193e-06	1.104960e-09	4.740549e+01	7.113217e+01
4.390000e-06	6.449113e-06	1.062660e-09	4.713448e+01	7.100261e+01
4.400000e-06	6.411478e-06	1.053292e-09	4.685943e+01	7.086641e+01
4.410000e-06	6.373230e-06	1.074959e-09	4.657988e+01	7.072202e+01
4.420000e-06	6.334364e-06	1.058529e-09	4.629583e+01	7.056808e+01
4.430000e-06	6.295001e-06	1.045428e-09	4.600813e+01	7.040331e+01
4.440000e-06	6.255282e-06	1.064749e-09	4.571784e+01	7.022666e+01
4.450000e-06	6.215223e-06	1.046894e-09	4.542506e+01	7.003717e+01
4.460000e-06	6.174754e-06	1.012734e-09	4.512928e+01	6.983410e+01
4.470000e-06	6.133841e-06	1.035923e-09	4.483026e+01	6.961684e+01
4.480000e-06	6.092596e-06	1.056530e-09	4.452882e+01	6.938497e+01
4.490000e-06	6.050973e-06	1.022970e-09	4.422461e+01	6.913824e+01
4.500000e-06	6.008836e-06	9.985920e-10	4.391664e+01	6.887653e+01
4.510000e-06	5.966207e-06	1.027592e-09	4.360508e+01	6.859991e+01
4.520000e-06	5.923172e-06	1.042408e-09	4.329055e+01	6.830860e+01
4.530000e-06	5.879727e-06	1.011982e-09	4.297303e+01	6.800293e+01
4.540000e-06	5.835954e-06	9.894733e-10	4.265310e+01	6.768340e+01
4.550000e-06	5.791889e-06	1.006536e-09	4.233105e+01	6.735062e+01
4.560000e-06	5.747429e-06	1.010939e-09	4.200611e+01	6.700530e+01
4.570000e-06	5.702651e-06	9.897444e-10	4.167884e+01	6.664825e+01
4.580000e-06	5.657558e-06	9.758110e-10	4.134926e+01	6.628038e+01
4.590000e-06	5.612104e-06	9.810906e-10	4.101706e+01	6.590266e+01
4.600000e-06	5.566280e-06	9.759129e-10	4.068215e+01	6.551610e+01
4.610000e-06	5.519972e-06	9.689128e-10	4.034370e+01	6.512177e+01
4.620000e-06	5.473198e-06	9.677047e-10	4.000184e+01	6.472076e+01
4.630000e-06	5.425997e-06	9.571531e-10	3.965686e+01	6.431417e+01
4.640000e-06	5.378396e-06	9.446966e-10	3.930896e+01	6.390309e+01
4.650000e-06	5.330422e-06	9.531988e-10	3.895833e+01	6.348859e+01
4.660000e-06	5.282087e-06	9.531447e-10	3.860507e+01	6.307172e+01
4.670000e-06	5.233441e-06	9.295492e-10	3.824953e+01	6.265347e+01
4.680000e-06	5.184362e-06	9.180160e-10	3.789083e+01	6.223477e+01
4.690000e-06	5.134815e-06	9.318209e-10	3.752871e+01	6.181650e+01
4.700000e-06	5.084819e-06	9.313242e-10	3.716330e+01	6.139946e+01
4.710000e-06	5.034392e-06	9.120494e-10	3.679475e+01	6.098433e+01
4.720000e-06	4.983674e-06	9.079971e-10	3.642407e+01	6.057174e+01
4.730000e-06	4.932684e-06	9.159857e-10	3.605139e+01	6.016219e+01
4.740000e-06	4.881249e-06	9.141294e-10	3.567547e+01	5.975608e+01
4.750000e-06	4.829319e-06	9.043257e-10	3.529593e+01	5.935372e+01
4.760000e-06	4.776987e-06	9.006473e-10	3.491345e+01	5.895528e+01
4.770000e-06	4.724167e-06	8.984037e-10	3.452741e+01	5.856084e+01
4.780000e-06	4.670872e-06	8.927673e-10	3.413790e+01	5.817037e+01
4.790000e-06	4.617235e-06	8.884877e-10	3.374588e+01	5.778372e+01
4.800000e-06	4.563220e-06	8.862271e-10	3.335110e+01	5.740065e+01
4.810000e-06	4.508808e-06	8.789279e-10	3.295342e+01	5.702082e+01
4.820000e-06	4.453904e-06	8.756734e-10	3.255215e+01	5.664380e+01
4.830000e-06	4.398617e-06	8.787340e-10	3.214807e+01	5.626906e+01
4.840000e-06	4.343100e-06	8.783000e-10	3.174231e+01	5.589602e+01
4.850000e-06	4.287243e-06	8.688225e-10	3.133407e+01	5.552400e+01
4.860000e-06	4.230972e-06	8.625928e-10	3.092281e+01	5.515230e+01
4.870000e-06	4.174401e-06	8.595817e-10	3.050935e+01	5.478015e+01
4.880000e-06	4.117717e-06	8.531818e-10	3.009506e+01	5.440674e+01
4.890000e-06	4.060877e-06	8.450681e-10	2.967964e+01	5.403125e+01
4.900000e-06	4.003805e-06	8.418129e-10	2.926252e+01	5.365284e+01
4.910000e-06	3.946364e-06	8.375962e-10	2.884270e+01	5.327066e+01
4.920000e-06	3.888551e-06	8.297744e-10	2.842016e+01	5.288387e+01
4.930000e-06	3.830511e-06	8.235461e-10	2.799597e+01	5.249166e+01
4.940000e-06	3.772161e-06	8.209192e-10	2.756951e+01	5.209325e+01
4.950000e-06	3.713569e-06	8.146662e-10	2.714128e+01	5.168787e+01
4.960000e-06	3.654821e-06	8.068374e-10	2.671191e+01	5.127482e+01
4.970000e-06	3.595855e-06	8.016259e-10	2.628095e+01	5.085347e+01
4.980000e-06	3.536775e-06	7.960283e-10	2.584915e+01	5.042322e+01
4.990000e-06	3.477514e-06	7.890036e-10	2.541603e+01	4.998356e+01
5.000000e-06	3.417891e-06	7.826714e-10	2.498026e+01	4.953404e+01
5.010000e-06	3.357994e-06	7.775621e-10	2.454249e+01	4.907432e+01
5.020000e-06	3.297905e-06	7.709580e-10	2.410332e+01	4.860410e+01
5.030000e-06	3.237614e-06	7.646221e-10	2.366267e+01	4.812319e+01
5.040000e-06	3.177123e-06	7.587193e-10	2.322057e+01	4.763148e+01
5.050000e-06	3.116306e-06	7.499706e-10	2.277608e+01	4.712894e+01
5.060000e-06	3.055185e-06	7.408799e-10	2.232936e+01	4.661561e+01
5.070000e-06	2.993896e-06	7.364971e-10	2.188142e+01	4.609165e+01
5.080000e-06	2.932384e-06	7.317407e-10	2.143185e+01	4.555724e+01
5.090000e-06	2.870657e-06	7.226621e-10	2.098070e+01	4.501267e+01
5.100000e-06	2.808743e-06	7.117968e-10	2.052820e+01	4.445828e+01
5.110000e-06	2.746582e-06	7.040190e-10	2.007388e+01	4.389447e+01
5.120000e-06	2.684122e-06	6.967633e-10	1.961738e+01	4.332169e+01
5.130000e-06	2.621406e-06	6.880217e-10	1.915901e+01	4.274042e+01
5.140000e-06	2.558610e-06	6.789794e-10	1.870005e+01	4.215120e+01
5.150000e-06	2.495681e-06	6.712083e-10	1.824012e+01	4.155457e+01
5.160000e-06	2.432478e-06	6.609770e-10	1.777819e+01	4.095108e+01
5.170000e-06	2.368981e-06	6.496128e-10	1.731412e+01	4.034130e+01
5.180000e-06	2.305252e-06	6.402217e-10	1.684835e+01	3.972580e+01
5.190000e-06	2.241353e-06	6.289167e-10	1.638132e+01	3.910511e+01
5.200000e-06	2.177208e-06	6.166593e-10	1.591251e+01	3.847975e+01
5.210000e-06	2.112902e-06	6.054852e-10	1.544252e+01	3.785022e+01
5.220000e-06	2.048495e-06	5.980229e-10	1.497179e+01	3.721694e+01
5.230000e-06	1.984013e-06	5.882882e-10	1.450051e+01	3.658031e+01
5.240000e-06	1.919437e-06	5.754496e-10	1.402854e+01	3.594065e+01
5.250000e-06	1.854643e-06	5.662682e-10	1.355499e+01	3.529824e+01
5.260000e-06	1.789799e-06	5.579458e-10	1.308106e+01	3.465326e+01
5.270000e-06	1.724975e-06	5.518481e-10	1.260729e+01	3.400583e+01
5.280000e-06	1.660042e-06	5.427109e-10	1.213271e+01	3.335599e+01
5.290000e-06	1.595001e-06	5.301401e-10	1.165735e+01	3.270368e+01
5.300000e-06	1.529844e-06	5.206629e-10	1.118114e+01	3.204876e+01
5.310000e-06	1.464583e-06	5.136442e-10	1.070416e+01	3.139102e+01
5.320000e-06	1.399313e-06	5.028085e-10	1.022712e+01	3.073013e+01
5.330000e-06	1.333995e-06	4.875417e-10	9.749737e+00	3.006570e+01
5.340000e-06	1.268494e-06	4.738574e-10	9.271016e+00	2.939726e+01
5.350000e-06	1.202889e-06	4.634792e-10	8.791524e+00	2.872423e+01
5.360000e-06	1.137219e-06	4.531979e-10	8.311568e+00	2.804598e+01
5.370000e-06	1.071488e-06	4.404759e-10	7.831163e+00	2.736180e+01
5.380000e-06	1.005623e-06	4.282303e-10	7.349774e+00	2.667092e+01
5.390000e-06	9.396789e-07	4.211769e-10	6.867810e+00	2.597251e+01
5.400000e-06	8.737381e-07	4.132537e-10	6.385870e+00	2.526569e+01
5.410000e-06	8.077426e-07	4.018245e-10	5.903530e+00	2.454954e+01
5.420000e-06	7.417425e-07	3.876806e-10	5.421157e+00	2.382310e+01
5.430000e-06	6.755664e-07	3.744485e-10	4.937497e+00	2.308541e+01
5.440000e-06	6.092744e-07	3.625661e-10	4.452990e+00	2.233548e+01
5.450000e-06	5.430517e-07	3.490608e-10	3.968989e+00	2.157232e+01
5.460000e-06	4.767577e-07	3.354925e-10	3.484468e+00	2.079495e+01
5.470000e-06	4.104188e-07	3.234151e-10	2.999619e+00	2.000241e+01
5.480000e-06	3.440568e-07	3.121390e-10	2.514600e+00	1.919377e+01
5.490000e-06	2.776284e-07	3.024447e-10	2.029097e+00	1.836812e+01
5.500000e-06	2.112300e-07	2.912738e-10	1.543812e+00	1.752463e+01
5.510000e-06	1.448933e-07	2.764920e-10	1.058978e+00	1.666249e+01
5.520000e-06	7.852685e-08	2.606765e-10	5.739274e-01	1.578097e+01
5.530000e-06	1.209385e-08	2.440705e-10	8.839007e-02	1.487943e+01
5.540000e-06	-5.429028e-08	2.280100e-10	-3.967902e-01	1.395729e+01
5.550000e-06	-1.206315e-07	2.130991e-10	-8.816565e-01	1.301405e+01
5.560000e-06	-1.870442e-07	2.015452e-10	-1.367046e+00	1.204931e+01
5.570000e-06	-2.535382e-07	1.893736e-10	-1.853029e+00	1.106278e+01
5.580000e-06	-3.199432e-07	1.759986e-10	-2.338362e+00	1.005423e+01
5.590000e-06	-3.862696e-07	1.605873e-10	-2.823120e+00	9.023580e+00
5.600000e-06	-4.526091e-07	1.449225e-10	-3.307974e+00	7.970816e+00
5.610000e-06	-5.189258e-07	1.289780e-10	-3.792661e+00	6.896043e+00
5.620000e-06	-5.852512e-07	1.109896e-10	-4.277412e+00	5.799468e+00
5.630000e-06	-6.514894e-07	9.097945e-11	-4.761526e+00	4.681399e+00
5.640000e-06	-7.176031e-07	7.244212e-11	-5.244730e+00	3.542243e+00
5.650000e-06	-7.836514e-07	5.386082e-11	-5.727455e+00	2.382506e+00
5.660000e-06	-8.496672e-07	3.454876e-11	-6.209943e+00	1.202783e+00
5.670000e-06	-9.156668e-07	1.706073e-11	-6.692313e+00	3.761631e-03
5.680000e-06	-9.815755e-07	2.535536e-13	-7.174018e+00	-1.213793e+00
5.690000e-06	-1.047403e-06	-1.939833e-11	-7.655129e+00	-2.449036e+00
5.700000e-06	-1.113143e-06	-4.063443e-11	-8.135602e+00	-3.701054e+00
5.710000e-06	-1.178727e-06	-6.121717e-11	-8.614938e+00	-4.968872e+00
5.720000e-06	-1.244153e-06	-8.206966e-11	-9.093112e+00	-6.251457e+00
5.730000e-06	-1.309507e-06	-1.034761e-10	-9.570764e+00	-7.547732e+00
5.740000e-06	-1.374818e-06	-1.280406e-10	-1.004810e+01	-8.856577e+00
5.750000e-06	-1.440059e-06	-1.532623e-10	-1.052493e+01	-1.017684e+01
5.760000e-06	-1.505256e-06	-1.761556e-10	-1.100143e+01	-1.150735e+01
5.770000e-06	-1.570381e-06	-1.963407e-10	-1.147741e+01	-1.284692e+01
5.780000e-06	-1.635392e-06	-2.172598e-10	-1.195255e+01	-1.419434e+01
5.790000e-06	-1.700336e-06	-2.389855e-10	-1.242721e+01	-1.554842e+01
5.800000e-06	-1.765197e-06	-2.578018e-10	-1.290125e+01	-1.690796e+01
5.810000e-06	-1.829934e-06	-2.785373e-10	-1.337440e+01	-1.827177e+01
5.820000e-06	-1.894580e-06	-3.041521e-10	-1.384687e+01	-1.963870e+01
5.830000e-06	-1.959068e-06	-3.299285e-10	-1.431820e+01	-2.100761e+01
5.840000e-06	-2.023415e-06	-3.515451e-10	-1.478849e+01	-2.237737e+01
5.850000e-06	-2.087728e-06	-3.737951e-10	-1.525853e+01	-2.374691e+01
5.860000e-06	-2.151945e-06	-3.983082e-10	-1.572787e+01	-2.511519e+01
5.870000e-06	-2.215991e-06	-4.211221e-10	-1.619596e+01	-2.648119e+01
5.880000e-06	-2.279895e-06	-4.453099e-10	-1.666302e+01	-2.784397e+01
5.890000e-06	-2.343591e-06	-4.704561e-10	-1.712855e+01	-2.920258e+01
5.900000e-06	-2.407069e-06	-4.965045e-10	-1.759249e+01	-3.055616e+01
5.910000e-06	-2.470323e-06	-5.227250e-10	-1.805480e+01	-3.190386e+01
5.920000e-06	-2.533349e-06	-5.485280e-10	-1.851543e+01	-3.324490e+01
5.930000e-06	-2.596140e-06	-5.737350e-10	-1.897435e+01	-3.457852e+01
5.940000e-06	-2.658713e-06	-5.979647e-10	-1.943167e+01	-3.590402e+01
5.950000e-06	-2.721056e-06	-6.244260e-10	-1.988732e+01	-3.722072e+01
5.960000e-06	-2.783080e-06	-6.504002e-10	-2.034063e+01	-3.852797e+01
5.970000e-06	-2.844861e-06	-6.752087e-10	-2.079217e+01	-3.982519e+01
5.980000e-06	-2.906367e-06	-7.011535e-10	-2.124170e+01	-4.111179e+01
5.990000e-06	-2.967632e-06	-7.247691e-10	-2.168946e+01	-4.238723e+01
6.000000e-06	-3.028719e-06	-7.463092e-10	-2.213593e+01	-4.365098e+01
6.010000e-06	-3.089613e-06	-7.675886e-10	-2.258098e+01	-4.490253e+01
6.020000e-06	-3.150365e-06	-7.893840e-10	-2.302500e+01	-4.614141e+01
6.030000e-06	-3.210876e-06	-8.105932e-10	-2.346726e+01	-4.736712e+01
6.040000e-06	-3.271087e-06	-8.318032e-10	-2.390732e+01	-4.857922e+01
6.050000e-06	-3.331047e-06	-8.526276e-10	-2.434555e+01	-4.977724e+01
6.060000e-06	-3.390730e-06	-8.717618e-10	-2.478175e+01	-5.096072e+01
6.070000e-06	-3.450129e-06	-8.915205e-10	-2.521588e+01	-5.212922e+01
6.080000e-06	-3.509296e-06	-9.106936e-10	-2.564831e+01	-5.328229e+01
6.090000e-06	-3.568287e-06	-9.284425e-10	-2.607946e+01	-5.441948e+01
6.100000e-06	-3.627116e-06	-9.459035e-10	-2.650942e+01	-5.554033e+01
6.110000e-06	-3.685711e-06	-9.615976e-10	-2.693767e+01	-5.664439e+01
6.120000e-06	-3.744013e-06	-9.757714e-10	-2.736378e+01	-5.773122e+01
6.130000e-06	-3.802048e-06	-9.904856e-10	-2.778795e+01	-5.880035e+01
6.140000e-06	-3.859806e-06	-1.008931e-09	-2.821007e+01	-5.985133e+01
6.150000e-06	-3.917304e-06	-1.027694e-09	-2.863031e+01	-6.088370e+01
6.160000e-06	-3.974549e-06	-1.040924e-09	-2.904869e+01	-6.189704e+01
6.170000e-06	-4.031549e-06	-1.051665e-09	-2.946529e+01	-6.289089e+01
6.180000e-06	-4.088350e-06	-1.062838e-09	-2.988043e+01	-6.386484e+01
6.190000e-06	-4.144894e-06	-1.075434e-09	-3.029369e+01	-6.481847e+01
6.200000e-06	-4.201175e-06	-1.088631e-09	-3.070503e+01	-6.575139e+01
6.210000e-06	-4.257151e-06	-1.099962e-09	-3.111414e+01	-6.666324e+01
6.220000e-06	-4.312792e-06	-1.111926e-09	-3.152080e+01	-6.755368e+01
6.230000e-06	-4.368134e-06	-1.126719e-09	-3.192528e+01	-6.842239e+01
6.240000e-06	-4.423086e-06	-1.143841e-09	-3.232691e+01	-6.926913e+01
6.250000e-06	-4.477601e-06	-1.158957e-09	-3.272534e+01	-7.009365e+01
6.260000e-06	-4.531692e-06	-1.170174e-09	-3.312068e+01	-7.089579e+01
6.270000e-06	-4.585436e-06	-1.182046e-09	-3.351347e+01	-7.167542e+01
6.280000e-06	-4.638825e-06	-1.189500e-09	-3.390368e+01	-7.243246e+01
6.290000e-06	-4.691802e-06	-1.194071e-09	-3.429087e+01	-7.316691e+01
6.300000e-06	-4.744305e-06	-1.201630e-09	-3.467459e+01	-7.387882e+01
6.310000e-06	-4.796280e-06	-1.210047e-09	-3.505446e+01	-7.456831e+01
6.320000e-06	-4.847877e-06	-1.218116e-09	-3.543157e+01	-7.523557e+01
6.330000e-06	-4.899170e-06	-1.225202e-09	-3.580645e+01	-7.588085e+01
6.340000e-06	-4.950133e-06	-1.237701e-09	-3.617893e+01	-7.650449e+01
6.350000e-06	-5.000785e-06	-1.253487e-09	-3.654913e+01	-7.710688e+01
6.360000e-06	-5.051024e-06	-1.265350e-09	-3.691631e+01	-7.768851e+01
6.370000e-06	-5.100767e-06	-1.273919e-09	-3.727986e+01	-7.824990e+01
6.380000e-06	-5.149969e-06	-1.280460e-09	-3.763946e+01	-7.879167e+01
6.390000e-06	-5.198688e-06	-1.287968e-09	-3.799553e+01	-7.931450e+01
6.400000e-06	-5.247012e-06	-1.295381e-09	-3.834872e+01	-7.981913e+01
6.410000e-06	-5.294890e-06	-1.303090e-09	-3.869864e+01	-8.030634e+01
6.420000e-06	-5.342437e-06	-1.312444e-09	-3.904615e+01	-8.077698e+01
6.430000e-06	-5.389571e-06	-1.322397e-09	-3.939063e+01	-8.123195e+01
6.440000e-06	-5.436194e-06	-1.333800e-09	-3.973139e+01	-8.167219e+01
6.450000e-06	-5.482551e-06	-1.345260e-09	-4.007020e+01	-8.209864e+01
6.460000e-06	-5.528567e-06	-1.352361e-09	-4.040651e+01	-8.251231e+01
6.470000e-06	-5.574140e-06	-1.355677e-09	-4.073959e+01	-8.291421e+01
6.480000e-06	-5.619328e-06	-1.361481e-09	-4.106985e+01	-8.330534e+01
6.490000e-06	-5.664146e-06	-1.370446e-09	-4.139741e+01	-8.368672e+01
6.500000e-06	-5.708657e-06	-1.374954e-09	-4.172273e+01	-8.405937e+01
6.510000e-06	-5.752854e-06	-1.378466e-09	-4.204576e+01	-8.442425e+01
6.520000e-06	-5.796734e-06	-1.383682e-09	-4.236646e+01	-8.478235e+01
6.530000e-06	-5.840279e-06	-1.391311e-09	-4.268471e+01	-8.513457e+01
6.540000e-06	-5.883495e-06	-1.398508e-09	-4.300056e+01	-8.548180e+01
6.550000e-06	-5.926387e-06	-1.403566e-09	-4.331405e+01	-8.582487e+01
6.560000e-06	-5.968969e-06	-1.407824e-09	-4.362527e+01	-8.616453e+01
6.570000e-06	-6.011114e-06	-1.411406e-09	-4.393329e+01	-8.650149e+01
6.580000e-06	-6.052746e-06	-1.415479e-09	-4.423757e+01	-8.683637e+01
6.590000e-06	-6.093958e-06	-1.417287e-09	-4.453877e+01	-8.716972e+01
6.600000e-06	-6.134792e-06	-1.418476e-09	-4.483722e+01	-8.750198e+01
6.610000e-06	-6.175268e-06	-1.420618e-09	-4.513304e+01	-8.783352e+01
6.620000e-06	-6.215322e-06	-1.426208e-09	-4.542578e+01	-8.816463e+01
6.630000e-06	-6.254999e-06	-1.433496e-09	-4.571577e+01	-8.849548e+01
6.640000e-06	-6.294328e-06	-1.439332e-09	-4.600321e+01	-8.882616e+01
6.650000e-06	-6.333120e-06	-1.445244e-09	-4.628673e+01	-8.915666e+01
6.660000e-06	-6.371364e-06	-1.452077e-09	-4.656624e+01	-8.948687e+01
6.670000e-06	-6.408999e-06	-1.457478e-09	-4.684131e+01	-8.981660e+01
6.680000e-06	-6.445943e-06	-1.460213e-09	-4.711131e+01	-9.014556e+01
6.690000e-06	-6.482406e-06	-1.462599e-09	-4.737781e+01	-9.047340e+01
6.700000e-06	-6.518496e-06	-1.467761e-09	-4.764158e+01	-9.079965e+01
6.710000e-06	-6.554182e-06	-1.470910e-09	-4.790240e+01	-9.112382e+01
6.720000e-06	-6.589461e-06	-1.471582e-09	-4.816025e+01	-9.144532e+01
6.730000e-06	-6.624412e-06	-1.472776e-09	-4.841569e+01	-9.176351e+01
6.740000e-06	-6.658951e-06	-1.475233e-09	-4.866813e+01	-9.207771e+01
6.750000e-06	-6.692959e-06	-1.477024e-09	-4.891668e+01	-9.238721e+01
6.760000e-06	-6.726495e-06	-1.477421e-09	-4.916178e+01	-9.269127e+01
6.770000e-06	-6.759558e-06	-1.479101e-09	-4.940343e+01	-9.298912e+01
6.780000e-06	-6.792152e-06	-1.482654e-09	-4.964164e+01	-9.328001e+01
6.790000e-06	-6.824348e-06	-1.485479e-09	-4.987696e+01	-9.356318e+01
6.800000e-06	-6.856135e-06	-1.486471e-09	-5.010928e+01	-9.383789e+01
6.810000e-06	-6.887444e-06	-1.486684e-09	-5.033810e+01	-9.410344e+01
6.820000e-06	-6.918114e-06	-1.487266e-09	-5.056227e+01	-9.435917e+01
6.830000e-06	-6.948066e-06	-1.488654e-09	-5.078117e+01	-9.460445e+01
6.840000e-06	-6.977366e-06	-1.488323e-09	-5.099532e+01	-9.483874e+01
6.850000e-06	-7.006150e-06	-1.485776e-09	-5.120569e+01	-9.506155e+01
6.860000e-06	-7.034501e-06	-1.486019e-09	-5.141290e+01	-9.527248e+01
6.870000e-06	-7.062458e-06	-1.487299e-09	-5.161722e+01	-9.547122e+01
6.880000e-06	-7.090016e-06	-1.488390e-09	-5.181864e+01	-9.565754e+01
6.890000e-06	-7.117042e-06	-1.489746e-09	-5.201616e+01	-9.583133e+01
6.900000e-06	-7.143563e-06	-1.492883e-09	-5.221000e+01	-9.599255e+01
6.910000e-06	-7.169596e-06	-1.495994e-09	-5.240026e+01	-9.614130e+01
6.920000e-06	-7.195115e-06	-1.494083e-09	-5.258677e+01	-9.627777e+01
6.930000e-06	-7.220143e-06	-1.491876e-09	-5.276970e+01	-9.640226e+01
6.940000e-06	-7.244662e-06	-1.489930e-09	-5.294890e+01	-9.651520e+01
6.950000e-06	-7.268762e-06	-1.490043e-09	-5.312504e+01	-9.661709e+01
6.960000e-06	-7.292451e-06	-1.491098e-09	-5.329817e+01	-9.670856e+01
6.970000e-06	-7.315735e-06	-1.492230e-09	-5.346834e+01	-9.679031e+01
6.980000e-06	-7.338411e-06	-1.495005e-09	-5.363408e+01	-9.686315e+01
6.990000e-06	-7.360206e-06	-1.499915e-09	-5.379337e+01	-9.692797e+01
7.000000e-06	-7.381273e-06	-1.504864e-09	-5.394734e+01	-9.698572e+01
7.010000e-06	-7.401820e-06	-1.507483e-09	-5.409751e+01	-9.703742e+01
7.020000e-06	-7.421916e-06	-1.507726e-09	-5.424439e+01	-9.708414e+01
7.030000e-06	-7.441579e-06	-1.508288e-09	-5.438810e+01	-9.712699e+01
7.040000e-06	-7.460787e-06	-1.507982e-09	-5.452848e+01	-9.716709e+01
7.050000e-06	-7.479559e-06	-1.507219e-09	-5.466568e+01	-9.720560e+01
7.060000e-06	-7.497836e-06	-1.506713e-09	-5.479926e+01	-9.724363e+01
7.070000e-06	-7.515530e-06	-1.508067e-09	-5.492858e+01	-9.728233e+01
7.080000e-06	-7.532667e-06	-1.509142e-09	-5.505383e+01	-9.732278e+01
7.090000e-06	-7.549387e-06	-1.510559e-09	-5.517603e+01	-9.736600e+01
7.100000e-06	-7.565756e-06	-1.513252e-09	-5.529567e+01	-9.741299e+01
7.110000e-06	-7.581635e-06	-1.516355e-09	-5.541173e+01	-9.746464e+01
7.120000e-06	-7.596934e-06	-1.519310e-09	-5.552354e+01	-9.752177e+01
7.130000e-06	-7.611573e-06	-1.520675e-09	-5.563053e+01	-9.758506e+01
7.140000e-06	-7.625311e-06	-1.517225e-09	-5.573094e+01	-9.765512e+01
7.150000e-06	-7.638176e-06	-1.511258e-09	-5.582497e+01	-9.773241e+01
7.160000e-06	-7.650445e-06	-1.508589e-09	-5.591463e+01	-9.781724e+01
7.170000e-06	-7.662185e-06	-1.510214e-09	-5.600044e+01	-9.790980e+01
7.180000e-06	-7.673376e-06	-1.513718e-09	-5.608223e+01	-9.801010e+01
7.190000e-06	-7.684057e-06	-1.514761e-09	-5.616029e+01	-9.811801e+01
7.200000e-06	-7.694229e-06	-1.517483e-09	-5.623464e+01	-9.823321e+01
7.210000e-06	-7.703871e-06	-1.522252e-09	-5.630511e+01	-9.835525e+01
7.220000e-06	-7.712971e-06	-1.527288e-09	-5.637161e+01	-9.848348e+01
7.230000e-06	-7.721583e-06	-1.526226e-09	-5.643456e+01	-9.861710e+01
7.240000e-06	-7.729818e-06	-1.521906e-09	-5.649475e+01	-9.875513e+01
7.250000e-06	-7.737699e-06	-1.519144e-09	-5.655234e+01	-9.889645e+01
7.260000e-06	-7.745144e-06	-1.518816e-09	-5.660676e+01	-9.903977e+01
7.270000e-06	-7.751850e-06	-1.517569e-09	-5.665577e+01	-9.918367e+01
7.280000e-06	-7.757703e-06	-1.517980e-09	-5.669855e+01	-9.932659e+01
7.290000e-06	-7.762746e-06	-1.521419e-09	-5.673540e+01	-9.946684e+01
7.300000e-06	-7.767165e-06	-1.525211e-09	-5.676770e+01	-9.960263e+01
7.310000e-06	-7.771204e-06	-1.526617e-09	-5.679722e+01	-9.973207e+01
7.320000e-06	-7.774839e-06	-1.525469e-09	-5.682379e+01	-9.985319e+01
7.330000e-06	-7.777984e-06	-1.520680e-09	-5.684678e+01	-9.996397e+01
7.340000e-06	-7.780587e-06	-1.514414e-09	-5.686580e+01	-1.000623e+02
7.350000e-06	-7.782739e-06	-1.511246e-09	-5.688152e+01	-1.001462e+02
7.360000e-06	-7.784391e-06	-1.510192e-09	-5.689360e+01	-1.002134e+02
7.370000e-06	-7.785317e-06	-1.507949e-09	-5.690037e+01	-1.002619e+02
7.380000e-06	-7.785722e-06	-1.504631e-09	-5.690333e+01	-1.002897e+02
