# Temperatura_=_20.0
# Concentracion g/m^3_=_10000.0
# C_Vs_to_Am_M_A/Vsm_=_65563218390.804596
# pendiente_HvsI_1/m_=_3716.3
# ordenada_HvsI_A/m_=_1297.0
# frecuencia_Hz_=_135483.0335848568

Tiempo_(s)	Campo_(V.s)	Magnetizacion_(V.s)	Campo_(kA/m)	Magnetizacion_(A/m)
0.000000e+00	-7.790889e-06	-1.352895e-09	-5.691466e+01	-9.269853e+01
1.000000e-08	-7.791173e-06	-1.352587e-09	-5.691673e+01	-9.266426e+01
2.000000e-08	-7.791080e-06	-1.353636e-09	-5.691606e+01	-9.260301e+01
3.000000e-08	-7.790452e-06	-1.353465e-09	-5.691147e+01	-9.251306e+01
4.000000e-08	-7.789147e-06	-1.351376e-09	-5.690194e+01	-9.239285e+01
5.000000e-08	-7.786983e-06	-1.349670e-09	-5.688613e+01	-9.224093e+01
6.000000e-08	-7.784036e-06	-1.348094e-09	-5.686460e+01	-9.205606e+01
7.000000e-08	-7.780597e-06	-1.342647e-09	-5.683948e+01	-9.183717e+01
8.000000e-08	-7.776806e-06	-1.330630e-09	-5.681178e+01	-9.158338e+01
9.000000e-08	-7.772632e-06	-1.330808e-09	-5.678129e+01	-9.129402e+01
1.000000e-07	-7.767834e-06	-1.376307e-09	-5.674624e+01	-9.096867e+01
1.100000e-07	-7.762167e-06	-1.408895e-09	-5.670484e+01	-9.060711e+01
1.200000e-07	-7.755544e-06	-1.351764e-09	-5.665646e+01	-9.020935e+01
1.300000e-07	-7.748212e-06	-1.204474e-09	-5.660289e+01	-8.977568e+01
1.400000e-07	-7.740622e-06	-1.182029e-09	-5.654745e+01	-8.930658e+01
1.500000e-07	-7.732850e-06	-1.420007e-09	-5.649067e+01	-8.880281e+01
1.600000e-07	-7.724757e-06	-1.518402e-09	-5.643155e+01	-8.826535e+01
1.700000e-07	-7.716299e-06	-1.252062e-09	-5.636976e+01	-8.769542e+01
1.800000e-07	-7.707258e-06	-1.172340e-09	-5.630371e+01	-8.709447e+01
1.900000e-07	-7.697188e-06	-1.364051e-09	-5.623014e+01	-8.646417e+01
2.000000e-07	-7.686167e-06	-1.496778e-09	-5.614964e+01	-8.580639e+01
2.100000e-07	-7.674678e-06	-1.461427e-09	-5.606571e+01	-8.512319e+01
2.200000e-07	-7.662711e-06	-1.333579e-09	-5.597829e+01	-8.441683e+01
2.300000e-07	-7.649981e-06	-1.234770e-09	-5.588529e+01	-8.368971e+01
2.400000e-07	-7.636762e-06	-1.342134e-09	-5.578872e+01	-8.294439e+01
2.500000e-07	-7.623301e-06	-1.541768e-09	-5.569038e+01	-8.218355e+01
2.600000e-07	-7.609077e-06	-1.337245e-09	-5.558647e+01	-8.140997e+01
2.700000e-07	-7.593690e-06	-1.045073e-09	-5.547406e+01	-8.062652e+01
2.800000e-07	-7.577586e-06	-1.202672e-09	-5.535642e+01	-7.983613e+01
2.900000e-07	-7.561049e-06	-1.428326e-09	-5.523562e+01	-7.904176e+01
3.000000e-07	-7.543874e-06	-1.174740e-09	-5.511015e+01	-7.824638e+01
3.100000e-07	-7.526216e-06	-9.114431e-10	-5.498115e+01	-7.745295e+01
3.200000e-07	-7.508134e-06	-1.074176e-09	-5.484906e+01	-7.666441e+01
3.300000e-07	-7.489452e-06	-1.222470e-09	-5.471258e+01	-7.588363e+01
3.400000e-07	-7.470254e-06	-1.072644e-09	-5.457233e+01	-7.511339e+01
3.500000e-07	-7.450750e-06	-1.019325e-09	-5.442985e+01	-7.435638e+01
3.600000e-07	-7.430902e-06	-1.047694e-09	-5.428485e+01	-7.361515e+01
3.700000e-07	-7.410555e-06	-9.870927e-10	-5.413622e+01	-7.289213e+01
3.800000e-07	-7.389748e-06	-1.074961e-09	-5.398421e+01	-7.218957e+01
3.900000e-07	-7.368519e-06	-1.191890e-09	-5.382913e+01	-7.150953e+01
4.000000e-07	-7.346785e-06	-9.930890e-10	-5.367036e+01	-7.085389e+01
4.100000e-07	-7.324360e-06	-8.785167e-10	-5.350653e+01	-7.022431e+01
4.200000e-07	-7.301335e-06	-1.122297e-09	-5.333833e+01	-6.962224e+01
4.300000e-07	-7.277971e-06	-1.236186e-09	-5.316765e+01	-6.904889e+01
4.400000e-07	-7.254214e-06	-9.728490e-10	-5.299410e+01	-6.850524e+01
4.500000e-07	-7.229941e-06	-8.601698e-10	-5.281677e+01	-6.799201e+01
4.600000e-07	-7.205179e-06	-1.119992e-09	-5.263589e+01	-6.750968e+01
4.700000e-07	-7.179828e-06	-1.183159e-09	-5.245069e+01	-6.705850e+01
4.800000e-07	-7.153583e-06	-9.465209e-10	-5.225896e+01	-6.663845e+01
4.900000e-07	-7.126608e-06	-9.159600e-10	-5.206190e+01	-6.624928e+01
5.000000e-07	-7.099203e-06	-1.092668e-09	-5.186169e+01	-6.589050e+01
5.100000e-07	-7.071419e-06	-1.068083e-09	-5.165873e+01	-6.556140e+01
5.200000e-07	-7.043238e-06	-9.907850e-10	-5.145286e+01	-6.526104e+01
5.300000e-07	-7.014595e-06	-1.004048e-09	-5.124361e+01	-6.498828e+01
5.400000e-07	-6.985423e-06	-9.873550e-10	-5.103051e+01	-6.474180e+01
5.500000e-07	-6.955733e-06	-9.905802e-10	-5.081361e+01	-6.452008e+01
5.600000e-07	-6.925591e-06	-1.069490e-09	-5.059342e+01	-6.432146e+01
5.700000e-07	-6.894983e-06	-1.016342e-09	-5.036981e+01	-6.414412e+01
5.800000e-07	-6.863862e-06	-9.234427e-10	-5.014247e+01	-6.398614e+01
5.900000e-07	-6.832373e-06	-9.849341e-10	-4.991243e+01	-6.384547e+01
6.000000e-07	-6.800611e-06	-1.075632e-09	-4.968040e+01	-6.372000e+01
6.100000e-07	-6.768456e-06	-1.016534e-09	-4.944550e+01	-6.360755e+01
6.200000e-07	-6.735753e-06	-9.303543e-10	-4.920660e+01	-6.350590e+01
6.300000e-07	-6.702348e-06	-9.543772e-10	-4.896256e+01	-6.341281e+01
6.400000e-07	-6.668202e-06	-1.031873e-09	-4.871312e+01	-6.332604e+01
6.500000e-07	-6.633383e-06	-1.016077e-09	-4.845875e+01	-6.324339e+01
6.600000e-07	-6.598084e-06	-9.298145e-10	-4.820088e+01	-6.316268e+01
6.700000e-07	-6.562430e-06	-9.293243e-10	-4.794041e+01	-6.308180e+01
6.800000e-07	-6.526398e-06	-9.939830e-10	-4.767719e+01	-6.299872e+01
6.900000e-07	-6.489876e-06	-9.858079e-10	-4.741039e+01	-6.291151e+01
7.000000e-07	-6.452893e-06	-9.315890e-10	-4.714022e+01	-6.281836e+01
7.100000e-07	-6.415502e-06	-9.339544e-10	-4.686707e+01	-6.271757e+01
7.200000e-07	-6.377557e-06	-9.516657e-10	-4.658987e+01	-6.260759e+01
7.300000e-07	-6.339189e-06	-9.535894e-10	-4.630958e+01	-6.248701e+01
7.400000e-07	-6.300499e-06	-9.505627e-10	-4.602694e+01	-6.235460e+01
7.500000e-07	-6.261408e-06	-9.330018e-10	-4.574136e+01	-6.220928e+01
7.600000e-07	-6.221982e-06	-9.111092e-10	-4.545335e+01	-6.205014e+01
7.700000e-07	-6.182276e-06	-9.374103e-10	-4.516329e+01	-6.187646e+01
7.800000e-07	-6.142230e-06	-9.531324e-10	-4.487074e+01	-6.168768e+01
7.900000e-07	-6.101730e-06	-9.117365e-10	-4.457487e+01	-6.148342e+01
8.000000e-07	-6.060660e-06	-8.823308e-10	-4.427484e+01	-6.126349e+01
8.100000e-07	-6.018839e-06	-9.182390e-10	-4.396933e+01	-6.102784e+01
8.200000e-07	-5.976299e-06	-9.326967e-10	-4.365857e+01	-6.077662e+01
8.300000e-07	-5.933215e-06	-8.949753e-10	-4.334382e+01	-6.051011e+01
8.400000e-07	-5.889685e-06	-8.694623e-10	-4.302583e+01	-6.022874e+01
8.500000e-07	-5.845813e-06	-8.917641e-10	-4.270533e+01	-5.993310e+01
8.600000e-07	-5.801607e-06	-9.059416e-10	-4.238239e+01	-5.962386e+01
8.700000e-07	-5.757097e-06	-8.831160e-10	-4.205723e+01	-5.930185e+01
8.800000e-07	-5.712232e-06	-8.559629e-10	-4.172948e+01	-5.896798e+01
8.900000e-07	-5.666885e-06	-8.595782e-10	-4.139821e+01	-5.862323e+01
9.000000e-07	-5.621244e-06	-8.732057e-10	-4.106478e+01	-5.826867e+01
9.100000e-07	-5.575301e-06	-8.678971e-10	-4.072916e+01	-5.790542e+01
9.200000e-07	-5.528949e-06	-8.502706e-10	-4.039055e+01	-5.753462e+01
9.300000e-07	-5.482199e-06	-8.397922e-10	-4.004902e+01	-5.715747e+01
9.400000e-07	-5.434994e-06	-8.421652e-10	-3.970418e+01	-5.677514e+01
9.500000e-07	-5.387398e-06	-8.480510e-10	-3.935647e+01	-5.638880e+01
9.600000e-07	-5.339358e-06	-8.405784e-10	-3.900553e+01	-5.599961e+01
9.700000e-07	-5.290877e-06	-8.172777e-10	-3.865136e+01	-5.560869e+01
9.800000e-07	-5.241956e-06	-8.105818e-10	-3.829398e+01	-5.521709e+01
9.900000e-07	-5.192509e-06	-8.216549e-10	-3.793276e+01	-5.482583e+01
1.000000e-06	-5.142486e-06	-8.175240e-10	-3.756732e+01	-5.443581e+01
1.010000e-06	-5.091913e-06	-7.930691e-10	-3.719787e+01	-5.404790e+01
1.020000e-06	-5.040907e-06	-7.846569e-10	-3.682526e+01	-5.366283e+01
1.030000e-06	-4.989466e-06	-7.936737e-10	-3.644947e+01	-5.328125e+01
1.040000e-06	-4.937642e-06	-7.928792e-10	-3.607088e+01	-5.290370e+01
1.050000e-06	-4.885485e-06	-7.735490e-10	-3.568986e+01	-5.253061e+01
1.060000e-06	-4.832975e-06	-7.609724e-10	-3.530626e+01	-5.216229e+01
1.070000e-06	-4.780047e-06	-7.588534e-10	-3.491960e+01	-5.179894e+01
1.080000e-06	-4.726709e-06	-7.549831e-10	-3.452996e+01	-5.144064e+01
1.090000e-06	-4.673047e-06	-7.429994e-10	-3.413794e+01	-5.108735e+01
1.100000e-06	-4.619059e-06	-7.323631e-10	-3.374354e+01	-5.073892e+01
1.110000e-06	-4.564796e-06	-7.258976e-10	-3.334714e+01	-5.039508e+01
1.120000e-06	-4.510308e-06	-7.240699e-10	-3.294908e+01	-5.005549e+01
1.130000e-06	-4.455561e-06	-7.203874e-10	-3.254914e+01	-4.971968e+01
1.140000e-06	-4.400484e-06	-7.106771e-10	-3.214679e+01	-4.938710e+01
1.150000e-06	-4.345066e-06	-6.992541e-10	-3.174195e+01	-4.905711e+01
1.160000e-06	-4.289380e-06	-6.948028e-10	-3.133514e+01	-4.872903e+01
1.170000e-06	-4.233555e-06	-6.933946e-10	-3.092732e+01	-4.840208e+01
1.180000e-06	-4.177552e-06	-6.835162e-10	-3.051820e+01	-4.807546e+01
1.190000e-06	-4.121285e-06	-6.695310e-10	-3.010716e+01	-4.774830e+01
1.200000e-06	-4.064673e-06	-6.620741e-10	-2.969359e+01	-4.741974e+01
1.210000e-06	-4.007677e-06	-6.587232e-10	-2.927722e+01	-4.708887e+01
1.220000e-06	-3.950331e-06	-6.507399e-10	-2.885829e+01	-4.675480e+01
1.230000e-06	-3.892519e-06	-6.412160e-10	-2.843596e+01	-4.641662e+01
1.240000e-06	-3.834156e-06	-6.355087e-10	-2.800960e+01	-4.607347e+01
1.250000e-06	-3.775333e-06	-6.315094e-10	-2.757988e+01	-4.572449e+01
1.260000e-06	-3.716241e-06	-6.268784e-10	-2.714820e+01	-4.536888e+01
1.270000e-06	-3.656911e-06	-6.209664e-10	-2.671478e+01	-4.500588e+01
1.280000e-06	-3.597378e-06	-6.125914e-10	-2.627987e+01	-4.463479e+01
1.290000e-06	-3.537738e-06	-6.018601e-10	-2.584418e+01	-4.425496e+01
1.300000e-06	-3.477907e-06	-5.941847e-10	-2.540710e+01	-4.386583e+01
1.310000e-06	-3.417884e-06	-5.904109e-10	-2.496862e+01	-4.346691e+01
1.320000e-06	-3.357682e-06	-5.831491e-10	-2.452883e+01	-4.305779e+01
1.330000e-06	-3.297189e-06	-5.744050e-10	-2.408691e+01	-4.263815e+01
1.340000e-06	-3.236502e-06	-5.703223e-10	-2.364357e+01	-4.220775e+01
1.350000e-06	-3.175649e-06	-5.654795e-10	-2.319902e+01	-4.176644e+01
1.360000e-06	-3.114569e-06	-5.552546e-10	-2.275281e+01	-4.131417e+01
1.370000e-06	-3.053249e-06	-5.466638e-10	-2.230486e+01	-4.085096e+01
1.380000e-06	-2.991726e-06	-5.407969e-10	-2.185541e+01	-4.037692e+01
1.390000e-06	-2.930035e-06	-5.336164e-10	-2.140474e+01	-3.989224e+01
1.400000e-06	-2.868118e-06	-5.242467e-10	-2.095242e+01	-3.939718e+01
1.410000e-06	-2.805996e-06	-5.151340e-10	-2.049860e+01	-3.889209e+01
1.420000e-06	-2.743671e-06	-5.074235e-10	-2.004329e+01	-3.837736e+01
1.430000e-06	-2.681112e-06	-5.014463e-10	-1.958629e+01	-3.785344e+01
1.440000e-06	-2.618315e-06	-4.939271e-10	-1.912754e+01	-3.732083e+01
1.450000e-06	-2.555326e-06	-4.857464e-10	-1.866738e+01	-3.678007e+01
1.460000e-06	-2.492211e-06	-4.793672e-10	-1.820631e+01	-3.623173e+01
1.470000e-06	-2.429010e-06	-4.725231e-10	-1.774461e+01	-3.567639e+01
1.480000e-06	-2.365759e-06	-4.637958e-10	-1.728255e+01	-3.511465e+01
1.490000e-06	-2.302371e-06	-4.563763e-10	-1.681948e+01	-3.454711e+01
1.500000e-06	-2.238824e-06	-4.493805e-10	-1.635524e+01	-3.397434e+01
1.510000e-06	-2.175192e-06	-4.422326e-10	-1.589039e+01	-3.339690e+01
1.520000e-06	-2.111453e-06	-4.335390e-10	-1.542477e+01	-3.281535e+01
1.530000e-06	-2.047579e-06	-4.229073e-10	-1.495815e+01	-3.223016e+01
1.540000e-06	-1.983578e-06	-4.128069e-10	-1.449060e+01	-3.164178e+01
1.550000e-06	-1.919454e-06	-4.059811e-10	-1.402216e+01	-3.105060e+01
1.560000e-06	-1.855203e-06	-3.985131e-10	-1.355278e+01	-3.045696e+01
1.570000e-06	-1.790866e-06	-3.867936e-10	-1.308279e+01	-2.986110e+01
1.580000e-06	-1.726378e-06	-3.732438e-10	-1.261168e+01	-2.926321e+01
1.590000e-06	-1.661651e-06	-3.637881e-10	-1.213883e+01	-2.866340e+01
1.600000e-06	-1.596821e-06	-3.553216e-10	-1.166523e+01	-2.806167e+01
1.610000e-06	-1.531983e-06	-3.462237e-10	-1.119157e+01	-2.745798e+01
1.620000e-06	-1.466911e-06	-3.357225e-10	-1.071620e+01	-2.685215e+01
1.630000e-06	-1.401652e-06	-3.242724e-10	-1.023947e+01	-2.624395e+01
1.640000e-06	-1.336347e-06	-3.146993e-10	-9.762394e+00	-2.563306e+01
1.650000e-06	-1.270908e-06	-3.082280e-10	-9.284344e+00	-2.501905e+01
1.660000e-06	-1.205317e-06	-3.012134e-10	-8.805182e+00	-2.440143e+01
1.670000e-06	-1.139510e-06	-2.895071e-10	-8.324443e+00	-2.377963e+01
1.680000e-06	-1.073521e-06	-2.795034e-10	-7.842379e+00	-2.315300e+01
1.690000e-06	-1.007475e-06	-2.728766e-10	-7.359892e+00	-2.252083e+01
1.700000e-06	-9.413732e-07	-2.659040e-10	-6.876999e+00	-2.188233e+01
1.710000e-06	-8.751411e-07	-2.530356e-10	-6.393155e+00	-2.123668e+01
1.720000e-06	-8.089236e-07	-2.351803e-10	-5.909417e+00	-2.058300e+01
1.730000e-06	-7.427637e-07	-2.196053e-10	-5.426100e+00	-1.992037e+01
1.740000e-06	-6.764849e-07	-2.095264e-10	-4.941915e+00	-1.924787e+01
1.750000e-06	-6.100385e-07	-1.972823e-10	-4.456505e+00	-1.856453e+01
1.760000e-06	-5.434761e-07	-1.833215e-10	-3.970248e+00	-1.786939e+01
1.770000e-06	-4.768607e-07	-1.726018e-10	-3.483603e+00	-1.716147e+01
1.780000e-06	-4.101572e-07	-1.657808e-10	-2.996315e+00	-1.643984e+01
1.790000e-06	-3.433976e-07	-1.581947e-10	-2.508617e+00	-1.570354e+01
1.800000e-06	-2.766026e-07	-1.458119e-10	-2.020661e+00	-1.495170e+01
1.810000e-06	-2.098319e-07	-1.318397e-10	-1.532882e+00	-1.418343e+01
1.820000e-06	-1.430999e-07	-1.174258e-10	-1.045385e+00	-1.339794e+01
1.830000e-06	-7.642214e-08	-1.033716e-10	-5.582855e-01	-1.259446e+01
1.840000e-06	-9.815208e-09	-9.089451e-11	-7.170289e-02	-1.177232e+01
1.850000e-06	5.687267e-08	-7.880712e-11	4.154710e-01	-1.093089e+01
1.860000e-06	1.236720e-07	-6.688872e-11	9.034590e-01	-1.006964e+01
1.870000e-06	1.904502e-07	-5.622944e-11	1.391293e+00	-9.188121e+00
1.880000e-06	2.571228e-07	-4.803051e-11	1.878355e+00	-8.285970e+00
1.890000e-06	3.237728e-07	-3.605131e-11	2.365253e+00	-7.362920e+00
1.900000e-06	3.904568e-07	-2.122645e-11	2.852398e+00	-6.418800e+00
1.910000e-06	4.571478e-07	-6.366279e-12	3.339594e+00	-5.453538e+00
1.920000e-06	5.237760e-07	9.685780e-12	3.826333e+00	-4.467162e+00
1.930000e-06	5.903839e-07	2.730322e-11	4.312923e+00	-3.459800e+00
1.940000e-06	6.569611e-07	4.424871e-11	4.799287e+00	-2.431677e+00
1.950000e-06	7.234439e-07	5.779794e-11	5.284964e+00	-1.383120e+00
1.960000e-06	7.897979e-07	7.035563e-11	5.769698e+00	-3.145455e-01
1.970000e-06	8.560455e-07	8.219433e-11	6.253656e+00	7.735348e-01
1.980000e-06	9.222714e-07	9.621548e-11	6.737455e+00	1.880523e+00
1.990000e-06	9.883969e-07	1.115184e-10	7.220520e+00	3.005739e+00
2.000000e-06	1.054478e-06	1.270266e-10	7.703259e+00	4.148425e+00
2.010000e-06	1.120478e-06	1.405994e-10	8.185413e+00	5.307752e+00
2.020000e-06	1.186293e-06	1.566955e-10	8.666205e+00	6.482827e+00
2.030000e-06	1.251971e-06	1.752464e-10	9.146006e+00	7.672698e+00
2.040000e-06	1.317504e-06	1.906452e-10	9.624741e+00	8.876363e+00
2.050000e-06	1.382962e-06	2.038679e-10	1.010293e+01	1.009278e+01
2.060000e-06	1.448408e-06	2.178479e-10	1.058103e+01	1.132086e+01
2.070000e-06	1.513724e-06	2.348483e-10	1.105818e+01	1.255949e+01
2.080000e-06	1.578861e-06	2.550562e-10	1.153403e+01	1.380756e+01
2.090000e-06	1.643784e-06	2.743430e-10	1.200831e+01	1.506390e+01
2.100000e-06	1.708470e-06	2.907323e-10	1.248086e+01	1.632737e+01
2.110000e-06	1.772980e-06	3.092647e-10	1.295212e+01	1.759681e+01
2.120000e-06	1.837324e-06	3.295319e-10	1.342217e+01	1.887107e+01
2.130000e-06	1.901490e-06	3.469049e-10	1.389092e+01	2.014903e+01
2.140000e-06	1.965552e-06	3.629385e-10	1.435891e+01	2.142955e+01
2.150000e-06	2.029531e-06	3.804539e-10	1.482630e+01	2.271155e+01
2.160000e-06	2.093329e-06	3.996433e-10	1.529236e+01	2.399395e+01
2.170000e-06	2.156962e-06	4.203551e-10	1.575722e+01	2.527571e+01
2.180000e-06	2.220481e-06	4.398896e-10	1.622125e+01	2.655583e+01
2.190000e-06	2.283889e-06	4.580425e-10	1.668446e+01	2.783332e+01
2.200000e-06	2.347184e-06	4.772979e-10	1.714685e+01	2.910725e+01
2.210000e-06	2.410381e-06	4.976378e-10	1.760852e+01	3.037673e+01
2.220000e-06	2.473561e-06	5.157087e-10	1.807006e+01	3.164088e+01
2.230000e-06	2.536683e-06	5.331156e-10	1.853119e+01	3.289890e+01
2.240000e-06	2.599588e-06	5.516011e-10	1.899073e+01	3.414999e+01
2.250000e-06	2.662284e-06	5.705633e-10	1.944874e+01	3.539340e+01
2.260000e-06	2.724715e-06	5.874490e-10	1.990481e+01	3.662844e+01
2.270000e-06	2.786906e-06	6.044504e-10	2.035914e+01	3.785441e+01
2.280000e-06	2.848951e-06	6.218219e-10	2.081240e+01	3.907067e+01
2.290000e-06	2.910725e-06	6.396162e-10	2.126367e+01	4.027660e+01
2.300000e-06	2.972290e-06	6.592084e-10	2.171343e+01	4.147162e+01
2.310000e-06	3.033750e-06	6.779651e-10	2.216241e+01	4.265515e+01
2.320000e-06	3.095052e-06	6.951832e-10	2.261023e+01	4.382664e+01
2.330000e-06	3.156170e-06	7.120088e-10	2.305672e+01	4.498558e+01
2.340000e-06	3.217144e-06	7.285389e-10	2.350215e+01	4.613144e+01
2.350000e-06	3.277939e-06	7.414020e-10	2.394628e+01	4.726374e+01
2.360000e-06	3.338437e-06	7.526835e-10	2.438823e+01	4.838197e+01
2.370000e-06	3.398656e-06	7.670223e-10	2.482815e+01	4.948566e+01
2.380000e-06	3.458626e-06	7.832605e-10	2.526625e+01	5.057434e+01
2.390000e-06	3.518393e-06	8.006359e-10	2.570286e+01	5.164753e+01
2.400000e-06	3.577963e-06	8.187904e-10	2.613804e+01	5.270479e+01
2.410000e-06	3.637325e-06	8.369529e-10	2.657170e+01	5.374564e+01
2.420000e-06	3.696483e-06	8.540613e-10	2.700386e+01	5.476965e+01
2.430000e-06	3.755285e-06	8.695570e-10	2.743343e+01	5.577635e+01
2.440000e-06	3.813713e-06	8.830917e-10	2.786026e+01	5.676530e+01
2.450000e-06	3.871877e-06	8.926118e-10	2.828516e+01	5.773608e+01
2.460000e-06	3.929775e-06	9.023783e-10	2.870813e+01	5.868825e+01
2.470000e-06	3.987225e-06	9.121251e-10	2.912781e+01	5.962140e+01
2.480000e-06	4.044239e-06	9.234360e-10	2.954432e+01	6.053513e+01
2.490000e-06	4.100864e-06	9.359916e-10	2.995798e+01	6.142905e+01
2.500000e-06	4.157041e-06	9.492257e-10	3.036837e+01	6.230279e+01
2.510000e-06	4.212992e-06	9.636285e-10	3.077710e+01	6.315603e+01
2.520000e-06	4.268746e-06	9.782059e-10	3.118440e+01	6.398844e+01
2.530000e-06	4.324219e-06	9.925377e-10	3.158965e+01	6.479975e+01
2.540000e-06	4.379450e-06	1.004023e-09	3.199313e+01	6.558971e+01
2.550000e-06	4.434417e-06	1.013588e-09	3.239468e+01	6.635812e+01
2.560000e-06	4.489065e-06	1.021797e-09	3.279390e+01	6.710482e+01
2.570000e-06	4.543414e-06	1.030000e-09	3.319093e+01	6.782969e+01
2.580000e-06	4.597543e-06	1.039247e-09	3.358636e+01	6.853269e+01
2.590000e-06	4.651401e-06	1.049756e-09	3.397981e+01	6.921380e+01
2.600000e-06	4.704949e-06	1.060715e-09	3.437099e+01	6.987308e+01
2.610000e-06	4.758132e-06	1.070627e-09	3.475951e+01	7.051064e+01
2.620000e-06	4.810936e-06	1.080535e-09	3.514525e+01	7.112668e+01
2.630000e-06	4.863326e-06	1.091250e-09	3.552798e+01	7.172142e+01
2.640000e-06	4.915253e-06	1.101878e-09	3.590732e+01	7.229518e+01
2.650000e-06	4.966800e-06	1.111363e-09	3.628388e+01	7.284834e+01
2.660000e-06	5.017920e-06	1.119122e-09	3.665733e+01	7.338134e+01
2.670000e-06	5.068545e-06	1.126487e-09	3.702716e+01	7.389470e+01
2.680000e-06	5.118696e-06	1.136035e-09	3.739353e+01	7.438897e+01
2.690000e-06	5.168347e-06	1.148516e-09	3.775624e+01	7.486480e+01
2.700000e-06	5.217460e-06	1.158648e-09	3.811503e+01	7.532289e+01
2.710000e-06	5.266076e-06	1.167021e-09	3.847018e+01	7.576396e+01
2.720000e-06	5.314327e-06	1.178535e-09	3.882267e+01	7.618883e+01
2.730000e-06	5.362201e-06	1.189850e-09	3.917240e+01	7.659833e+01
2.740000e-06	5.409690e-06	1.196344e-09	3.951933e+01	7.699333e+01
2.750000e-06	5.456836e-06	1.202233e-09	3.986374e+01	7.737476e+01
2.760000e-06	5.503672e-06	1.210090e-09	4.020589e+01	7.774354e+01
2.770000e-06	5.550185e-06	1.216829e-09	4.054568e+01	7.810062e+01
2.780000e-06	5.596220e-06	1.222590e-09	4.088198e+01	7.844698e+01
2.790000e-06	5.641796e-06	1.227989e-09	4.121492e+01	7.878357e+01
2.800000e-06	5.687033e-06	1.232673e-09	4.154540e+01	7.911135e+01
2.810000e-06	5.731887e-06	1.238802e-09	4.187307e+01	7.943127e+01
2.820000e-06	5.776407e-06	1.246116e-09	4.219829e+01	7.974424e+01
2.830000e-06	5.820607e-06	1.253163e-09	4.252119e+01	8.005115e+01
2.840000e-06	5.864454e-06	1.261463e-09	4.284150e+01	8.035286e+01
2.850000e-06	5.908004e-06	1.270152e-09	4.315965e+01	8.065016e+01
2.860000e-06	5.951176e-06	1.274591e-09	4.347504e+01	8.094380e+01
2.870000e-06	5.993923e-06	1.277105e-09	4.378731e+01	8.123446e+01
2.880000e-06	6.036172e-06	1.281053e-09	4.409596e+01	8.152276e+01
2.890000e-06	6.077815e-06	1.284648e-09	4.440017e+01	8.180925e+01
2.900000e-06	6.118791e-06	1.289175e-09	4.469951e+01	8.209439e+01
2.910000e-06	6.159209e-06	1.295034e-09	4.499478e+01	8.237855e+01
2.920000e-06	6.199195e-06	1.300201e-09	4.528688e+01	8.266205e+01
2.930000e-06	6.238763e-06	1.304799e-09	4.557594e+01	8.294508e+01
2.940000e-06	6.277964e-06	1.310745e-09	4.586231e+01	8.322777e+01
2.950000e-06	6.316801e-06	1.315718e-09	4.614603e+01	8.351016e+01
2.960000e-06	6.355250e-06	1.320807e-09	4.642691e+01	8.379217e+01
2.970000e-06	6.393311e-06	1.329122e-09	4.670496e+01	8.407368e+01
2.980000e-06	6.430851e-06	1.334804e-09	4.697920e+01	8.435446e+01
2.990000e-06	6.467902e-06	1.336640e-09	4.724986e+01	8.463419e+01
3.000000e-06	6.504551e-06	1.341081e-09	4.751760e+01	8.491252e+01
3.010000e-06	6.540799e-06	1.345622e-09	4.778239e+01	8.518898e+01
3.020000e-06	6.576728e-06	1.348455e-09	4.804487e+01	8.546307e+01
3.030000e-06	6.612289e-06	1.353905e-09	4.830465e+01	8.573424e+01
3.040000e-06	6.647415e-06	1.360163e-09	4.856126e+01	8.600187e+01
3.050000e-06	6.681973e-06	1.363616e-09	4.881371e+01	8.626533e+01
3.060000e-06	6.715889e-06	1.366929e-09	4.906148e+01	8.652394e+01
3.070000e-06	6.749151e-06	1.371291e-09	4.930447e+01	8.677704e+01
3.080000e-06	6.781786e-06	1.374273e-09	4.954287e+01	8.702392e+01
3.090000e-06	6.813921e-06	1.376487e-09	4.977763e+01	8.726390e+01
3.100000e-06	6.845621e-06	1.380413e-09	5.000921e+01	8.749631e+01
3.110000e-06	6.876946e-06	1.384881e-09	5.023805e+01	8.772052e+01
3.120000e-06	6.907906e-06	1.389960e-09	5.046422e+01	8.793591e+01
3.130000e-06	6.938416e-06	1.396287e-09	5.068711e+01	8.814193e+01
3.140000e-06	6.968419e-06	1.401462e-09	5.090629e+01	8.833807e+01
3.150000e-06	6.997875e-06	1.405599e-09	5.112147e+01	8.852389e+01
3.160000e-06	7.026837e-06	1.411004e-09	5.133304e+01	8.869903e+01
3.170000e-06	7.055385e-06	1.416064e-09	5.154159e+01	8.886321e+01
3.180000e-06	7.083591e-06	1.418462e-09	5.174764e+01	8.901622e+01
3.190000e-06	7.111522e-06	1.420090e-09	5.195169e+01	8.915795e+01
3.200000e-06	7.139052e-06	1.421556e-09	5.215280e+01	8.928841e+01
3.210000e-06	7.165981e-06	1.423434e-09	5.234953e+01	8.940769e+01
3.220000e-06	7.192138e-06	1.427291e-09	5.254061e+01	8.951596e+01
3.230000e-06	7.217546e-06	1.432071e-09	5.272623e+01	8.961354e+01
3.240000e-06	7.242374e-06	1.438609e-09	5.290760e+01	8.970082e+01
3.250000e-06	7.266639e-06	1.446163e-09	5.308486e+01	8.977828e+01
3.260000e-06	7.290345e-06	1.451559e-09	5.325805e+01	8.984653e+01
3.270000e-06	7.313626e-06	1.455824e-09	5.342812e+01	8.990624e+01
3.280000e-06	7.336489e-06	1.457967e-09	5.359514e+01	8.995818e+01
3.290000e-06	7.358906e-06	1.457723e-09	5.375890e+01	9.000319e+01
3.300000e-06	7.380837e-06	1.457250e-09	5.391911e+01	9.004219e+01
3.310000e-06	7.402194e-06	1.456865e-09	5.407513e+01	9.007613e+01
3.320000e-06	7.422981e-06	1.456932e-09	5.422698e+01	9.010605e+01
3.330000e-06	7.443362e-06	1.462257e-09	5.437588e+01	9.013298e+01
3.340000e-06	7.463402e-06	1.470344e-09	5.452227e+01	9.015800e+01
3.350000e-06	7.483008e-06	1.474971e-09	5.466550e+01	9.018220e+01
3.360000e-06	7.502114e-06	1.478810e-09	5.480508e+01	9.020665e+01
3.370000e-06	7.520615e-06	1.482896e-09	5.494023e+01	9.023242e+01
3.380000e-06	7.538492e-06	1.485182e-09	5.507083e+01	9.026054e+01
3.390000e-06	7.555842e-06	1.485707e-09	5.519757e+01	9.029198e+01
3.400000e-06	7.572686e-06	1.485107e-09	5.532062e+01	9.032767e+01
3.410000e-06	7.589058e-06	1.486006e-09	5.544023e+01	9.036845e+01
3.420000e-06	7.604850e-06	1.488257e-09	5.555559e+01	9.041508e+01
3.430000e-06	7.619892e-06	1.491225e-09	5.566548e+01	9.046821e+01
3.440000e-06	7.634306e-06	1.494713e-09	5.577078e+01	9.052837e+01
3.450000e-06	7.648268e-06	1.497007e-09	5.587277e+01	9.059599e+01
3.460000e-06	7.661768e-06	1.500275e-09	5.597140e+01	9.067134e+01
3.470000e-06	7.674641e-06	1.506773e-09	5.606544e+01	9.075455e+01
3.480000e-06	7.686912e-06	1.512200e-09	5.615508e+01	9.084562e+01
3.490000e-06	7.698575e-06	1.514068e-09	5.624028e+01	9.094436e+01
3.500000e-06	7.709535e-06	1.514419e-09	5.632035e+01	9.105044e+01
3.510000e-06	7.719673e-06	1.516877e-09	5.639441e+01	9.116336e+01
3.520000e-06	7.728951e-06	1.521270e-09	5.646219e+01	9.128246e+01
3.530000e-06	7.737587e-06	1.523222e-09	5.652527e+01	9.140690e+01
3.540000e-06	7.745795e-06	1.525023e-09	5.658524e+01	9.153570e+01
3.550000e-06	7.753605e-06	1.530030e-09	5.664229e+01	9.166769e+01
3.560000e-06	7.760979e-06	1.535415e-09	5.669616e+01	9.180159e+01
3.570000e-06	7.767921e-06	1.537974e-09	5.674687e+01	9.193594e+01
3.580000e-06	7.774350e-06	1.539640e-09	5.679384e+01	9.206918e+01
3.590000e-06	7.780169e-06	1.541622e-09	5.683635e+01	9.219959e+01
3.600000e-06	7.785398e-06	1.542476e-09	5.687455e+01	9.232538e+01
3.610000e-06	7.790061e-06	1.542778e-09	5.690861e+01	9.244464e+01
3.620000e-06	7.794241e-06	1.542803e-09	5.693915e+01	9.255538e+01
3.630000e-06	7.798069e-06	1.542279e-09	5.696711e+01	9.265557e+01
3.640000e-06	7.801466e-06	1.544878e-09	5.699193e+01	9.274312e+01
3.650000e-06	7.804295e-06	1.548240e-09	5.701260e+01	9.281591e+01
3.660000e-06	7.806342e-06	1.547742e-09	5.702755e+01	9.287182e+01
3.670000e-06	7.807608e-06	1.546893e-09	5.703680e+01	9.290877e+01
3.680000e-06	7.808203e-06	1.548223e-09	5.704115e+01	9.292466e+01
3.690000e-06	7.808252e-06	1.550184e-09	5.704150e+01	9.291751e+01
3.700000e-06	7.807891e-06	1.552862e-09	5.703887e+01	9.288536e+01
3.710000e-06	7.807051e-06	1.553204e-09	5.703273e+01	9.282638e+01
3.720000e-06	7.805690e-06	1.552458e-09	5.702278e+01	9.273885e+01
3.730000e-06	7.803864e-06	1.556201e-09	5.700945e+01	9.262117e+01
3.740000e-06	7.801555e-06	1.560570e-09	5.699258e+01	9.247190e+01
3.750000e-06	7.798719e-06	1.562643e-09	5.697186e+01	9.228978e+01
3.760000e-06	7.795441e-06	1.569457e-09	5.694791e+01	9.207371e+01
3.770000e-06	7.791805e-06	1.582825e-09	5.692135e+01	9.182281e+01
3.780000e-06	7.787736e-06	1.542656e-09	5.689163e+01	9.153640e+01
3.790000e-06	7.782881e-06	1.457501e-09	5.685616e+01	9.121402e+01
3.800000e-06	7.776833e-06	1.477086e-09	5.681198e+01	9.085543e+01
3.810000e-06	7.769750e-06	1.638028e-09	5.676024e+01	9.046064e+01
3.820000e-06	7.762131e-06	1.743696e-09	5.670457e+01	9.002990e+01
3.830000e-06	7.754306e-06	1.535587e-09	5.664741e+01	8.956369e+01
3.840000e-06	7.746197e-06	1.308075e-09	5.658817e+01	8.906273e+01
3.850000e-06	7.737374e-06	1.475799e-09	5.652372e+01	8.852799e+01
3.860000e-06	7.728050e-06	1.615810e-09	5.645560e+01	8.796067e+01
3.870000e-06	7.718765e-06	1.435951e-09	5.638777e+01	8.736221e+01
3.880000e-06	7.709039e-06	1.220168e-09	5.631672e+01	8.673424e+01
3.890000e-06	7.698245e-06	1.240908e-09	5.623787e+01	8.607862e+01
3.900000e-06	7.686924e-06	1.330747e-09	5.615516e+01	8.539742e+01
3.910000e-06	7.675587e-06	1.484685e-09	5.607235e+01	8.469285e+01
3.920000e-06	7.663531e-06	1.498054e-09	5.598428e+01	8.396732e+01
3.930000e-06	7.650170e-06	1.162420e-09	5.588667e+01	8.322338e+01
3.940000e-06	7.636408e-06	1.148786e-09	5.578614e+01	8.246368e+01
3.950000e-06	7.622421e-06	1.492744e-09	5.568396e+01	8.169101e+01
3.960000e-06	7.607372e-06	1.486106e-09	5.557401e+01	8.090824e+01
3.970000e-06	7.591475e-06	1.053942e-09	5.545788e+01	8.011827e+01
3.980000e-06	7.575253e-06	1.105544e-09	5.533938e+01	7.932407e+01
3.990000e-06	7.558625e-06	1.431277e-09	5.521790e+01	7.852861e+01
4.000000e-06	7.541340e-06	1.113477e-09	5.509163e+01	7.773487e+01
4.010000e-06	7.523491e-06	7.576269e-10	5.496124e+01	7.694577e+01
4.020000e-06	7.505229e-06	1.065722e-09	5.482783e+01	7.616419e+01
4.030000e-06	7.486445e-06	1.173988e-09	5.469061e+01	7.539292e+01
4.040000e-06	7.467070e-06	8.855399e-10	5.454907e+01	7.463467e+01
4.050000e-06	7.447275e-06	1.055107e-09	5.440446e+01	7.389199e+01
4.060000e-06	7.427202e-06	1.184102e-09	5.425782e+01	7.316732e+01
4.070000e-06	7.406675e-06	9.076534e-10	5.410787e+01	7.246293e+01
4.080000e-06	7.385380e-06	9.713569e-10	5.395230e+01	7.178089e+01
4.090000e-06	7.363471e-06	1.217474e-09	5.379225e+01	7.112311e+01
4.100000e-06	7.340934e-06	9.523822e-10	5.362761e+01	7.049126e+01
4.110000e-06	7.317570e-06	6.879657e-10	5.345693e+01	6.988680e+01
4.120000e-06	7.293620e-06	9.420130e-10	5.328197e+01	6.931098e+01
4.130000e-06	7.269354e-06	1.146403e-09	5.310470e+01	6.876478e+01
4.140000e-06	7.244594e-06	8.726625e-10	5.292382e+01	6.824894e+01
4.150000e-06	7.219231e-06	6.931659e-10	5.273853e+01	6.776399e+01
4.160000e-06	7.193603e-06	9.492333e-10	5.255131e+01	6.731016e+01
4.170000e-06	7.167532e-06	1.092490e-09	5.236086e+01	6.688748e+01
4.180000e-06	7.140670e-06	8.227304e-10	5.216463e+01	6.649571e+01
4.190000e-06	7.113241e-06	7.676689e-10	5.196425e+01	6.613438e+01
4.200000e-06	7.085495e-06	9.950649e-10	5.176156e+01	6.580279e+01
4.210000e-06	7.057465e-06	9.505678e-10	5.155679e+01	6.550004e+01
4.220000e-06	7.029135e-06	8.161189e-10	5.134983e+01	6.522499e+01
4.230000e-06	7.000390e-06	9.076442e-10	5.113984e+01	6.497633e+01
4.240000e-06	6.970915e-06	9.258558e-10	5.092452e+01	6.475256e+01
4.250000e-06	6.940501e-06	8.314697e-10	5.070233e+01	6.455204e+01
4.260000e-06	6.909298e-06	8.945189e-10	5.047439e+01	6.437296e+01
4.270000e-06	6.877553e-06	9.428912e-10	5.024248e+01	6.421339e+01
4.280000e-06	6.845427e-06	8.533111e-10	5.000779e+01	6.407132e+01
4.290000e-06	6.812983e-06	8.192665e-10	4.977078e+01	6.394462e+01
4.300000e-06	6.780145e-06	9.224981e-10	4.953089e+01	6.383113e+01
4.310000e-06	6.746891e-06	9.372042e-10	4.928796e+01	6.372862e+01
4.320000e-06	6.713166e-06	8.255868e-10	4.904159e+01	6.363486e+01
4.330000e-06	6.678991e-06	8.124000e-10	4.879193e+01	6.354761e+01
4.340000e-06	6.644424e-06	9.279947e-10	4.853941e+01	6.346465e+01
4.350000e-06	6.609293e-06	9.080430e-10	4.828276e+01	6.338382e+01
4.360000e-06	6.573631e-06	8.038532e-10	4.802225e+01	6.330298e+01
4.370000e-06	6.537638e-06	8.279002e-10	4.775930e+01	6.322012e+01
4.380000e-06	6.501387e-06	8.989691e-10	4.749448e+01	6.313329e+01
4.390000e-06	6.464674e-06	8.586387e-10	4.722628e+01	6.304066e+01
4.400000e-06	6.427247e-06	8.217274e-10	4.695287e+01	6.294052e+01
4.410000e-06	6.389194e-06	8.565137e-10	4.667488e+01	6.283132e+01
4.420000e-06	6.350564e-06	8.613410e-10	4.639268e+01	6.271163e+01
4.430000e-06	6.311239e-06	8.338187e-10	4.610540e+01	6.258021e+01
4.440000e-06	6.271456e-06	8.514900e-10	4.581477e+01	6.243596e+01
4.450000e-06	6.231439e-06	8.507129e-10	4.552244e+01	6.227796e+01
4.460000e-06	6.191112e-06	8.047556e-10	4.522783e+01	6.210546e+01
4.470000e-06	6.150350e-06	8.155986e-10	4.493006e+01	6.191791e+01
4.480000e-06	6.109182e-06	8.552771e-10	4.462931e+01	6.171491e+01
4.490000e-06	6.067546e-06	8.250434e-10	4.432515e+01	6.149625e+01
4.500000e-06	6.025412e-06	7.796083e-10	4.401735e+01	6.126187e+01
4.510000e-06	5.982897e-06	8.125196e-10	4.370677e+01	6.101189e+01
4.520000e-06	5.940011e-06	8.475308e-10	4.339347e+01	6.074660e+01
4.530000e-06	5.896725e-06	8.127172e-10	4.307725e+01	6.046641e+01
4.540000e-06	5.853051e-06	7.749890e-10	4.275820e+01	6.017188e+01
4.550000e-06	5.809081e-06	8.008550e-10	4.243699e+01	5.986370e+01
4.560000e-06	5.764830e-06	8.215225e-10	4.211372e+01	5.954268e+01
4.570000e-06	5.720356e-06	7.959804e-10	4.178883e+01	5.920972e+01
4.580000e-06	5.675564e-06	7.708005e-10	4.146161e+01	5.886579e+01
4.590000e-06	5.630253e-06	7.823443e-10	4.113060e+01	5.851197e+01
4.600000e-06	5.584388e-06	7.883711e-10	4.079554e+01	5.814935e+01
4.610000e-06	5.538084e-06	7.795195e-10	4.045728e+01	5.777910e+01
4.620000e-06	5.491378e-06	7.742088e-10	4.011608e+01	5.740239e+01
4.630000e-06	5.444299e-06	7.699492e-10	3.977215e+01	5.702040e+01
4.640000e-06	5.396944e-06	7.604766e-10	3.942621e+01	5.663431e+01
4.650000e-06	5.349246e-06	7.684695e-10	3.907776e+01	5.624527e+01
4.660000e-06	5.301074e-06	7.739886e-10	3.872586e+01	5.585441e+01
4.670000e-06	5.252401e-06	7.525100e-10	3.837028e+01	5.546278e+01
4.680000e-06	5.203294e-06	7.369132e-10	3.801154e+01	5.507141e+01
4.690000e-06	5.153708e-06	7.530148e-10	3.764930e+01	5.468121e+01
4.700000e-06	5.103659e-06	7.612228e-10	3.728368e+01	5.429305e+01
4.710000e-06	5.053307e-06	7.393701e-10	3.691585e+01	5.390767e+01
4.720000e-06	5.002644e-06	7.293794e-10	3.654573e+01	5.352574e+01
4.730000e-06	4.951616e-06	7.415730e-10	3.617296e+01	5.314779e+01
4.740000e-06	4.900211e-06	7.419514e-10	3.579744e+01	5.277427e+01
4.750000e-06	4.848456e-06	7.274352e-10	3.541935e+01	5.240551e+01
4.760000e-06	4.796502e-06	7.224725e-10	3.503981e+01	5.204170e+01
4.770000e-06	4.744230e-06	7.252478e-10	3.465795e+01	5.168293e+01
4.780000e-06	4.691360e-06	7.231899e-10	3.427172e+01	5.132918e+01
4.790000e-06	4.637969e-06	7.171412e-10	3.388168e+01	5.098031e+01
4.800000e-06	4.584079e-06	7.157282e-10	3.348800e+01	5.063606e+01
4.810000e-06	4.529631e-06	7.094557e-10	3.309025e+01	5.029609e+01
4.820000e-06	4.474659e-06	7.009639e-10	3.268866e+01	4.995994e+01
4.830000e-06	4.419270e-06	6.982761e-10	3.228402e+01	4.962707e+01
4.840000e-06	4.363648e-06	6.980383e-10	3.187769e+01	4.929685e+01
4.850000e-06	4.307807e-06	6.897454e-10	3.146975e+01	4.896859e+01
4.860000e-06	4.251746e-06	6.852941e-10	3.106021e+01	4.864154e+01
4.870000e-06	4.195477e-06	6.869427e-10	3.064915e+01	4.831488e+01
4.880000e-06	4.138995e-06	6.841828e-10	3.023653e+01	4.798776e+01
4.890000e-06	4.082186e-06	6.752577e-10	2.982153e+01	4.765930e+01
4.900000e-06	4.025054e-06	6.725430e-10	2.940417e+01	4.732862e+01
4.910000e-06	3.967683e-06	6.714303e-10	2.898505e+01	4.699480e+01
4.920000e-06	3.910065e-06	6.620147e-10	2.856414e+01	4.665696e+01
4.930000e-06	3.852198e-06	6.520669e-10	2.814141e+01	4.631421e+01
4.940000e-06	3.794036e-06	6.515339e-10	2.771652e+01	4.596571e+01
4.950000e-06	3.735614e-06	6.503788e-10	2.728973e+01	4.561064e+01
4.960000e-06	3.676857e-06	6.439887e-10	2.686049e+01	4.524824e+01
4.970000e-06	3.617805e-06	6.390274e-10	2.642909e+01	4.487780e+01
4.980000e-06	3.558624e-06	6.363571e-10	2.599676e+01	4.449868e+01
4.990000e-06	3.499272e-06	6.320823e-10	2.556318e+01	4.411030e+01
5.000000e-06	3.439712e-06	6.267162e-10	2.512807e+01	4.371217e+01
5.010000e-06	3.379971e-06	6.220895e-10	2.469165e+01	4.330387e+01
5.020000e-06	3.320054e-06	6.154590e-10	2.425394e+01	4.288507e+01
5.030000e-06	3.259943e-06	6.103674e-10	2.381481e+01	4.245553e+01
5.040000e-06	3.199662e-06	6.084218e-10	2.337444e+01	4.201509e+01
5.050000e-06	3.139156e-06	6.034627e-10	2.293243e+01	4.156369e+01
5.060000e-06	3.078292e-06	5.911493e-10	2.248780e+01	4.110135e+01
5.070000e-06	3.017128e-06	5.820917e-10	2.204098e+01	4.062816e+01
5.080000e-06	2.955681e-06	5.765856e-10	2.159209e+01	4.014431e+01
5.090000e-06	2.893933e-06	5.689268e-10	2.114101e+01	3.965007e+01
5.100000e-06	2.831882e-06	5.580839e-10	2.068770e+01	3.914576e+01
5.110000e-06	2.769456e-06	5.520148e-10	2.023166e+01	3.863177e+01
5.120000e-06	2.706858e-06	5.481128e-10	1.977437e+01	3.810855e+01
5.130000e-06	2.644105e-06	5.399597e-10	1.931594e+01	3.757660e+01
5.140000e-06	2.581053e-06	5.304108e-10	1.885532e+01	3.703646e+01
5.150000e-06	2.517775e-06	5.226622e-10	1.839306e+01	3.648868e+01
5.160000e-06	2.454346e-06	5.165094e-10	1.792970e+01	3.593386e+01
5.170000e-06	2.390752e-06	5.088634e-10	1.746513e+01	3.537259e+01
5.180000e-06	2.327004e-06	5.006062e-10	1.699943e+01	3.480546e+01
5.190000e-06	2.263073e-06	4.934293e-10	1.653239e+01	3.423306e+01
5.200000e-06	2.198935e-06	4.825790e-10	1.606385e+01	3.365596e+01
5.210000e-06	2.134654e-06	4.744487e-10	1.559425e+01	3.307468e+01
5.220000e-06	2.070306e-06	4.692253e-10	1.512417e+01	3.248973e+01
5.230000e-06	2.005926e-06	4.624715e-10	1.465386e+01	3.190156e+01
5.240000e-06	1.941416e-06	4.524789e-10	1.418260e+01	3.131056e+01
5.250000e-06	1.876776e-06	4.441945e-10	1.371038e+01	3.071707e+01
5.260000e-06	1.812023e-06	4.378196e-10	1.323734e+01	3.012134e+01
5.270000e-06	1.747166e-06	4.278936e-10	1.276354e+01	2.952358e+01
5.280000e-06	1.682091e-06	4.186641e-10	1.228815e+01	2.892388e+01
5.290000e-06	1.616872e-06	4.113457e-10	1.181171e+01	2.832227e+01
5.300000e-06	1.551626e-06	4.038548e-10	1.133507e+01	2.771870e+01
5.310000e-06	1.486254e-06	3.957540e-10	1.085751e+01	2.711302e+01
5.320000e-06	1.420803e-06	3.852099e-10	1.037937e+01	2.650498e+01
5.330000e-06	1.355285e-06	3.748780e-10	9.900745e+00	2.589429e+01
5.340000e-06	1.289625e-06	3.696041e-10	9.421079e+00	2.528051e+01
5.350000e-06	1.223883e-06	3.639245e-10	8.940815e+00	2.466317e+01
5.360000e-06	1.158142e-06	3.544486e-10	8.460554e+00	2.404170e+01
5.370000e-06	1.092345e-06	3.394792e-10	7.979889e+00	2.341546e+01
5.380000e-06	1.026491e-06	3.260428e-10	7.498806e+00	2.278373e+01
5.390000e-06	9.605707e-07	3.177958e-10	7.017242e+00	2.214575e+01
5.400000e-06	8.945907e-07	3.090280e-10	6.535240e+00	2.150068e+01
5.410000e-06	8.285281e-07	2.971793e-10	6.052633e+00	2.084766e+01
5.420000e-06	7.623918e-07	2.876090e-10	5.569489e+00	2.018578e+01
5.430000e-06	6.962278e-07	2.818448e-10	5.086142e+00	1.951409e+01
5.440000e-06	6.300429e-07	2.732559e-10	4.602642e+00	1.883165e+01
5.450000e-06	5.638335e-07	2.613949e-10	4.118964e+00	1.813748e+01
5.460000e-06	4.975907e-07	2.468239e-10	3.635042e+00	1.743063e+01
5.470000e-06	4.312363e-07	2.325710e-10	3.150304e+00	1.671012e+01
5.480000e-06	3.648619e-07	2.199390e-10	2.665420e+00	1.597504e+01
5.490000e-06	2.984891e-07	2.063276e-10	2.180548e+00	1.522448e+01
5.500000e-06	2.320517e-07	1.902759e-10	1.695204e+00	1.445757e+01
5.510000e-06	1.656728e-07	1.757535e-10	1.210287e+00	1.367350e+01
5.520000e-06	9.920309e-08	1.652819e-10	7.247068e-01	1.287151e+01
5.530000e-06	3.262637e-08	1.553103e-10	2.383449e-01	1.205090e+01
5.540000e-06	-3.388730e-08	1.407738e-10	-2.475563e-01	1.121106e+01
5.550000e-06	-1.004192e-07	1.267005e-10	-7.335907e-01	1.035144e+01
5.560000e-06	-1.668804e-07	1.163079e-10	-1.219109e+00	9.471580e+00
5.570000e-06	-2.332410e-07	1.044947e-10	-1.703892e+00	8.571117e+00
5.580000e-06	-2.996248e-07	8.744522e-11	-2.188845e+00	7.649773e+00
5.590000e-06	-3.659993e-07	7.006356e-11	-2.673729e+00	6.707370e+00
5.600000e-06	-4.323529e-07	5.435875e-11	-3.158461e+00	5.743827e+00
5.610000e-06	-4.987108e-07	3.990876e-11	-3.643224e+00	4.759164e+00
5.620000e-06	-5.650176e-07	2.507896e-11	-4.127614e+00	3.753500e+00
5.630000e-06	-6.312025e-07	7.977022e-12	-4.611114e+00	2.727053e+00
5.640000e-06	-6.973195e-07	-6.941899e-12	-5.094117e+00	1.680141e+00
5.650000e-06	-7.633721e-07	-2.165481e-11	-5.576650e+00	6.131731e-01
5.660000e-06	-8.293861e-07	-3.916470e-11	-6.058901e+00	-4.733464e-01
5.670000e-06	-8.953661e-07	-5.801570e-11	-6.540904e+00	-1.578827e+00
5.680000e-06	-9.612743e-07	-7.735485e-11	-7.022382e+00	-2.702595e+00
5.690000e-06	-1.027113e-06	-9.872741e-11	-7.503349e+00	-3.843899e+00
5.700000e-06	-1.092861e-06	-1.185586e-10	-7.983663e+00	-5.001916e+00
5.710000e-06	-1.158541e-06	-1.355694e-10	-8.463473e+00	-6.175757e+00
5.720000e-06	-1.224147e-06	-1.498842e-10	-8.942740e+00	-7.364476e+00
5.730000e-06	-1.289661e-06	-1.655897e-10	-9.421340e+00	-8.567074e+00
5.740000e-06	-1.355078e-06	-1.836050e-10	-9.899227e+00	-9.782510e+00
5.750000e-06	-1.420381e-06	-2.058275e-10	-1.037629e+01	-1.100970e+01
5.760000e-06	-1.485662e-06	-2.305038e-10	-1.085318e+01	-1.224755e+01
5.770000e-06	-1.550935e-06	-2.541270e-10	-1.133002e+01	-1.349491e+01
5.780000e-06	-1.616151e-06	-2.766875e-10	-1.180644e+01	-1.475065e+01
5.790000e-06	-1.681277e-06	-2.968250e-10	-1.228221e+01	-1.601361e+01
5.800000e-06	-1.746154e-06	-3.118178e-10	-1.275615e+01	-1.728264e+01
5.810000e-06	-1.810894e-06	-3.272467e-10	-1.322910e+01	-1.855659e+01
5.820000e-06	-1.875585e-06	-3.473191e-10	-1.370168e+01	-1.983432e+01
5.830000e-06	-1.940103e-06	-3.683143e-10	-1.417300e+01	-2.111472e+01
5.840000e-06	-2.004544e-06	-3.904327e-10	-1.464376e+01	-2.239668e+01
5.850000e-06	-2.068879e-06	-4.120963e-10	-1.511375e+01	-2.367913e+01
5.860000e-06	-2.133071e-06	-4.358933e-10	-1.558269e+01	-2.496103e+01
5.870000e-06	-2.197129e-06	-4.591963e-10	-1.605066e+01	-2.624136e+01
5.880000e-06	-2.261058e-06	-4.833849e-10	-1.651767e+01	-2.751915e+01
5.890000e-06	-2.324840e-06	-5.077982e-10	-1.698362e+01	-2.879346e+01
5.900000e-06	-2.388418e-06	-5.282693e-10	-1.744807e+01	-3.006338e+01
5.910000e-06	-2.451804e-06	-5.458438e-10	-1.791112e+01	-3.132806e+01
5.920000e-06	-2.515021e-06	-5.644862e-10	-1.837295e+01	-3.258666e+01
5.930000e-06	-2.578055e-06	-5.863489e-10	-1.883343e+01	-3.383839e+01
5.940000e-06	-2.640818e-06	-6.084065e-10	-1.929193e+01	-3.508252e+01
5.950000e-06	-2.703338e-06	-6.305589e-10	-1.974866e+01	-3.631832e+01
5.960000e-06	-2.765626e-06	-6.532417e-10	-2.020369e+01	-3.754512e+01
5.970000e-06	-2.827596e-06	-6.795628e-10	-2.065639e+01	-3.876225e+01
5.980000e-06	-2.889299e-06	-7.056827e-10	-2.110715e+01	-3.996911e+01
5.990000e-06	-2.950752e-06	-7.273345e-10	-2.155608e+01	-4.116510e+01
6.000000e-06	-3.011948e-06	-7.429359e-10	-2.200313e+01	-4.234965e+01
6.010000e-06	-3.072846e-06	-7.580922e-10	-2.244801e+01	-4.352222e+01
6.020000e-06	-3.133459e-06	-7.772433e-10	-2.289081e+01	-4.468226e+01
6.030000e-06	-3.193890e-06	-7.971002e-10	-2.333228e+01	-4.582928e+01
6.040000e-06	-3.254051e-06	-8.130785e-10	-2.377177e+01	-4.696277e+01
6.050000e-06	-3.313960e-06	-8.307930e-10	-2.420942e+01	-4.808223e+01
6.060000e-06	-3.373663e-06	-8.519540e-10	-2.464557e+01	-4.918719e+01
6.070000e-06	-3.433191e-06	-8.744374e-10	-2.508043e+01	-5.027718e+01
6.080000e-06	-3.492613e-06	-8.924112e-10	-2.551454e+01	-5.135173e+01
6.090000e-06	-3.551863e-06	-9.056765e-10	-2.594737e+01	-5.241038e+01
6.100000e-06	-3.610875e-06	-9.188356e-10	-2.637847e+01	-5.345266e+01
6.110000e-06	-3.669689e-06	-9.346573e-10	-2.680812e+01	-5.447813e+01
6.120000e-06	-3.728210e-06	-9.503982e-10	-2.723564e+01	-5.548633e+01
6.130000e-06	-3.786343e-06	-9.629370e-10	-2.766031e+01	-5.647682e+01
6.140000e-06	-3.844178e-06	-9.769233e-10	-2.808281e+01	-5.744918e+01
6.150000e-06	-3.901760e-06	-9.923157e-10	-2.850346e+01	-5.840296e+01
6.160000e-06	-3.959086e-06	-1.008817e-09	-2.892225e+01	-5.933775e+01
6.170000e-06	-4.016179e-06	-1.022517e-09	-2.933933e+01	-6.025315e+01
6.180000e-06	-4.073014e-06	-1.034941e-09	-2.975453e+01	-6.114878e+01
6.190000e-06	-4.129568e-06	-1.047050e-09	-3.016767e+01	-6.202426e+01
6.200000e-06	-4.185867e-06	-1.059266e-09	-3.057895e+01	-6.287926e+01
6.210000e-06	-4.241879e-06	-1.070741e-09	-3.098813e+01	-6.371347e+01
6.220000e-06	-4.297546e-06	-1.081076e-09	-3.139479e+01	-6.452659e+01
6.230000e-06	-4.352892e-06	-1.089763e-09	-3.179911e+01	-6.531838e+01
6.240000e-06	-4.408053e-06	-1.100379e-09	-3.220208e+01	-6.608863e+01
6.250000e-06	-4.462945e-06	-1.112714e-09	-3.260308e+01	-6.683719e+01
6.260000e-06	-4.517370e-06	-1.124574e-09	-3.300067e+01	-6.756393e+01
6.270000e-06	-4.571309e-06	-1.134968e-09	-3.339471e+01	-6.826879e+01
6.280000e-06	-4.624758e-06	-1.144648e-09	-3.378517e+01	-6.895177e+01
6.290000e-06	-4.677731e-06	-1.152532e-09	-3.417216e+01	-6.961290e+01
6.300000e-06	-4.730215e-06	-1.160120e-09	-3.455556e+01	-7.025232e+01
6.310000e-06	-4.782285e-06	-1.167806e-09	-3.493595e+01	-7.087018e+01
6.320000e-06	-4.834073e-06	-1.173301e-09	-3.531428e+01	-7.146673e+01
6.330000e-06	-4.885519e-06	-1.178585e-09	-3.569011e+01	-7.204227e+01
6.340000e-06	-4.936574e-06	-1.186149e-09	-3.606308e+01	-7.259717e+01
6.350000e-06	-4.987294e-06	-1.195095e-09	-3.643360e+01	-7.313188e+01
6.360000e-06	-5.037638e-06	-1.204519e-09	-3.680138e+01	-7.364689e+01
6.370000e-06	-5.087559e-06	-1.215024e-09	-3.716607e+01	-7.414278e+01
6.380000e-06	-5.137073e-06	-1.223756e-09	-3.752778e+01	-7.462016e+01
6.390000e-06	-5.186129e-06	-1.230240e-09	-3.788615e+01	-7.507974e+01
6.400000e-06	-5.234833e-06	-1.235495e-09	-3.824194e+01	-7.552225e+01
6.410000e-06	-5.283080e-06	-1.241856e-09	-3.859440e+01	-7.594848e+01
6.420000e-06	-5.330756e-06	-1.247976e-09	-3.894269e+01	-7.635926e+01
6.430000e-06	-5.377996e-06	-1.253498e-09	-3.928779e+01	-7.675549e+01
6.440000e-06	-5.424876e-06	-1.260302e-09	-3.963027e+01	-7.713805e+01
6.450000e-06	-5.471420e-06	-1.268777e-09	-3.997028e+01	-7.750789e+01
6.460000e-06	-5.517587e-06	-1.276766e-09	-4.030754e+01	-7.786596e+01
6.470000e-06	-5.563425e-06	-1.282011e-09	-4.064240e+01	-7.821321e+01
6.480000e-06	-5.608904e-06	-1.286015e-09	-4.097464e+01	-7.855062e+01
6.490000e-06	-5.653927e-06	-1.291554e-09	-4.130354e+01	-7.887915e+01
6.500000e-06	-5.698604e-06	-1.294165e-09	-4.162993e+01	-7.919973e+01
6.510000e-06	-5.742986e-06	-1.294757e-09	-4.195415e+01	-7.951329e+01
6.520000e-06	-5.786991e-06	-1.297342e-09	-4.227561e+01	-7.982072e+01
6.530000e-06	-5.830668e-06	-1.301124e-09	-4.259469e+01	-8.012287e+01
6.540000e-06	-5.874095e-06	-1.304680e-09	-4.291194e+01	-8.042055e+01
6.550000e-06	-5.917209e-06	-1.308136e-09	-4.322689e+01	-8.071451e+01
6.560000e-06	-5.959849e-06	-1.312627e-09	-4.353839e+01	-8.100544e+01
6.570000e-06	-6.002003e-06	-1.317506e-09	-4.384634e+01	-8.129396e+01
6.580000e-06	-6.043706e-06	-1.320992e-09	-4.415099e+01	-8.158062e+01
6.590000e-06	-6.085066e-06	-1.323787e-09	-4.445314e+01	-8.186590e+01
6.600000e-06	-6.126116e-06	-1.326991e-09	-4.475302e+01	-8.215017e+01
6.610000e-06	-6.166752e-06	-1.328150e-09	-4.504988e+01	-8.243376e+01
6.620000e-06	-6.206985e-06	-1.329615e-09	-4.534379e+01	-8.271687e+01
6.630000e-06	-6.246889e-06	-1.333953e-09	-4.563530e+01	-8.299963e+01
6.640000e-06	-6.286370e-06	-1.338310e-09	-4.592372e+01	-8.328208e+01
6.650000e-06	-6.325296e-06	-1.342799e-09	-4.620809e+01	-8.356418e+01
6.660000e-06	-6.363728e-06	-1.349023e-09	-4.648884e+01	-8.384578e+01
6.670000e-06	-6.401602e-06	-1.354043e-09	-4.676553e+01	-8.412667e+01
6.680000e-06	-6.438861e-06	-1.356085e-09	-4.703771e+01	-8.440655e+01
6.690000e-06	-6.475606e-06	-1.358631e-09	-4.730615e+01	-8.468505e+01
6.700000e-06	-6.511917e-06	-1.363083e-09	-4.757140e+01	-8.496173e+01
6.710000e-06	-6.547826e-06	-1.365010e-09	-4.783373e+01	-8.523608e+01
6.720000e-06	-6.583321e-06	-1.364309e-09	-4.809304e+01	-8.550756e+01
6.730000e-06	-6.618435e-06	-1.364575e-09	-4.834955e+01	-8.577555e+01
6.740000e-06	-6.653056e-06	-1.367041e-09	-4.860247e+01	-8.603943e+01
6.750000e-06	-6.687220e-06	-1.368888e-09	-4.885204e+01	-8.629851e+01
6.760000e-06	-6.720977e-06	-1.370105e-09	-4.909865e+01	-8.655214e+01
6.770000e-06	-6.754105e-06	-1.371394e-09	-4.934066e+01	-8.679960e+01
6.780000e-06	-6.786677e-06	-1.373021e-09	-4.957861e+01	-8.704023e+01
6.790000e-06	-6.818939e-06	-1.374896e-09	-4.981429e+01	-8.727334e+01
6.800000e-06	-6.850858e-06	-1.376447e-09	-5.004747e+01	-8.749830e+01
6.810000e-06	-6.882331e-06	-1.378230e-09	-5.027738e+01	-8.771449e+01
6.820000e-06	-6.913301e-06	-1.378486e-09	-5.050363e+01	-8.792135e+01
6.830000e-06	-6.943621e-06	-1.377971e-09	-5.072513e+01	-8.811837e+01
6.840000e-06	-6.973204e-06	-1.378559e-09	-5.094124e+01	-8.830512e+01
6.850000e-06	-7.002164e-06	-1.380902e-09	-5.115280e+01	-8.848120e+01
6.860000e-06	-7.030620e-06	-1.383899e-09	-5.136068e+01	-8.864634e+01
6.870000e-06	-7.058583e-06	-1.384896e-09	-5.156495e+01	-8.880033e+01
6.880000e-06	-7.086138e-06	-1.385069e-09	-5.176626e+01	-8.894305e+01
6.890000e-06	-7.113337e-06	-1.386964e-09	-5.196495e+01	-8.907450e+01
6.900000e-06	-7.140078e-06	-1.390122e-09	-5.216030e+01	-8.919474e+01
6.910000e-06	-7.166187e-06	-1.393413e-09	-5.235104e+01	-8.930396e+01
6.920000e-06	-7.191722e-06	-1.394425e-09	-5.253757e+01	-8.940246e+01
6.930000e-06	-7.216746e-06	-1.392932e-09	-5.272038e+01	-8.949062e+01
6.940000e-06	-7.241359e-06	-1.390746e-09	-5.290019e+01	-8.956893e+01
6.950000e-06	-7.265677e-06	-1.389811e-09	-5.307784e+01	-8.963796e+01
6.960000e-06	-7.289658e-06	-1.390683e-09	-5.325302e+01	-8.969840e+01
6.970000e-06	-7.313104e-06	-1.392099e-09	-5.342430e+01	-8.975100e+01
6.980000e-06	-7.335886e-06	-1.392795e-09	-5.359073e+01	-8.979660e+01
6.990000e-06	-7.358023e-06	-1.393954e-09	-5.375245e+01	-8.983610e+01
7.000000e-06	-7.379327e-06	-1.397186e-09	-5.390808e+01	-8.987047e+01
7.010000e-06	-7.399980e-06	-1.397409e-09	-5.405896e+01	-8.990072e+01
7.020000e-06	-7.420287e-06	-1.393924e-09	-5.420731e+01	-8.992790e+01
7.030000e-06	-7.440255e-06	-1.392083e-09	-5.435318e+01	-8.995309e+01
7.040000e-06	-7.459782e-06	-1.392283e-09	-5.449583e+01	-8.997736e+01
7.050000e-06	-7.478754e-06	-1.391211e-09	-5.463442e+01	-9.000179e+01
7.060000e-06	-7.497194e-06	-1.389434e-09	-5.476914e+01	-9.002746e+01
7.070000e-06	-7.515194e-06	-1.389826e-09	-5.490063e+01	-9.005538e+01
7.080000e-06	-7.532644e-06	-1.391165e-09	-5.502811e+01	-9.008656e+01
7.090000e-06	-7.549512e-06	-1.391680e-09	-5.515133e+01	-9.012190e+01
7.100000e-06	-7.565965e-06	-1.392274e-09	-5.527153e+01	-9.016227e+01
7.110000e-06	-7.582059e-06	-1.392496e-09	-5.538910e+01	-9.020843e+01
7.120000e-06	-7.597616e-06	-1.392516e-09	-5.550274e+01	-9.026103e+01
7.130000e-06	-7.612398e-06	-1.393535e-09	-5.561073e+01	-9.032064e+01
7.140000e-06	-7.626254e-06	-1.392398e-09	-5.571195e+01	-9.038766e+01
7.150000e-06	-7.639360e-06	-1.388688e-09	-5.580770e+01	-9.046240e+01
7.160000e-06	-7.651964e-06	-1.386176e-09	-5.589977e+01	-9.054501e+01
7.170000e-06	-7.663977e-06	-1.384457e-09	-5.598753e+01	-9.063547e+01
7.180000e-06	-7.675366e-06	-1.382844e-09	-5.607073e+01	-9.073362e+01
7.190000e-06	-7.686168e-06	-1.382358e-09	-5.614964e+01	-9.083915e+01
7.200000e-06	-7.696465e-06	-1.382775e-09	-5.622487e+01	-9.095157e+01
7.210000e-06	-7.706247e-06	-1.381916e-09	-5.629633e+01	-9.107022e+01
7.220000e-06	-7.715377e-06	-1.380197e-09	-5.636302e+01	-9.119430e+01
7.230000e-06	-7.724046e-06	-1.379036e-09	-5.642635e+01	-9.132281e+01
7.240000e-06	-7.732419e-06	-1.377529e-09	-5.648752e+01	-9.145463e+01
7.250000e-06	-7.740391e-06	-1.375837e-09	-5.654576e+01	-9.158847e+01
7.260000e-06	-7.747848e-06	-1.373781e-09	-5.660023e+01	-9.172289e+01
7.270000e-06	-7.754640e-06	-1.370936e-09	-5.664985e+01	-9.185632e+01
7.280000e-06	-7.760617e-06	-1.369668e-09	-5.669352e+01	-9.198708e+01
7.290000e-06	-7.765836e-06	-1.367992e-09	-5.673164e+01	-9.211337e+01
7.300000e-06	-7.770471e-06	-1.366984e-09	-5.676550e+01	-9.223329e+01
7.310000e-06	-7.774651e-06	-1.368041e-09	-5.679604e+01	-9.234487e+01
7.320000e-06	-7.778457e-06	-1.368147e-09	-5.682384e+01	-9.244606e+01
7.330000e-06	-7.781732e-06	-1.368385e-09	-5.684777e+01	-9.253478e+01
7.340000e-06	-7.784467e-06	-1.365022e-09	-5.686775e+01	-9.260892e+01
7.350000e-06	-7.786777e-06	-1.363612e-09	-5.688462e+01	-9.266637e+01
7.360000e-06	-7.788608e-06	-1.364593e-09	-5.689800e+01	-9.270501e+01
7.370000e-06	-7.789791e-06	-1.363457e-09	-5.690664e+01	-9.272279e+01
7.380000e-06	-7.790431e-06	-1.359331e-09	-5.691132e+01	-9.271767e+01
