# Temperatura_=_20.0
# Concentracion g/m^3_=_9000.0
# C_Vs_to_Am_M_A/Vsm_=_65563218390.804596
# pendiente_HvsI_1/m_=_3716.3
# ordenada_HvsI_A/m_=_1297.0
# frecuencia_Hz_=_212912.23656783893

Tiempo_(s)	Campo_(V.s)	Magnetizacion_(V.s)	Campo_(kA/m)	Magnetizacion_(A/m)
0.000000e+00	-6.711980e-06	-4.519371e-09	-5.696073e+01	-2.979685e+02
1.000000e-08	-6.710803e-06	-4.519662e-09	-5.695074e+01	-2.979091e+02
2.000000e-08	-6.708262e-06	-4.518891e-09	-5.692918e+01	-2.978396e+02
3.000000e-08	-6.704564e-06	-4.519021e-09	-5.689779e+01	-2.977606e+02
4.000000e-08	-6.699880e-06	-4.519114e-09	-5.685805e+01	-2.976725e+02
5.000000e-08	-6.694127e-06	-4.517710e-09	-5.680922e+01	-2.975753e+02
6.000000e-08	-6.687307e-06	-4.514827e-09	-5.675135e+01	-2.974690e+02
7.000000e-08	-6.679515e-06	-4.507610e-09	-5.668522e+01	-2.973531e+02
8.000000e-08	-6.670544e-06	-4.512940e-09	-5.660909e+01	-2.972271e+02
9.000000e-08	-6.660053e-06	-4.540743e-09	-5.652005e+01	-2.970905e+02
1.000000e-07	-6.647962e-06	-4.549174e-09	-5.641745e+01	-2.969425e+02
1.100000e-07	-6.634311e-06	-4.540137e-09	-5.630160e+01	-2.967824e+02
1.200000e-07	-6.619087e-06	-4.492829e-09	-5.617240e+01	-2.966093e+02
1.300000e-07	-6.602599e-06	-4.454069e-09	-5.603247e+01	-2.964224e+02
1.400000e-07	-6.585232e-06	-4.530978e-09	-5.588509e+01	-2.962208e+02
1.500000e-07	-6.566904e-06	-4.528598e-09	-5.572956e+01	-2.960034e+02
1.600000e-07	-6.547670e-06	-4.466378e-09	-5.556633e+01	-2.957693e+02
1.700000e-07	-6.527586e-06	-4.500045e-09	-5.539588e+01	-2.955172e+02
1.800000e-07	-6.506340e-06	-4.445087e-09	-5.521558e+01	-2.952459e+02
1.900000e-07	-6.484004e-06	-4.434468e-09	-5.502602e+01	-2.949541e+02
2.000000e-07	-6.460893e-06	-4.532289e-09	-5.482990e+01	-2.946404e+02
2.100000e-07	-6.436646e-06	-4.469309e-09	-5.462413e+01	-2.943035e+02
2.200000e-07	-6.410841e-06	-4.426573e-09	-5.440514e+01	-2.939421e+02
2.300000e-07	-6.383793e-06	-4.512775e-09	-5.417560e+01	-2.935552e+02
2.400000e-07	-6.355786e-06	-4.511423e-09	-5.393791e+01	-2.931419e+02
2.500000e-07	-6.326774e-06	-4.498181e-09	-5.369171e+01	-2.927017e+02
2.600000e-07	-6.296710e-06	-4.496405e-09	-5.343657e+01	-2.922344e+02
2.700000e-07	-6.265570e-06	-4.454611e-09	-5.317231e+01	-2.917402e+02
2.800000e-07	-6.233380e-06	-4.460594e-09	-5.289913e+01	-2.912200e+02
2.900000e-07	-6.200062e-06	-4.460924e-09	-5.261638e+01	-2.906750e+02
3.000000e-07	-6.165451e-06	-4.453592e-09	-5.232265e+01	-2.901066e+02
3.100000e-07	-6.129615e-06	-4.448155e-09	-5.201853e+01	-2.895169e+02
3.200000e-07	-6.092586e-06	-4.397465e-09	-5.170429e+01	-2.889080e+02
3.300000e-07	-6.054420e-06	-4.397315e-09	-5.138040e+01	-2.882822e+02
3.400000e-07	-6.015304e-06	-4.440226e-09	-5.104844e+01	-2.876417e+02
3.500000e-07	-5.975185e-06	-4.411085e-09	-5.070798e+01	-2.869886e+02
3.600000e-07	-5.933801e-06	-4.347240e-09	-5.035677e+01	-2.863244e+02
3.700000e-07	-5.891076e-06	-4.361213e-09	-4.999419e+01	-2.856504e+02
3.800000e-07	-5.847282e-06	-4.392419e-09	-4.962253e+01	-2.849671e+02
3.900000e-07	-5.802514e-06	-4.352207e-09	-4.924261e+01	-2.842744e+02
4.000000e-07	-5.756689e-06	-4.331221e-09	-4.885372e+01	-2.835714e+02
4.100000e-07	-5.709936e-06	-4.332356e-09	-4.845695e+01	-2.828565e+02
4.200000e-07	-5.662282e-06	-4.311627e-09	-4.805255e+01	-2.821277e+02
4.300000e-07	-5.613403e-06	-4.309358e-09	-4.763774e+01	-2.813820e+02
4.400000e-07	-5.563064e-06	-4.309209e-09	-4.721054e+01	-2.806166e+02
4.500000e-07	-5.511434e-06	-4.277562e-09	-4.677238e+01	-2.798280e+02
4.600000e-07	-5.458819e-06	-4.246591e-09	-4.632587e+01	-2.790130e+02
4.700000e-07	-5.405345e-06	-4.258666e-09	-4.587206e+01	-2.781686e+02
4.800000e-07	-5.350992e-06	-4.263621e-09	-4.541081e+01	-2.772922e+02
4.900000e-07	-5.295771e-06	-4.216791e-09	-4.494217e+01	-2.763816e+02
5.000000e-07	-5.239696e-06	-4.185124e-09	-4.446630e+01	-2.754354e+02
5.100000e-07	-5.182648e-06	-4.198978e-09	-4.398216e+01	-2.744532e+02
5.200000e-07	-5.124483e-06	-4.202424e-09	-4.348855e+01	-2.734349e+02
5.300000e-07	-5.065308e-06	-4.164701e-09	-4.298637e+01	-2.723815e+02
5.400000e-07	-5.005367e-06	-4.129219e-09	-4.247768e+01	-2.712943e+02
5.500000e-07	-4.944656e-06	-4.130581e-09	-4.196247e+01	-2.701754e+02
5.600000e-07	-4.883171e-06	-4.134076e-09	-4.144068e+01	-2.690267e+02
5.700000e-07	-4.820917e-06	-4.110243e-09	-4.091236e+01	-2.678505e+02
5.800000e-07	-4.757843e-06	-4.075564e-09	-4.037709e+01	-2.666487e+02
5.900000e-07	-4.693938e-06	-4.055462e-09	-3.983476e+01	-2.654227e+02
6.000000e-07	-4.629116e-06	-4.051819e-09	-3.928466e+01	-2.641735e+02
6.100000e-07	-4.563278e-06	-4.044902e-09	-3.872593e+01	-2.629011e+02
6.200000e-07	-4.496502e-06	-4.014593e-09	-3.815923e+01	-2.616048e+02
6.300000e-07	-4.429000e-06	-3.971168e-09	-3.758638e+01	-2.602830e+02
6.400000e-07	-4.360857e-06	-3.955282e-09	-3.700810e+01	-2.589332e+02
6.500000e-07	-4.291969e-06	-3.963006e-09	-3.642348e+01	-2.575523e+02
6.600000e-07	-4.222241e-06	-3.944950e-09	-3.583174e+01	-2.561367e+02
6.700000e-07	-4.151752e-06	-3.898008e-09	-3.523354e+01	-2.546825e+02
6.800000e-07	-4.080592e-06	-3.868479e-09	-3.462964e+01	-2.531857e+02
6.900000e-07	-4.008734e-06	-3.868230e-09	-3.401983e+01	-2.516426e+02
7.000000e-07	-3.935984e-06	-3.853784e-09	-3.340245e+01	-2.500498e+02
7.100000e-07	-3.862253e-06	-3.810271e-09	-3.277673e+01	-2.484049e+02
7.200000e-07	-3.787664e-06	-3.771535e-09	-3.214373e+01	-2.467059e+02
7.300000e-07	-3.712339e-06	-3.756343e-09	-3.150449e+01	-2.449520e+02
7.400000e-07	-3.636282e-06	-3.740970e-09	-3.085904e+01	-2.431432e+02
7.500000e-07	-3.559515e-06	-3.707712e-09	-3.020756e+01	-2.412803e+02
7.600000e-07	-3.482022e-06	-3.669531e-09	-2.954993e+01	-2.393647e+02
7.700000e-07	-3.403798e-06	-3.638324e-09	-2.888609e+01	-2.373984e+02
7.800000e-07	-3.324954e-06	-3.616545e-09	-2.821698e+01	-2.353833e+02
7.900000e-07	-3.245440e-06	-3.591808e-09	-2.754219e+01	-2.333214e+02
8.000000e-07	-3.165192e-06	-3.554163e-09	-2.686117e+01	-2.312139e+02
8.100000e-07	-3.084362e-06	-3.512754e-09	-2.617522e+01	-2.290614e+02
8.200000e-07	-3.003085e-06	-3.481653e-09	-2.548546e+01	-2.268634e+02
8.300000e-07	-2.921337e-06	-3.456349e-09	-2.479171e+01	-2.246182e+02
8.400000e-07	-2.839076e-06	-3.418540e-09	-2.409361e+01	-2.223225e+02
8.500000e-07	-2.756402e-06	-3.373863e-09	-2.339201e+01	-2.199721e+02
8.600000e-07	-2.673435e-06	-3.338763e-09	-2.268791e+01	-2.175613e+02
8.700000e-07	-2.590148e-06	-3.307654e-09	-2.198110e+01	-2.150834e+02
8.800000e-07	-2.506474e-06	-3.265618e-09	-2.127101e+01	-2.125309e+02
8.900000e-07	-2.422426e-06	-3.217257e-09	-2.055774e+01	-2.098960e+02
9.000000e-07	-2.338092e-06	-3.175267e-09	-1.984204e+01	-2.071706e+02
9.100000e-07	-2.253504e-06	-3.135493e-09	-1.912420e+01	-2.043473e+02
9.200000e-07	-2.168598e-06	-3.086013e-09	-1.840365e+01	-2.014189e+02
9.300000e-07	-2.083319e-06	-3.032391e-09	-1.767993e+01	-1.983794e+02
9.400000e-07	-1.997625e-06	-2.984812e-09	-1.695270e+01	-1.952235e+02
9.500000e-07	-1.911542e-06	-2.940589e-09	-1.622217e+01	-1.919473e+02
9.600000e-07	-1.825144e-06	-2.890538e-09	-1.548895e+01	-1.885476e+02
9.700000e-07	-1.738424e-06	-2.832430e-09	-1.475301e+01	-1.850217e+02
9.800000e-07	-1.651447e-06	-2.773682e-09	-1.401488e+01	-1.813674e+02
9.900000e-07	-1.564325e-06	-2.717800e-09	-1.327553e+01	-1.775820e+02
1.000000e-06	-1.476993e-06	-2.661421e-09	-1.253439e+01	-1.736617e+02
1.010000e-06	-1.389401e-06	-2.596901e-09	-1.179105e+01	-1.696013e+02
1.020000e-06	-1.301526e-06	-2.526985e-09	-1.104530e+01	-1.653931e+02
1.030000e-06	-1.213345e-06	-2.460439e-09	-1.029697e+01	-1.610264e+02
1.040000e-06	-1.124947e-06	-2.397759e-09	-9.546783e+00	-1.564871e+02
1.050000e-06	-1.036291e-06	-2.326573e-09	-8.794405e+00	-1.517573e+02
1.060000e-06	-9.473544e-07	-2.243718e-09	-8.039654e+00	-1.468153e+02
1.070000e-06	-8.581422e-07	-2.160006e-09	-7.282562e+00	-1.416353e+02
1.080000e-06	-7.686611e-07	-2.079022e-09	-6.523187e+00	-1.361886e+02
1.090000e-06	-6.789919e-07	-1.995516e-09	-5.762216e+00	-1.304436e+02
1.100000e-06	-5.892145e-07	-1.901291e-09	-5.000326e+00	-1.243670e+02
1.110000e-06	-4.994050e-07	-1.799226e-09	-4.238164e+00	-1.179255e+02
1.120000e-06	-4.094534e-07	-1.696925e-09	-3.474796e+00	-1.110864e+02
1.130000e-06	-3.193292e-07	-1.592120e-09	-2.709964e+00	-1.038202e+02
1.140000e-06	-2.291549e-07	-1.475112e-09	-1.944707e+00	-9.610141e+01
1.150000e-06	-1.389838e-07	-1.345986e-09	-1.179476e+00	-8.791068e+01
1.160000e-06	-4.875980e-08	-1.212364e-09	-4.137965e-01	-7.923625e+01
1.170000e-06	4.146694e-08	-1.075109e-09	3.519061e-01	-7.007532e+01
1.180000e-06	1.316328e-07	-9.306533e-10	1.117092e+00	-6.043514e+01
1.190000e-06	2.217900e-07	-7.767527e-10	1.882205e+00	-5.033375e+01
1.200000e-06	3.118744e-07	-6.143067e-10	2.646699e+00	-3.980036e+01
1.210000e-06	4.018792e-07	-4.478306e-10	3.410519e+00	-2.887522e+01
1.220000e-06	4.917237e-07	-2.810939e-10	4.172977e+00	-1.760914e+01
1.230000e-06	5.813443e-07	-1.080034e-10	4.933536e+00	-6.062478e+00
1.240000e-06	6.708104e-07	7.336240e-11	5.692784e+00	5.696235e+00
1.250000e-06	7.601130e-07	2.578476e-10	6.450644e+00	1.759205e+01
1.260000e-06	8.492355e-07	4.406710e-10	7.206976e+00	2.954562e+01
1.270000e-06	9.381413e-07	6.199642e-10	7.961468e+00	4.147543e+01
1.280000e-06	1.026820e-06	7.982548e-10	8.714033e+00	5.330015e+01
1.290000e-06	1.115317e-06	9.757535e-10	9.465057e+00	6.494089e+01
1.300000e-06	1.203626e-06	1.149694e-09	1.021449e+01	7.632346e+01
1.310000e-06	1.291664e-06	1.315967e-09	1.096161e+01	8.738039e+01
1.320000e-06	1.379433e-06	1.475849e-09	1.170646e+01	9.805256e+01
1.330000e-06	1.466923e-06	1.631184e-09	1.244894e+01	1.082906e+02
1.340000e-06	1.554164e-06	1.781016e-09	1.318930e+01	1.180559e+02
1.350000e-06	1.641208e-06	1.922094e-09	1.392799e+01	1.273208e+02
1.360000e-06	1.728032e-06	2.053240e-09	1.466482e+01	1.360692e+02
1.370000e-06	1.814700e-06	2.174018e-09	1.540032e+01	1.442953e+02
1.380000e-06	1.901152e-06	2.284614e-09	1.613399e+01	1.520038e+02
1.390000e-06	1.987279e-06	2.388250e-09	1.686490e+01	1.592081e+02
1.400000e-06	2.073046e-06	2.485846e-09	1.759275e+01	1.659292e+02
1.410000e-06	2.158439e-06	2.578853e-09	1.831744e+01	1.721939e+02
1.420000e-06	2.243428e-06	2.667303e-09	1.903869e+01	1.780336e+02
1.430000e-06	2.328090e-06	2.750999e-09	1.975717e+01	1.834823e+02
1.440000e-06	2.412511e-06	2.830567e-09	2.047360e+01	1.885750e+02
1.450000e-06	2.496581e-06	2.907018e-09	2.118705e+01	1.933463e+02
1.460000e-06	2.580238e-06	2.979080e-09	2.189700e+01	1.978295e+02
1.470000e-06	2.663495e-06	3.044832e-09	2.260356e+01	2.020552e+02
1.480000e-06	2.746346e-06	3.106190e-09	2.330667e+01	2.060507e+02
1.490000e-06	2.828817e-06	3.165114e-09	2.400655e+01	2.098399e+02
1.500000e-06	2.910819e-06	3.220663e-09	2.470245e+01	2.134425e+02
1.510000e-06	2.992215e-06	3.272120e-09	2.539322e+01	2.168749e+02
1.520000e-06	3.073046e-06	3.322186e-09	2.607918e+01	2.201499e+02
1.530000e-06	3.153280e-06	3.372654e-09	2.676008e+01	2.232774e+02
1.540000e-06	3.232898e-06	3.418682e-09	2.743576e+01	2.262650e+02
1.550000e-06	3.311893e-06	3.460969e-09	2.810614e+01	2.291187e+02
1.560000e-06	3.390191e-06	3.501741e-09	2.877061e+01	2.318432e+02
1.570000e-06	3.467858e-06	3.539461e-09	2.942972e+01	2.344430e+02
1.580000e-06	3.544896e-06	3.574586e-09	3.008350e+01	2.369223e+02
1.590000e-06	3.621263e-06	3.608342e-09	3.073159e+01	2.392859e+02
1.600000e-06	3.696949e-06	3.641262e-09	3.137389e+01	2.415392e+02
1.610000e-06	3.771837e-06	3.671868e-09	3.200942e+01	2.436885e+02
1.620000e-06	3.845835e-06	3.701565e-09	3.263740e+01	2.457405e+02
1.630000e-06	3.918965e-06	3.733086e-09	3.325801e+01	2.477029e+02
1.640000e-06	3.991285e-06	3.764380e-09	3.387175e+01	2.495834e+02
1.650000e-06	4.062900e-06	3.792562e-09	3.447951e+01	2.513901e+02
1.660000e-06	4.133846e-06	3.818282e-09	3.508158e+01	2.531306e+02
1.670000e-06	4.204099e-06	3.842389e-09	3.567778e+01	2.548122e+02
1.680000e-06	4.273591e-06	3.866756e-09	3.626752e+01	2.564411e+02
1.690000e-06	4.342327e-06	3.890659e-09	3.685084e+01	2.580226e+02
1.700000e-06	4.410391e-06	3.911474e-09	3.742846e+01	2.595609e+02
1.710000e-06	4.477804e-06	3.931735e-09	3.800056e+01	2.610587e+02
1.720000e-06	4.544535e-06	3.954486e-09	3.856686e+01	2.625177e+02
1.730000e-06	4.610339e-06	3.977750e-09	3.912530e+01	2.639383e+02
1.740000e-06	4.675079e-06	3.999760e-09	3.967471e+01	2.653202e+02
1.750000e-06	4.738937e-06	4.019065e-09	4.021665e+01	2.666623e+02
1.760000e-06	4.802100e-06	4.036748e-09	4.075267e+01	2.679633e+02
1.770000e-06	4.864544e-06	4.056018e-09	4.128260e+01	2.692218e+02
1.780000e-06	4.926204e-06	4.075703e-09	4.180587e+01	2.704364e+02
1.790000e-06	4.987125e-06	4.092642e-09	4.232287e+01	2.716065e+02
1.800000e-06	5.047304e-06	4.107442e-09	4.283358e+01	2.727319e+02
1.810000e-06	5.106749e-06	4.123187e-09	4.333805e+01	2.738134e+02
1.820000e-06	5.165385e-06	4.140065e-09	4.383566e+01	2.748524e+02
1.830000e-06	5.222802e-06	4.157138e-09	4.432293e+01	2.758513e+02
1.840000e-06	5.279007e-06	4.171998e-09	4.479991e+01	2.768129e+02
1.850000e-06	5.334390e-06	4.186040e-09	4.526991e+01	2.777407e+02
1.860000e-06	5.388946e-06	4.201928e-09	4.573290e+01	2.786384e+02
1.870000e-06	5.442551e-06	4.217267e-09	4.618781e+01	2.795099e+02
1.880000e-06	5.495201e-06	4.230557e-09	4.663462e+01	2.803586e+02
1.890000e-06	5.546755e-06	4.242421e-09	4.707213e+01	2.811879e+02
1.900000e-06	5.597001e-06	4.253745e-09	4.749855e+01	2.820002e+02
1.910000e-06	5.645919e-06	4.265729e-09	4.791368e+01	2.827974e+02
1.920000e-06	5.693674e-06	4.276840e-09	4.831895e+01	2.835804e+02
1.930000e-06	5.740410e-06	4.288524e-09	4.871557e+01	2.843494e+02
1.940000e-06	5.786164e-06	4.302055e-09	4.910386e+01	2.851037e+02
1.950000e-06	5.830983e-06	4.314778e-09	4.948421e+01	2.858419e+02
1.960000e-06	5.874902e-06	4.326522e-09	4.985693e+01	2.865621e+02
1.970000e-06	5.917883e-06	4.336996e-09	5.022169e+01	2.872620e+02
1.980000e-06	5.959620e-06	4.348749e-09	5.057588e+01	2.879393e+02
1.990000e-06	6.000048e-06	4.359739e-09	5.091897e+01	2.885917e+02
2.000000e-06	6.039472e-06	4.367338e-09	5.125354e+01	2.892173e+02
2.010000e-06	6.077902e-06	4.375426e-09	5.157968e+01	2.898146e+02
2.020000e-06	6.115288e-06	4.384953e-09	5.189694e+01	2.903828e+02
2.030000e-06	6.151691e-06	4.393354e-09	5.220587e+01	2.909217e+02
2.040000e-06	6.187168e-06	4.401089e-09	5.250695e+01	2.914319e+02
2.050000e-06	6.221599e-06	4.409765e-09	5.279914e+01	2.919146e+02
2.060000e-06	6.254730e-06	4.419389e-09	5.308031e+01	2.923716e+02
2.070000e-06	6.286659e-06	4.427832e-09	5.335127e+01	2.928053e+02
2.080000e-06	6.317534e-06	4.435509e-09	5.361329e+01	2.932181e+02
2.090000e-06	6.347387e-06	4.443175e-09	5.386664e+01	2.936127e+02
2.100000e-06	6.376285e-06	4.449802e-09	5.411188e+01	2.939915e+02
2.110000e-06	6.404222e-06	4.456426e-09	5.434896e+01	2.943570e+02
2.120000e-06	6.431181e-06	4.462092e-09	5.457775e+01	2.947108e+02
2.130000e-06	6.456810e-06	4.467733e-09	5.479525e+01	2.950542e+02
2.140000e-06	6.480986e-06	4.473026e-09	5.500042e+01	2.953879e+02
2.150000e-06	6.504029e-06	4.478141e-09	5.519597e+01	2.957118e+02
2.160000e-06	6.526002e-06	4.485632e-09	5.538244e+01	2.960252e+02
2.170000e-06	6.546902e-06	4.492175e-09	5.555981e+01	2.963270e+02
2.180000e-06	6.566840e-06	4.497557e-09	5.572901e+01	2.966155e+02
2.190000e-06	6.585785e-06	4.502047e-09	5.588978e+01	2.968888e+02
2.200000e-06	6.603584e-06	4.507667e-09	5.604083e+01	2.971447e+02
2.210000e-06	6.620196e-06	4.512934e-09	5.618181e+01	2.973813e+02
2.220000e-06	6.635596e-06	4.517807e-09	5.631250e+01	2.975966e+02
2.230000e-06	6.649732e-06	4.523748e-09	5.643247e+01	2.977890e+02
2.240000e-06	6.662573e-06	4.526672e-09	5.654144e+01	2.979574e+02
2.250000e-06	6.674159e-06	4.528800e-09	5.663976e+01	2.981012e+02
2.260000e-06	6.684323e-06	4.531435e-09	5.672602e+01	2.982200e+02
2.270000e-06	6.693019e-06	4.535008e-09	5.679981e+01	2.983144e+02
2.280000e-06	6.700515e-06	4.538758e-09	5.686344e+01	2.983851e+02
2.290000e-06	6.706886e-06	4.542107e-09	5.691750e+01	2.984334e+02
2.300000e-06	6.712135e-06	4.545213e-09	5.696204e+01	2.984609e+02
2.310000e-06	6.716320e-06	4.547794e-09	5.699756e+01	2.984693e+02
2.320000e-06	6.719409e-06	4.549238e-09	5.702378e+01	2.984605e+02
2.330000e-06	6.721156e-06	4.551281e-09	5.703860e+01	2.984363e+02
2.340000e-06	6.721498e-06	4.552751e-09	5.704150e+01	2.983985e+02
2.350000e-06	6.720709e-06	4.550537e-09	5.703481e+01	2.983484e+02
2.360000e-06	6.718912e-06	4.547645e-09	5.701956e+01	2.982874e+02
2.370000e-06	6.716012e-06	4.545464e-09	5.699495e+01	2.982164e+02
2.380000e-06	6.712131e-06	4.544185e-09	5.696201e+01	2.981359e+02
2.390000e-06	6.707342e-06	4.543493e-09	5.692136e+01	2.980464e+02
2.400000e-06	6.701258e-06	4.543293e-09	5.686974e+01	2.979478e+02
2.410000e-06	6.693757e-06	4.547745e-09	5.680608e+01	2.978400e+02
2.420000e-06	6.685260e-06	4.547611e-09	5.673398e+01	2.977226e+02
2.430000e-06	6.675897e-06	4.512732e-09	5.665452e+01	2.975950e+02
2.440000e-06	6.665253e-06	4.487767e-09	5.656419e+01	2.974566e+02
2.450000e-06	6.652718e-06	4.487964e-09	5.645781e+01	2.973068e+02
2.460000e-06	6.638186e-06	4.534956e-09	5.633449e+01	2.971447e+02
2.470000e-06	6.622364e-06	4.593276e-09	5.620021e+01	2.969695e+02
2.480000e-06	6.606019e-06	4.510564e-09	5.606150e+01	2.967804e+02
2.490000e-06	6.589024e-06	4.503547e-09	5.591728e+01	2.965765e+02
2.500000e-06	6.570717e-06	4.567816e-09	5.576191e+01	2.963566e+02
2.510000e-06	6.551323e-06	4.491021e-09	5.559732e+01	2.961198e+02
2.520000e-06	6.531334e-06	4.554647e-09	5.542769e+01	2.958649e+02
2.530000e-06	6.510025e-06	4.599792e-09	5.524685e+01	2.955905e+02
2.540000e-06	6.487001e-06	4.485599e-09	5.505146e+01	2.952954e+02
2.550000e-06	6.462937e-06	4.558932e-09	5.484724e+01	2.949783e+02
2.560000e-06	6.437978e-06	4.604285e-09	5.463543e+01	2.946377e+02
2.570000e-06	6.411922e-06	4.486651e-09	5.441431e+01	2.942725e+02
2.580000e-06	6.384808e-06	4.513115e-09	5.418421e+01	2.938816e+02
2.590000e-06	6.356698e-06	4.515509e-09	5.394565e+01	2.934642e+02
2.600000e-06	6.327629e-06	4.443493e-09	5.369896e+01	2.930199e+02
2.610000e-06	6.297251e-06	4.495524e-09	5.344116e+01	2.925484e+02
2.620000e-06	6.265406e-06	4.479224e-09	5.317091e+01	2.920503e+02
2.630000e-06	6.232488e-06	4.466499e-09	5.289155e+01	2.915262e+02
2.640000e-06	6.198466e-06	4.458492e-09	5.260283e+01	2.909775e+02
2.650000e-06	6.163268e-06	4.414453e-09	5.230412e+01	2.904057e+02
2.660000e-06	6.127123e-06	4.487440e-09	5.199738e+01	2.898129e+02
2.670000e-06	6.089950e-06	4.442004e-09	5.168191e+01	2.892013e+02
2.680000e-06	6.051380e-06	4.368103e-09	5.135460e+01	2.885731e+02
2.690000e-06	6.011495e-06	4.424641e-09	5.101611e+01	2.879305e+02
2.700000e-06	5.970690e-06	4.432402e-09	5.066983e+01	2.872755e+02
2.710000e-06	5.928868e-06	4.400091e-09	5.031491e+01	2.866097e+02
2.720000e-06	5.885834e-06	4.350944e-09	4.994970e+01	2.859343e+02
2.730000e-06	5.841944e-06	4.373613e-09	4.957723e+01	2.852495e+02
2.740000e-06	5.797345e-06	4.390121e-09	4.919875e+01	2.845553e+02
2.750000e-06	5.751652e-06	4.340371e-09	4.881098e+01	2.838505e+02
2.760000e-06	5.704805e-06	4.348651e-09	4.841341e+01	2.831337e+02
2.770000e-06	5.656990e-06	4.316266e-09	4.800763e+01	2.824024e+02
2.780000e-06	5.608183e-06	4.299026e-09	4.759343e+01	2.816540e+02
2.790000e-06	5.558203e-06	4.319312e-09	4.716928e+01	2.808852e+02
2.800000e-06	5.507162e-06	4.308732e-09	4.673613e+01	2.800928e+02
2.810000e-06	5.455270e-06	4.279576e-09	4.629575e+01	2.792735e+02
2.820000e-06	5.402345e-06	4.227809e-09	4.584661e+01	2.784244e+02
2.830000e-06	5.348066e-06	4.260848e-09	4.538597e+01	2.775429e+02
2.840000e-06	5.292587e-06	4.279517e-09	4.491516e+01	2.766270e+02
2.850000e-06	5.236250e-06	4.217842e-09	4.443706e+01	2.756754e+02
2.860000e-06	5.179049e-06	4.178624e-09	4.395162e+01	2.746876e+02
2.870000e-06	5.121039e-06	4.185275e-09	4.345933e+01	2.736639e+02
2.880000e-06	5.062234e-06	4.209296e-09	4.296028e+01	2.726053e+02
2.890000e-06	5.002578e-06	4.168459e-09	4.245402e+01	2.715132e+02
2.900000e-06	4.942169e-06	4.124403e-09	4.194136e+01	2.703896e+02
2.910000e-06	4.880979e-06	4.115522e-09	4.142207e+01	2.692366e+02
2.920000e-06	4.818778e-06	4.113324e-09	4.089421e+01	2.680564e+02
2.930000e-06	4.755478e-06	4.109407e-09	4.035702e+01	2.668508e+02
2.940000e-06	4.691258e-06	4.078409e-09	3.981202e+01	2.656212e+02
2.950000e-06	4.626279e-06	4.042232e-09	3.926058e+01	2.643685e+02
2.960000e-06	4.560490e-06	4.019759e-09	3.870227e+01	2.630925e+02
2.970000e-06	4.493863e-06	4.029277e-09	3.813684e+01	2.617924e+02
2.980000e-06	4.426479e-06	4.019355e-09	3.756499e+01	2.604665e+02
2.990000e-06	4.358451e-06	3.972318e-09	3.698768e+01	2.591122e+02
3.000000e-06	4.289677e-06	3.944187e-09	3.640403e+01	2.577263e+02
3.010000e-06	4.219931e-06	3.942641e-09	3.581214e+01	2.563051e+02
3.020000e-06	4.149173e-06	3.932256e-09	3.521165e+01	2.548446e+02
3.030000e-06	4.077551e-06	3.891135e-09	3.460384e+01	2.533411e+02
3.040000e-06	4.005222e-06	3.858580e-09	3.399003e+01	2.517906e+02
3.050000e-06	3.932210e-06	3.845091e-09	3.337041e+01	2.501901e+02
3.060000e-06	3.858537e-06	3.826967e-09	3.274520e+01	2.485371e+02
3.070000e-06	3.784150e-06	3.795884e-09	3.211391e+01	2.468298e+02
3.080000e-06	3.709060e-06	3.763992e-09	3.147667e+01	2.450676e+02
3.090000e-06	3.633296e-06	3.738031e-09	3.083370e+01	2.432506e+02
3.100000e-06	3.556834e-06	3.713376e-09	3.018481e+01	2.413796e+02
3.110000e-06	3.479564e-06	3.690258e-09	2.952907e+01	2.394562e+02
3.120000e-06	3.401386e-06	3.660445e-09	2.886562e+01	2.374824e+02
3.130000e-06	3.322480e-06	3.626885e-09	2.819599e+01	2.354602e+02
3.140000e-06	3.242996e-06	3.597545e-09	2.752145e+01	2.333913e+02
3.150000e-06	3.162945e-06	3.572640e-09	2.684211e+01	2.312770e+02
3.160000e-06	3.082421e-06	3.539504e-09	2.615874e+01	2.291176e+02
3.170000e-06	3.001462e-06	3.498482e-09	2.547169e+01	2.269126e+02
3.180000e-06	2.920006e-06	3.465914e-09	2.478042e+01	2.246599e+02
3.190000e-06	2.838123e-06	3.437495e-09	2.408553e+01	2.223564e+02
3.200000e-06	2.755786e-06	3.398383e-09	2.338678e+01	2.199972e+02
3.210000e-06	2.672892e-06	3.353679e-09	2.268331e+01	2.175767e+02
3.220000e-06	2.589583e-06	3.318471e-09	2.197631e+01	2.150881e+02
3.230000e-06	2.506047e-06	3.285348e-09	2.126739e+01	2.125236e+02
3.240000e-06	2.422252e-06	3.241591e-09	2.055626e+01	2.098756e+02
3.250000e-06	2.338105e-06	3.193991e-09	1.984216e+01	2.071360e+02
3.260000e-06	2.253602e-06	3.153086e-09	1.912503e+01	2.042972e+02
3.270000e-06	2.168740e-06	3.114041e-09	1.840485e+01	2.013525e+02
3.280000e-06	2.083488e-06	3.066086e-09	1.768137e+01	1.982957e+02
3.290000e-06	1.997756e-06	3.012106e-09	1.695381e+01	1.951220e+02
3.300000e-06	1.911486e-06	2.962587e-09	1.622169e+01	1.918274e+02
3.310000e-06	1.824775e-06	2.917580e-09	1.548582e+01	1.884088e+02
3.320000e-06	1.737706e-06	2.869725e-09	1.474691e+01	1.848638e+02
3.330000e-06	1.650302e-06	2.813367e-09	1.400517e+01	1.811899e+02
3.340000e-06	1.562550e-06	2.750511e-09	1.326047e+01	1.773845e+02
3.350000e-06	1.474481e-06	2.690146e-09	1.251308e+01	1.734435e+02
3.360000e-06	1.386155e-06	2.634240e-09	1.176350e+01	1.693614e+02
3.370000e-06	1.297598e-06	2.572740e-09	1.101197e+01	1.651301e+02
3.380000e-06	1.208840e-06	2.500075e-09	1.025873e+01	1.607384e+02
3.390000e-06	1.119942e-06	2.426509e-09	9.504305e+00	1.561717e+02
3.400000e-06	1.030897e-06	2.359654e-09	8.748629e+00	1.514115e+02
3.410000e-06	9.416634e-07	2.290148e-09	7.991358e+00	1.464355e+02
3.420000e-06	8.522842e-07	2.206444e-09	7.232847e+00	1.412174e+02
3.430000e-06	7.627636e-07	2.114428e-09	6.473137e+00	1.357279e+02
3.440000e-06	6.731367e-07	2.027027e-09	5.712526e+00	1.299352e+02
3.450000e-06	5.833709e-07	1.939464e-09	4.950735e+00	1.238060e+02
3.460000e-06	4.934517e-07	1.838781e-09	4.187642e+00	1.173068e+02
3.470000e-06	4.035022e-07	1.726923e-09	3.424292e+00	1.104054e+02
3.480000e-06	3.134709e-07	1.611903e-09	2.660248e+00	1.030727e+02
3.490000e-06	2.233570e-07	1.494528e-09	1.895503e+00	9.528412e+01
3.500000e-06	1.332635e-07	1.371440e-09	1.130931e+00	8.702131e+01
3.510000e-06	4.320006e-08	1.237521e-09	3.666141e-01	7.827378e+01
3.520000e-06	-4.684908e-08	1.094378e-09	-3.975813e-01	6.904019e+01
3.530000e-06	-1.368714e-07	9.482359e-10	-1.161549e+00	5.932934e+01
3.540000e-06	-2.267948e-07	7.992879e-10	-1.924678e+00	4.916095e+01
3.550000e-06	-3.166503e-07	6.425297e-10	-2.687230e+00	3.856590e+01
3.560000e-06	-4.064355e-07	4.752945e-10	-3.449185e+00	2.758607e+01
3.570000e-06	-4.961167e-07	3.022298e-10	-4.210258e+00	1.627377e+01
3.580000e-06	-5.856557e-07	1.259882e-10	-4.970125e+00	4.690693e+00
3.590000e-06	-6.750793e-07	-5.366712e-11	-5.729011e+00	-7.093558e+00
3.600000e-06	-7.644466e-07	-2.372979e-10	-6.487420e+00	-1.900324e+01
3.610000e-06	-8.537095e-07	-4.225460e-10	-7.244943e+00	-3.095853e+01
3.620000e-06	-9.427889e-07	-6.070185e-10	-8.000909e+00	-4.287779e+01
3.630000e-06	-1.031740e-06	-7.907343e-10	-8.755784e+00	-5.467991e+01
3.640000e-06	-1.120577e-06	-9.700881e-10	-9.509698e+00	-6.628658e+01
3.650000e-06	-1.209193e-06	-1.144424e-09	-1.026172e+01	-7.762449e+01
3.660000e-06	-1.297568e-06	-1.312780e-09	-1.101172e+01	-8.862730e+01
3.670000e-06	-1.385759e-06	-1.475080e-09	-1.176014e+01	-9.923732e+01
3.680000e-06	-1.473732e-06	-1.631316e-09	-1.250672e+01	-1.094067e+02
3.690000e-06	-1.561463e-06	-1.779883e-09	-1.325125e+01	-1.190985e+02
3.700000e-06	-1.648978e-06	-1.920777e-09	-1.399393e+01	-1.282868e+02
3.710000e-06	-1.736136e-06	-2.053165e-09	-1.473359e+01	-1.369569e+02
3.720000e-06	-1.822886e-06	-2.176558e-09	-1.546979e+01	-1.451050e+02
3.730000e-06	-1.909248e-06	-2.292164e-09	-1.620269e+01	-1.527369e+02
3.740000e-06	-1.995232e-06	-2.399979e-09	-1.693239e+01	-1.598672e+02
3.750000e-06	-2.080931e-06	-2.500456e-09	-1.765967e+01	-1.665181e+02
3.760000e-06	-2.166247e-06	-2.594641e-09	-1.838370e+01	-1.727170e+02
3.770000e-06	-2.251084e-06	-2.683563e-09	-1.910366e+01	-1.784960e+02
3.780000e-06	-2.335502e-06	-2.765642e-09	-1.982007e+01	-1.838891e+02
3.790000e-06	-2.419526e-06	-2.843012e-09	-2.053313e+01	-1.889314e+02
3.800000e-06	-2.503169e-06	-2.915836e-09	-2.124296e+01	-1.936575e+02
3.810000e-06	-2.586483e-06	-2.985377e-09	-2.195000e+01	-1.981003e+02
3.820000e-06	-2.669445e-06	-3.051427e-09	-2.265405e+01	-2.022898e+02
3.830000e-06	-2.751961e-06	-3.112817e-09	-2.335432e+01	-2.062531e+02
3.840000e-06	-2.833948e-06	-3.172668e-09	-2.405009e+01	-2.100131e+02
3.850000e-06	-2.915450e-06	-3.230244e-09	-2.474175e+01	-2.135893e+02
3.860000e-06	-2.996559e-06	-3.285062e-09	-2.543008e+01	-2.169974e+02
3.870000e-06	-3.077224e-06	-3.335373e-09	-2.611464e+01	-2.202498e+02
3.880000e-06	-3.157371e-06	-3.382176e-09	-2.679480e+01	-2.233559e+02
3.890000e-06	-3.236923e-06	-3.426776e-09	-2.746991e+01	-2.263232e+02
3.900000e-06	-3.315794e-06	-3.469947e-09	-2.813925e+01	-2.291573e+02
3.910000e-06	-3.393962e-06	-3.511889e-09	-2.880261e+01	-2.318629e+02
3.920000e-06	-3.471365e-06	-3.550665e-09	-2.945949e+01	-2.344443e+02
3.930000e-06	-3.547963e-06	-3.587668e-09	-3.010953e+01	-2.369060e+02
3.940000e-06	-3.623756e-06	-3.625986e-09	-3.075275e+01	-2.392528e+02
3.950000e-06	-3.698844e-06	-3.664499e-09	-3.138997e+01	-2.414902e+02
3.960000e-06	-3.773288e-06	-3.700729e-09	-3.202173e+01	-2.436245e+02
3.970000e-06	-3.847028e-06	-3.733028e-09	-3.264753e+01	-2.456626e+02
3.980000e-06	-3.920116e-06	-3.767134e-09	-3.326778e+01	-2.476123e+02
3.990000e-06	-3.992586e-06	-3.801660e-09	-3.388279e+01	-2.494813e+02
4.000000e-06	-4.064406e-06	-3.832542e-09	-3.449229e+01	-2.512776e+02
4.010000e-06	-4.135450e-06	-3.859928e-09	-3.509520e+01	-2.530089e+02
4.020000e-06	-4.205582e-06	-3.887116e-09	-3.569036e+01	-2.546823e+02
4.030000e-06	-4.274844e-06	-3.915480e-09	-3.627815e+01	-2.563038e+02
4.040000e-06	-4.343299e-06	-3.942220e-09	-3.685909e+01	-2.578787e+02
4.050000e-06	-4.411017e-06	-3.966459e-09	-3.743377e+01	-2.594109e+02
4.060000e-06	-4.478049e-06	-3.989417e-09	-3.800264e+01	-2.609028e+02
4.070000e-06	-4.544324e-06	-4.014230e-09	-3.856508e+01	-2.623561e+02
4.080000e-06	-4.609817e-06	-4.038285e-09	-3.912087e+01	-2.637710e+02
4.090000e-06	-4.674626e-06	-4.060105e-09	-3.967087e+01	-2.651471e+02
4.100000e-06	-4.738780e-06	-4.080839e-09	-4.021531e+01	-2.664832e+02
4.110000e-06	-4.802004e-06	-4.102290e-09	-4.075186e+01	-2.677780e+02
4.120000e-06	-4.864234e-06	-4.122875e-09	-4.127997e+01	-2.690300e+02
4.130000e-06	-4.925604e-06	-4.140695e-09	-4.180078e+01	-2.702380e+02
4.140000e-06	-4.986138e-06	-4.157448e-09	-4.231450e+01	-2.714014e+02
4.150000e-06	-5.045864e-06	-4.173696e-09	-4.282136e+01	-2.725203e+02
4.160000e-06	-5.104775e-06	-4.188900e-09	-4.332130e+01	-2.735954e+02
4.170000e-06	-5.162851e-06	-4.202742e-09	-4.381416e+01	-2.746283e+02
4.180000e-06	-5.220006e-06	-4.215945e-09	-4.429920e+01	-2.756214e+02
4.190000e-06	-5.276355e-06	-4.227969e-09	-4.477740e+01	-2.765778e+02
4.200000e-06	-5.331830e-06	-4.240657e-09	-4.524819e+01	-2.775009e+02
4.210000e-06	-5.386077e-06	-4.256730e-09	-4.570855e+01	-2.783945e+02
4.220000e-06	-5.439106e-06	-4.273175e-09	-4.615858e+01	-2.792624e+02
4.230000e-06	-5.490998e-06	-4.287247e-09	-4.659896e+01	-2.801081e+02
4.240000e-06	-5.541814e-06	-4.299350e-09	-4.703020e+01	-2.809347e+02
4.250000e-06	-5.591446e-06	-4.310171e-09	-4.745140e+01	-2.817448e+02
4.260000e-06	-5.639819e-06	-4.320697e-09	-4.786191e+01	-2.825398e+02
4.270000e-06	-5.687094e-06	-4.331369e-09	-4.826311e+01	-2.833209e+02
4.280000e-06	-5.733277e-06	-4.340786e-09	-4.865504e+01	-2.840878e+02
4.290000e-06	-5.778498e-06	-4.349563e-09	-4.903880e+01	-2.848398e+02
4.300000e-06	-5.822944e-06	-4.360106e-09	-4.941599e+01	-2.855755e+02
4.310000e-06	-5.866589e-06	-4.371695e-09	-4.978638e+01	-2.862928e+02
4.320000e-06	-5.909304e-06	-4.382386e-09	-5.014888e+01	-2.869896e+02
4.330000e-06	-5.951026e-06	-4.392022e-09	-5.050295e+01	-2.876633e+02
4.340000e-06	-5.991804e-06	-4.401877e-09	-5.084900e+01	-2.883119e+02
4.350000e-06	-6.031679e-06	-4.410300e-09	-5.118741e+01	-2.889334e+02
4.360000e-06	-6.070362e-06	-4.415854e-09	-5.151569e+01	-2.895265e+02
4.370000e-06	-6.107673e-06	-4.420768e-09	-5.183232e+01	-2.900903e+02
4.380000e-06	-6.143938e-06	-4.427363e-09	-5.214009e+01	-2.906249e+02
4.390000e-06	-6.179247e-06	-4.434879e-09	-5.243973e+01	-2.911309e+02
4.400000e-06	-6.213471e-06	-4.441452e-09	-5.273017e+01	-2.916097e+02
4.410000e-06	-6.246665e-06	-4.448467e-09	-5.301187e+01	-2.920632e+02
4.420000e-06	-6.278883e-06	-4.455145e-09	-5.328528e+01	-2.924936e+02
4.430000e-06	-6.309999e-06	-4.460375e-09	-5.354934e+01	-2.929035e+02
4.440000e-06	-6.339766e-06	-4.464909e-09	-5.380197e+01	-2.932957e+02
4.450000e-06	-6.368364e-06	-4.469785e-09	-5.404466e+01	-2.936725e+02
4.460000e-06	-6.395995e-06	-4.475289e-09	-5.427914e+01	-2.940361e+02
4.470000e-06	-6.422519e-06	-4.480595e-09	-5.450424e+01	-2.943884e+02
4.480000e-06	-6.447972e-06	-4.485673e-09	-5.472024e+01	-2.947304e+02
4.490000e-06	-6.472465e-06	-4.489693e-09	-5.492810e+01	-2.950627e+02
4.500000e-06	-6.495835e-06	-4.494203e-09	-5.512643e+01	-2.953851e+02
4.510000e-06	-6.517877e-06	-4.498857e-09	-5.531349e+01	-2.956969e+02
4.520000e-06	-6.538683e-06	-4.502352e-09	-5.549005e+01	-2.959969e+02
4.530000e-06	-6.558416e-06	-4.506051e-09	-5.565752e+01	-2.962833e+02
4.540000e-06	-6.577106e-06	-4.509912e-09	-5.581613e+01	-2.965542e+02
4.550000e-06	-6.594721e-06	-4.511633e-09	-5.596562e+01	-2.968074e+02
4.560000e-06	-6.611345e-06	-4.513350e-09	-5.610670e+01	-2.970410e+02
4.570000e-06	-6.626825e-06	-4.516736e-09	-5.623807e+01	-2.972530e+02
4.580000e-06	-6.640761e-06	-4.517962e-09	-5.635633e+01	-2.974420e+02
4.590000e-06	-6.653188e-06	-4.517248e-09	-5.646179e+01	-2.976068e+02
4.600000e-06	-6.664338e-06	-4.517223e-09	-5.655642e+01	-2.977468e+02
4.610000e-06	-6.674308e-06	-4.517908e-09	-5.664102e+01	-2.978620e+02
4.620000e-06	-6.683169e-06	-4.517642e-09	-5.671623e+01	-2.979528e+02
4.630000e-06	-6.690983e-06	-4.517505e-09	-5.678254e+01	-2.980202e+02
4.640000e-06	-6.697504e-06	-4.518106e-09	-5.683788e+01	-2.980653e+02
4.650000e-06	-6.702569e-06	-4.518898e-09	-5.688086e+01	-2.980899e+02
4.660000e-06	-6.706524e-06	-4.520855e-09	-5.691442e+01	-2.980957e+02
4.670000e-06	-6.709474e-06	-4.523036e-09	-5.693946e+01	-2.980845e+02
4.680000e-06	-6.711300e-06	-4.522793e-09	-5.695496e+01	-2.980583e+02
4.690000e-06	-6.712075e-06	-4.520537e-09	-5.696154e+01	-2.980185e+02
