# Temperatura_=_20.0
# Concentracion g/m^3_=_9000.0
# C_Vs_to_Am_M_A/Vsm_=_65563218390.804596
# pendiente_HvsI_1/m_=_3716.3
# ordenada_HvsI_A/m_=_1297.0
# frecuencia_Hz_=_212912.94389889756

Tiempo_(s)	Campo_(V.s)	Magnetizacion_(V.s)	Campo_(kA/m)	Magnetizacion_(A/m)
0.000000e+00	-6.672775e-06	-4.587577e-09	-5.696113e+01	-2.991537e+02
1.000000e-08	-6.671476e-06	-4.589530e-09	-5.695005e+01	-2.990915e+02
2.000000e-08	-6.668838e-06	-4.590592e-09	-5.692753e+01	-2.990041e+02
3.000000e-08	-6.665072e-06	-4.589918e-09	-5.689538e+01	-2.988935e+02
4.000000e-08	-6.660315e-06	-4.589466e-09	-5.685477e+01	-2.987626e+02
5.000000e-08	-6.654505e-06	-4.588915e-09	-5.680518e+01	-2.986160e+02
6.000000e-08	-6.647591e-06	-4.586402e-09	-5.674616e+01	-2.984593e+02
7.000000e-08	-6.639720e-06	-4.578017e-09	-5.667897e+01	-2.982990e+02
8.000000e-08	-6.630756e-06	-4.573735e-09	-5.660245e+01	-2.981424e+02
9.000000e-08	-6.620149e-06	-4.607896e-09	-5.651190e+01	-2.979970e+02
1.000000e-07	-6.607853e-06	-4.646535e-09	-5.640694e+01	-2.978700e+02
1.100000e-07	-6.594120e-06	-4.637156e-09	-5.628971e+01	-2.977681e+02
1.200000e-07	-6.578887e-06	-4.573948e-09	-5.615968e+01	-2.976965e+02
1.300000e-07	-6.562358e-06	-4.481375e-09	-5.601858e+01	-2.976588e+02
1.400000e-07	-6.544918e-06	-4.545798e-09	-5.586971e+01	-2.976567e+02
1.500000e-07	-6.526584e-06	-4.670576e-09	-5.571320e+01	-2.976895e+02
1.600000e-07	-6.507383e-06	-4.575926e-09	-5.554929e+01	-2.977539e+02
1.700000e-07	-6.487327e-06	-4.516945e-09	-5.537809e+01	-2.978443e+02
1.800000e-07	-6.466154e-06	-4.512477e-09	-5.519735e+01	-2.979527e+02
1.900000e-07	-6.443941e-06	-4.499047e-09	-5.500773e+01	-2.980691e+02
2.000000e-07	-6.420866e-06	-4.630379e-09	-5.481076e+01	-2.981819e+02
2.100000e-07	-6.396593e-06	-4.622025e-09	-5.460355e+01	-2.982784e+02
2.200000e-07	-6.370895e-06	-4.457100e-09	-5.438419e+01	-2.983457e+02
2.300000e-07	-6.343957e-06	-4.538032e-09	-5.415423e+01	-2.983712e+02
2.400000e-07	-6.316002e-06	-4.656853e-09	-5.391560e+01	-2.983429e+02
2.500000e-07	-6.287019e-06	-4.562569e-09	-5.366819e+01	-2.982508e+02
2.600000e-07	-6.256928e-06	-4.488531e-09	-5.341132e+01	-2.980869e+02
2.700000e-07	-6.225815e-06	-4.462329e-09	-5.314573e+01	-2.978458e+02
2.800000e-07	-6.193808e-06	-4.522593e-09	-5.287251e+01	-2.975247e+02
2.900000e-07	-6.160634e-06	-4.572152e-09	-5.258932e+01	-2.971239e+02
3.000000e-07	-6.125969e-06	-4.478162e-09	-5.229341e+01	-2.966467e+02
3.100000e-07	-6.090075e-06	-4.423422e-09	-5.198701e+01	-2.960988e+02
3.200000e-07	-6.053133e-06	-4.464423e-09	-5.167165e+01	-2.954879e+02
3.300000e-07	-6.015139e-06	-4.491637e-09	-5.134733e+01	-2.948238e+02
3.400000e-07	-5.976176e-06	-4.471260e-09	-5.101472e+01	-2.941167e+02
3.500000e-07	-5.936163e-06	-4.428271e-09	-5.067316e+01	-2.933777e+02
3.600000e-07	-5.894905e-06	-4.385253e-09	-5.032097e+01	-2.926171e+02
3.700000e-07	-5.852376e-06	-4.406617e-09	-4.995792e+01	-2.918444e+02
3.800000e-07	-5.808818e-06	-4.465882e-09	-4.958610e+01	-2.910672e+02
3.900000e-07	-5.764219e-06	-4.405539e-09	-4.920539e+01	-2.902915e+02
4.000000e-07	-5.718529e-06	-4.319122e-09	-4.881536e+01	-2.895207e+02
4.100000e-07	-5.671933e-06	-4.378789e-09	-4.841760e+01	-2.887558e+02
4.200000e-07	-5.624464e-06	-4.423512e-09	-4.801239e+01	-2.879955e+02
4.300000e-07	-5.575813e-06	-4.353815e-09	-4.759708e+01	-2.872361e+02
4.400000e-07	-5.525687e-06	-4.299603e-09	-4.716919e+01	-2.864725e+02
4.500000e-07	-5.474333e-06	-4.319947e-09	-4.673082e+01	-2.856978e+02
4.600000e-07	-5.422025e-06	-4.339330e-09	-4.628430e+01	-2.849047e+02
4.700000e-07	-5.368799e-06	-4.307298e-09	-4.582994e+01	-2.840855e+02
4.800000e-07	-5.314629e-06	-4.271636e-09	-4.536753e+01	-2.832331e+02
4.900000e-07	-5.259583e-06	-4.252049e-09	-4.489764e+01	-2.823412e+02
5.000000e-07	-5.203747e-06	-4.257495e-09	-4.442100e+01	-2.814049e+02
5.100000e-07	-5.147017e-06	-4.265914e-09	-4.393673e+01	-2.804210e+02
5.200000e-07	-5.089172e-06	-4.233150e-09	-4.344295e+01	-2.793881e+02
5.300000e-07	-5.030199e-06	-4.190930e-09	-4.293953e+01	-2.783067e+02
5.400000e-07	-4.970396e-06	-4.180011e-09	-4.242904e+01	-2.771791e+02
5.500000e-07	-4.909869e-06	-4.196251e-09	-4.191236e+01	-2.760091e+02
5.600000e-07	-4.848573e-06	-4.184668e-09	-4.138911e+01	-2.748012e+02
5.700000e-07	-4.786414e-06	-4.134632e-09	-4.085850e+01	-2.735609e+02
5.800000e-07	-4.723406e-06	-4.108510e-09	-4.032064e+01	-2.722935e+02
5.900000e-07	-4.659710e-06	-4.118848e-09	-3.977691e+01	-2.710040e+02
6.000000e-07	-4.595281e-06	-4.112728e-09	-3.922692e+01	-2.696964e+02
6.100000e-07	-4.529805e-06	-4.067782e-09	-3.866800e+01	-2.683735e+02
6.200000e-07	-4.463199e-06	-4.032309e-09	-3.809943e+01	-2.670364e+02
6.300000e-07	-4.395772e-06	-4.028225e-09	-3.752384e+01	-2.656844e+02
6.400000e-07	-4.327766e-06	-4.019993e-09	-3.694332e+01	-2.643152e+02
6.500000e-07	-4.259062e-06	-3.993158e-09	-3.635684e+01	-2.629248e+02
6.600000e-07	-4.189548e-06	-3.962549e-09	-3.576345e+01	-2.615080e+02
6.700000e-07	-4.119320e-06	-3.940792e-09	-3.516395e+01	-2.600586e+02
6.800000e-07	-4.048401e-06	-3.925918e-09	-3.455856e+01	-2.585696e+02
6.900000e-07	-3.976792e-06	-3.910056e-09	-3.394729e+01	-2.570345e+02
7.000000e-07	-3.904445e-06	-3.884507e-09	-3.332970e+01	-2.554468e+02
7.100000e-07	-3.831244e-06	-3.849368e-09	-3.270484e+01	-2.538012e+02
7.200000e-07	-3.757162e-06	-3.823040e-09	-3.207245e+01	-2.520936e+02
7.300000e-07	-3.682265e-06	-3.807347e-09	-3.143310e+01	-2.503213e+02
7.400000e-07	-3.606614e-06	-3.777119e-09	-3.078731e+01	-2.484834e+02
7.500000e-07	-3.530172e-06	-3.736147e-09	-3.013478e+01	-2.465805e+02
7.600000e-07	-3.452949e-06	-3.708295e-09	-2.947558e+01	-2.446146e+02
7.700000e-07	-3.375167e-06	-3.687268e-09	-2.881160e+01	-2.425889e+02
7.800000e-07	-3.296854e-06	-3.655247e-09	-2.814309e+01	-2.405071e+02
7.900000e-07	-3.217801e-06	-3.617156e-09	-2.746827e+01	-2.383734e+02
8.000000e-07	-3.138007e-06	-3.587977e-09	-2.678713e+01	-2.361914e+02
8.100000e-07	-3.057561e-06	-3.560733e-09	-2.610041e+01	-2.339643e+02
8.200000e-07	-2.976578e-06	-3.523106e-09	-2.540911e+01	-2.316936e+02
8.300000e-07	-2.895093e-06	-3.482969e-09	-2.471352e+01	-2.293796e+02
8.400000e-07	-2.813128e-06	-3.448098e-09	-2.401384e+01	-2.270206e+02
8.500000e-07	-2.730841e-06	-3.415833e-09	-2.331142e+01	-2.246130e+02
8.600000e-07	-2.648273e-06	-3.379439e-09	-2.260658e+01	-2.221513e+02
8.700000e-07	-2.565308e-06	-3.336880e-09	-2.189836e+01	-2.196286e+02
8.800000e-07	-2.481876e-06	-3.292661e-09	-2.118616e+01	-2.170365e+02
8.900000e-07	-2.398080e-06	-3.250107e-09	-2.047084e+01	-2.143658e+02
9.000000e-07	-2.314071e-06	-3.207548e-09	-1.975372e+01	-2.116070e+02
9.100000e-07	-2.229858e-06	-3.160446e-09	-1.903484e+01	-2.087508e+02
9.200000e-07	-2.145338e-06	-3.108175e-09	-1.831335e+01	-2.057886e+02
9.300000e-07	-2.060452e-06	-3.059325e-09	-1.758874e+01	-2.027129e+02
9.400000e-07	-1.975251e-06	-3.016029e-09	-1.686144e+01	-1.995175e+02
9.500000e-07	-1.889750e-06	-2.966500e-09	-1.613156e+01	-1.961977e+02
9.600000e-07	-1.803856e-06	-2.907977e-09	-1.539834e+01	-1.927502e+02
9.700000e-07	-1.717625e-06	-2.850392e-09	-1.466225e+01	-1.891727e+02
9.800000e-07	-1.631151e-06	-2.797376e-09	-1.392408e+01	-1.854637e+02
9.900000e-07	-1.544420e-06	-2.740860e-09	-1.318371e+01	-1.816216e+02
1.000000e-06	-1.457396e-06	-2.676804e-09	-1.244084e+01	-1.776443e+02
1.010000e-06	-1.370125e-06	-2.610189e-09	-1.169587e+01	-1.735280e+02
1.020000e-06	-1.282599e-06	-2.547149e-09	-1.094871e+01	-1.692665e+02
1.030000e-06	-1.194763e-06	-2.483306e-09	-1.019891e+01	-1.648505e+02
1.040000e-06	-1.106733e-06	-2.413544e-09	-9.447457e+00	-1.602670e+02
1.050000e-06	-1.018546e-06	-2.336752e-09	-8.694666e+00	-1.554989e+02
1.060000e-06	-9.302049e-07	-2.256873e-09	-7.940554e+00	-1.505245e+02
1.070000e-06	-8.417310e-07	-2.178428e-09	-7.185310e+00	-1.453180e+02
1.080000e-06	-7.530920e-07	-2.096029e-09	-6.428656e+00	-1.398498e+02
1.090000e-06	-6.642849e-07	-2.006529e-09	-5.670568e+00	-1.340873e+02
1.100000e-06	-5.753527e-07	-1.911076e-09	-4.911412e+00	-1.279961e+02
1.110000e-06	-4.863455e-07	-1.813379e-09	-4.151615e+00	-1.215411e+02
1.120000e-06	-3.972577e-07	-1.712256e-09	-3.391131e+00	-1.146885e+02
1.130000e-06	-3.081035e-07	-1.601801e-09	-2.630079e+00	-1.074071e+02
1.140000e-06	-2.188275e-07	-1.480161e-09	-1.867988e+00	-9.967065e+01
1.150000e-06	-1.294792e-07	-1.354375e-09	-1.105280e+00	-9.145902e+01
1.160000e-06	-4.014090e-08	-1.225935e-09	-3.426568e-01	-8.276034e+01
1.170000e-06	4.922898e-08	-1.087542e-09	4.202358e-01	-7.357213e+01
1.180000e-06	1.385813e-07	-9.386366e-10	1.182978e+00	-6.390245e+01
1.190000e-06	2.278169e-07	-7.835709e-10	1.944725e+00	-5.377061e+01
1.200000e-06	3.169411e-07	-6.236698e-10	2.705520e+00	-4.320739e+01
1.210000e-06	4.059542e-07	-4.574494e-10	3.465367e+00	-3.225482e+01
1.220000e-06	4.948511e-07	-2.859228e-10	4.224222e+00	-2.096548e+01
1.230000e-06	5.836281e-07	-1.095633e-10	4.982053e+00	-9.401369e+00
1.240000e-06	6.722883e-07	6.990637e-11	5.738888e+00	2.367680e+00
1.250000e-06	7.608295e-07	2.499639e-10	6.494706e+00	1.426588e+01
1.260000e-06	8.492472e-07	4.298816e-10	7.249470e+00	2.621365e+01
1.270000e-06	9.375160e-07	6.082633e-10	8.002964e+00	3.812990e+01
1.280000e-06	1.025612e-06	7.872731e-10	8.754986e+00	4.993442e+01
1.290000e-06	1.113581e-06	9.634618e-10	9.505917e+00	6.155012e+01
1.300000e-06	1.201366e-06	1.135329e-09	1.025528e+01	7.290517e+01
1.310000e-06	1.288952e-06	1.302365e-09	1.100295e+01	8.393488e+01
1.320000e-06	1.376315e-06	1.463558e-09	1.174871e+01	9.458320e+01
1.330000e-06	1.463383e-06	1.617140e-09	1.249195e+01	1.048039e+02
1.340000e-06	1.550158e-06	1.764733e-09	1.323269e+01	1.145612e+02
1.350000e-06	1.636693e-06	1.908167e-09	1.397138e+01	1.238302e+02
1.360000e-06	1.723021e-06	2.040684e-09	1.470831e+01	1.325965e+02
1.370000e-06	1.809150e-06	2.161256e-09	1.544354e+01	1.408559e+02
1.380000e-06	1.894993e-06	2.273715e-09	1.617632e+01	1.486133e+02
1.390000e-06	1.980499e-06	2.379553e-09	1.690623e+01	1.558816e+02
1.400000e-06	2.065764e-06	2.477307e-09	1.763408e+01	1.626804e+02
1.410000e-06	2.150759e-06	2.568984e-09	1.835963e+01	1.690346e+02
1.420000e-06	2.235385e-06	2.656751e-09	1.908203e+01	1.749727e+02
1.430000e-06	2.319638e-06	2.740556e-09	1.980124e+01	1.805252e+02
1.440000e-06	2.403586e-06	2.821317e-09	2.051785e+01	1.857237e+02
1.450000e-06	2.487264e-06	2.899233e-09	2.123216e+01	1.905995e+02
1.460000e-06	2.570539e-06	2.971252e-09	2.194302e+01	1.951823e+02
1.470000e-06	2.653353e-06	3.038097e-09	2.264995e+01	1.995001e+02
1.480000e-06	2.735682e-06	3.101401e-09	2.335274e+01	2.035780e+02
1.490000e-06	2.817518e-06	3.160476e-09	2.405132e+01	2.074386e+02
1.500000e-06	2.898925e-06	3.213702e-09	2.474623e+01	2.111014e+02
1.510000e-06	2.979767e-06	3.264271e-09	2.543633e+01	2.145832e+02
1.520000e-06	3.060049e-06	3.314938e-09	2.612165e+01	2.178983e+02
1.530000e-06	3.139786e-06	3.364239e-09	2.680231e+01	2.210589e+02
1.540000e-06	3.218877e-06	3.410445e-09	2.747746e+01	2.240754e+02
1.550000e-06	3.297350e-06	3.452248e-09	2.814733e+01	2.269570e+02
1.560000e-06	3.375234e-06	3.492168e-09	2.881218e+01	2.297120e+02
1.570000e-06	3.452480e-06	3.531431e-09	2.947157e+01	2.323478e+02
1.580000e-06	3.529052e-06	3.566683e-09	3.012522e+01	2.348719e+02
1.590000e-06	3.604908e-06	3.597931e-09	3.077276e+01	2.372914e+02
1.600000e-06	3.680087e-06	3.628814e-09	3.141451e+01	2.396132e+02
1.610000e-06	3.754497e-06	3.660073e-09	3.204969e+01	2.418444e+02
1.620000e-06	3.827950e-06	3.690055e-09	3.267672e+01	2.439915e+02
1.630000e-06	3.900536e-06	3.718790e-09	3.329634e+01	2.460611e+02
1.640000e-06	3.972404e-06	3.747752e-09	3.390983e+01	2.480592e+02
1.650000e-06	4.043626e-06	3.776132e-09	3.451780e+01	2.499911e+02
1.660000e-06	4.114147e-06	3.802985e-09	3.511979e+01	2.518616e+02
1.670000e-06	4.183883e-06	3.829180e-09	3.571509e+01	2.536744e+02
1.680000e-06	4.252873e-06	3.855533e-09	3.630401e+01	2.554326e+02
1.690000e-06	4.321197e-06	3.881613e-09	3.688725e+01	2.571383e+02
1.700000e-06	4.388922e-06	3.905092e-09	3.746537e+01	2.587929e+02
1.710000e-06	4.455996e-06	3.925857e-09	3.803794e+01	2.603973e+02
1.720000e-06	4.522217e-06	3.946616e-09	3.860322e+01	2.619516e+02
1.730000e-06	4.587430e-06	3.968731e-09	3.915991e+01	2.634559e+02
1.740000e-06	4.651666e-06	3.991466e-09	3.970825e+01	2.649100e+02
1.750000e-06	4.715137e-06	4.012560e-09	4.025005e+01	2.663141e+02
1.760000e-06	4.777974e-06	4.032085e-09	4.078645e+01	2.676684e+02
1.770000e-06	4.840073e-06	4.052219e-09	4.131656e+01	2.689737e+02
1.780000e-06	4.901337e-06	4.072382e-09	4.183953e+01	2.702311e+02
1.790000e-06	4.961782e-06	4.088806e-09	4.235550e+01	2.714424e+02
1.800000e-06	5.021512e-06	4.103332e-09	4.286538e+01	2.726099e+02
1.810000e-06	5.080516e-06	4.119267e-09	4.336906e+01	2.737361e+02
1.820000e-06	5.138581e-06	4.136626e-09	4.386472e+01	2.748240e+02
1.830000e-06	5.195491e-06	4.153861e-09	4.435052e+01	2.758767e+02
1.840000e-06	5.251313e-06	4.170226e-09	4.482704e+01	2.768973e+02
1.850000e-06	5.306284e-06	4.187572e-09	4.529630e+01	2.778887e+02
1.860000e-06	5.360447e-06	4.204115e-09	4.575865e+01	2.788533e+02
1.870000e-06	5.413717e-06	4.217911e-09	4.621338e+01	2.797933e+02
1.880000e-06	5.465952e-06	4.229842e-09	4.665927e+01	2.807103e+02
1.890000e-06	5.517103e-06	4.243062e-09	4.709592e+01	2.816052e+02
1.900000e-06	5.567041e-06	4.256958e-09	4.752221e+01	2.824785e+02
1.910000e-06	5.615545e-06	4.268352e-09	4.793625e+01	2.833302e+02
1.920000e-06	5.662921e-06	4.279835e-09	4.834067e+01	2.841598e+02
1.930000e-06	5.709431e-06	4.293751e-09	4.873770e+01	2.849666e+02
1.940000e-06	5.754948e-06	4.308495e-09	4.912624e+01	2.857497e+02
1.950000e-06	5.799456e-06	4.321468e-09	4.950618e+01	2.865083e+02
1.960000e-06	5.843053e-06	4.333130e-09	4.987834e+01	2.872418e+02
1.970000e-06	5.885626e-06	4.344176e-09	5.024176e+01	2.879496e+02
1.980000e-06	5.926915e-06	4.355433e-09	5.059422e+01	2.886317e+02
1.990000e-06	5.966985e-06	4.365226e-09	5.093627e+01	2.892883e+02
2.000000e-06	6.006065e-06	4.373368e-09	5.126987e+01	2.899201e+02
2.010000e-06	6.044167e-06	4.384490e-09	5.159512e+01	2.905279e+02
2.020000e-06	6.081256e-06	4.397102e-09	5.191172e+01	2.911130e+02
2.030000e-06	6.117386e-06	4.406664e-09	5.222014e+01	2.916766e+02
2.040000e-06	6.152619e-06	4.414305e-09	5.252090e+01	2.922200e+02
2.050000e-06	6.186807e-06	4.423446e-09	5.281274e+01	2.927444e+02
2.060000e-06	6.219647e-06	4.435150e-09	5.309308e+01	2.932507e+02
2.070000e-06	6.251290e-06	4.445347e-09	5.336319e+01	2.937395e+02
2.080000e-06	6.281955e-06	4.452219e-09	5.362496e+01	2.942111e+02
2.090000e-06	6.311604e-06	4.458058e-09	5.387806e+01	2.946653e+02
2.100000e-06	6.340283e-06	4.465049e-09	5.412287e+01	2.951017e+02
2.110000e-06	6.368019e-06	4.472510e-09	5.435963e+01	2.955195e+02
2.120000e-06	6.394674e-06	4.477767e-09	5.458717e+01	2.959175e+02
2.130000e-06	6.419960e-06	4.483293e-09	5.480302e+01	2.962949e+02
2.140000e-06	6.443925e-06	4.491251e-09	5.500760e+01	2.966505e+02
2.150000e-06	6.466817e-06	4.500604e-09	5.520301e+01	2.969834e+02
2.160000e-06	6.488633e-06	4.506435e-09	5.538924e+01	2.972933e+02
2.170000e-06	6.509417e-06	4.510395e-09	5.556666e+01	2.975799e+02
2.180000e-06	6.529251e-06	4.514269e-09	5.573596e+01	2.978435e+02
2.190000e-06	6.548093e-06	4.517798e-09	5.589681e+01	2.980848e+02
2.200000e-06	6.565774e-06	4.523385e-09	5.604774e+01	2.983051e+02
2.210000e-06	6.582249e-06	4.527231e-09	5.618838e+01	2.985057e+02
2.220000e-06	6.597531e-06	4.530837e-09	5.631883e+01	2.986883e+02
2.230000e-06	6.611484e-06	4.535149e-09	5.643794e+01	2.988546e+02
2.240000e-06	6.624141e-06	4.539219e-09	5.654598e+01	2.990059e+02
2.250000e-06	6.635590e-06	4.541855e-09	5.664372e+01	2.991436e+02
2.260000e-06	6.645604e-06	4.542906e-09	5.672920e+01	2.992683e+02
2.270000e-06	6.654125e-06	4.545736e-09	5.680194e+01	2.993802e+02
2.280000e-06	6.661469e-06	4.548708e-09	5.686462e+01	2.994788e+02
2.290000e-06	6.667761e-06	4.551072e-09	5.691834e+01	2.995631e+02
2.300000e-06	6.672930e-06	4.551970e-09	5.696246e+01	2.996313e+02
2.310000e-06	6.677049e-06	4.553209e-09	5.699762e+01	2.996816e+02
2.320000e-06	6.680143e-06	4.555568e-09	5.702403e+01	2.997117e+02
2.330000e-06	6.681902e-06	4.557628e-09	5.703905e+01	2.997194e+02
2.340000e-06	6.682189e-06	4.561657e-09	5.704150e+01	2.997030e+02
2.350000e-06	6.681329e-06	4.561655e-09	5.703416e+01	2.996613e+02
2.360000e-06	6.679501e-06	4.557412e-09	5.701855e+01	2.995939e+02
2.370000e-06	6.676568e-06	4.554350e-09	5.699352e+01	2.995016e+02
2.380000e-06	6.672593e-06	4.551246e-09	5.695959e+01	2.993866e+02
2.390000e-06	6.667729e-06	4.547258e-09	5.691806e+01	2.992521e+02
2.400000e-06	6.661630e-06	4.543422e-09	5.686600e+01	2.991029e+02
2.410000e-06	6.654157e-06	4.548305e-09	5.680220e+01	2.989448e+02
2.420000e-06	6.645696e-06	4.556799e-09	5.672998e+01	2.987846e+02
2.430000e-06	6.636290e-06	4.531788e-09	5.664969e+01	2.986296e+02
2.440000e-06	6.625557e-06	4.470897e-09	5.655807e+01	2.984872e+02
2.450000e-06	6.612975e-06	4.463789e-09	5.645066e+01	2.983647e+02
2.460000e-06	6.598391e-06	4.514332e-09	5.632617e+01	2.982684e+02
2.470000e-06	6.582531e-06	4.633782e-09	5.619078e+01	2.982032e+02
2.480000e-06	6.566219e-06	4.592220e-09	5.605154e+01	2.981726e+02
2.490000e-06	6.549278e-06	4.439193e-09	5.590692e+01	2.981775e+02
2.500000e-06	6.530987e-06	4.523417e-09	5.575079e+01	2.982169e+02
2.510000e-06	6.511567e-06	4.556895e-09	5.558501e+01	2.982870e+02
2.520000e-06	6.491531e-06	4.565036e-09	5.541398e+01	2.983816e+02
2.530000e-06	6.470190e-06	4.640823e-09	5.523180e+01	2.984924e+02
2.540000e-06	6.447131e-06	4.496888e-09	5.503496e+01	2.986089e+02
2.550000e-06	6.423060e-06	4.462147e-09	5.482948e+01	2.987194e+02
2.560000e-06	6.398205e-06	4.660503e-09	5.461732e+01	2.988111e+02
2.570000e-06	6.372302e-06	4.594969e-09	5.439619e+01	2.988710e+02
2.580000e-06	6.345271e-06	4.493579e-09	5.416545e+01	2.988865e+02
2.590000e-06	6.317204e-06	4.624761e-09	5.392586e+01	2.988462e+02
2.600000e-06	6.288235e-06	4.644069e-09	5.367857e+01	2.987402e+02
2.610000e-06	6.257939e-06	4.631721e-09	5.341996e+01	2.985611e+02
2.620000e-06	6.226100e-06	4.579065e-09	5.314817e+01	2.983040e+02
2.630000e-06	6.193188e-06	4.508136e-09	5.286722e+01	2.979668e+02
2.640000e-06	6.159255e-06	4.620870e-09	5.257755e+01	2.975504e+02
2.650000e-06	6.124131e-06	4.603832e-09	5.227772e+01	2.970584e+02
2.660000e-06	6.088096e-06	4.532001e-09	5.197011e+01	2.964971e+02
2.670000e-06	6.051125e-06	4.553900e-09	5.165452e+01	2.958747e+02
2.680000e-06	6.012716e-06	4.503213e-09	5.132664e+01	2.952011e+02
2.690000e-06	5.972962e-06	4.527552e-09	5.098729e+01	2.944867e+02
2.700000e-06	5.932336e-06	4.567551e-09	5.064049e+01	2.937425e+02
2.710000e-06	5.890732e-06	4.507024e-09	5.028534e+01	2.929787e+02
2.720000e-06	5.847868e-06	4.441894e-09	4.991945e+01	2.922044e+02
2.730000e-06	5.804062e-06	4.474023e-09	4.954550e+01	2.914271e+02
2.740000e-06	5.759555e-06	4.563491e-09	4.916557e+01	2.906521e+02
2.750000e-06	5.714083e-06	4.467161e-09	4.877741e+01	2.898824e+02
2.760000e-06	5.667475e-06	4.384508e-09	4.837954e+01	2.891185e+02
2.770000e-06	5.619915e-06	4.450714e-09	4.797356e+01	2.883587e+02
2.780000e-06	5.571407e-06	4.462599e-09	4.755948e+01	2.875989e+02
2.790000e-06	5.521662e-06	4.426169e-09	4.713484e+01	2.868335e+02
2.800000e-06	5.470840e-06	4.368545e-09	4.670100e+01	2.860556e+02
2.810000e-06	5.419195e-06	4.377099e-09	4.626014e+01	2.852579e+02
2.820000e-06	5.366511e-06	4.393295e-09	4.581042e+01	2.844325e+02
2.830000e-06	5.312526e-06	4.365114e-09	4.534958e+01	2.835726e+02
2.840000e-06	5.257322e-06	4.359875e-09	4.487833e+01	2.826721e+02
2.850000e-06	5.201163e-06	4.323283e-09	4.439895e+01	2.817264e+02
2.860000e-06	5.144198e-06	4.307163e-09	4.391267e+01	2.807326e+02
2.870000e-06	5.086487e-06	4.308827e-09	4.342003e+01	2.796899e+02
2.880000e-06	5.027985e-06	4.301211e-09	4.292063e+01	2.785990e+02
2.890000e-06	4.968635e-06	4.261838e-09	4.241400e+01	2.774625e+02
2.900000e-06	4.908507e-06	4.213884e-09	4.190073e+01	2.762844e+02
2.910000e-06	4.847655e-06	4.232186e-09	4.138128e+01	2.750695e+02
2.920000e-06	4.785904e-06	4.229522e-09	4.085414e+01	2.738233e+02
2.930000e-06	4.722972e-06	4.187025e-09	4.031694e+01	2.725511e+02
2.940000e-06	4.659002e-06	4.157526e-09	3.977087e+01	2.712576e+02
2.950000e-06	4.594311e-06	4.158881e-09	3.921865e+01	2.699467e+02
2.960000e-06	4.528877e-06	4.148055e-09	3.866007e+01	2.686209e+02
2.970000e-06	4.462557e-06	4.108874e-09	3.809395e+01	2.672808e+02
2.980000e-06	4.395438e-06	4.088810e-09	3.752099e+01	2.659255e+02
2.990000e-06	4.327662e-06	4.068849e-09	3.694244e+01	2.645524e+02
3.000000e-06	4.259183e-06	4.045748e-09	3.635787e+01	2.631571e+02
3.010000e-06	4.189959e-06	4.023398e-09	3.576695e+01	2.617342e+02
3.020000e-06	4.119778e-06	4.004194e-09	3.516787e+01	2.602773e+02
3.030000e-06	4.048488e-06	3.979298e-09	3.455931e+01	2.587796e+02
3.040000e-06	3.976395e-06	3.950251e-09	3.394389e+01	2.572344e+02
3.050000e-06	3.903713e-06	3.934948e-09	3.332345e+01	2.556354e+02
3.060000e-06	3.830429e-06	3.909805e-09	3.269788e+01	2.539777e+02
3.070000e-06	3.756492e-06	3.873535e-09	3.206673e+01	2.522572e+02
3.080000e-06	3.681879e-06	3.844421e-09	3.142980e+01	2.504718e+02
3.090000e-06	3.606571e-06	3.823930e-09	3.078695e+01	2.486207e+02
3.100000e-06	3.530591e-06	3.794216e-09	3.013836e+01	2.467049e+02
3.110000e-06	3.453927e-06	3.758530e-09	2.948393e+01	2.447267e+02
3.120000e-06	3.376461e-06	3.731830e-09	2.882265e+01	2.426894e+02
3.130000e-06	3.298169e-06	3.706470e-09	2.815433e+01	2.405968e+02
3.140000e-06	3.219128e-06	3.672336e-09	2.747960e+01	2.384531e+02
3.150000e-06	3.139435e-06	3.636134e-09	2.679931e+01	2.362618e+02
3.160000e-06	3.059218e-06	3.607599e-09	2.611455e+01	2.340258e+02
3.170000e-06	2.978595e-06	3.575918e-09	2.542632e+01	2.317465e+02
3.180000e-06	2.897545e-06	3.535997e-09	2.473446e+01	2.294236e+02
3.190000e-06	2.816020e-06	3.496195e-09	2.403853e+01	2.270551e+02
3.200000e-06	2.734032e-06	3.460121e-09	2.333866e+01	2.246371e+02
3.210000e-06	2.651612e-06	3.421765e-09	2.263509e+01	2.221638e+02
3.220000e-06	2.568863e-06	3.380372e-09	2.192871e+01	2.196278e+02
3.230000e-06	2.485772e-06	3.339747e-09	2.121942e+01	2.170206e+02
3.240000e-06	2.402259e-06	3.298986e-09	2.050652e+01	2.143330e+02
3.250000e-06	2.318342e-06	3.258077e-09	1.979017e+01	2.115554e+02
3.260000e-06	2.234114e-06	3.216795e-09	1.907118e+01	2.086786e+02
3.270000e-06	2.149636e-06	3.170086e-09	1.835005e+01	2.056942e+02
3.280000e-06	2.064866e-06	3.115310e-09	1.762641e+01	2.025950e+02
3.290000e-06	1.979747e-06	3.062755e-09	1.689981e+01	1.993750e+02
3.300000e-06	1.894199e-06	3.019118e-09	1.616954e+01	1.960297e+02
3.310000e-06	1.808227e-06	2.972985e-09	1.543566e+01	1.925563e+02
3.320000e-06	1.721872e-06	2.916558e-09	1.469850e+01	1.889525e+02
3.330000e-06	1.635037e-06	2.859321e-09	1.395724e+01	1.852170e+02
3.340000e-06	1.547664e-06	2.806040e-09	1.321140e+01	1.813480e+02
3.350000e-06	1.459872e-06	2.750763e-09	1.246198e+01	1.773432e+02
3.360000e-06	1.371855e-06	2.688545e-09	1.171063e+01	1.731984e+02
3.370000e-06	1.283644e-06	2.619966e-09	1.095763e+01	1.689067e+02
3.380000e-06	1.195198e-06	2.550702e-09	1.020263e+01	1.644584e+02
3.390000e-06	1.106617e-06	2.481913e-09	9.446468e+00	1.598394e+02
3.400000e-06	1.017969e-06	2.410243e-09	8.689736e+00	1.550318e+02
3.410000e-06	9.291929e-07	2.332972e-09	7.931915e+00	1.500131e+02
3.420000e-06	8.402794e-07	2.251336e-09	7.172919e+00	1.447566e+02
3.430000e-06	7.511939e-07	2.167896e-09	6.412454e+00	1.392322e+02
3.440000e-06	6.619225e-07	2.081630e-09	5.650401e+00	1.334067e+02
3.450000e-06	5.725607e-07	1.988279e-09	4.887578e+00	1.272455e+02
3.460000e-06	4.831471e-07	1.884217e-09	4.124312e+00	1.207136e+02
3.470000e-06	3.936693e-07	1.774496e-09	3.360499e+00	1.137775e+02
3.480000e-06	3.041104e-07	1.661718e-09	2.595992e+00	1.064069e+02
3.490000e-06	2.144713e-07	1.541970e-09	1.830802e+00	9.857672e+01
3.500000e-06	1.247832e-07	1.413990e-09	1.065193e+00	9.026828e+01
3.510000e-06	3.512794e-08	1.279137e-09	2.998644e-01	8.147149e+01
3.520000e-06	-5.450230e-08	1.137950e-09	-4.652507e-01	7.218592e+01
3.530000e-06	-1.441463e-07	9.904166e-10	-1.230483e+00	6.242183e+01
3.540000e-06	-2.337195e-07	8.384048e-10	-1.995112e+00	5.220082e+01
3.550000e-06	-3.231413e-07	6.803734e-10	-2.758447e+00	4.155594e+01
3.560000e-06	-4.124086e-07	5.134413e-10	-3.520464e+00	3.053142e+01
3.570000e-06	-5.015845e-07	3.396421e-10	-4.281701e+00	1.918182e+01
3.580000e-06	-5.906756e-07	1.616959e-10	-5.042213e+00	7.570839e+00
3.590000e-06	-6.796823e-07	-2.000832e-11	-5.802006e+00	-4.230327e+00
3.600000e-06	-7.686100e-07	-2.053853e-10	-6.561123e+00	-1.614496e+01
3.610000e-06	-8.573840e-07	-3.911368e-10	-7.318929e+00	-2.809299e+01
3.620000e-06	-9.460470e-07	-5.748007e-10	-8.075787e+00	-3.999332e+01
3.630000e-06	-1.034606e-06	-7.565356e-10	-8.831757e+00	-5.176617e+01
3.640000e-06	-1.122988e-06	-9.350703e-10	-9.586220e+00	-6.333535e+01
3.650000e-06	-1.211167e-06	-1.109688e-09	-1.033894e+01	-7.463032e+01
3.660000e-06	-1.299104e-06	-1.279232e-09	-1.108960e+01	-8.558801e+01
3.670000e-06	-1.386817e-06	-1.443276e-09	-1.183836e+01	-9.615425e+01
3.680000e-06	-1.474323e-06	-1.599797e-09	-1.258533e+01	-1.062849e+02
3.690000e-06	-1.561501e-06	-1.748263e-09	-1.332952e+01	-1.159462e+02
3.700000e-06	-1.648286e-06	-1.889773e-09	-1.407034e+01	-1.251156e+02
3.710000e-06	-1.734634e-06	-2.023684e-09	-1.480744e+01	-1.337806e+02
3.720000e-06	-1.820497e-06	-2.149559e-09	-1.554040e+01	-1.419390e+02
3.730000e-06	-1.906055e-06	-2.266779e-09	-1.627075e+01	-1.495973e+02
3.740000e-06	-1.991383e-06	-2.375818e-09	-1.699914e+01	-1.567701e+02
3.750000e-06	-2.076451e-06	-2.478949e-09	-1.772531e+01	-1.634779e+02
3.760000e-06	-2.161258e-06	-2.575117e-09	-1.844926e+01	-1.697466e+02
3.770000e-06	-2.245725e-06	-2.664277e-09	-1.917029e+01	-1.756051e+02
3.780000e-06	-2.329780e-06	-2.748005e-09	-1.988782e+01	-1.810844e+02
3.790000e-06	-2.413418e-06	-2.827757e-09	-2.060178e+01	-1.862160e+02
3.800000e-06	-2.496657e-06	-2.902615e-09	-2.131233e+01	-1.910309e+02
3.810000e-06	-2.579497e-06	-2.973754e-09	-2.201949e+01	-1.955586e+02
3.820000e-06	-2.661924e-06	-3.041215e-09	-2.272312e+01	-1.998265e+02
3.830000e-06	-2.743918e-06	-3.104055e-09	-2.342304e+01	-2.038594e+02
3.840000e-06	-2.825409e-06	-3.164741e-09	-2.411868e+01	-2.076790e+02
3.850000e-06	-2.906458e-06	-3.224341e-09	-2.481054e+01	-2.113044e+02
3.860000e-06	-2.987139e-06	-3.281219e-09	-2.549926e+01	-2.147518e+02
3.870000e-06	-3.067359e-06	-3.331724e-09	-2.618405e+01	-2.180352e+02
3.880000e-06	-3.147018e-06	-3.377842e-09	-2.686404e+01	-2.211663e+02
3.890000e-06	-3.225946e-06	-3.423763e-09	-2.753780e+01	-2.241552e+02
3.900000e-06	-3.304084e-06	-3.470462e-09	-2.820481e+01	-2.270109e+02
3.910000e-06	-3.381540e-06	-3.514057e-09	-2.886601e+01	-2.297415e+02
3.920000e-06	-3.458355e-06	-3.552953e-09	-2.952172e+01	-2.323545e+02
3.930000e-06	-3.534470e-06	-3.592431e-09	-3.017147e+01	-2.348572e+02
3.940000e-06	-3.609833e-06	-3.633726e-09	-3.081480e+01	-2.372567e+02
3.950000e-06	-3.684468e-06	-3.672760e-09	-3.145190e+01	-2.395599e+02
3.960000e-06	-3.758410e-06	-3.709828e-09	-3.208310e+01	-2.417738e+02
3.970000e-06	-3.831650e-06	-3.745017e-09	-3.270830e+01	-2.439050e+02
3.980000e-06	-3.904257e-06	-3.780096e-09	-3.332810e+01	-2.459599e+02
3.990000e-06	-3.976283e-06	-3.815009e-09	-3.394294e+01	-2.479444e+02
4.000000e-06	-4.047602e-06	-3.848408e-09	-3.455175e+01	-2.498638e+02
4.010000e-06	-4.118003e-06	-3.878997e-09	-3.515271e+01	-2.517225e+02
4.020000e-06	-4.187433e-06	-3.909269e-09	-3.574539e+01	-2.535242e+02
4.030000e-06	-4.256082e-06	-3.939904e-09	-3.633140e+01	-2.552718e+02
4.040000e-06	-4.324059e-06	-3.969193e-09	-3.691168e+01	-2.569673e+02
4.050000e-06	-4.391371e-06	-3.995303e-09	-3.748628e+01	-2.586119e+02
4.060000e-06	-4.457991e-06	-4.019243e-09	-3.805497e+01	-2.602063e+02
4.070000e-06	-4.523862e-06	-4.045686e-09	-3.861727e+01	-2.617507e+02
4.080000e-06	-4.589020e-06	-4.071094e-09	-3.917348e+01	-2.632450e+02
4.090000e-06	-4.653493e-06	-4.093696e-09	-3.972384e+01	-2.646892e+02
4.100000e-06	-4.717177e-06	-4.116147e-09	-4.026747e+01	-2.660834e+02
4.110000e-06	-4.779965e-06	-4.138698e-09	-4.080345e+01	-2.674279e+02
4.120000e-06	-4.841801e-06	-4.160228e-09	-4.133130e+01	-2.687235e+02
4.130000e-06	-4.902698e-06	-4.180096e-09	-4.185114e+01	-2.699717e+02
4.140000e-06	-4.962759e-06	-4.197254e-09	-4.236384e+01	-2.711741e+02
4.150000e-06	-5.021991e-06	-4.213632e-09	-4.286947e+01	-2.723331e+02
4.160000e-06	-5.080404e-06	-4.230817e-09	-4.336810e+01	-2.734515e+02
4.170000e-06	-5.138017e-06	-4.246232e-09	-4.385991e+01	-2.745322e+02
4.180000e-06	-5.194796e-06	-4.259773e-09	-4.434460e+01	-2.755783e+02
4.190000e-06	-5.250732e-06	-4.274372e-09	-4.482208e+01	-2.765929e+02
4.200000e-06	-5.305695e-06	-4.289344e-09	-4.529127e+01	-2.775788e+02
4.210000e-06	-5.359408e-06	-4.305003e-09	-4.574978e+01	-2.785384e+02
4.220000e-06	-5.411895e-06	-4.321745e-09	-4.619783e+01	-2.794738e+02
4.230000e-06	-5.463389e-06	-4.336962e-09	-4.663740e+01	-2.803864e+02
4.240000e-06	-5.513821e-06	-4.350540e-09	-4.706790e+01	-2.812770e+02
4.250000e-06	-5.563068e-06	-4.362856e-09	-4.748829e+01	-2.821461e+02
4.260000e-06	-5.611041e-06	-4.373839e-09	-4.789780e+01	-2.829935e+02
4.270000e-06	-5.657845e-06	-4.385224e-09	-4.829734e+01	-2.838187e+02
4.280000e-06	-5.703685e-06	-4.396412e-09	-4.868864e+01	-2.846209e+02
4.290000e-06	-5.748626e-06	-4.406290e-09	-4.907228e+01	-2.853992e+02
4.300000e-06	-5.792792e-06	-4.416594e-09	-4.944929e+01	-2.861529e+02
4.310000e-06	-5.836141e-06	-4.427320e-09	-4.981934e+01	-2.868813e+02
4.320000e-06	-5.878544e-06	-4.437735e-09	-5.018130e+01	-2.875841e+02
4.330000e-06	-5.919961e-06	-4.448060e-09	-5.053486e+01	-2.882611e+02
4.340000e-06	-5.960400e-06	-4.457395e-09	-5.088006e+01	-2.889128e+02
4.350000e-06	-5.999826e-06	-4.466129e-09	-5.121661e+01	-2.895398e+02
4.360000e-06	-6.038002e-06	-4.473797e-09	-5.154249e+01	-2.901430e+02
4.370000e-06	-6.074935e-06	-4.480827e-09	-5.185777e+01	-2.907238e+02
4.380000e-06	-6.110901e-06	-4.487902e-09	-5.216478e+01	-2.912833e+02
4.390000e-06	-6.145921e-06	-4.494621e-09	-5.246373e+01	-2.918229e+02
4.400000e-06	-6.179863e-06	-4.501595e-09	-5.275346e+01	-2.923436e+02
4.410000e-06	-6.212782e-06	-4.509194e-09	-5.303447e+01	-2.928465e+02
4.420000e-06	-6.244808e-06	-4.515819e-09	-5.330786e+01	-2.933319e+02
4.430000e-06	-6.275718e-06	-4.520588e-09	-5.357172e+01	-2.938001e+02
4.440000e-06	-6.305196e-06	-4.525897e-09	-5.382336e+01	-2.942509e+02
4.450000e-06	-6.333467e-06	-4.530715e-09	-5.406469e+01	-2.946837e+02
4.460000e-06	-6.360790e-06	-4.535336e-09	-5.429792e+01	-2.950977e+02
4.470000e-06	-6.387084e-06	-4.540577e-09	-5.452238e+01	-2.954918e+02
4.480000e-06	-6.412318e-06	-4.546369e-09	-5.473779e+01	-2.958649e+02
4.490000e-06	-6.436566e-06	-4.552613e-09	-5.494478e+01	-2.962161e+02
4.500000e-06	-6.459749e-06	-4.558684e-09	-5.514267e+01	-2.965446e+02
4.510000e-06	-6.481621e-06	-4.563277e-09	-5.532938e+01	-2.968498e+02
4.520000e-06	-6.502206e-06	-4.567369e-09	-5.550510e+01	-2.971318e+02
4.530000e-06	-6.521758e-06	-4.571781e-09	-5.567200e+01	-2.973910e+02
4.540000e-06	-6.540282e-06	-4.575269e-09	-5.583013e+01	-2.976281e+02
4.550000e-06	-6.557703e-06	-4.577281e-09	-5.597884e+01	-2.978444e+02
4.560000e-06	-6.574126e-06	-4.580240e-09	-5.611903e+01	-2.980413e+02
4.570000e-06	-6.589415e-06	-4.583790e-09	-5.624955e+01	-2.982206e+02
4.580000e-06	-6.603175e-06	-4.585899e-09	-5.636701e+01	-2.983838e+02
4.590000e-06	-6.615410e-06	-4.587144e-09	-5.647145e+01	-2.985325e+02
4.600000e-06	-6.626399e-06	-4.586598e-09	-5.656525e+01	-2.986676e+02
4.610000e-06	-6.636258e-06	-4.586530e-09	-5.664941e+01	-2.987898e+02
4.620000e-06	-6.645066e-06	-4.587327e-09	-5.672460e+01	-2.988991e+02
4.630000e-06	-6.652796e-06	-4.587247e-09	-5.679059e+01	-2.989951e+02
4.640000e-06	-6.659131e-06	-4.585361e-09	-5.684467e+01	-2.990763e+02
4.650000e-06	-6.664031e-06	-4.584107e-09	-5.688649e+01	-2.991412e+02
4.660000e-06	-6.667888e-06	-4.586613e-09	-5.691942e+01	-2.991877e+02
4.670000e-06	-6.670752e-06	-4.589604e-09	-5.694387e+01	-2.992136e+02
4.680000e-06	-6.672465e-06	-4.589009e-09	-5.695849e+01	-2.992167e+02
4.690000e-06	-6.673050e-06	-4.587279e-09	-5.696349e+01	-2.991954e+02
