# Temperatura_=_20.0
# Concentracion g/m^3_=_12600.0
# C_Vs_to_Am_M_A/Vsm_=_65563218390.804596
# pendiente_HvsI_1/m_=_3716.3
# ordenada_HvsI_A/m_=_1297.0
# frecuencia_Hz_=_135330.52269210058

Tiempo_(s)	Campo_(V.s)	Magnetizacion_(V.s)	Campo_(kA/m)	Magnetizacion_(A/m)
0.000000e+00	-6.559637e-06	-6.408546e-09	-4.774715e+01	-4.317371e+02
1.000000e-08	-6.559667e-06	-6.411399e-09	-4.774737e+01	-4.318627e+02
2.000000e-08	-6.559351e-06	-6.412740e-09	-4.774506e+01	-4.319667e+02
3.000000e-08	-6.558531e-06	-6.409665e-09	-4.773910e+01	-4.320461e+02
4.000000e-08	-6.557060e-06	-6.408371e-09	-4.772839e+01	-4.320978e+02
5.000000e-08	-6.554875e-06	-6.405725e-09	-4.771248e+01	-4.321190e+02
6.000000e-08	-6.551967e-06	-6.403665e-09	-4.769132e+01	-4.321073e+02
7.000000e-08	-6.548542e-06	-6.402841e-09	-4.766638e+01	-4.320608e+02
8.000000e-08	-6.544800e-06	-6.426721e-09	-4.763915e+01	-4.319780e+02
9.000000e-08	-6.540603e-06	-6.447659e-09	-4.760860e+01	-4.318580e+02
1.000000e-07	-6.535771e-06	-6.425607e-09	-4.757343e+01	-4.317007e+02
1.100000e-07	-6.530310e-06	-6.362254e-09	-4.753368e+01	-4.315064e+02
1.200000e-07	-6.524427e-06	-6.363521e-09	-4.749086e+01	-4.312762e+02
1.300000e-07	-6.518366e-06	-6.419556e-09	-4.744674e+01	-4.310119e+02
1.400000e-07	-6.511998e-06	-6.452012e-09	-4.740039e+01	-4.307159e+02
1.500000e-07	-6.505083e-06	-6.361818e-09	-4.735005e+01	-4.303910e+02
1.600000e-07	-6.497656e-06	-6.382545e-09	-4.729600e+01	-4.300408e+02
1.700000e-07	-6.489942e-06	-6.421827e-09	-4.723984e+01	-4.296691e+02
1.800000e-07	-6.481970e-06	-6.453406e-09	-4.718182e+01	-4.292801e+02
1.900000e-07	-6.473660e-06	-6.503147e-09	-4.712132e+01	-4.288783e+02
2.000000e-07	-6.464951e-06	-6.439076e-09	-4.705794e+01	-4.284683e+02
2.100000e-07	-6.455468e-06	-6.358342e-09	-4.698891e+01	-4.280547e+02
2.200000e-07	-6.445190e-06	-6.385257e-09	-4.691410e+01	-4.276419e+02
2.300000e-07	-6.434334e-06	-6.562056e-09	-4.683507e+01	-4.272341e+02
2.400000e-07	-6.422899e-06	-6.559171e-09	-4.675184e+01	-4.268352e+02
2.500000e-07	-6.410850e-06	-6.530326e-09	-4.666413e+01	-4.264487e+02
2.600000e-07	-6.398228e-06	-6.621229e-09	-4.657226e+01	-4.260773e+02
2.700000e-07	-6.385168e-06	-6.731396e-09	-4.647720e+01	-4.257234e+02
2.800000e-07	-6.371656e-06	-6.706631e-09	-4.637884e+01	-4.253883e+02
2.900000e-07	-6.357466e-06	-6.756160e-09	-4.627556e+01	-4.250729e+02
3.000000e-07	-6.342638e-06	-6.841266e-09	-4.616763e+01	-4.247771e+02
3.100000e-07	-6.327351e-06	-6.789541e-09	-4.605636e+01	-4.245001e+02
3.200000e-07	-6.311510e-06	-6.670751e-09	-4.594105e+01	-4.242403e+02
3.300000e-07	-6.295073e-06	-6.774677e-09	-4.582140e+01	-4.239954e+02
3.400000e-07	-6.278108e-06	-6.810816e-09	-4.569791e+01	-4.237622e+02
3.500000e-07	-6.260789e-06	-6.668691e-09	-4.557186e+01	-4.235371e+02
3.600000e-07	-6.243156e-06	-6.598330e-09	-4.544350e+01	-4.233159e+02
3.700000e-07	-6.225226e-06	-6.668547e-09	-4.531299e+01	-4.230938e+02
3.800000e-07	-6.206928e-06	-6.677522e-09	-4.517980e+01	-4.228660e+02
3.900000e-07	-6.188129e-06	-6.606972e-09	-4.504297e+01	-4.226270e+02
4.000000e-07	-6.168818e-06	-6.608156e-09	-4.490240e+01	-4.223718e+02
4.100000e-07	-6.149160e-06	-6.602795e-09	-4.475932e+01	-4.220949e+02
4.200000e-07	-6.129276e-06	-6.616420e-09	-4.461458e+01	-4.217913e+02
4.300000e-07	-6.109044e-06	-6.635170e-09	-4.446731e+01	-4.214561e+02
4.400000e-07	-6.088331e-06	-6.606774e-09	-4.431654e+01	-4.210850e+02
4.500000e-07	-6.067161e-06	-6.521495e-09	-4.416245e+01	-4.206739e+02
4.600000e-07	-6.045696e-06	-6.531232e-09	-4.400620e+01	-4.202196e+02
4.700000e-07	-6.023870e-06	-6.567064e-09	-4.384733e+01	-4.197195e+02
4.800000e-07	-6.001487e-06	-6.588248e-09	-4.368441e+01	-4.191714e+02
4.900000e-07	-5.978683e-06	-6.517143e-09	-4.351842e+01	-4.185743e+02
5.000000e-07	-5.955517e-06	-6.456682e-09	-4.334980e+01	-4.179276e+02
5.100000e-07	-5.932009e-06	-6.480324e-09	-4.317869e+01	-4.172318e+02
5.200000e-07	-5.908254e-06	-6.551847e-09	-4.300578e+01	-4.164877e+02
5.300000e-07	-5.884153e-06	-6.499039e-09	-4.283034e+01	-4.156972e+02
5.400000e-07	-5.859578e-06	-6.423522e-09	-4.265146e+01	-4.148627e+02
5.500000e-07	-5.834346e-06	-6.421399e-09	-4.246780e+01	-4.139870e+02
5.600000e-07	-5.808335e-06	-6.457872e-09	-4.227847e+01	-4.130735e+02
5.700000e-07	-5.781650e-06	-6.440997e-09	-4.208423e+01	-4.121261e+02
5.800000e-07	-5.754507e-06	-6.401008e-09	-4.188666e+01	-4.111488e+02
5.900000e-07	-5.727040e-06	-6.359373e-09	-4.168673e+01	-4.101456e+02
6.000000e-07	-5.699289e-06	-6.353421e-09	-4.148473e+01	-4.091209e+02
6.100000e-07	-5.671306e-06	-6.359379e-09	-4.128104e+01	-4.080787e+02
6.200000e-07	-5.643139e-06	-6.345520e-09	-4.107602e+01	-4.070231e+02
6.300000e-07	-5.614500e-06	-6.321626e-09	-4.086756e+01	-4.059576e+02
6.400000e-07	-5.585346e-06	-6.302327e-09	-4.065535e+01	-4.048855e+02
6.500000e-07	-5.555913e-06	-6.288769e-09	-4.044111e+01	-4.038098e+02
6.600000e-07	-5.526109e-06	-6.280582e-09	-4.022416e+01	-4.027326e+02
6.700000e-07	-5.495851e-06	-6.278651e-09	-4.000392e+01	-4.016559e+02
6.800000e-07	-5.465236e-06	-6.254644e-09	-3.978108e+01	-4.005807e+02
6.900000e-07	-5.434293e-06	-6.226434e-09	-3.955585e+01	-3.995075e+02
7.000000e-07	-5.403012e-06	-6.198409e-09	-3.932815e+01	-3.984365e+02
7.100000e-07	-5.371457e-06	-6.187425e-09	-3.909847e+01	-3.973670e+02
7.200000e-07	-5.339683e-06	-6.184114e-09	-3.886719e+01	-3.962978e+02
7.300000e-07	-5.307625e-06	-6.175072e-09	-3.863384e+01	-3.952272e+02
7.400000e-07	-5.275118e-06	-6.130143e-09	-3.839722e+01	-3.941532e+02
7.500000e-07	-5.242097e-06	-6.103122e-09	-3.815686e+01	-3.930734e+02
7.600000e-07	-5.208528e-06	-6.106372e-09	-3.791252e+01	-3.919851e+02
7.700000e-07	-5.174293e-06	-6.112968e-09	-3.766333e+01	-3.908854e+02
7.800000e-07	-5.139393e-06	-6.076887e-09	-3.740929e+01	-3.897712e+02
7.900000e-07	-5.104091e-06	-6.031279e-09	-3.715233e+01	-3.886396e+02
8.000000e-07	-5.068546e-06	-6.006830e-09	-3.689360e+01	-3.874877e+02
8.100000e-07	-5.032787e-06	-6.017012e-09	-3.663331e+01	-3.863127e+02
8.200000e-07	-4.996843e-06	-6.013807e-09	-3.637168e+01	-3.851121e+02
8.300000e-07	-4.960567e-06	-5.974502e-09	-3.610763e+01	-3.838837e+02
8.400000e-07	-4.923945e-06	-5.924265e-09	-3.584106e+01	-3.826257e+02
8.500000e-07	-4.887012e-06	-5.915210e-09	-3.557222e+01	-3.813365e+02
8.600000e-07	-4.849735e-06	-5.924856e-09	-3.530089e+01	-3.800151e+02
8.700000e-07	-4.812169e-06	-5.904657e-09	-3.502745e+01	-3.786610e+02
8.800000e-07	-4.774255e-06	-5.848924e-09	-3.475148e+01	-3.772739e+02
8.900000e-07	-4.736006e-06	-5.808142e-09	-3.447306e+01	-3.758541e+02
9.000000e-07	-4.697401e-06	-5.804901e-09	-3.419206e+01	-3.744024e+02
9.100000e-07	-4.658405e-06	-5.802744e-09	-3.390821e+01	-3.729196e+02
9.200000e-07	-4.619110e-06	-5.769289e-09	-3.362219e+01	-3.714072e+02
9.300000e-07	-4.579605e-06	-5.720028e-09	-3.333463e+01	-3.698667e+02
9.400000e-07	-4.539938e-06	-5.693060e-09	-3.304590e+01	-3.682999e+02
9.500000e-07	-4.500028e-06	-5.689876e-09	-3.275539e+01	-3.667087e+02
9.600000e-07	-4.459723e-06	-5.680762e-09	-3.246202e+01	-3.650951e+02
9.700000e-07	-4.419041e-06	-5.641111e-09	-3.216589e+01	-3.634610e+02
9.800000e-07	-4.378096e-06	-5.594082e-09	-3.186786e+01	-3.618082e+02
9.900000e-07	-4.336788e-06	-5.566183e-09	-3.156718e+01	-3.601386e+02
1.000000e-06	-4.294967e-06	-5.556429e-09	-3.126277e+01	-3.584535e+02
1.010000e-06	-4.252523e-06	-5.533592e-09	-3.095383e+01	-3.567542e+02
1.020000e-06	-4.209510e-06	-5.493083e-09	-3.064073e+01	-3.550418e+02
1.030000e-06	-4.166283e-06	-5.453234e-09	-3.032608e+01	-3.533168e+02
1.040000e-06	-4.122914e-06	-5.436143e-09	-3.001041e+01	-3.515795e+02
1.050000e-06	-4.079277e-06	-5.424190e-09	-2.969278e+01	-3.498300e+02
1.060000e-06	-4.035432e-06	-5.395848e-09	-2.937363e+01	-3.480679e+02
1.070000e-06	-3.991384e-06	-5.349584e-09	-2.905301e+01	-3.462923e+02
1.080000e-06	-3.947043e-06	-5.310876e-09	-2.873025e+01	-3.445024e+02
1.090000e-06	-3.902342e-06	-5.286443e-09	-2.840488e+01	-3.426968e+02
1.100000e-06	-3.857419e-06	-5.264373e-09	-2.807789e+01	-3.408740e+02
1.110000e-06	-3.812267e-06	-5.226781e-09	-2.774923e+01	-3.390324e+02
1.120000e-06	-3.766797e-06	-5.183653e-09	-2.741826e+01	-3.371700e+02
1.130000e-06	-3.721100e-06	-5.151337e-09	-2.708563e+01	-3.352851e+02
1.140000e-06	-3.675208e-06	-5.129263e-09	-2.675159e+01	-3.333758e+02
1.150000e-06	-3.629038e-06	-5.103625e-09	-2.641552e+01	-3.314400e+02
1.160000e-06	-3.582562e-06	-5.066098e-09	-2.607723e+01	-3.294762e+02
1.170000e-06	-3.535802e-06	-5.022883e-09	-2.573686e+01	-3.274826e+02
1.180000e-06	-3.488765e-06	-4.990003e-09	-2.539448e+01	-3.254579e+02
1.190000e-06	-3.441607e-06	-4.961306e-09	-2.505122e+01	-3.234007e+02
1.200000e-06	-3.394267e-06	-4.926585e-09	-2.470663e+01	-3.213101e+02
1.210000e-06	-3.346684e-06	-4.887216e-09	-2.436028e+01	-3.191854e+02
1.220000e-06	-3.298894e-06	-4.852357e-09	-2.401243e+01	-3.170261e+02
1.230000e-06	-3.250905e-06	-4.822723e-09	-2.366311e+01	-3.148321e+02
1.240000e-06	-3.202683e-06	-4.792423e-09	-2.331211e+01	-3.126034e+02
1.250000e-06	-3.154149e-06	-4.756868e-09	-2.295883e+01	-3.103403e+02
1.260000e-06	-3.105345e-06	-4.718747e-09	-2.260359e+01	-3.080435e+02
1.270000e-06	-3.056211e-06	-4.681753e-09	-2.224595e+01	-3.057136e+02
1.280000e-06	-3.006715e-06	-4.644330e-09	-2.188567e+01	-3.033516e+02
1.290000e-06	-2.956911e-06	-4.606153e-09	-2.152315e+01	-3.009585e+02
1.300000e-06	-2.906694e-06	-4.566416e-09	-2.115763e+01	-2.985352e+02
1.310000e-06	-2.856101e-06	-4.530064e-09	-2.078936e+01	-2.960830e+02
1.320000e-06	-2.805266e-06	-4.492648e-09	-2.041934e+01	-2.936029e+02
1.330000e-06	-2.754158e-06	-4.452300e-09	-2.004732e+01	-2.910958e+02
1.340000e-06	-2.702741e-06	-4.410514e-09	-1.967307e+01	-2.885627e+02
1.350000e-06	-2.651129e-06	-4.374173e-09	-1.929738e+01	-2.860043e+02
1.360000e-06	-2.599437e-06	-4.335238e-09	-1.892112e+01	-2.834211e+02
1.370000e-06	-2.547561e-06	-4.291536e-09	-1.854352e+01	-2.808136e+02
1.380000e-06	-2.495496e-06	-4.246160e-09	-1.816454e+01	-2.781819e+02
1.390000e-06	-2.443274e-06	-4.206670e-09	-1.778443e+01	-2.755259e+02
1.400000e-06	-2.390865e-06	-4.168392e-09	-1.740294e+01	-2.728454e+02
1.410000e-06	-2.338272e-06	-4.125074e-09	-1.702012e+01	-2.701399e+02
1.420000e-06	-2.285485e-06	-4.078127e-09	-1.663589e+01	-2.674087e+02
1.430000e-06	-2.232539e-06	-4.036360e-09	-1.625050e+01	-2.646510e+02
1.440000e-06	-2.179440e-06	-3.997650e-09	-1.586400e+01	-2.618657e+02
1.450000e-06	-2.126191e-06	-3.955544e-09	-1.547640e+01	-2.590518e+02
1.460000e-06	-2.072865e-06	-3.906858e-09	-1.508824e+01	-2.562079e+02
1.470000e-06	-2.019417e-06	-3.858107e-09	-1.469920e+01	-2.533330e+02
1.480000e-06	-1.965739e-06	-3.815410e-09	-1.430848e+01	-2.504257e+02
1.490000e-06	-1.911939e-06	-3.774484e-09	-1.391687e+01	-2.474848e+02
1.500000e-06	-1.858033e-06	-3.726087e-09	-1.352450e+01	-2.445091e+02
1.510000e-06	-1.803980e-06	-3.672623e-09	-1.313105e+01	-2.414975e+02
1.520000e-06	-1.749836e-06	-3.622820e-09	-1.273694e+01	-2.384491e+02
1.530000e-06	-1.695597e-06	-3.580232e-09	-1.234213e+01	-2.353631e+02
1.540000e-06	-1.641238e-06	-3.537169e-09	-1.194646e+01	-2.322389e+02
1.550000e-06	-1.586763e-06	-3.483768e-09	-1.154994e+01	-2.290760e+02
1.560000e-06	-1.532146e-06	-3.429948e-09	-1.115238e+01	-2.258740e+02
1.570000e-06	-1.477381e-06	-3.380904e-09	-1.075375e+01	-2.226328e+02
1.580000e-06	-1.422577e-06	-3.336374e-09	-1.035484e+01	-2.193526e+02
1.590000e-06	-1.367632e-06	-3.285431e-09	-9.954899e+00	-2.160335e+02
1.600000e-06	-1.312586e-06	-3.227272e-09	-9.554221e+00	-2.126757e+02
1.610000e-06	-1.257454e-06	-3.170171e-09	-9.152919e+00	-2.092798e+02
1.620000e-06	-1.202185e-06	-3.120047e-09	-8.750625e+00	-2.058461e+02
1.630000e-06	-1.146851e-06	-3.069321e-09	-8.347852e+00	-2.023753e+02
1.640000e-06	-1.091409e-06	-3.014396e-09	-7.944288e+00	-1.988680e+02
1.650000e-06	-1.035898e-06	-2.954342e-09	-7.540228e+00	-1.953245e+02
1.660000e-06	-9.804001e-07	-2.894420e-09	-7.136265e+00	-1.917454e+02
1.670000e-06	-9.248804e-07	-2.839842e-09	-6.732141e+00	-1.881311e+02
1.680000e-06	-8.693188e-07	-2.784463e-09	-6.327712e+00	-1.844818e+02
1.690000e-06	-8.137410e-07	-2.722808e-09	-5.923165e+00	-1.807977e+02
1.700000e-06	-7.581281e-07	-2.659648e-09	-5.518362e+00	-1.770787e+02
1.710000e-06	-7.025700e-07	-2.602330e-09	-5.113959e+00	-1.733248e+02
1.720000e-06	-6.470359e-07	-2.549349e-09	-4.709730e+00	-1.695356e+02
1.730000e-06	-5.913942e-07	-2.494191e-09	-4.304718e+00	-1.657106e+02
1.740000e-06	-5.356762e-07	-2.430608e-09	-3.899150e+00	-1.618492e+02
1.750000e-06	-4.799639e-07	-2.364738e-09	-3.493624e+00	-1.579505e+02
1.760000e-06	-4.242674e-07	-2.304455e-09	-3.088213e+00	-1.540137e+02
1.770000e-06	-3.685715e-07	-2.250599e-09	-2.682806e+00	-1.500378e+02
1.780000e-06	-3.128487e-07	-2.190201e-09	-2.277204e+00	-1.460217e+02
1.790000e-06	-2.571230e-07	-2.120897e-09	-1.871581e+00	-1.419642e+02
1.800000e-06	-2.013998e-07	-2.053592e-09	-1.465975e+00	-1.378643e+02
1.810000e-06	-1.456398e-07	-1.992602e-09	-1.060102e+00	-1.337208e+02
1.820000e-06	-8.988105e-08	-1.932963e-09	-6.542380e-01	-1.295327e+02
1.830000e-06	-3.411587e-08	-1.867841e-09	-2.483271e-01	-1.252990e+02
1.840000e-06	2.168860e-08	-1.801954e-09	1.578698e-01	-1.210189e+02
1.850000e-06	7.751231e-08	-1.740074e-09	5.642068e-01	-1.166916e+02
1.860000e-06	1.333362e-07	-1.678739e-09	9.705449e-01	-1.123165e+02
1.870000e-06	1.891410e-07	-1.612994e-09	1.376744e+00	-1.078933e+02
1.880000e-06	2.449149e-07	-1.542279e-09	1.782719e+00	-1.034217e+02
1.890000e-06	3.006448e-07	-1.468786e-09	2.188373e+00	-9.890169e+01
1.900000e-06	3.564147e-07	-1.397700e-09	2.594318e+00	-9.433330e+01
1.910000e-06	4.122594e-07	-1.328027e-09	3.000808e+00	-8.971683e+01
1.920000e-06	4.680335e-07	-1.257545e-09	3.406784e+00	-8.505268e+01
1.930000e-06	5.237396e-07	-1.188862e-09	3.812265e+00	-8.034139e+01
1.940000e-06	5.794014e-07	-1.119073e-09	4.217423e+00	-7.558359e+01
1.950000e-06	6.350525e-07	-1.049942e-09	4.622504e+00	-7.077998e+01
1.960000e-06	6.907258e-07	-9.804356e-10	5.027746e+00	-6.593129e+01
1.970000e-06	7.463180e-07	-9.051785e-10	5.432398e+00	-6.103829e+01
1.980000e-06	8.018548e-07	-8.256062e-10	5.836646e+00	-5.610172e+01
1.990000e-06	8.573397e-07	-7.469769e-10	6.240517e+00	-5.112226e+01
2.000000e-06	9.127814e-07	-6.691753e-10	6.644073e+00	-4.610057e+01
2.010000e-06	9.681864e-07	-5.921909e-10	7.047362e+00	-4.103718e+01
2.020000e-06	1.023558e-06	-5.161304e-10	7.450409e+00	-3.593255e+01
2.030000e-06	1.078933e-06	-4.413299e-10	7.853479e+00	-3.078703e+01
2.040000e-06	1.134201e-06	-3.640452e-10	8.255771e+00	-2.560088e+01
2.050000e-06	1.189396e-06	-2.849112e-10	8.657534e+00	-2.037424e+01
2.060000e-06	1.244504e-06	-2.080394e-10	9.058662e+00	-1.510720e+01
2.070000e-06	1.299454e-06	-1.311746e-10	9.458638e+00	-9.799755e+00
2.080000e-06	1.354341e-06	-4.653585e-11	9.858155e+00	-4.451905e+00
2.090000e-06	1.409141e-06	4.381513e-11	1.025704e+01	9.363615e-01
2.100000e-06	1.463761e-06	1.313710e-10	1.065461e+01	6.365003e+00
2.110000e-06	1.518264e-06	2.149756e-10	1.105134e+01	1.183389e+01
2.120000e-06	1.572727e-06	2.958684e-10	1.144777e+01	1.734274e+01
2.130000e-06	1.627093e-06	3.764761e-10	1.184350e+01	2.289111e+01
2.140000e-06	1.681350e-06	4.588741e-10	1.223843e+01	2.847829e+01
2.150000e-06	1.735494e-06	5.445837e-10	1.263254e+01	3.410329e+01
2.160000e-06	1.789551e-06	6.312151e-10	1.302602e+01	3.976480e+01
2.170000e-06	1.843540e-06	7.197666e-10	1.341900e+01	4.546114e+01
2.180000e-06	1.897397e-06	8.103140e-10	1.381102e+01	5.119022e+01
2.190000e-06	1.951049e-06	9.055524e-10	1.420155e+01	5.694952e+01
2.200000e-06	2.004558e-06	1.000496e-09	1.459104e+01	6.273609e+01
2.210000e-06	2.057930e-06	1.092196e-09	1.497953e+01	6.854653e+01
2.220000e-06	2.111126e-06	1.182322e-09	1.536674e+01	7.437698e+01
2.230000e-06	2.164097e-06	1.272103e-09	1.575231e+01	8.022316e+01
2.240000e-06	2.216885e-06	1.361834e-09	1.613656e+01	8.608039e+01
2.250000e-06	2.269575e-06	1.447875e-09	1.652008e+01	9.194362e+01
2.260000e-06	2.322096e-06	1.532699e-09	1.690237e+01	9.780746e+01
2.270000e-06	2.374491e-06	1.623246e-09	1.728376e+01	1.036663e+02
2.280000e-06	2.426733e-06	1.719387e-09	1.766402e+01	1.095142e+02
2.290000e-06	2.478748e-06	1.815496e-09	1.804264e+01	1.153453e+02
2.300000e-06	2.530561e-06	1.908480e-09	1.841978e+01	1.211535e+02
2.310000e-06	2.582213e-06	1.996659e-09	1.879575e+01	1.269327e+02
2.320000e-06	2.633744e-06	2.084806e-09	1.917084e+01	1.326772e+02
2.330000e-06	2.685047e-06	2.175382e-09	1.954427e+01	1.383810e+02
2.340000e-06	2.736073e-06	2.261858e-09	1.991569e+01	1.440387e+02
2.350000e-06	2.786790e-06	2.342523e-09	2.028485e+01	1.496451e+02
2.360000e-06	2.837126e-06	2.423689e-09	2.065125e+01	1.551954e+02
2.370000e-06	2.887198e-06	2.509061e-09	2.101571e+01	1.606852e+02
2.380000e-06	2.937064e-06	2.595033e-09	2.137868e+01	1.661107e+02
2.390000e-06	2.986512e-06	2.680244e-09	2.173861e+01	1.714684e+02
2.400000e-06	3.035436e-06	2.765356e-09	2.209473e+01	1.767556e+02
2.410000e-06	3.084067e-06	2.848090e-09	2.244871e+01	1.819700e+02
2.420000e-06	3.132510e-06	2.929664e-09	2.280132e+01	1.871099e+02
2.430000e-06	3.180700e-06	3.008493e-09	2.315210e+01	1.921741e+02
2.440000e-06	3.228704e-06	3.083910e-09	2.350151e+01	1.971619e+02
2.450000e-06	3.276543e-06	3.157514e-09	2.384973e+01	2.020733e+02
2.460000e-06	3.324243e-06	3.230248e-09	2.419693e+01	2.069084e+02
2.470000e-06	3.371796e-06	3.305395e-09	2.454307e+01	2.116680e+02
2.480000e-06	3.419145e-06	3.380385e-09	2.488772e+01	2.163531e+02
2.490000e-06	3.466266e-06	3.454158e-09	2.523071e+01	2.209648e+02
2.500000e-06	3.513141e-06	3.526008e-09	2.557191e+01	2.255048e+02
2.510000e-06	3.559765e-06	3.596346e-09	2.591129e+01	2.299745e+02
2.520000e-06	3.606087e-06	3.664854e-09	2.624846e+01	2.343756e+02
2.530000e-06	3.652124e-06	3.728928e-09	2.658356e+01	2.387099e+02
2.540000e-06	3.697956e-06	3.788091e-09	2.691717e+01	2.429789e+02
2.550000e-06	3.743576e-06	3.845170e-09	2.724923e+01	2.471841e+02
2.560000e-06	3.788853e-06	3.900367e-09	2.757880e+01	2.513269e+02
2.570000e-06	3.833817e-06	3.957012e-09	2.790609e+01	2.554085e+02
2.580000e-06	3.878587e-06	4.016206e-09	2.823197e+01	2.594298e+02
2.590000e-06	3.923139e-06	4.076597e-09	2.855626e+01	2.633915e+02
2.600000e-06	3.967478e-06	4.136055e-09	2.887900e+01	2.672942e+02
2.610000e-06	4.011591e-06	4.195738e-09	2.920010e+01	2.711380e+02
2.620000e-06	4.055475e-06	4.254116e-09	2.951952e+01	2.749230e+02
2.630000e-06	4.099204e-06	4.308708e-09	2.983782e+01	2.786491e+02
2.640000e-06	4.142754e-06	4.359410e-09	3.015482e+01	2.823159e+02
2.650000e-06	4.186009e-06	4.408510e-09	3.046967e+01	2.859230e+02
2.660000e-06	4.228982e-06	4.457510e-09	3.078247e+01	2.894698e+02
2.670000e-06	4.271560e-06	4.504373e-09	3.109239e+01	2.929557e+02
2.680000e-06	4.313551e-06	4.551803e-09	3.139804e+01	2.963803e+02
2.690000e-06	4.355059e-06	4.600390e-09	3.170018e+01	2.997430e+02
2.700000e-06	4.396105e-06	4.650420e-09	3.199895e+01	3.030433e+02
2.710000e-06	4.436707e-06	4.698539e-09	3.229449e+01	3.062811e+02
2.720000e-06	4.477029e-06	4.745331e-09	3.258799e+01	3.094562e+02
2.730000e-06	4.517031e-06	4.788207e-09	3.287916e+01	3.125689e+02
2.740000e-06	4.556738e-06	4.826766e-09	3.316818e+01	3.156193e+02
2.750000e-06	4.596219e-06	4.865239e-09	3.345556e+01	3.186083e+02
2.760000e-06	4.635438e-06	4.905410e-09	3.374103e+01	3.215365e+02
2.770000e-06	4.674364e-06	4.943910e-09	3.402437e+01	3.244052e+02
2.780000e-06	4.712899e-06	4.983983e-09	3.430487e+01	3.272156e+02
2.790000e-06	4.751091e-06	5.024972e-09	3.458286e+01	3.299695e+02
2.800000e-06	4.788990e-06	5.067210e-09	3.485873e+01	3.326684e+02
2.810000e-06	4.826572e-06	5.110138e-09	3.513229e+01	3.353142e+02
2.820000e-06	4.863841e-06	5.150027e-09	3.540356e+01	3.379091e+02
2.830000e-06	4.900782e-06	5.187948e-09	3.567246e+01	3.404550e+02
2.840000e-06	4.937443e-06	5.224485e-09	3.593931e+01	3.429539e+02
2.850000e-06	4.973799e-06	5.257988e-09	3.620394e+01	3.454079e+02
2.860000e-06	5.009872e-06	5.290517e-09	3.646652e+01	3.478189e+02
2.870000e-06	5.045691e-06	5.323115e-09	3.672724e+01	3.501887e+02
2.880000e-06	5.081270e-06	5.359542e-09	3.698621e+01	3.525188e+02
2.890000e-06	5.116637e-06	5.398437e-09	3.724365e+01	3.548106e+02
2.900000e-06	5.151630e-06	5.437002e-09	3.749836e+01	3.570651e+02
2.910000e-06	5.186092e-06	5.474921e-09	3.774920e+01	3.592833e+02
2.920000e-06	5.219862e-06	5.508370e-09	3.799502e+01	3.614655e+02
2.930000e-06	5.253012e-06	5.536107e-09	3.823632e+01	3.636121e+02
2.940000e-06	5.285664e-06	5.563553e-09	3.847399e+01	3.657229e+02
2.950000e-06	5.317858e-06	5.594198e-09	3.870832e+01	3.677976e+02
2.960000e-06	5.349748e-06	5.626674e-09	3.894044e+01	3.698356e+02
2.970000e-06	5.381463e-06	5.657522e-09	3.917130e+01	3.718361e+02
2.980000e-06	5.412969e-06	5.685351e-09	3.940063e+01	3.737981e+02
2.990000e-06	5.444130e-06	5.713444e-09	3.962745e+01	3.757205e+02
3.000000e-06	5.474812e-06	5.743996e-09	3.985078e+01	3.776020e+02
3.010000e-06	5.505079e-06	5.775681e-09	4.007109e+01	3.794416e+02
3.020000e-06	5.534994e-06	5.804189e-09	4.028884e+01	3.812380e+02
3.030000e-06	5.564489e-06	5.828556e-09	4.050353e+01	3.829901e+02
3.040000e-06	5.593631e-06	5.851332e-09	4.071566e+01	3.846970e+02
3.050000e-06	5.622419e-06	5.876772e-09	4.092520e+01	3.863581e+02
3.060000e-06	5.650834e-06	5.903412e-09	4.113203e+01	3.879727e+02
3.070000e-06	5.679002e-06	5.929031e-09	4.133707e+01	3.895409e+02
3.080000e-06	5.706980e-06	5.954163e-09	4.154072e+01	3.910625e+02
3.090000e-06	5.734636e-06	5.981392e-09	4.174202e+01	3.925382e+02
3.100000e-06	5.761947e-06	6.010961e-09	4.194081e+01	3.939687e+02
3.110000e-06	5.788840e-06	6.040139e-09	4.213657e+01	3.953551e+02
3.120000e-06	5.815071e-06	6.065605e-09	4.232750e+01	3.966988e+02
3.130000e-06	5.840593e-06	6.087288e-09	4.251327e+01	3.980015e+02
3.140000e-06	5.865431e-06	6.105103e-09	4.269407e+01	3.992652e+02
3.150000e-06	5.889735e-06	6.123498e-09	4.287098e+01	4.004920e+02
3.160000e-06	5.913738e-06	6.143901e-09	4.304569e+01	4.016843e+02
3.170000e-06	5.937375e-06	6.164564e-09	4.321774e+01	4.028445e+02
3.180000e-06	5.960621e-06	6.182396e-09	4.338695e+01	4.039751e+02
3.190000e-06	5.983435e-06	6.200558e-09	4.355301e+01	4.050784e+02
3.200000e-06	6.005807e-06	6.220531e-09	4.371586e+01	4.061568e+02
3.210000e-06	6.027804e-06	6.240871e-09	4.387597e+01	4.072124e+02
3.220000e-06	6.049400e-06	6.259295e-09	4.403316e+01	4.082472e+02
3.230000e-06	6.070631e-06	6.273329e-09	4.418771e+01	4.092629e+02
3.240000e-06	6.091425e-06	6.285969e-09	4.433906e+01	4.102608e+02
3.250000e-06	6.111790e-06	6.300756e-09	4.448730e+01	4.112419e+02
3.260000e-06	6.131852e-06	6.316076e-09	4.463333e+01	4.122068e+02
3.270000e-06	6.151672e-06	6.329966e-09	4.477760e+01	4.131558e+02
3.280000e-06	6.171218e-06	6.343152e-09	4.491987e+01	4.140886e+02
3.290000e-06	6.190386e-06	6.358514e-09	4.505939e+01	4.150048e+02
3.300000e-06	6.209109e-06	6.375764e-09	4.519568e+01	4.159035e+02
3.310000e-06	6.227353e-06	6.391737e-09	4.532848e+01	4.167834e+02
3.320000e-06	6.245068e-06	6.405628e-09	4.545742e+01	4.176431e+02
3.330000e-06	6.262311e-06	6.417261e-09	4.558293e+01	4.184807e+02
3.340000e-06	6.279251e-06	6.429628e-09	4.570624e+01	4.192945e+02
3.350000e-06	6.295838e-06	6.441363e-09	4.582697e+01	4.200825e+02
3.360000e-06	6.311965e-06	6.451721e-09	4.594436e+01	4.208428e+02
3.370000e-06	6.327486e-06	6.462299e-09	4.605734e+01	4.215733e+02
3.380000e-06	6.342372e-06	6.474273e-09	4.616569e+01	4.222724e+02
3.390000e-06	6.356768e-06	6.487825e-09	4.627048e+01	4.229385e+02
3.400000e-06	6.370691e-06	6.503380e-09	4.637182e+01	4.235703e+02
3.410000e-06	6.384169e-06	6.517944e-09	4.646993e+01	4.241667e+02
3.420000e-06	6.397139e-06	6.530010e-09	4.656433e+01	4.247274e+02
3.430000e-06	6.409567e-06	6.540728e-09	4.665480e+01	4.252519e+02
3.440000e-06	6.421509e-06	6.550865e-09	4.674172e+01	4.257406e+02
3.450000e-06	6.432980e-06	6.558705e-09	4.682522e+01	4.261942e+02
3.460000e-06	6.443961e-06	6.564468e-09	4.690515e+01	4.266139e+02
3.470000e-06	6.454339e-06	6.571215e-09	4.698069e+01	4.270011e+02
3.480000e-06	6.463976e-06	6.578538e-09	4.705083e+01	4.273578e+02
3.490000e-06	6.472965e-06	6.586399e-09	4.711626e+01	4.276864e+02
3.500000e-06	6.481416e-06	6.596043e-09	4.717778e+01	4.279893e+02
3.510000e-06	6.489388e-06	6.605471e-09	4.723581e+01	4.282694e+02
3.520000e-06	6.497012e-06	6.611464e-09	4.729131e+01	4.285296e+02
3.530000e-06	6.504265e-06	6.615418e-09	4.734410e+01	4.287729e+02
3.540000e-06	6.511119e-06	6.621111e-09	4.739399e+01	4.290022e+02
3.550000e-06	6.517546e-06	6.628159e-09	4.744077e+01	4.292205e+02
3.560000e-06	6.523496e-06	6.632486e-09	4.748408e+01	4.294303e+02
3.570000e-06	6.529005e-06	6.635904e-09	4.752418e+01	4.296341e+02
3.580000e-06	6.534104e-06	6.640477e-09	4.756130e+01	4.298338e+02
3.590000e-06	6.538742e-06	6.646098e-09	4.759505e+01	4.300310e+02
3.600000e-06	6.542923e-06	6.653078e-09	4.762549e+01	4.302270e+02
3.610000e-06	6.546752e-06	6.658736e-09	4.765336e+01	4.304223e+02
3.620000e-06	6.550310e-06	6.665374e-09	4.767926e+01	4.306170e+02
3.630000e-06	6.553509e-06	6.672237e-09	4.770254e+01	4.308107e+02
3.640000e-06	6.556173e-06	6.677676e-09	4.772193e+01	4.310023e+02
3.650000e-06	6.558127e-06	6.679264e-09	4.773616e+01	4.311904e+02
3.660000e-06	6.559372e-06	6.680118e-09	4.774522e+01	4.313730e+02
3.670000e-06	6.559985e-06	6.683393e-09	4.774968e+01	4.315477e+02
3.680000e-06	6.560132e-06	6.687437e-09	4.775075e+01	4.317117e+02
3.690000e-06	6.559926e-06	6.693782e-09	4.774925e+01	4.318621e+02
3.700000e-06	6.559373e-06	6.698128e-09	4.774523e+01	4.319957e+02
3.710000e-06	6.558436e-06	6.699629e-09	4.773841e+01	4.321092e+02
3.720000e-06	6.557016e-06	6.700093e-09	4.772807e+01	4.321993e+02
3.730000e-06	6.555165e-06	6.700597e-09	4.771460e+01	4.322629e+02
3.740000e-06	6.552945e-06	6.700665e-09	4.769844e+01	4.322972e+02
3.750000e-06	6.550402e-06	6.709902e-09	4.767993e+01	4.322995e+02
3.760000e-06	6.547552e-06	6.714853e-09	4.765918e+01	4.322678e+02
3.770000e-06	6.544283e-06	6.675280e-09	4.763538e+01	4.322003e+02
3.780000e-06	6.540469e-06	6.648548e-09	4.760762e+01	4.320960e+02
3.790000e-06	6.535933e-06	6.699111e-09	4.757461e+01	4.319542e+02
3.800000e-06	6.530506e-06	6.783856e-09	4.753511e+01	4.317753e+02
3.810000e-06	6.524533e-06	6.743450e-09	4.749163e+01	4.315600e+02
3.820000e-06	6.518585e-06	6.678938e-09	4.744833e+01	4.313098e+02
3.830000e-06	6.512538e-06	6.667897e-09	4.740432e+01	4.310267e+02
3.840000e-06	6.505733e-06	6.738718e-09	4.735478e+01	4.307135e+02
3.850000e-06	6.498083e-06	6.714487e-09	4.729910e+01	4.303735e+02
3.860000e-06	6.490076e-06	6.727157e-09	4.724082e+01	4.300103e+02
3.870000e-06	6.481824e-06	6.708331e-09	4.718075e+01	4.296280e+02
3.880000e-06	6.472977e-06	6.660656e-09	4.711635e+01	4.292311e+02
3.890000e-06	6.463633e-06	6.727652e-09	4.704834e+01	4.288240e+02
3.900000e-06	6.454158e-06	6.797523e-09	4.697937e+01	4.284114e+02
3.910000e-06	6.444295e-06	6.727860e-09	4.690758e+01	4.279978e+02
3.920000e-06	6.433827e-06	6.491060e-09	4.683138e+01	4.275875e+02
3.930000e-06	6.422812e-06	6.539640e-09	4.675120e+01	4.271845e+02
3.940000e-06	6.411399e-06	6.551333e-09	4.666813e+01	4.267925e+02
3.950000e-06	6.399560e-06	6.327586e-09	4.658196e+01	4.264146e+02
3.960000e-06	6.387048e-06	6.142719e-09	4.649088e+01	4.260532e+02
3.970000e-06	6.374005e-06	6.186101e-09	4.639594e+01	4.257102e+02
3.980000e-06	6.360525e-06	6.090124e-09	4.629782e+01	4.253866e+02
3.990000e-06	6.346427e-06	5.853860e-09	4.619520e+01	4.250828e+02
4.000000e-06	6.331539e-06	5.847745e-09	4.608684e+01	4.247982e+02
4.010000e-06	6.315891e-06	5.990113e-09	4.597293e+01	4.245315e+02
4.020000e-06	6.299816e-06	5.865395e-09	4.585593e+01	4.242808e+02
4.030000e-06	6.283494e-06	5.840136e-09	4.573712e+01	4.240432e+02
4.040000e-06	6.266776e-06	6.066384e-09	4.561543e+01	4.238153e+02
4.050000e-06	6.249688e-06	6.215117e-09	4.549105e+01	4.235930e+02
4.060000e-06	6.232199e-06	6.177333e-09	4.536375e+01	4.233720e+02
4.070000e-06	6.214180e-06	6.235633e-09	4.523259e+01	4.231472e+02
4.080000e-06	6.195705e-06	6.413136e-09	4.509811e+01	4.229136e+02
4.090000e-06	6.176851e-06	6.404635e-09	4.496087e+01	4.226659e+02
4.100000e-06	6.157596e-06	6.323670e-09	4.482072e+01	4.223987e+02
4.110000e-06	6.137988e-06	6.307497e-09	4.467799e+01	4.221069e+02
4.120000e-06	6.118058e-06	6.272475e-09	4.453293e+01	4.217855e+02
4.130000e-06	6.097813e-06	6.228776e-09	4.438556e+01	4.214299e+02
4.140000e-06	6.077174e-06	6.265047e-09	4.423534e+01	4.210360e+02
4.150000e-06	6.056027e-06	6.216934e-09	4.408141e+01	4.206002e+02
4.160000e-06	6.034334e-06	6.178422e-09	4.392350e+01	4.201195e+02
4.170000e-06	6.012074e-06	6.130671e-09	4.376147e+01	4.195916e+02
4.180000e-06	5.989241e-06	6.164274e-09	4.359527e+01	4.190151e+02
4.190000e-06	5.965774e-06	6.208949e-09	4.342446e+01	4.183892e+02
4.200000e-06	5.941790e-06	6.167148e-09	4.324988e+01	4.177138e+02
4.210000e-06	5.917511e-06	6.061334e-09	4.307315e+01	4.169897e+02
4.220000e-06	5.892977e-06	6.123214e-09	4.289458e+01	4.162183e+02
4.230000e-06	5.868023e-06	6.171463e-09	4.271293e+01	4.154019e+02
4.240000e-06	5.842597e-06	6.114088e-09	4.252786e+01	4.145430e+02
4.250000e-06	5.816776e-06	6.087328e-09	4.233991e+01	4.136449e+02
4.260000e-06	5.790628e-06	6.109478e-09	4.214958e+01	4.127113e+02
4.270000e-06	5.764103e-06	6.085497e-09	4.195651e+01	4.117460e+02
4.280000e-06	5.737177e-06	6.076161e-09	4.176052e+01	4.107531e+02
4.290000e-06	5.709826e-06	6.084331e-09	4.156143e+01	4.097369e+02
4.300000e-06	5.682058e-06	6.069686e-09	4.135931e+01	4.087016e+02
4.310000e-06	5.654051e-06	6.046893e-09	4.115545e+01	4.076512e+02
4.320000e-06	5.625783e-06	6.009114e-09	4.094969e+01	4.065894e+02
4.330000e-06	5.597162e-06	6.011460e-09	4.074135e+01	4.055198e+02
4.340000e-06	5.568179e-06	6.034973e-09	4.053040e+01	4.044453e+02
4.350000e-06	5.538655e-06	6.013836e-09	4.031549e+01	4.033686e+02
4.360000e-06	5.508521e-06	5.953615e-09	4.009615e+01	4.022916e+02
4.370000e-06	5.477721e-06	5.950629e-09	3.987195e+01	4.012156e+02
4.380000e-06	5.446195e-06	5.965725e-09	3.964248e+01	4.001417e+02
4.390000e-06	5.414283e-06	5.970477e-09	3.941019e+01	3.990699e+02
4.400000e-06	5.382162e-06	5.934066e-09	3.917639e+01	3.979999e+02
4.410000e-06	5.349749e-06	5.889281e-09	3.894045e+01	3.969308e+02
4.420000e-06	5.317053e-06	5.877031e-09	3.870246e+01	3.958611e+02
4.430000e-06	5.284060e-06	5.912629e-09	3.846231e+01	3.947889e+02
4.440000e-06	5.250671e-06	5.903439e-09	3.821927e+01	3.937119e+02
4.450000e-06	5.216895e-06	5.850674e-09	3.797342e+01	3.926276e+02
4.460000e-06	5.182824e-06	5.807615e-09	3.772542e+01	3.915330e+02
4.470000e-06	5.148437e-06	5.823662e-09	3.747512e+01	3.904252e+02
4.480000e-06	5.113655e-06	5.840200e-09	3.722194e+01	3.893013e+02
4.490000e-06	5.078466e-06	5.813636e-09	3.696581e+01	3.881583e+02
4.500000e-06	5.042837e-06	5.756367e-09	3.670647e+01	3.869933e+02
4.510000e-06	5.006899e-06	5.732010e-09	3.644487e+01	3.858037e+02
4.520000e-06	4.970782e-06	5.746494e-09	3.618198e+01	3.845873e+02
4.530000e-06	4.934500e-06	5.750111e-09	3.591788e+01	3.833418e+02
4.540000e-06	4.898036e-06	5.706281e-09	3.565247e+01	3.820658e+02
4.550000e-06	4.861209e-06	5.656809e-09	3.538441e+01	3.807580e+02
4.560000e-06	4.823951e-06	5.648606e-09	3.511320e+01	3.794176e+02
4.570000e-06	4.786259e-06	5.660336e-09	3.483885e+01	3.780444e+02
4.580000e-06	4.747937e-06	5.640746e-09	3.455991e+01	3.766382e+02
4.590000e-06	4.709017e-06	5.591453e-09	3.427661e+01	3.751998e+02
4.600000e-06	4.669584e-06	5.560669e-09	3.398958e+01	3.737298e+02
4.610000e-06	4.629749e-06	5.557649e-09	3.369963e+01	3.722297e+02
4.620000e-06	4.589705e-06	5.556256e-09	3.340815e+01	3.707007e+02
4.630000e-06	4.549439e-06	5.528708e-09	3.311505e+01	3.691447e+02
4.640000e-06	4.508930e-06	5.488512e-09	3.282019e+01	3.675635e+02
4.650000e-06	4.468153e-06	5.456061e-09	3.252338e+01	3.659591e+02
4.660000e-06	4.427098e-06	5.444509e-09	3.222454e+01	3.643334e+02
4.670000e-06	4.385783e-06	5.430836e-09	3.192381e+01	3.626882e+02
4.680000e-06	4.344163e-06	5.399784e-09	3.162087e+01	3.610254e+02
4.690000e-06	4.302256e-06	5.354645e-09	3.131582e+01	3.593467e+02
4.700000e-06	4.260103e-06	5.328523e-09	3.100899e+01	3.576532e+02
4.710000e-06	4.217606e-06	5.324135e-09	3.069966e+01	3.559463e+02
4.720000e-06	4.174706e-06	5.313469e-09	3.038740e+01	3.542265e+02
4.730000e-06	4.131522e-06	5.273199e-09	3.007306e+01	3.524944e+02
4.740000e-06	4.088122e-06	5.231632e-09	2.975716e+01	3.507501e+02
4.750000e-06	4.044450e-06	5.211906e-09	2.943927e+01	3.489934e+02
4.760000e-06	4.000569e-06	5.205494e-09	2.911987e+01	3.472236e+02
4.770000e-06	3.956519e-06	5.181296e-09	2.879923e+01	3.454398e+02
4.780000e-06	3.912280e-06	5.141074e-09	2.847722e+01	3.436410e+02
4.790000e-06	3.867845e-06	5.108080e-09	2.815378e+01	3.418256e+02
4.800000e-06	3.823183e-06	5.094228e-09	2.782869e+01	3.399921e+02
4.810000e-06	3.778229e-06	5.079010e-09	2.750147e+01	3.381387e+02
4.820000e-06	3.733023e-06	5.044394e-09	2.717242e+01	3.362635e+02
4.830000e-06	3.687564e-06	5.002263e-09	2.684152e+01	3.343646e+02
4.840000e-06	3.641805e-06	4.973677e-09	2.650845e+01	3.324402e+02
4.850000e-06	3.595674e-06	4.957862e-09	2.617266e+01	3.304883e+02
4.860000e-06	3.549358e-06	4.935408e-09	2.583553e+01	3.285074e+02
4.870000e-06	3.502924e-06	4.901113e-09	2.549754e+01	3.264959e+02
4.880000e-06	3.456195e-06	4.866112e-09	2.515741e+01	3.244524e+02
4.890000e-06	3.409231e-06	4.843356e-09	2.481556e+01	3.223759e+02
4.900000e-06	3.362107e-06	4.823411e-09	2.447255e+01	3.202655e+02
4.910000e-06	3.314832e-06	4.794647e-09	2.412843e+01	3.181208e+02
4.920000e-06	3.267306e-06	4.757868e-09	2.378250e+01	3.159413e+02
4.930000e-06	3.219450e-06	4.726145e-09	2.343416e+01	3.137270e+02
4.940000e-06	3.171284e-06	4.698084e-09	2.308356e+01	3.114783e+02
4.950000e-06	3.122922e-06	4.667353e-09	2.273153e+01	3.091955e+02
4.960000e-06	3.074395e-06	4.632110e-09	2.237831e+01	3.068794e+02
4.970000e-06	3.025534e-06	4.599495e-09	2.202265e+01	3.045307e+02
4.980000e-06	2.976232e-06	4.569256e-09	2.166378e+01	3.021505e+02
4.990000e-06	2.926682e-06	4.537674e-09	2.130312e+01	2.997397e+02
5.000000e-06	2.877016e-06	4.503187e-09	2.094160e+01	2.972995e+02
5.010000e-06	2.827068e-06	4.469654e-09	2.057803e+01	2.948310e+02
5.020000e-06	2.776860e-06	4.436013e-09	2.021258e+01	2.923351e+02
5.030000e-06	2.726492e-06	4.399609e-09	1.984595e+01	2.898128e+02
5.040000e-06	2.675851e-06	4.360182e-09	1.947733e+01	2.872649e+02
5.050000e-06	2.624977e-06	4.325914e-09	1.910703e+01	2.846920e+02
5.060000e-06	2.574004e-06	4.295841e-09	1.873600e+01	2.820947e+02
5.070000e-06	2.522824e-06	4.256460e-09	1.836346e+01	2.794731e+02
5.080000e-06	2.471388e-06	4.210848e-09	1.798907e+01	2.768273e+02
5.090000e-06	2.419816e-06	4.170266e-09	1.761368e+01	2.741572e+02
5.100000e-06	2.368130e-06	4.136204e-09	1.723746e+01	2.714622e+02
5.110000e-06	2.316253e-06	4.100980e-09	1.685985e+01	2.687419e+02
5.120000e-06	2.264193e-06	4.059968e-09	1.648090e+01	2.659954e+02
5.130000e-06	2.211979e-06	4.017344e-09	1.610085e+01	2.632218e+02
5.140000e-06	2.159566e-06	3.976333e-09	1.571933e+01	2.604200e+02
5.150000e-06	2.107045e-06	3.936944e-09	1.533704e+01	2.575888e+02
5.160000e-06	2.054384e-06	3.893284e-09	1.495372e+01	2.547271e+02
5.170000e-06	2.001467e-06	3.843411e-09	1.456854e+01	2.518335e+02
5.180000e-06	1.948354e-06	3.794125e-09	1.418194e+01	2.489068e+02
5.190000e-06	1.895008e-06	3.749098e-09	1.379363e+01	2.459457e+02
5.200000e-06	1.841339e-06	3.707868e-09	1.340298e+01	2.429493e+02
5.210000e-06	1.787422e-06	3.663169e-09	1.301052e+01	2.399164e+02
5.220000e-06	1.733387e-06	3.616099e-09	1.261720e+01	2.368463e+02
5.230000e-06	1.679239e-06	3.567651e-09	1.222306e+01	2.337381e+02
5.240000e-06	1.624874e-06	3.519915e-09	1.182735e+01	2.305914e+02
5.250000e-06	1.570344e-06	3.472223e-09	1.143043e+01	2.274058e+02
5.260000e-06	1.515617e-06	3.424156e-09	1.103207e+01	2.241810e+02
5.270000e-06	1.460777e-06	3.374678e-09	1.063290e+01	2.209171e+02
5.280000e-06	1.405835e-06	3.324906e-09	1.023298e+01	2.176142e+02
5.290000e-06	1.350656e-06	3.276511e-09	9.831333e+00	2.142726e+02
5.300000e-06	1.295425e-06	3.226600e-09	9.429308e+00	2.108926e+02
5.310000e-06	1.240096e-06	3.174132e-09	9.026577e+00	2.074746e+02
5.320000e-06	1.184549e-06	3.118028e-09	8.622254e+00	2.040193e+02
5.330000e-06	1.128855e-06	3.064160e-09	8.216855e+00	2.005272e+02
5.340000e-06	1.073121e-06	3.013390e-09	7.811176e+00	1.969988e+02
5.350000e-06	1.017361e-06	2.960905e-09	7.405300e+00	1.934345e+02
5.360000e-06	9.614862e-07	2.905484e-09	6.998592e+00	1.898349e+02
5.370000e-06	9.055493e-07	2.851882e-09	6.591431e+00	1.862002e+02
5.380000e-06	8.496201e-07	2.802391e-09	6.184327e+00	1.825307e+02
5.390000e-06	7.937166e-07	2.751878e-09	5.777409e+00	1.788263e+02
5.400000e-06	7.377426e-07	2.696142e-09	5.369978e+00	1.750871e+02
5.410000e-06	6.816501e-07	2.637522e-09	4.961684e+00	1.713127e+02
5.420000e-06	6.255444e-07	2.579012e-09	4.553295e+00	1.675028e+02
5.430000e-06	5.694192e-07	2.519906e-09	4.144764e+00	1.636566e+02
5.440000e-06	5.133179e-07	2.461004e-09	3.736406e+00	1.597737e+02
5.450000e-06	4.572520e-07	2.400218e-09	3.328306e+00	1.558529e+02
5.460000e-06	4.010800e-07	2.335445e-09	2.919434e+00	1.518935e+02
5.470000e-06	3.448041e-07	2.273467e-09	2.509806e+00	1.478943e+02
5.480000e-06	2.885225e-07	2.216877e-09	2.100135e+00	1.438543e+02
5.490000e-06	2.322422e-07	2.157199e-09	1.690475e+00	1.397723e+02
5.500000e-06	1.759580e-07	2.090051e-09	1.280786e+00	1.356471e+02
5.510000e-06	1.196826e-07	2.024353e-09	8.711615e-01	1.314778e+02
5.520000e-06	6.342654e-08	1.966283e-09	4.616774e-01	1.272633e+02
5.530000e-06	7.170617e-09	1.906981e-09	5.219443e-02	1.230027e+02
5.540000e-06	-4.906033e-08	1.839723e-09	-3.571068e-01	1.186952e+02
5.550000e-06	-1.053129e-07	1.770267e-09	-7.665651e-01	1.143401e+02
5.560000e-06	-1.616014e-07	1.704670e-09	-1.176286e+00	1.099371e+02
5.570000e-06	-2.178866e-07	1.639701e-09	-1.585982e+00	1.054858e+02
5.580000e-06	-2.741269e-07	1.572562e-09	-1.995351e+00	1.009860e+02
5.590000e-06	-3.303582e-07	1.502906e-09	-2.404654e+00	9.643775e+01
5.600000e-06	-3.865958e-07	1.432107e-09	-2.814005e+00	9.184133e+01
5.610000e-06	-4.428326e-07	1.363084e-09	-3.223348e+00	8.719706e+01
5.620000e-06	-4.990353e-07	1.295794e-09	-3.632444e+00	8.250541e+01
5.630000e-06	-5.550839e-07	1.227805e-09	-4.040417e+00	7.776697e+01
5.640000e-06	-6.111128e-07	1.155296e-09	-4.448248e+00	7.298242e+01
5.650000e-06	-6.671609e-07	1.081787e-09	-4.856219e+00	6.815249e+01
5.660000e-06	-7.231781e-07	1.010037e-09	-5.263964e+00	6.327792e+01
5.670000e-06	-7.792257e-07	9.391479e-10	-5.671930e+00	5.835948e+01
5.680000e-06	-8.352733e-07	8.658574e-10	-6.079897e+00	5.339788e+01
5.690000e-06	-8.912033e-07	7.902750e-10	-6.487007e+00	4.839377e+01
5.700000e-06	-9.469918e-07	7.140723e-10	-6.893088e+00	4.334776e+01
5.710000e-06	-1.002736e-06	6.386629e-10	-7.298844e+00	3.826033e+01
5.720000e-06	-1.058441e-06	5.628591e-10	-7.704322e+00	3.313188e+01
5.730000e-06	-1.114065e-06	4.852374e-10	-8.109203e+00	2.796270e+01
5.740000e-06	-1.169608e-06	4.063859e-10	-8.513493e+00	2.275298e+01
5.750000e-06	-1.225096e-06	3.286970e-10	-8.917392e+00	1.750283e+01
5.760000e-06	-1.280461e-06	2.496893e-10	-9.320386e+00	1.221229e+01
5.770000e-06	-1.335669e-06	1.685587e-10	-9.722239e+00	6.881341e+00
5.780000e-06	-1.390728e-06	8.831857e-11	-1.012301e+01	1.509978e+00
5.790000e-06	-1.445685e-06	6.884244e-12	-1.052305e+01	-3.901786e+00
5.800000e-06	-1.500597e-06	-7.674398e-11	-1.092274e+01	-9.353862e+00
5.810000e-06	-1.555282e-06	-1.618970e-10	-1.132079e+01	-1.484604e+01
5.820000e-06	-1.609664e-06	-2.454493e-10	-1.171664e+01	-2.037795e+01
5.830000e-06	-1.663918e-06	-3.278702e-10	-1.211154e+01	-2.594900e+01
5.840000e-06	-1.718028e-06	-4.129154e-10	-1.250541e+01	-3.155831e+01
5.850000e-06	-1.771924e-06	-5.012266e-10	-1.289771e+01	-3.720473e+01
5.860000e-06	-1.825616e-06	-5.889480e-10	-1.328853e+01	-4.288673e+01
5.870000e-06	-1.879073e-06	-6.742326e-10	-1.367764e+01	-4.860238e+01
5.880000e-06	-1.932337e-06	-7.598938e-10	-1.406534e+01	-5.434935e+01
5.890000e-06	-1.985443e-06	-8.500383e-10	-1.445190e+01	-6.012489e+01
5.900000e-06	-2.038347e-06	-9.426914e-10	-1.483699e+01	-6.592576e+01
5.910000e-06	-2.091058e-06	-1.033839e-09	-1.522067e+01	-7.174830e+01
5.920000e-06	-2.143638e-06	-1.119547e-09	-1.560340e+01	-7.758841e+01
5.930000e-06	-2.196045e-06	-1.203324e-09	-1.598486e+01	-8.344157e+01
5.940000e-06	-2.248201e-06	-1.290880e-09	-1.636450e+01	-8.930287e+01
5.950000e-06	-2.300152e-06	-1.382483e-09	-1.674265e+01	-9.516706e+01
5.960000e-06	-2.352001e-06	-1.473643e-09	-1.712006e+01	-1.010286e+02
5.970000e-06	-2.403691e-06	-1.560157e-09	-1.749630e+01	-1.068817e+02
5.980000e-06	-2.455286e-06	-1.645552e-09	-1.787186e+01	-1.127205e+02
5.990000e-06	-2.506762e-06	-1.733909e-09	-1.824655e+01	-1.185389e+02
6.000000e-06	-2.557960e-06	-1.821332e-09	-1.861922e+01	-1.243309e+02
6.010000e-06	-2.608987e-06	-1.906291e-09	-1.899064e+01	-1.300905e+02
6.020000e-06	-2.659844e-06	-1.991070e-09	-1.936082e+01	-1.358118e+02
6.030000e-06	-2.710388e-06	-2.077139e-09	-1.972873e+01	-1.414893e+02
6.040000e-06	-2.760622e-06	-2.163799e-09	-2.009438e+01	-1.471176e+02
6.050000e-06	-2.810693e-06	-2.247955e-09	-2.045884e+01	-1.526918e+02
6.060000e-06	-2.860597e-06	-2.331767e-09	-2.082209e+01	-1.582073e+02
6.070000e-06	-2.910190e-06	-2.415984e-09	-2.118307e+01	-1.636599e+02
6.080000e-06	-2.959436e-06	-2.497144e-09	-2.154153e+01	-1.690462e+02
6.090000e-06	-3.008434e-06	-2.575937e-09	-2.189818e+01	-1.743630e+02
6.100000e-06	-3.057106e-06	-2.655027e-09	-2.225246e+01	-1.796079e+02
6.110000e-06	-3.105422e-06	-2.734153e-09	-2.260416e+01	-1.847790e+02
6.120000e-06	-3.153531e-06	-2.809942e-09	-2.295433e+01	-1.898747e+02
6.130000e-06	-3.201349e-06	-2.883934e-09	-2.330240e+01	-1.948944e+02
6.140000e-06	-3.248843e-06	-2.958205e-09	-2.364810e+01	-1.998375e+02
6.150000e-06	-3.296077e-06	-3.031309e-09	-2.399192e+01	-2.047043e+02
6.160000e-06	-3.343085e-06	-3.101523e-09	-2.433409e+01	-2.094952e+02
6.170000e-06	-3.389798e-06	-3.171282e-09	-2.467411e+01	-2.142111e+02
6.180000e-06	-3.436323e-06	-3.242421e-09	-2.501276e+01	-2.188532e+02
6.190000e-06	-3.482769e-06	-3.314576e-09	-2.535083e+01	-2.234228e+02
6.200000e-06	-3.529056e-06	-3.385010e-09	-2.568776e+01	-2.279215e+02
6.210000e-06	-3.575079e-06	-3.451010e-09	-2.602276e+01	-2.323509e+02
6.220000e-06	-3.620908e-06	-3.515777e-09	-2.635634e+01	-2.367128e+02
6.230000e-06	-3.666629e-06	-3.580127e-09	-2.668914e+01	-2.410088e+02
6.240000e-06	-3.712082e-06	-3.644450e-09	-2.701999e+01	-2.452403e+02
6.250000e-06	-3.757225e-06	-3.705811e-09	-2.734858e+01	-2.494089e+02
6.260000e-06	-3.802035e-06	-3.769281e-09	-2.767475e+01	-2.535158e+02
6.270000e-06	-3.846578e-06	-3.833246e-09	-2.799898e+01	-2.575621e+02
6.280000e-06	-3.891005e-06	-3.894266e-09	-2.832235e+01	-2.615485e+02
6.290000e-06	-3.935283e-06	-3.954096e-09	-2.864466e+01	-2.654756e+02
6.300000e-06	-3.979358e-06	-4.013068e-09	-2.896547e+01	-2.693439e+02
6.310000e-06	-4.023156e-06	-4.072979e-09	-2.928427e+01	-2.731534e+02
6.320000e-06	-4.066682e-06	-4.131752e-09	-2.960110e+01	-2.769039e+02
6.330000e-06	-4.110038e-06	-4.186742e-09	-2.991668e+01	-2.805954e+02
6.340000e-06	-4.153172e-06	-4.244561e-09	-3.023065e+01	-2.842274e+02
6.350000e-06	-4.196002e-06	-4.303174e-09	-3.054241e+01	-2.877993e+02
6.360000e-06	-4.238535e-06	-4.359496e-09	-3.085201e+01	-2.913106e+02
6.370000e-06	-4.280709e-06	-4.411837e-09	-3.115898e+01	-2.947608e+02
6.380000e-06	-4.322588e-06	-4.461704e-09	-3.146382e+01	-2.981492e+02
6.390000e-06	-4.364214e-06	-4.513807e-09	-3.176681e+01	-3.014755e+02
6.400000e-06	-4.405565e-06	-4.569663e-09	-3.206781e+01	-3.047393e+02
6.410000e-06	-4.446610e-06	-4.625509e-09	-3.236657e+01	-3.079405e+02
6.420000e-06	-4.487315e-06	-4.673357e-09	-3.266286e+01	-3.110791e+02
6.430000e-06	-4.527811e-06	-4.717704e-09	-3.295762e+01	-3.141553e+02
6.440000e-06	-4.568072e-06	-4.768065e-09	-3.325068e+01	-3.171697e+02
6.450000e-06	-4.608068e-06	-4.820820e-09	-3.354181e+01	-3.201231e+02
6.460000e-06	-4.647851e-06	-4.867395e-09	-3.383139e+01	-3.230164e+02
6.470000e-06	-4.687346e-06	-4.910126e-09	-3.411887e+01	-3.258508e+02
6.480000e-06	-4.726346e-06	-4.955253e-09	-3.440274e+01	-3.286280e+02
6.490000e-06	-4.764695e-06	-5.002846e-09	-3.468189e+01	-3.313495e+02
6.500000e-06	-4.802538e-06	-5.045394e-09	-3.495734e+01	-3.340171e+02
6.510000e-06	-4.840005e-06	-5.088336e-09	-3.523006e+01	-3.366329e+02
6.520000e-06	-4.877037e-06	-5.131721e-09	-3.549962e+01	-3.391989e+02
6.530000e-06	-4.913720e-06	-5.172926e-09	-3.576663e+01	-3.417171e+02
6.540000e-06	-4.950103e-06	-5.211262e-09	-3.603146e+01	-3.441895e+02
6.550000e-06	-4.986228e-06	-5.250458e-09	-3.629441e+01	-3.466182e+02
6.560000e-06	-5.022121e-06	-5.291457e-09	-3.655567e+01	-3.490049e+02
6.570000e-06	-5.057674e-06	-5.328366e-09	-3.681446e+01	-3.513512e+02
6.580000e-06	-5.092769e-06	-5.359887e-09	-3.706991e+01	-3.536588e+02
6.590000e-06	-5.127461e-06	-5.393597e-09	-3.732244e+01	-3.559287e+02
6.600000e-06	-5.161891e-06	-5.430737e-09	-3.757305e+01	-3.581618e+02
6.610000e-06	-5.195968e-06	-5.464947e-09	-3.782110e+01	-3.603589e+02
6.620000e-06	-5.229683e-06	-5.495095e-09	-3.806650e+01	-3.625203e+02
6.630000e-06	-5.263029e-06	-5.526708e-09	-3.830922e+01	-3.646459e+02
6.640000e-06	-5.295959e-06	-5.562416e-09	-3.854892e+01	-3.667357e+02
6.650000e-06	-5.328530e-06	-5.597326e-09	-3.878601e+01	-3.687890e+02
6.660000e-06	-5.360819e-06	-5.626891e-09	-3.902103e+01	-3.708052e+02
6.670000e-06	-5.392864e-06	-5.654207e-09	-3.925429e+01	-3.727833e+02
6.680000e-06	-5.424623e-06	-5.684725e-09	-3.948546e+01	-3.747223e+02
6.690000e-06	-5.455989e-06	-5.716347e-09	-3.971377e+01	-3.766209e+02
6.700000e-06	-5.486839e-06	-5.745102e-09	-3.993832e+01	-3.784781e+02
6.710000e-06	-5.517124e-06	-5.769061e-09	-4.015877e+01	-3.802925e+02
6.720000e-06	-5.546759e-06	-5.791730e-09	-4.037448e+01	-3.820631e+02
6.730000e-06	-5.575754e-06	-5.816529e-09	-4.058553e+01	-3.837889e+02
6.740000e-06	-5.604320e-06	-5.842585e-09	-4.079346e+01	-3.854691e+02
6.750000e-06	-5.632622e-06	-5.866833e-09	-4.099947e+01	-3.871030e+02
6.760000e-06	-5.660757e-06	-5.890787e-09	-4.120426e+01	-3.886905e+02
6.770000e-06	-5.688659e-06	-5.913234e-09	-4.140736e+01	-3.902314e+02
6.780000e-06	-5.716126e-06	-5.934195e-09	-4.160729e+01	-3.917261e+02
6.790000e-06	-5.743194e-06	-5.954001e-09	-4.180431e+01	-3.931753e+02
6.800000e-06	-5.769894e-06	-5.971725e-09	-4.199866e+01	-3.945798e+02
6.810000e-06	-5.796104e-06	-5.988433e-09	-4.218944e+01	-3.959410e+02
6.820000e-06	-5.821914e-06	-6.006308e-09	-4.237731e+01	-3.972605e+02
6.830000e-06	-5.847372e-06	-6.023097e-09	-4.256262e+01	-3.985401e+02
6.840000e-06	-5.872350e-06	-6.039511e-09	-4.274443e+01	-3.997820e+02
6.850000e-06	-5.896911e-06	-6.056520e-09	-4.292321e+01	-4.009883e+02
6.860000e-06	-5.921208e-06	-6.072532e-09	-4.310007e+01	-4.021616e+02
6.870000e-06	-5.945271e-06	-6.088013e-09	-4.327522e+01	-4.033041e+02
6.880000e-06	-5.969048e-06	-6.102494e-09	-4.344829e+01	-4.044184e+02
6.890000e-06	-5.992300e-06	-6.117149e-09	-4.361754e+01	-4.055068e+02
6.900000e-06	-6.014917e-06	-6.130604e-09	-4.378217e+01	-4.065717e+02
6.910000e-06	-6.036820e-06	-6.142947e-09	-4.394160e+01	-4.076149e+02
6.920000e-06	-6.058017e-06	-6.157348e-09	-4.409589e+01	-4.086383e+02
6.930000e-06	-6.078753e-06	-6.172006e-09	-4.424682e+01	-4.096434e+02
6.940000e-06	-6.099170e-06	-6.184362e-09	-4.439544e+01	-4.106313e+02
6.950000e-06	-6.119332e-06	-6.197317e-09	-4.454220e+01	-4.116028e+02
6.960000e-06	-6.139219e-06	-6.210567e-09	-4.468695e+01	-4.125584e+02
6.970000e-06	-6.158801e-06	-6.222303e-09	-4.482949e+01	-4.134979e+02
6.980000e-06	-6.177881e-06	-6.231817e-09	-4.496837e+01	-4.144211e+02
6.990000e-06	-6.196429e-06	-6.240987e-09	-4.510338e+01	-4.153272e+02
7.000000e-06	-6.214585e-06	-6.250587e-09	-4.523554e+01	-4.162150e+02
7.010000e-06	-6.232383e-06	-6.262287e-09	-4.536509e+01	-4.170832e+02
7.020000e-06	-6.249735e-06	-6.275623e-09	-4.549139e+01	-4.179302e+02
7.030000e-06	-6.266623e-06	-6.284765e-09	-4.561432e+01	-4.187541e+02
7.040000e-06	-6.283115e-06	-6.288654e-09	-4.573436e+01	-4.195530e+02
7.050000e-06	-6.299313e-06	-6.293944e-09	-4.585226e+01	-4.203250e+02
7.060000e-06	-6.315284e-06	-6.302780e-09	-4.596852e+01	-4.210681e+02
7.070000e-06	-6.330778e-06	-6.311363e-09	-4.608130e+01	-4.217804e+02
7.080000e-06	-6.345571e-06	-6.316454e-09	-4.618897e+01	-4.224604e+02
7.090000e-06	-6.359515e-06	-6.321073e-09	-4.629047e+01	-4.231065e+02
7.100000e-06	-6.372713e-06	-6.329115e-09	-4.638654e+01	-4.237177e+02
7.110000e-06	-6.385437e-06	-6.338638e-09	-4.647916e+01	-4.242933e+02
7.120000e-06	-6.397713e-06	-6.346983e-09	-4.656852e+01	-4.248328e+02
7.130000e-06	-6.409561e-06	-6.351316e-09	-4.665475e+01	-4.253363e+02
7.140000e-06	-6.420913e-06	-6.355468e-09	-4.673738e+01	-4.258044e+02
7.150000e-06	-6.431737e-06	-6.362673e-09	-4.681618e+01	-4.262379e+02
7.160000e-06	-6.442199e-06	-6.369577e-09	-4.689232e+01	-4.266384e+02
7.170000e-06	-6.452271e-06	-6.373399e-09	-4.696564e+01	-4.270075e+02
7.180000e-06	-6.461864e-06	-6.377060e-09	-4.703546e+01	-4.273474e+02
7.190000e-06	-6.470987e-06	-6.382701e-09	-4.710187e+01	-4.276606e+02
7.200000e-06	-6.479719e-06	-6.388117e-09	-4.716543e+01	-4.279498e+02
7.210000e-06	-6.488129e-06	-6.391560e-09	-4.722664e+01	-4.282179e+02
7.220000e-06	-6.496275e-06	-6.392861e-09	-4.728594e+01	-4.284678e+02
7.230000e-06	-6.504076e-06	-6.397044e-09	-4.734272e+01	-4.287025e+02
7.240000e-06	-6.511369e-06	-6.403085e-09	-4.739581e+01	-4.289250e+02
7.250000e-06	-6.517954e-06	-6.406071e-09	-4.744374e+01	-4.291380e+02
7.260000e-06	-6.523816e-06	-6.406687e-09	-4.748641e+01	-4.293439e+02
7.270000e-06	-6.529102e-06	-6.407216e-09	-4.752488e+01	-4.295450e+02
7.280000e-06	-6.533833e-06	-6.410686e-09	-4.755932e+01	-4.297431e+02
7.290000e-06	-6.538200e-06	-6.411144e-09	-4.759111e+01	-4.299394e+02
7.300000e-06	-6.542319e-06	-6.410835e-09	-4.762109e+01	-4.301349e+02
7.310000e-06	-6.546009e-06	-6.415322e-09	-4.764795e+01	-4.303298e+02
7.320000e-06	-6.549148e-06	-6.420493e-09	-4.767080e+01	-4.305239e+02
7.330000e-06	-6.551809e-06	-6.422039e-09	-4.769017e+01	-4.307165e+02
7.340000e-06	-6.554123e-06	-6.419311e-09	-4.770701e+01	-4.309062e+02
7.350000e-06	-6.556156e-06	-6.417530e-09	-4.772181e+01	-4.310913e+02
7.360000e-06	-6.557676e-06	-6.414946e-09	-4.773288e+01	-4.312695e+02
7.370000e-06	-6.558634e-06	-6.413636e-09	-4.773984e+01	-4.314383e+02
7.380000e-06	-6.559274e-06	-6.411415e-09	-4.774451e+01	-4.315947e+02
