# Temperatura_=_20.0
# Concentracion g/m^3_=_12600.0
# C_Vs_to_Am_M_A/Vsm_=_65563218390.804596
# pendiente_HvsI_1/m_=_3716.3
# ordenada_HvsI_A/m_=_1297.0
# frecuencia_Hz_=_213005.9630476716

Tiempo_(s)	Campo_(V.s)	Magnetizacion_(V.s)	Campo_(kA/m)	Magnetizacion_(A/m)
0.000000e+00	-3.999073e-06	-2.615788e-09	-2.910677e+01	-1.712842e+02
1.000000e-08	-3.999239e-06	-2.618698e-09	-2.910798e+01	-1.713265e+02
2.000000e-08	-3.998805e-06	-2.618152e-09	-2.910482e+01	-1.713419e+02
3.000000e-08	-3.997465e-06	-2.615103e-09	-2.909507e+01	-1.713285e+02
4.000000e-08	-3.995101e-06	-2.613623e-09	-2.907786e+01	-1.712845e+02
5.000000e-08	-3.991969e-06	-2.612380e-09	-2.905507e+01	-1.712089e+02
6.000000e-08	-3.988299e-06	-2.607911e-09	-2.902836e+01	-1.711010e+02
7.000000e-08	-3.984078e-06	-2.599337e-09	-2.899764e+01	-1.709605e+02
8.000000e-08	-3.979188e-06	-2.602386e-09	-2.896204e+01	-1.707883e+02
9.000000e-08	-3.973493e-06	-2.641171e-09	-2.892059e+01	-1.705856e+02
1.000000e-07	-3.966900e-06	-2.653199e-09	-2.887261e+01	-1.703546e+02
1.100000e-07	-3.959627e-06	-2.550816e-09	-2.881967e+01	-1.700979e+02
1.200000e-07	-3.952007e-06	-2.515052e-09	-2.876421e+01	-1.698187e+02
1.300000e-07	-3.943837e-06	-2.595236e-09	-2.870474e+01	-1.695208e+02
1.400000e-07	-3.934711e-06	-2.671662e-09	-2.863832e+01	-1.692077e+02
1.500000e-07	-3.924651e-06	-2.566219e-09	-2.856510e+01	-1.688834e+02
1.600000e-07	-3.913825e-06	-2.566291e-09	-2.848631e+01	-1.685514e+02
1.700000e-07	-3.902077e-06	-2.610588e-09	-2.840080e+01	-1.682147e+02
1.800000e-07	-3.889428e-06	-2.521950e-09	-2.830873e+01	-1.678759e+02
1.900000e-07	-3.876295e-06	-2.617277e-09	-2.821315e+01	-1.675367e+02
2.000000e-07	-3.862511e-06	-2.679326e-09	-2.811282e+01	-1.671980e+02
2.100000e-07	-3.847425e-06	-2.502734e-09	-2.800302e+01	-1.668598e+02
2.200000e-07	-3.831299e-06	-2.433523e-09	-2.788565e+01	-1.665210e+02
2.300000e-07	-3.814667e-06	-2.672485e-09	-2.776460e+01	-1.661797e+02
2.400000e-07	-3.797484e-06	-2.663211e-09	-2.763953e+01	-1.658332e+02
2.500000e-07	-3.779648e-06	-2.439902e-09	-2.750972e+01	-1.654779e+02
2.600000e-07	-3.761133e-06	-2.515126e-09	-2.737496e+01	-1.651100e+02
2.700000e-07	-3.742021e-06	-2.645696e-09	-2.723585e+01	-1.647251e+02
2.800000e-07	-3.722495e-06	-2.540645e-09	-2.709373e+01	-1.643188e+02
2.900000e-07	-3.702498e-06	-2.478481e-09	-2.694819e+01	-1.638869e+02
3.000000e-07	-3.681801e-06	-2.519395e-09	-2.679755e+01	-1.634255e+02
3.100000e-07	-3.660431e-06	-2.540198e-09	-2.664201e+01	-1.629309e+02
3.200000e-07	-3.638453e-06	-2.499035e-09	-2.648204e+01	-1.624006e+02
3.300000e-07	-3.615847e-06	-2.440217e-09	-2.631751e+01	-1.618323e+02
3.400000e-07	-3.592688e-06	-2.469279e-09	-2.614895e+01	-1.612249e+02
3.500000e-07	-3.569064e-06	-2.539393e-09	-2.597701e+01	-1.605781e+02
3.600000e-07	-3.544799e-06	-2.468067e-09	-2.580040e+01	-1.598922e+02
3.700000e-07	-3.519711e-06	-2.362400e-09	-2.561780e+01	-1.591684e+02
3.800000e-07	-3.493725e-06	-2.446979e-09	-2.542866e+01	-1.584085e+02
3.900000e-07	-3.466900e-06	-2.488833e-09	-2.523342e+01	-1.576148e+02
4.000000e-07	-3.439533e-06	-2.421533e-09	-2.503423e+01	-1.567897e+02
4.100000e-07	-3.411749e-06	-2.383113e-09	-2.483200e+01	-1.559360e+02
4.200000e-07	-3.383420e-06	-2.349395e-09	-2.462582e+01	-1.550563e+02
4.300000e-07	-3.354446e-06	-2.375694e-09	-2.441493e+01	-1.541531e+02
4.400000e-07	-3.324906e-06	-2.421518e-09	-2.419993e+01	-1.532286e+02
4.500000e-07	-3.294851e-06	-2.365782e-09	-2.398118e+01	-1.522846e+02
4.600000e-07	-3.264205e-06	-2.277871e-09	-2.375813e+01	-1.513224e+02
4.700000e-07	-3.233044e-06	-2.280427e-09	-2.353132e+01	-1.503428e+02
4.800000e-07	-3.201539e-06	-2.348680e-09	-2.330202e+01	-1.493463e+02
4.900000e-07	-3.169701e-06	-2.334736e-09	-2.307029e+01	-1.483328e+02
5.000000e-07	-3.137248e-06	-2.246003e-09	-2.283409e+01	-1.473018e+02
5.100000e-07	-3.103884e-06	-2.203383e-09	-2.259125e+01	-1.462528e+02
5.200000e-07	-3.069557e-06	-2.238881e-09	-2.234140e+01	-1.451848e+02
5.300000e-07	-3.034498e-06	-2.268447e-09	-2.208623e+01	-1.440971e+02
5.400000e-07	-2.999047e-06	-2.208146e-09	-2.182820e+01	-1.429888e+02
5.500000e-07	-2.963295e-06	-2.154610e-09	-2.156798e+01	-1.418592e+02
5.600000e-07	-2.927098e-06	-2.156042e-09	-2.130453e+01	-1.407079e+02
5.700000e-07	-2.890337e-06	-2.150428e-09	-2.103697e+01	-1.395348e+02
5.800000e-07	-2.853119e-06	-2.140790e-09	-2.076608e+01	-1.383398e+02
5.900000e-07	-2.815419e-06	-2.122337e-09	-2.049169e+01	-1.371234e+02
6.000000e-07	-2.777087e-06	-2.089421e-09	-2.021269e+01	-1.358862e+02
6.100000e-07	-2.738237e-06	-2.050084e-09	-1.992993e+01	-1.346289e+02
6.200000e-07	-2.699008e-06	-2.038550e-09	-1.964440e+01	-1.333524e+02
6.300000e-07	-2.659529e-06	-2.054436e-09	-1.935706e+01	-1.320576e+02
6.400000e-07	-2.619798e-06	-2.033278e-09	-1.906789e+01	-1.307453e+02
6.500000e-07	-2.579570e-06	-1.980163e-09	-1.877509e+01	-1.294164e+02
6.600000e-07	-2.538726e-06	-1.937254e-09	-1.847781e+01	-1.280712e+02
6.700000e-07	-2.497203e-06	-1.941876e-09	-1.817559e+01	-1.267101e+02
6.800000e-07	-2.454965e-06	-1.963954e-09	-1.786817e+01	-1.253331e+02
6.900000e-07	-2.412108e-06	-1.921936e-09	-1.755624e+01	-1.239397e+02
7.000000e-07	-2.368780e-06	-1.851107e-09	-1.724088e+01	-1.225294e+02
7.100000e-07	-2.325202e-06	-1.828415e-09	-1.692370e+01	-1.211014e+02
7.200000e-07	-2.281402e-06	-1.855032e-09	-1.660491e+01	-1.196547e+02
7.300000e-07	-2.237200e-06	-1.850508e-09	-1.628319e+01	-1.181880e+02
7.400000e-07	-2.192547e-06	-1.779773e-09	-1.595819e+01	-1.167002e+02
7.500000e-07	-2.147481e-06	-1.730075e-09	-1.563019e+01	-1.151901e+02
7.600000e-07	-2.102077e-06	-1.734720e-09	-1.529972e+01	-1.136568e+02
7.700000e-07	-2.056369e-06	-1.744312e-09	-1.496703e+01	-1.120994e+02
7.800000e-07	-2.010290e-06	-1.712001e-09	-1.463165e+01	-1.105173e+02
7.900000e-07	-1.963817e-06	-1.651492e-09	-1.429341e+01	-1.089100e+02
8.000000e-07	-1.917001e-06	-1.618501e-09	-1.395266e+01	-1.072777e+02
8.100000e-07	-1.869890e-06	-1.614568e-09	-1.360977e+01	-1.056204e+02
8.200000e-07	-1.822529e-06	-1.608053e-09	-1.326506e+01	-1.039386e+02
8.300000e-07	-1.774966e-06	-1.571574e-09	-1.291888e+01	-1.022329e+02
8.400000e-07	-1.727115e-06	-1.517940e-09	-1.257060e+01	-1.005042e+02
8.500000e-07	-1.678868e-06	-1.491292e-09	-1.221944e+01	-9.875316e+01
8.600000e-07	-1.630220e-06	-1.484406e-09	-1.186536e+01	-9.698077e+01
8.700000e-07	-1.581157e-06	-1.469687e-09	-1.150826e+01	-9.518774e+01
8.800000e-07	-1.531633e-06	-1.431664e-09	-1.114781e+01	-9.337471e+01
8.900000e-07	-1.481544e-06	-1.384562e-09	-1.078324e+01	-9.154213e+01
9.000000e-07	-1.431102e-06	-1.356415e-09	-1.041610e+01	-8.969027e+01
9.100000e-07	-1.380356e-06	-1.340742e-09	-1.004675e+01	-8.781914e+01
9.200000e-07	-1.329184e-06	-1.323764e-09	-9.674308e+00	-8.592857e+01
9.300000e-07	-1.277763e-06	-1.284976e-09	-9.300047e+00	-8.401818e+01
9.400000e-07	-1.226172e-06	-1.231545e-09	-8.924547e+00	-8.208746e+01
9.500000e-07	-1.174387e-06	-1.202092e-09	-8.547633e+00	-8.013578e+01
9.600000e-07	-1.122399e-06	-1.196885e-09	-8.169246e+00	-7.816248e+01
9.700000e-07	-1.070203e-06	-1.181934e-09	-7.789342e+00	-7.616694e+01
9.800000e-07	-1.017771e-06	-1.133726e-09	-7.407724e+00	-7.414858e+01
9.900000e-07	-9.650850e-07	-1.081900e-09	-7.024256e+00	-7.210701e+01
1.000000e-06	-9.122138e-07	-1.062894e-09	-6.639439e+00	-7.004199e+01
1.010000e-06	-8.593033e-07	-1.055323e-09	-6.254336e+00	-6.795349e+01
1.020000e-06	-8.063138e-07	-1.022737e-09	-5.868658e+00	-6.584171e+01
1.030000e-06	-7.531602e-07	-9.625276e-10	-5.481786e+00	-6.370708e+01
1.040000e-06	-6.998715e-07	-9.164202e-10	-5.093931e+00	-6.155020e+01
1.050000e-06	-6.464488e-07	-9.037781e-10	-4.705100e+00	-5.937186e+01
1.060000e-06	-5.929075e-07	-8.882560e-10	-4.315406e+00	-5.717296e+01
1.070000e-06	-5.393027e-07	-8.458438e-10	-3.925250e+00	-5.495449e+01
1.080000e-06	-4.855423e-07	-7.911853e-10	-3.533961e+00	-5.271744e+01
1.090000e-06	-4.316887e-07	-7.568717e-10	-3.141994e+00	-5.046278e+01
1.100000e-06	-3.778220e-07	-7.420117e-10	-2.749932e+00	-4.819140e+01
1.110000e-06	-3.238983e-07	-7.140855e-10	-2.357455e+00	-4.590409e+01
1.120000e-06	-2.699723e-07	-6.664160e-10	-1.964961e+00	-4.360148e+01
1.130000e-06	-2.159611e-07	-6.150170e-10	-1.571847e+00	-4.128407e+01
1.140000e-06	-1.618635e-07	-5.830398e-10	-1.178104e+00	-3.895222e+01
1.150000e-06	-1.077701e-07	-5.645450e-10	-7.843916e-01	-3.660614e+01
1.160000e-06	-5.365594e-08	-5.333529e-10	-3.905283e-01	-3.424597e+01
1.170000e-06	4.855646e-10	-4.860874e-10	3.534124e-03	-3.187175e+01
1.180000e-06	5.472634e-08	-4.379623e-10	3.983191e-01	-2.948352e+01
1.190000e-06	1.089818e-07	-4.068372e-10	7.932111e-01	-2.708132e+01
1.200000e-06	1.630873e-07	-3.817763e-10	1.187012e+00	-2.466524e+01
1.210000e-06	2.171289e-07	-3.428211e-10	1.580346e+00	-2.223545e+01
1.220000e-06	2.711212e-07	-2.923359e-10	1.973323e+00	-1.979220e+01
1.230000e-06	3.251081e-07	-2.426860e-10	2.366260e+00	-1.733588e+01
1.240000e-06	3.790788e-07	-2.093321e-10	2.759079e+00	-1.486695e+01
1.250000e-06	4.329168e-07	-1.821237e-10	3.150933e+00	-1.238598e+01
1.260000e-06	4.866190e-07	-1.407823e-10	3.541798e+00	-9.893566e+00
1.270000e-06	5.402071e-07	-9.140233e-11	3.931833e+00	-7.390360e+00
1.280000e-06	5.937967e-07	-4.898871e-11	4.321878e+00	-4.876977e+00
1.290000e-06	6.473471e-07	-2.030946e-11	4.711638e+00	-2.353978e+00
1.300000e-06	7.007285e-07	1.169771e-11	5.100168e+00	1.781763e-01
1.310000e-06	7.539694e-07	5.844644e-11	5.487676e+00	2.719157e+00
1.320000e-06	8.070734e-07	1.082204e-10	5.874187e+00	5.268789e+00
1.330000e-06	8.600196e-07	1.482021e-10	6.259549e+00	7.827061e+00
1.340000e-06	9.127843e-07	1.771469e-10	6.643591e+00	1.039412e+01
1.350000e-06	9.653083e-07	2.122128e-10	7.025880e+00	1.297026e+01
1.360000e-06	1.017616e-06	2.602518e-10	7.406598e+00	1.555586e+01
1.370000e-06	1.069759e-06	3.074496e-10	7.786111e+00	1.815139e+01
1.380000e-06	1.121730e-06	3.442711e-10	8.164379e+00	2.075730e+01
1.390000e-06	1.173513e-06	3.762760e-10	8.541274e+00	2.337398e+01
1.400000e-06	1.225059e-06	4.187966e-10	8.916447e+00	2.600171e+01
1.410000e-06	1.276364e-06	4.696347e-10	9.289865e+00	2.864058e+01
1.420000e-06	1.327525e-06	5.144510e-10	9.662231e+00	3.129044e+01
1.430000e-06	1.378436e-06	5.508349e-10	1.003278e+01	3.395086e+01
1.440000e-06	1.428924e-06	5.865342e-10	1.040025e+01	3.662112e+01
1.450000e-06	1.478938e-06	6.301284e-10	1.076427e+01	3.930013e+01
1.460000e-06	1.528460e-06	6.758653e-10	1.112471e+01	4.198654e+01
1.470000e-06	1.577594e-06	7.167465e-10	1.148233e+01	4.467867e+01
1.480000e-06	1.626279e-06	7.542412e-10	1.183668e+01	4.737459e+01
1.490000e-06	1.674500e-06	7.922393e-10	1.218765e+01	5.007216e+01
1.500000e-06	1.722385e-06	8.363796e-10	1.253617e+01	5.276909e+01
1.510000e-06	1.770023e-06	8.826148e-10	1.288290e+01	5.546301e+01
1.520000e-06	1.817491e-06	9.264495e-10	1.322839e+01	5.815151e+01
1.530000e-06	1.864785e-06	9.668407e-10	1.357261e+01	6.083223e+01
1.540000e-06	1.911828e-06	1.005904e-09	1.391501e+01	6.350292e+01
1.550000e-06	1.958564e-06	1.049538e-09	1.425517e+01	6.616142e+01
1.560000e-06	2.004903e-06	1.092201e-09	1.459244e+01	6.880578e+01
1.570000e-06	2.050782e-06	1.129805e-09	1.492637e+01	7.143417e+01
1.580000e-06	2.096287e-06	1.164883e-09	1.525757e+01	7.404499e+01
1.590000e-06	2.141442e-06	1.202234e-09	1.558623e+01	7.663675e+01
1.600000e-06	2.186233e-06	1.244070e-09	1.591224e+01	7.920813e+01
1.610000e-06	2.230638e-06	1.284385e-09	1.623543e+01	8.175789e+01
1.620000e-06	2.274676e-06	1.319688e-09	1.655596e+01	8.428484e+01
1.630000e-06	2.318399e-06	1.352737e-09	1.687419e+01	8.678785e+01
1.640000e-06	2.361867e-06	1.389282e-09	1.719057e+01	8.926572e+01
1.650000e-06	2.405128e-06	1.428723e-09	1.750544e+01	9.171726e+01
1.660000e-06	2.448114e-06	1.464780e-09	1.781830e+01	9.414116e+01
1.670000e-06	2.490523e-06	1.497281e-09	1.812697e+01	9.653607e+01
1.680000e-06	2.532089e-06	1.529860e-09	1.842951e+01	9.890057e+01
1.690000e-06	2.572901e-06	1.564073e-09	1.872655e+01	1.012331e+02
1.700000e-06	2.613115e-06	1.598380e-09	1.901924e+01	1.035323e+02
1.710000e-06	2.652910e-06	1.632697e-09	1.930888e+01	1.057965e+02
1.720000e-06	2.692393e-06	1.664135e-09	1.959626e+01	1.080243e+02
1.730000e-06	2.731494e-06	1.692425e-09	1.988085e+01	1.102143e+02
1.740000e-06	2.770173e-06	1.723656e-09	2.016237e+01	1.123652e+02
1.750000e-06	2.808440e-06	1.758363e-09	2.044089e+01	1.144760e+02
1.760000e-06	2.846240e-06	1.790870e-09	2.071602e+01	1.165457e+02
1.770000e-06	2.883503e-06	1.819468e-09	2.098723e+01	1.185738e+02
1.780000e-06	2.920249e-06	1.845359e-09	2.125468e+01	1.205596e+02
1.790000e-06	2.956495e-06	1.871660e-09	2.151850e+01	1.225030e+02
1.800000e-06	2.992294e-06	1.900832e-09	2.177905e+01	1.244038e+02
1.810000e-06	3.027778e-06	1.928865e-09	2.203732e+01	1.262622e+02
1.820000e-06	3.062927e-06	1.953737e-09	2.229315e+01	1.280784e+02
1.830000e-06	3.097527e-06	1.976889e-09	2.254498e+01	1.298526e+02
1.840000e-06	3.131269e-06	2.002149e-09	2.279056e+01	1.315853e+02
1.850000e-06	3.164077e-06	2.028338e-09	2.302935e+01	1.332767e+02
1.860000e-06	3.196200e-06	2.050924e-09	2.326316e+01	1.349272e+02
1.870000e-06	3.227857e-06	2.071046e-09	2.349357e+01	1.365370e+02
1.880000e-06	3.259099e-06	2.092928e-09	2.372096e+01	1.381062e+02
1.890000e-06	3.289867e-06	2.115990e-09	2.394491e+01	1.396351e+02
1.900000e-06	3.320111e-06	2.137218e-09	2.416503e+01	1.411235e+02
1.910000e-06	3.349748e-06	2.156695e-09	2.438074e+01	1.425716e+02
1.920000e-06	3.378751e-06	2.176074e-09	2.459184e+01	1.439793e+02
1.930000e-06	3.407186e-06	2.196026e-09	2.479880e+01	1.453466e+02
1.940000e-06	3.435123e-06	2.215936e-09	2.500213e+01	1.466735e+02
1.950000e-06	3.462656e-06	2.233741e-09	2.520252e+01	1.479602e+02
1.960000e-06	3.489757e-06	2.250884e-09	2.539978e+01	1.492069e+02
1.970000e-06	3.516177e-06	2.270042e-09	2.559208e+01	1.504140e+02
1.980000e-06	3.541606e-06	2.287948e-09	2.577715e+01	1.515821e+02
1.990000e-06	3.566054e-06	2.303085e-09	2.595509e+01	1.527119e+02
2.000000e-06	3.589803e-06	2.319824e-09	2.612795e+01	1.538040e+02
2.010000e-06	3.613029e-06	2.336747e-09	2.629699e+01	1.548594e+02
2.020000e-06	3.635674e-06	2.351745e-09	2.646182e+01	1.558789e+02
2.030000e-06	3.657689e-06	2.365318e-09	2.662205e+01	1.568636e+02
2.040000e-06	3.679123e-06	2.377909e-09	2.677806e+01	1.578142e+02
2.050000e-06	3.699990e-06	2.391268e-09	2.692993e+01	1.587314e+02
2.060000e-06	3.720275e-06	2.405173e-09	2.707758e+01	1.596158e+02
2.070000e-06	3.740019e-06	2.418998e-09	2.722128e+01	1.604679e+02
2.080000e-06	3.759336e-06	2.431232e-09	2.736188e+01	1.612877e+02
2.090000e-06	3.778075e-06	2.443558e-09	2.749827e+01	1.620751e+02
2.100000e-06	3.796017e-06	2.456735e-09	2.762885e+01	1.628301e+02
2.110000e-06	3.813197e-06	2.468999e-09	2.775390e+01	1.635521e+02
2.120000e-06	3.829788e-06	2.479154e-09	2.787466e+01	1.642405e+02
2.130000e-06	3.845799e-06	2.487474e-09	2.799119e+01	1.648949e+02
2.140000e-06	3.861014e-06	2.494903e-09	2.810192e+01	1.655147e+02
2.150000e-06	3.875349e-06	2.501692e-09	2.820626e+01	1.660993e+02
2.160000e-06	3.888998e-06	2.508088e-09	2.830561e+01	1.666486e+02
2.170000e-06	3.902001e-06	2.514997e-09	2.840025e+01	1.671625e+02
2.180000e-06	3.914248e-06	2.523020e-09	2.848938e+01	1.676413e+02
2.190000e-06	3.925808e-06	2.532547e-09	2.857352e+01	1.680856e+02
2.200000e-06	3.936617e-06	2.540772e-09	2.865220e+01	1.684965e+02
2.210000e-06	3.946317e-06	2.546813e-09	2.872279e+01	1.688751e+02
2.220000e-06	3.954958e-06	2.553427e-09	2.878569e+01	1.692231e+02
2.230000e-06	3.962926e-06	2.559506e-09	2.884368e+01	1.695423e+02
2.240000e-06	3.970307e-06	2.564127e-09	2.889741e+01	1.698346e+02
2.250000e-06	3.977089e-06	2.567440e-09	2.894677e+01	1.701019e+02
2.260000e-06	3.983247e-06	2.570118e-09	2.899159e+01	1.703462e+02
2.270000e-06	3.988708e-06	2.573152e-09	2.903133e+01	1.705691e+02
2.280000e-06	3.993458e-06	2.576668e-09	2.906591e+01	1.707719e+02
2.290000e-06	3.997560e-06	2.578504e-09	2.909576e+01	1.709555e+02
2.300000e-06	4.001129e-06	2.579300e-09	2.912174e+01	1.711205e+02
2.310000e-06	4.004095e-06	2.582019e-09	2.914333e+01	1.712667e+02
2.320000e-06	4.006211e-06	2.586613e-09	2.915873e+01	1.713937e+02
2.330000e-06	4.007364e-06	2.589662e-09	2.916712e+01	1.715004e+02
2.340000e-06	4.007657e-06	2.590683e-09	2.916925e+01	1.715853e+02
2.350000e-06	4.007349e-06	2.591237e-09	2.916701e+01	1.716466e+02
2.360000e-06	4.006518e-06	2.591164e-09	2.916096e+01	1.716825e+02
2.370000e-06	4.005043e-06	2.590544e-09	2.915023e+01	1.716910e+02
2.380000e-06	4.002932e-06	2.591109e-09	2.913486e+01	1.716702e+02
2.390000e-06	4.000192e-06	2.590805e-09	2.911492e+01	1.716186e+02
2.400000e-06	3.996773e-06	2.590786e-09	2.909003e+01	1.715351e+02
2.410000e-06	3.992785e-06	2.598250e-09	2.906101e+01	1.714191e+02
2.420000e-06	3.988381e-06	2.601092e-09	2.902895e+01	1.712708e+02
2.430000e-06	3.983375e-06	2.545773e-09	2.899252e+01	1.710909e+02
2.440000e-06	3.977309e-06	2.513046e-09	2.894837e+01	1.708810e+02
2.450000e-06	3.969993e-06	2.624512e-09	2.889512e+01	1.706434e+02
2.460000e-06	3.961855e-06	2.657635e-09	2.883588e+01	1.703809e+02
2.470000e-06	3.953444e-06	2.569822e-09	2.877467e+01	1.700969e+02
2.480000e-06	3.944606e-06	2.473894e-09	2.871034e+01	1.697949e+02
2.490000e-06	3.934796e-06	2.565512e-09	2.863894e+01	1.694789e+02
2.500000e-06	3.924201e-06	2.561523e-09	2.856183e+01	1.691524e+02
2.510000e-06	3.913311e-06	2.520260e-09	2.848257e+01	1.688191e+02
2.520000e-06	3.901724e-06	2.610506e-09	2.839823e+01	1.684818e+02
2.530000e-06	3.888985e-06	2.523889e-09	2.830551e+01	1.681429e+02
2.540000e-06	3.875503e-06	2.430745e-09	2.820739e+01	1.678039e+02
2.550000e-06	3.861421e-06	2.586197e-09	2.810489e+01	1.674655e+02
2.560000e-06	3.846318e-06	2.679896e-09	2.799497e+01	1.671274e+02
2.570000e-06	3.830274e-06	2.412224e-09	2.787819e+01	1.667883e+02
2.580000e-06	3.813609e-06	2.390604e-09	2.775690e+01	1.664461e+02
2.590000e-06	3.796386e-06	2.624991e-09	2.763154e+01	1.660979e+02
2.600000e-06	3.778559e-06	2.508524e-09	2.750179e+01	1.657400e+02
2.610000e-06	3.760024e-06	2.347459e-09	2.736688e+01	1.653683e+02
2.620000e-06	3.740737e-06	2.567731e-09	2.722650e+01	1.649787e+02
2.630000e-06	3.720885e-06	2.649884e-09	2.708202e+01	1.645665e+02
2.640000e-06	3.700529e-06	2.437595e-09	2.693385e+01	1.641277e+02
2.650000e-06	3.679516e-06	2.399927e-09	2.678092e+01	1.636584e+02
2.660000e-06	3.657934e-06	2.523868e-09	2.662383e+01	1.631553e+02
2.670000e-06	3.635616e-06	2.559376e-09	2.646139e+01	1.626158e+02
2.680000e-06	3.612262e-06	2.467836e-09	2.629142e+01	1.620379e+02
2.690000e-06	3.588184e-06	2.321537e-09	2.611617e+01	1.614208e+02
2.700000e-06	3.563657e-06	2.429914e-09	2.593765e+01	1.607643e+02
2.710000e-06	3.538532e-06	2.559922e-09	2.575478e+01	1.600689e+02
2.720000e-06	3.512738e-06	2.397340e-09	2.556704e+01	1.593361e+02
2.730000e-06	3.486323e-06	2.351405e-09	2.537478e+01	1.585676e+02
2.740000e-06	3.459341e-06	2.417732e-09	2.517840e+01	1.577659e+02
2.750000e-06	3.431868e-06	2.398784e-09	2.497844e+01	1.569335e+02
2.760000e-06	3.403876e-06	2.412273e-09	2.477470e+01	1.560732e+02
2.770000e-06	3.375424e-06	2.360385e-09	2.456762e+01	1.551875e+02
2.780000e-06	3.346462e-06	2.284310e-09	2.435682e+01	1.542789e+02
2.790000e-06	3.316646e-06	2.323355e-09	2.413981e+01	1.533496e+02
2.800000e-06	3.285895e-06	2.359434e-09	2.391599e+01	1.524010e+02
2.810000e-06	3.254401e-06	2.323031e-09	2.368677e+01	1.514346e+02
2.820000e-06	3.222363e-06	2.263197e-09	2.345358e+01	1.504509e+02
2.830000e-06	3.189868e-06	2.234104e-09	2.321707e+01	1.494503e+02
2.840000e-06	3.156851e-06	2.268396e-09	2.297676e+01	1.484326e+02
2.850000e-06	3.123357e-06	2.286249e-09	2.273298e+01	1.473973e+02
2.860000e-06	3.089361e-06	2.219043e-09	2.248555e+01	1.463437e+02
2.870000e-06	3.054812e-06	2.184880e-09	2.223408e+01	1.452710e+02
2.880000e-06	3.019730e-06	2.201186e-09	2.197874e+01	1.441784e+02
2.890000e-06	2.984113e-06	2.182573e-09	2.171951e+01	1.430649e+02
2.900000e-06	2.948058e-06	2.160748e-09	2.145708e+01	1.419301e+02
2.910000e-06	2.911632e-06	2.150545e-09	2.119197e+01	1.407735e+02
2.920000e-06	2.874775e-06	2.131485e-09	2.092370e+01	1.395950e+02
2.930000e-06	2.837323e-06	2.085294e-09	2.065111e+01	1.383947e+02
2.940000e-06	2.799027e-06	2.060991e-09	2.037238e+01	1.371732e+02
2.950000e-06	2.759953e-06	2.097657e-09	2.008799e+01	1.359310e+02
2.960000e-06	2.720332e-06	2.078757e-09	1.979961e+01	1.346689e+02
2.970000e-06	2.680266e-06	2.007935e-09	1.950800e+01	1.333879e+02
2.980000e-06	2.639898e-06	1.975737e-09	1.921418e+01	1.320888e+02
2.990000e-06	2.599162e-06	1.997499e-09	1.891769e+01	1.307725e+02
3.000000e-06	2.557981e-06	2.023689e-09	1.861796e+01	1.294396e+02
3.010000e-06	2.516364e-06	1.958966e-09	1.831505e+01	1.280905e+02
3.020000e-06	2.474274e-06	1.884275e-09	1.800870e+01	1.267256e+02
3.030000e-06	2.431815e-06	1.896101e-09	1.769967e+01	1.253446e+02
3.040000e-06	2.389013e-06	1.929551e-09	1.738815e+01	1.239472e+02
3.050000e-06	2.345793e-06	1.907138e-09	1.707357e+01	1.225328e+02
3.060000e-06	2.302129e-06	1.821273e-09	1.675577e+01	1.211003e+02
3.070000e-06	2.258108e-06	1.788057e-09	1.643537e+01	1.196488e+02
3.080000e-06	2.213873e-06	1.821350e-09	1.611341e+01	1.181771e+02
3.090000e-06	2.169426e-06	1.814379e-09	1.578991e+01	1.166839e+02
3.100000e-06	2.124662e-06	1.762330e-09	1.546410e+01	1.151683e+02
3.110000e-06	2.079511e-06	1.710746e-09	1.513547e+01	1.136292e+02
3.120000e-06	2.033868e-06	1.702788e-09	1.480326e+01	1.120657e+02
3.130000e-06	1.987817e-06	1.706961e-09	1.446808e+01	1.104775e+02
3.140000e-06	1.941438e-06	1.682640e-09	1.413053e+01	1.088641e+02
3.150000e-06	1.894755e-06	1.649635e-09	1.379074e+01	1.072256e+02
3.160000e-06	1.847805e-06	1.608623e-09	1.344903e+01	1.055622e+02
3.170000e-06	1.800591e-06	1.582191e-09	1.310539e+01	1.038745e+02
3.180000e-06	1.753126e-06	1.572403e-09	1.275992e+01	1.021632e+02
3.190000e-06	1.705397e-06	1.554267e-09	1.241253e+01	1.004289e+02
3.200000e-06	1.657270e-06	1.521898e-09	1.206224e+01	9.867262e+01
3.210000e-06	1.608642e-06	1.475303e-09	1.170831e+01	9.689514e+01
3.220000e-06	1.559630e-06	1.449633e-09	1.135158e+01	9.509718e+01
3.230000e-06	1.510278e-06	1.443868e-09	1.099238e+01	9.327936e+01
3.240000e-06	1.460680e-06	1.427331e-09	1.063138e+01	9.144208e+01
3.250000e-06	1.410811e-06	1.389014e-09	1.026842e+01	8.958553e+01
3.260000e-06	1.360665e-06	1.335338e-09	9.903435e+00	8.770970e+01
3.270000e-06	1.310252e-06	1.310038e-09	9.536513e+00	8.581435e+01
3.280000e-06	1.259564e-06	1.308216e-09	9.167587e+00	8.389906e+01
3.290000e-06	1.208665e-06	1.285898e-09	8.797125e+00	8.196329e+01
3.300000e-06	1.157542e-06	1.230256e-09	8.425030e+00	8.000640e+01
3.310000e-06	1.106196e-06	1.179082e-09	8.051316e+00	7.802773e+01
3.320000e-06	1.054633e-06	1.173667e-09	7.676022e+00	7.602666e+01
3.330000e-06	1.002866e-06	1.170574e-09	7.299240e+00	7.400266e+01
3.340000e-06	9.509312e-07	1.126211e-09	6.921239e+00	7.195538e+01
3.350000e-06	8.988302e-07	1.065358e-09	6.542028e+00	6.988461e+01
3.360000e-06	8.465311e-07	1.031645e-09	6.161375e+00	6.779039e+01
3.370000e-06	7.941045e-07	1.027514e-09	5.779795e+00	6.567299e+01
3.380000e-06	7.416522e-07	1.001637e-09	5.398027e+00	6.353286e+01
3.390000e-06	6.890896e-07	9.473142e-10	5.015456e+00	6.137066e+01
3.400000e-06	6.363815e-07	9.020112e-10	4.631826e+00	5.918723e+01
3.410000e-06	5.835648e-07	8.796703e-10	4.247407e+00	5.698347e+01
3.420000e-06	5.305449e-07	8.633302e-10	3.861507e+00	5.476039e+01
3.430000e-06	4.773798e-07	8.255759e-10	3.474552e+00	5.251899e+01
3.440000e-06	4.241443e-07	7.796533e-10	3.087084e+00	5.026020e+01
3.450000e-06	3.707358e-07	7.417788e-10	2.698356e+00	4.798490e+01
3.460000e-06	3.171773e-07	7.117884e-10	2.308537e+00	4.569384e+01
3.470000e-06	2.635308e-07	6.858779e-10	1.918077e+00	4.338762e+01
3.480000e-06	2.098518e-07	6.497517e-10	1.527381e+00	4.106671e+01
3.490000e-06	1.561562e-07	6.074372e-10	1.136564e+00	3.873141e+01
3.500000e-06	1.024675e-07	5.651886e-10	7.457975e-01	3.638193e+01
3.510000e-06	4.874415e-08	5.304580e-10	3.547784e-01	3.401837e+01
3.520000e-06	-5.074086e-09	5.053862e-10	-3.693113e-02	3.164078e+01
3.530000e-06	-5.893573e-08	4.703411e-10	-4.289566e-01	2.924919e+01
3.540000e-06	-1.127844e-07	4.237084e-10	-8.208877e-01	2.684364e+01
3.550000e-06	-1.665765e-07	3.808868e-10	-1.212407e+00	2.442424e+01
3.560000e-06	-2.203271e-07	3.532157e-10	-1.603624e+00	2.199119e+01
3.570000e-06	-2.740249e-07	3.301506e-10	-1.994457e+00	1.954477e+01
3.580000e-06	-3.275615e-07	2.897524e-10	-2.384117e+00	1.708537e+01
3.590000e-06	-3.809100e-07	2.408504e-10	-2.772407e+00	1.461351e+01
3.600000e-06	-4.341287e-07	2.013774e-10	-3.159754e+00	1.212975e+01
3.610000e-06	-4.872555e-07	1.763029e-10	-3.546431e+00	9.634709e+00
3.620000e-06	-5.403353e-07	1.465309e-10	-3.932765e+00	7.129033e+00
3.630000e-06	-5.932976e-07	9.862705e-11	-4.318245e+00	4.613328e+00
3.640000e-06	-6.460930e-07	5.150441e-11	-4.702510e+00	2.088132e+00
3.650000e-06	-6.987233e-07	1.881801e-11	-5.085574e+00	-4.461228e-01
3.660000e-06	-7.511849e-07	-6.809691e-12	-5.467409e+00	-2.989145e+00
3.670000e-06	-8.035254e-07	-4.391122e-11	-5.848363e+00	-5.540801e+00
3.680000e-06	-8.557209e-07	-9.288678e-11	-6.228262e+00	-8.101119e+00
3.690000e-06	-9.078025e-07	-1.356519e-10	-6.607332e+00	-1.067029e+01
3.700000e-06	-9.597656e-07	-1.685203e-10	-6.985539e+00	-1.324862e+01
3.710000e-06	-1.011591e-06	-2.006230e-10	-7.362741e+00	-1.583653e+01
3.720000e-06	-1.063202e-06	-2.418325e-10	-7.738389e+00	-1.843448e+01
3.730000e-06	-1.114514e-06	-2.871088e-10	-8.111858e+00	-2.104291e+01
3.740000e-06	-1.165626e-06	-3.266446e-10	-8.483867e+00	-2.366221e+01
3.750000e-06	-1.216569e-06	-3.610174e-10	-8.854651e+00	-2.629259e+01
3.760000e-06	-1.267321e-06	-3.957007e-10	-9.224047e+00	-2.893410e+01
3.770000e-06	-1.317752e-06	-4.375115e-10	-9.591097e+00	-3.158652e+01
3.780000e-06	-1.367826e-06	-4.840064e-10	-9.955555e+00	-3.424936e+01
3.790000e-06	-1.417697e-06	-5.254830e-10	-1.031854e+01	-3.692178e+01
3.800000e-06	-1.467358e-06	-5.627240e-10	-1.067999e+01	-3.960266e+01
3.810000e-06	-1.516684e-06	-5.983377e-10	-1.103900e+01	-4.229053e+01
3.820000e-06	-1.565501e-06	-6.382495e-10	-1.139431e+01	-4.498367e+01
3.830000e-06	-1.613844e-06	-6.855309e-10	-1.174617e+01	-4.768008e+01
3.840000e-06	-1.661790e-06	-7.276696e-10	-1.209514e+01	-5.037757e+01
3.850000e-06	-1.709344e-06	-7.620810e-10	-1.244125e+01	-5.307384e+01
3.860000e-06	-1.756577e-06	-7.957088e-10	-1.278503e+01	-5.576650e+01
3.870000e-06	-1.803530e-06	-8.396237e-10	-1.312678e+01	-5.845314e+01
3.880000e-06	-1.850292e-06	-8.871326e-10	-1.346713e+01	-6.113144e+01
3.890000e-06	-1.896868e-06	-9.279453e-10	-1.380612e+01	-6.379914e+01
3.900000e-06	-1.943189e-06	-9.647498e-10	-1.414327e+01	-6.645416e+01
3.910000e-06	-1.989159e-06	-1.004168e-09	-1.447786e+01	-6.909455e+01
3.920000e-06	-2.034798e-06	-1.049647e-09	-1.481003e+01	-7.171857e+01
3.930000e-06	-2.080062e-06	-1.095360e-09	-1.513948e+01	-7.432462e+01
3.940000e-06	-2.124941e-06	-1.133016e-09	-1.546613e+01	-7.691128e+01
3.950000e-06	-2.169563e-06	-1.166142e-09	-1.579091e+01	-7.947723e+01
3.960000e-06	-2.213917e-06	-1.205289e-09	-1.611373e+01	-8.202126e+01
3.970000e-06	-2.257992e-06	-1.252054e-09	-1.643452e+01	-8.454221e+01
3.980000e-06	-2.301758e-06	-1.294990e-09	-1.675307e+01	-8.703891e+01
3.990000e-06	-2.345176e-06	-1.330086e-09	-1.706908e+01	-8.951019e+01
4.000000e-06	-2.388168e-06	-1.365453e-09	-1.738199e+01	-9.195481e+01
4.010000e-06	-2.430695e-06	-1.404779e-09	-1.769153e+01	-9.437146e+01
4.020000e-06	-2.472804e-06	-1.447055e-09	-1.799800e+01	-9.675877e+01
4.030000e-06	-2.514513e-06	-1.484668e-09	-1.830158e+01	-9.911530e+01
4.040000e-06	-2.555777e-06	-1.518171e-09	-1.860192e+01	-1.014395e+02
4.050000e-06	-2.596626e-06	-1.552118e-09	-1.889923e+01	-1.037300e+02
4.060000e-06	-2.637136e-06	-1.589692e-09	-1.919408e+01	-1.059851e+02
4.070000e-06	-2.677292e-06	-1.630324e-09	-1.948635e+01	-1.082034e+02
4.080000e-06	-2.717121e-06	-1.666124e-09	-1.977624e+01	-1.103836e+02
4.090000e-06	-2.756490e-06	-1.696081e-09	-2.006278e+01	-1.125245e+02
4.100000e-06	-2.795103e-06	-1.726804e-09	-2.034382e+01	-1.146249e+02
4.110000e-06	-2.832886e-06	-1.761945e-09	-2.061882e+01	-1.166842e+02
4.120000e-06	-2.870023e-06	-1.799219e-09	-2.088912e+01	-1.187016e+02
4.130000e-06	-2.906631e-06	-1.831772e-09	-2.115557e+01	-1.206766e+02
4.140000e-06	-2.942872e-06	-1.858582e-09	-2.141934e+01	-1.226093e+02
4.150000e-06	-2.978798e-06	-1.885877e-09	-2.168082e+01	-1.244993e+02
4.160000e-06	-3.014183e-06	-1.917793e-09	-2.193837e+01	-1.263470e+02
4.170000e-06	-3.048982e-06	-1.951371e-09	-2.219165e+01	-1.281526e+02
4.180000e-06	-3.083237e-06	-1.978950e-09	-2.244097e+01	-1.299163e+02
4.190000e-06	-3.116906e-06	-2.002374e-09	-2.268603e+01	-1.316384e+02
4.200000e-06	-3.150047e-06	-2.029794e-09	-2.292724e+01	-1.333195e+02
4.210000e-06	-3.182746e-06	-2.061097e-09	-2.316523e+01	-1.349596e+02
4.220000e-06	-3.215069e-06	-2.090343e-09	-2.340049e+01	-1.365591e+02
4.230000e-06	-3.246963e-06	-2.114087e-09	-2.363263e+01	-1.381181e+02
4.240000e-06	-3.278202e-06	-2.137054e-09	-2.386000e+01	-1.396368e+02
4.250000e-06	-3.308571e-06	-2.162628e-09	-2.408104e+01	-1.411150e+02
4.260000e-06	-3.338051e-06	-2.188422e-09	-2.429560e+01	-1.425528e+02
4.270000e-06	-3.366836e-06	-2.211597e-09	-2.450512e+01	-1.439503e+02
4.280000e-06	-3.395164e-06	-2.230723e-09	-2.471129e+01	-1.453073e+02
4.290000e-06	-3.423090e-06	-2.249150e-09	-2.491455e+01	-1.466240e+02
4.300000e-06	-3.450485e-06	-2.270028e-09	-2.511394e+01	-1.479006e+02
4.310000e-06	-3.477218e-06	-2.291446e-09	-2.530851e+01	-1.491372e+02
4.320000e-06	-3.503325e-06	-2.309987e-09	-2.549853e+01	-1.503344e+02
4.330000e-06	-3.528810e-06	-2.324571e-09	-2.568402e+01	-1.514927e+02
4.340000e-06	-3.553640e-06	-2.340490e-09	-2.586474e+01	-1.526129e+02
4.350000e-06	-3.578046e-06	-2.358534e-09	-2.604238e+01	-1.536956e+02
4.360000e-06	-3.602063e-06	-2.374532e-09	-2.621719e+01	-1.547418e+02
4.370000e-06	-3.625406e-06	-2.387184e-09	-2.638708e+01	-1.557524e+02
4.380000e-06	-3.647799e-06	-2.399994e-09	-2.655007e+01	-1.567284e+02
4.390000e-06	-3.669140e-06	-2.415761e-09	-2.670539e+01	-1.576704e+02
4.400000e-06	-3.689789e-06	-2.430497e-09	-2.685568e+01	-1.585792e+02
4.410000e-06	-3.710056e-06	-2.444157e-09	-2.700320e+01	-1.594554e+02
4.420000e-06	-3.729791e-06	-2.457897e-09	-2.714684e+01	-1.602993e+02
4.430000e-06	-3.748888e-06	-2.470649e-09	-2.728583e+01	-1.611109e+02
4.440000e-06	-3.767394e-06	-2.483380e-09	-2.742052e+01	-1.618901e+02
4.450000e-06	-3.785236e-06	-2.496102e-09	-2.755038e+01	-1.626367e+02
4.460000e-06	-3.802382e-06	-2.507340e-09	-2.767518e+01	-1.633503e+02
4.470000e-06	-3.818990e-06	-2.516161e-09	-2.779606e+01	-1.640301e+02
4.480000e-06	-3.835155e-06	-2.523472e-09	-2.791372e+01	-1.646758e+02
4.490000e-06	-3.850690e-06	-2.531512e-09	-2.802679e+01	-1.652866e+02
4.500000e-06	-3.865184e-06	-2.540912e-09	-2.813228e+01	-1.658623e+02
4.510000e-06	-3.878507e-06	-2.549919e-09	-2.822924e+01	-1.664026e+02
4.520000e-06	-3.890987e-06	-2.557594e-09	-2.832008e+01	-1.669076e+02
4.530000e-06	-3.902847e-06	-2.563680e-09	-2.840640e+01	-1.673776e+02
4.540000e-06	-3.914016e-06	-2.569381e-09	-2.848770e+01	-1.678133e+02
4.550000e-06	-3.924479e-06	-2.575418e-09	-2.856385e+01	-1.682158e+02
4.560000e-06	-3.934277e-06	-2.581295e-09	-2.863516e+01	-1.685865e+02
4.570000e-06	-3.943358e-06	-2.586110e-09	-2.870126e+01	-1.689270e+02
4.580000e-06	-3.951866e-06	-2.589332e-09	-2.876319e+01	-1.692391e+02
4.590000e-06	-3.959908e-06	-2.594270e-09	-2.882171e+01	-1.695249e+02
4.600000e-06	-3.967307e-06	-2.601623e-09	-2.887557e+01	-1.697861e+02
4.610000e-06	-3.973684e-06	-2.606039e-09	-2.892198e+01	-1.700248e+02
4.620000e-06	-3.979005e-06	-2.605856e-09	-2.896071e+01	-1.702424e+02
4.630000e-06	-3.983681e-06	-2.606838e-09	-2.899475e+01	-1.704402e+02
4.640000e-06	-3.987819e-06	-2.610388e-09	-2.902486e+01	-1.706190e+02
4.650000e-06	-3.991292e-06	-2.613085e-09	-2.905014e+01	-1.707792e+02
4.660000e-06	-3.994125e-06	-2.613182e-09	-2.907076e+01	-1.709206e+02
4.670000e-06	-3.996354e-06	-2.610773e-09	-2.908698e+01	-1.710425e+02
4.680000e-06	-3.997800e-06	-2.609666e-09	-2.909751e+01	-1.711437e+02
4.690000e-06	-3.998586e-06	-2.611701e-09	-2.910323e+01	-1.712228e+02
