# Temperatura_=_20.0
# Concentracion g/m^3_=_12600.0
# C_Vs_to_Am_M_A/Vsm_=_65563218390.804596
# pendiente_HvsI_1/m_=_3716.3
# ordenada_HvsI_A/m_=_1297.0
# frecuencia_Hz_=_301592.6811776126

Tiempo_(s)	Campo_(V.s)	Magnetizacion_(V.s)	Campo_(kA/m)	Magnetizacion_(A/m)
0.000000e+00	-4.049827e-06	-4.230087e-09	-2.909041e+01	-2.779655e+02
1.000000e-08	-4.048309e-06	-4.232676e-09	-2.907950e+01	-2.778738e+02
2.000000e-08	-4.045220e-06	-4.227678e-09	-2.905731e+01	-2.777078e+02
3.000000e-08	-4.040942e-06	-4.221508e-09	-2.902658e+01	-2.774624e+02
4.000000e-08	-4.035481e-06	-4.217604e-09	-2.898736e+01	-2.771323e+02
5.000000e-08	-4.028716e-06	-4.213816e-09	-2.893876e+01	-2.767141e+02
6.000000e-08	-4.020790e-06	-4.206116e-09	-2.888183e+01	-2.762064e+02
7.000000e-08	-4.011500e-06	-4.189684e-09	-2.881510e+01	-2.756111e+02
8.000000e-08	-4.000471e-06	-4.173248e-09	-2.873588e+01	-2.749334e+02
9.000000e-08	-3.987677e-06	-4.198157e-09	-2.864398e+01	-2.741820e+02
1.000000e-07	-3.972859e-06	-4.220895e-09	-2.853754e+01	-2.733685e+02
1.100000e-07	-3.956053e-06	-4.200412e-09	-2.841682e+01	-2.725060e+02
1.200000e-07	-3.937874e-06	-4.131980e-09	-2.828623e+01	-2.716084e+02
1.300000e-07	-3.918726e-06	-4.021475e-09	-2.814870e+01	-2.706883e+02
1.400000e-07	-3.898736e-06	-4.098920e-09	-2.800510e+01	-2.697562e+02
1.500000e-07	-3.877745e-06	-4.200143e-09	-2.785432e+01	-2.688188e+02
1.600000e-07	-3.855745e-06	-4.062193e-09	-2.769629e+01	-2.678784e+02
1.700000e-07	-3.832483e-06	-4.033677e-09	-2.752920e+01	-2.669323e+02
1.800000e-07	-3.807273e-06	-4.022420e-09	-2.734811e+01	-2.659733e+02
1.900000e-07	-3.780505e-06	-3.937432e-09	-2.715583e+01	-2.649900e+02
2.000000e-07	-3.752823e-06	-4.076521e-09	-2.695699e+01	-2.639682e+02
2.100000e-07	-3.723893e-06	-4.100988e-09	-2.674918e+01	-2.628921e+02
2.200000e-07	-3.693501e-06	-3.880367e-09	-2.653087e+01	-2.617461e+02
2.300000e-07	-3.661943e-06	-3.890412e-09	-2.630419e+01	-2.605161e+02
2.400000e-07	-3.629312e-06	-4.001983e-09	-2.606979e+01	-2.591907e+02
2.500000e-07	-3.595266e-06	-3.978817e-09	-2.582524e+01	-2.577622e+02
2.600000e-07	-3.559605e-06	-3.936399e-09	-2.556908e+01	-2.562270e+02
2.700000e-07	-3.522490e-06	-3.810802e-09	-2.530248e+01	-2.545857e+02
2.800000e-07	-3.484209e-06	-3.770075e-09	-2.502750e+01	-2.528420e+02
2.900000e-07	-3.444900e-06	-3.867372e-09	-2.474514e+01	-2.510026e+02
3.000000e-07	-3.404369e-06	-3.842168e-09	-2.445401e+01	-2.490753e+02
3.100000e-07	-3.362339e-06	-3.752656e-09	-2.415209e+01	-2.470685e+02
3.200000e-07	-3.318883e-06	-3.703531e-09	-2.383995e+01	-2.449898e+02
3.300000e-07	-3.274280e-06	-3.640198e-09	-2.351956e+01	-2.428452e+02
3.400000e-07	-3.228592e-06	-3.655064e-09	-2.319137e+01	-2.406386e+02
3.500000e-07	-3.181801e-06	-3.703471e-09	-2.285527e+01	-2.383719e+02
3.600000e-07	-3.133805e-06	-3.618678e-09	-2.251051e+01	-2.360447e+02
3.700000e-07	-3.084291e-06	-3.482764e-09	-2.215484e+01	-2.336555e+02
3.800000e-07	-3.033231e-06	-3.465776e-09	-2.178807e+01	-2.312019e+02
3.900000e-07	-2.981028e-06	-3.526920e-09	-2.141309e+01	-2.286815e+02
4.000000e-07	-2.927791e-06	-3.512307e-09	-2.103069e+01	-2.260927e+02
4.100000e-07	-2.873516e-06	-3.410292e-09	-2.064082e+01	-2.234347e+02
4.200000e-07	-2.818373e-06	-3.294273e-09	-2.024472e+01	-2.207087e+02
4.300000e-07	-2.762472e-06	-3.274230e-09	-1.984318e+01	-2.179167e+02
4.400000e-07	-2.705491e-06	-3.336930e-09	-1.943388e+01	-2.150621e+02
4.500000e-07	-2.647090e-06	-3.309782e-09	-1.901438e+01	-2.121484e+02
4.600000e-07	-2.587641e-06	-3.168953e-09	-1.858734e+01	-2.091793e+02
4.700000e-07	-2.527481e-06	-3.057070e-09	-1.815521e+01	-2.061573e+02
4.800000e-07	-2.466542e-06	-3.068794e-09	-1.771748e+01	-2.030834e+02
4.900000e-07	-2.404773e-06	-3.124780e-09	-1.727378e+01	-1.999570e+02
5.000000e-07	-2.342166e-06	-3.067757e-09	-1.682407e+01	-1.967753e+02
5.100000e-07	-2.278787e-06	-2.909698e-09	-1.636881e+01	-1.935337e+02
5.200000e-07	-2.214655e-06	-2.826025e-09	-1.590814e+01	-1.902263e+02
5.300000e-07	-2.149553e-06	-2.868041e-09	-1.544051e+01	-1.868466e+02
5.400000e-07	-2.083352e-06	-2.889342e-09	-1.496498e+01	-1.833877e+02
5.500000e-07	-2.016238e-06	-2.782792e-09	-1.448289e+01	-1.798438e+02
5.600000e-07	-1.948556e-06	-2.638304e-09	-1.399671e+01	-1.762103e+02
5.700000e-07	-1.880351e-06	-2.590692e-09	-1.350679e+01	-1.724846e+02
5.800000e-07	-1.811499e-06	-2.620312e-09	-1.301222e+01	-1.686659e+02
5.900000e-07	-1.742065e-06	-2.596734e-09	-1.251347e+01	-1.647556e+02
6.000000e-07	-1.672003e-06	-2.470017e-09	-1.201020e+01	-1.607567e+02
6.100000e-07	-1.601305e-06	-2.347518e-09	-1.150237e+01	-1.566734e+02
6.200000e-07	-1.530104e-06	-2.316993e-09	-1.099092e+01	-1.525103e+02
6.300000e-07	-1.458463e-06	-2.322411e-09	-1.047632e+01	-1.482721e+02
6.400000e-07	-1.386390e-06	-2.261913e-09	-9.958608e+00	-1.439626e+02
6.500000e-07	-1.313819e-06	-2.138102e-09	-9.437324e+00	-1.395847e+02
6.600000e-07	-1.240598e-06	-2.040985e-09	-8.911367e+00	-1.351400e+02
6.700000e-07	-1.166666e-06	-2.004236e-09	-8.380306e+00	-1.306288e+02
6.800000e-07	-1.092089e-06	-1.974575e-09	-7.844614e+00	-1.260505e+02
6.900000e-07	-1.016995e-06	-1.899768e-09	-7.305199e+00	-1.214039e+02
7.000000e-07	-9.415627e-07	-1.792464e-09	-6.763361e+00	-1.166874e+02
7.100000e-07	-8.658590e-07	-1.700839e-09	-6.219572e+00	-1.119001e+02
7.200000e-07	-7.899063e-07	-1.645144e-09	-5.673994e+00	-1.070415e+02
7.300000e-07	-7.137445e-07	-1.596594e-09	-5.126915e+00	-1.021123e+02
7.400000e-07	-6.373478e-07	-1.521958e-09	-4.578148e+00	-9.711406e+01
7.500000e-07	-5.606692e-07	-1.422623e-09	-4.027356e+00	-9.204951e+01
7.600000e-07	-4.837451e-07	-1.326977e-09	-3.474801e+00	-8.692190e+01
7.700000e-07	-4.066445e-07	-1.256821e-09	-2.920978e+00	-8.173477e+01
7.800000e-07	-3.293957e-07	-1.200610e-09	-2.366090e+00	-7.649145e+01
7.900000e-07	-2.520335e-07	-1.128656e-09	-1.810388e+00	-7.119472e+01
8.000000e-07	-1.746226e-07	-1.028513e-09	-1.254336e+00	-6.584639e+01
8.100000e-07	-9.712163e-08	-9.240014e-10	-6.976367e-01	-6.044717e+01
8.200000e-07	-1.952871e-08	-8.465682e-10	-1.402771e-01	-5.499666e+01
8.300000e-07	5.807152e-08	-7.915479e-10	4.171349e-01	-4.949350e+01
8.400000e-07	1.356277e-07	-7.175766e-10	9.742308e-01	-4.393571e+01
8.500000e-07	2.131076e-07	-6.055732e-10	1.530778e+00	-3.832106e+01
8.600000e-07	2.905423e-07	-4.921395e-10	2.087001e+00	-3.264752e+01
8.700000e-07	3.679802e-07	-4.175484e-10	2.643247e+00	-2.691370e+01
8.800000e-07	4.453615e-07	-3.628022e-10	3.199087e+00	-2.111908e+01
8.900000e-07	5.225551e-07	-2.757185e-10	3.753577e+00	-1.526422e+01
9.000000e-07	5.995385e-07	-1.533390e-10	4.306559e+00	-9.350794e+00
9.100000e-07	6.763006e-07	-4.313960e-11	4.857951e+00	-3.381400e+00
9.200000e-07	7.527925e-07	2.752031e-11	5.407402e+00	2.640654e+00
9.300000e-07	8.289482e-07	9.176030e-11	5.954437e+00	8.711671e+00
9.400000e-07	9.047837e-07	1.916102e-10	6.499173e+00	1.482789e+01
9.500000e-07	9.803513e-07	3.137945e-10	7.041984e+00	2.098573e+01
9.600000e-07	1.055613e-06	4.152031e-10	7.582597e+00	2.718199e+01
9.700000e-07	1.130489e-06	4.866833e-10	8.120442e+00	3.341385e+01
9.800000e-07	1.204719e-06	5.634803e-10	8.653642e+00	3.967876e+01
9.900000e-07	1.278084e-06	6.719766e-10	9.180637e+00	4.597423e+01
1.000000e-06	1.350662e-06	7.937557e-10	9.701973e+00	5.229751e+01
1.010000e-06	1.422682e-06	8.955745e-10	1.021930e+01	5.864526e+01
1.020000e-06	1.494366e-06	9.754691e-10	1.073421e+01	6.501321e+01
1.030000e-06	1.565660e-06	1.061175e-09	1.124633e+01	7.139598e+01
1.040000e-06	1.636391e-06	1.168593e-09	1.175440e+01	7.778692e+01
1.050000e-06	1.706487e-06	1.283449e-09	1.225791e+01	8.417816e+01
1.060000e-06	1.775998e-06	1.381824e-09	1.275721e+01	9.056077e+01
1.070000e-06	1.844936e-06	1.463209e-09	1.325241e+01	9.692502e+01
1.080000e-06	1.913218e-06	1.548843e-09	1.374288e+01	1.032607e+02
1.090000e-06	1.980950e-06	1.651036e-09	1.422941e+01	1.095576e+02
1.100000e-06	2.048212e-06	1.758244e-09	1.471256e+01	1.158056e+02
1.110000e-06	2.114698e-06	1.853724e-09	1.519014e+01	1.219951e+02
1.120000e-06	2.180008e-06	1.936511e-09	1.565927e+01	1.281169e+02
1.130000e-06	2.244239e-06	2.022369e-09	1.612065e+01	1.341626e+02
1.140000e-06	2.307845e-06	2.121645e-09	1.657754e+01	1.401240e+02
1.150000e-06	2.370900e-06	2.225163e-09	1.703047e+01	1.459934e+02
1.160000e-06	2.433218e-06	2.315523e-09	1.747810e+01	1.517632e+02
1.170000e-06	2.494711e-06	2.389879e-09	1.791982e+01	1.574255e+02
1.180000e-06	2.555383e-06	2.464839e-09	1.835563e+01	1.629727e+02
1.190000e-06	2.615346e-06	2.552094e-09	1.878635e+01	1.683971e+02
1.200000e-06	2.674588e-06	2.642619e-09	1.921189e+01	1.736909e+02
1.210000e-06	2.732731e-06	2.719928e-09	1.962954e+01	1.788471e+02
1.220000e-06	2.789500e-06	2.783515e-09	2.003733e+01	1.838595e+02
1.230000e-06	2.845171e-06	2.851220e-09	2.043721e+01	1.887231e+02
1.240000e-06	2.899931e-06	2.932319e-09	2.083056e+01	1.934346e+02
1.250000e-06	2.953754e-06	3.012841e-09	2.121718e+01	1.979925e+02
1.260000e-06	3.006574e-06	3.077376e-09	2.159659e+01	2.023974e+02
1.270000e-06	3.058206e-06	3.130465e-09	2.196747e+01	2.066516e+02
1.280000e-06	3.108293e-06	3.191000e-09	2.232726e+01	2.107593e+02
1.290000e-06	3.156800e-06	3.261459e-09	2.267568e+01	2.147253e+02
1.300000e-06	3.204140e-06	3.326539e-09	2.301573e+01	2.185555e+02
1.310000e-06	3.250422e-06	3.377140e-09	2.334818e+01	2.222552e+02
1.320000e-06	3.295578e-06	3.422353e-09	2.367254e+01	2.258293e+02
1.330000e-06	3.339685e-06	3.476258e-09	2.398937e+01	2.292813e+02
1.340000e-06	3.382778e-06	3.536104e-09	2.429891e+01	2.326136e+02
1.350000e-06	3.424457e-06	3.588354e-09	2.459830e+01	2.358265e+02
1.360000e-06	3.464664e-06	3.628884e-09	2.488711e+01	2.389195e+02
1.370000e-06	3.503747e-06	3.667884e-09	2.516785e+01	2.418909e+02
1.380000e-06	3.541663e-06	3.715370e-09	2.544021e+01	2.447382e+02
1.390000e-06	3.578377e-06	3.765057e-09	2.570392e+01	2.474595e+02
1.400000e-06	3.614045e-06	3.805737e-09	2.596013e+01	2.500532e+02
1.410000e-06	3.648447e-06	3.838149e-09	2.620724e+01	2.525188e+02
1.420000e-06	3.681327e-06	3.870773e-09	2.644343e+01	2.548570e+02
1.430000e-06	3.712940e-06	3.907848e-09	2.667050e+01	2.570701e+02
1.440000e-06	3.743369e-06	3.944679e-09	2.688908e+01	2.591613e+02
1.450000e-06	3.772539e-06	3.974828e-09	2.709861e+01	2.611347e+02
1.460000e-06	3.800584e-06	3.997861e-09	2.730007e+01	2.629945e+02
1.470000e-06	3.827328e-06	4.020017e-09	2.749217e+01	2.647447e+02
1.480000e-06	3.852399e-06	4.046306e-09	2.767226e+01	2.663884e+02
1.490000e-06	3.875940e-06	4.072492e-09	2.784135e+01	2.679278e+02
1.500000e-06	3.898165e-06	4.094395e-09	2.800100e+01	2.693634e+02
1.510000e-06	3.919087e-06	4.110631e-09	2.815128e+01	2.706948e+02
1.520000e-06	3.938822e-06	4.126760e-09	2.829305e+01	2.719206e+02
1.530000e-06	3.957337e-06	4.147847e-09	2.842604e+01	2.730389e+02
1.540000e-06	3.974384e-06	4.169833e-09	2.854849e+01	2.740481e+02
1.550000e-06	3.989866e-06	4.185404e-09	2.865970e+01	2.749476e+02
1.560000e-06	4.003835e-06	4.191663e-09	2.876004e+01	2.757379e+02
1.570000e-06	4.016324e-06	4.196475e-09	2.884975e+01	2.764214e+02
1.580000e-06	4.027148e-06	4.207160e-09	2.892750e+01	2.770022e+02
1.590000e-06	4.036183e-06	4.219865e-09	2.899240e+01	2.774860e+02
1.600000e-06	4.043744e-06	4.226432e-09	2.904671e+01	2.778797e+02
1.610000e-06	4.049971e-06	4.227957e-09	2.909144e+01	2.781904e+02
1.620000e-06	4.054822e-06	4.230881e-09	2.912629e+01	2.784248e+02
1.630000e-06	4.058407e-06	4.238306e-09	2.915204e+01	2.785883e+02
1.640000e-06	4.060445e-06	4.245558e-09	2.916668e+01	2.786847e+02
1.650000e-06	4.060803e-06	4.245529e-09	2.916925e+01	2.787150e+02
1.660000e-06	4.059846e-06	4.240014e-09	2.916237e+01	2.786782e+02
1.670000e-06	4.057671e-06	4.234667e-09	2.914675e+01	2.785709e+02
1.680000e-06	4.054301e-06	4.233536e-09	2.912255e+01	2.783882e+02
1.690000e-06	4.049836e-06	4.230497e-09	2.909047e+01	2.781250e+02
1.700000e-06	4.043907e-06	4.222668e-09	2.904788e+01	2.777762e+02
1.710000e-06	4.036393e-06	4.212941e-09	2.899391e+01	2.773387e+02
1.720000e-06	4.027723e-06	4.209154e-09	2.893163e+01	2.768119e+02
1.730000e-06	4.017979e-06	4.215763e-09	2.886164e+01	2.761982e+02
1.740000e-06	4.006913e-06	4.182309e-09	2.878215e+01	2.755038e+02
1.750000e-06	3.993943e-06	4.116184e-09	2.868899e+01	2.747380e+02
1.760000e-06	3.978540e-06	4.099303e-09	2.857834e+01	2.739127e+02
1.770000e-06	3.961112e-06	4.132146e-09	2.845316e+01	2.730415e+02
1.780000e-06	3.942719e-06	4.237900e-09	2.832104e+01	2.721379e+02
1.790000e-06	3.924086e-06	4.160671e-09	2.818720e+01	2.712144e+02
1.800000e-06	3.904464e-06	3.998067e-09	2.804625e+01	2.702807e+02
1.810000e-06	3.882668e-06	4.108562e-09	2.788968e+01	2.693425e+02
1.820000e-06	3.859360e-06	4.104863e-09	2.772226e+01	2.684012e+02
1.830000e-06	3.835226e-06	4.067261e-09	2.754890e+01	2.674530e+02
1.840000e-06	3.809557e-06	4.167064e-09	2.736452e+01	2.664898e+02
1.850000e-06	3.782422e-06	4.017301e-09	2.716960e+01	2.654994e+02
1.860000e-06	3.754304e-06	3.923702e-09	2.696763e+01	2.644672e+02
1.870000e-06	3.724827e-06	4.136592e-09	2.675589e+01	2.633773e+02
1.880000e-06	3.693814e-06	4.123614e-09	2.653312e+01	2.622144e+02
1.890000e-06	3.661293e-06	3.966492e-09	2.629952e+01	2.609646e+02
1.900000e-06	3.627340e-06	3.954983e-09	2.605563e+01	2.596175e+02
1.910000e-06	3.592428e-06	3.903368e-09	2.580485e+01	2.581662e+02
1.920000e-06	3.556418e-06	3.978641e-09	2.554619e+01	2.566081e+02
1.930000e-06	3.518856e-06	4.027145e-09	2.527637e+01	2.549443e+02
1.940000e-06	3.479820e-06	3.850253e-09	2.499598e+01	2.531794e+02
1.950000e-06	3.439474e-06	3.834918e-09	2.470616e+01	2.513203e+02
1.960000e-06	3.397943e-06	3.820277e-09	2.440784e+01	2.493752e+02
1.970000e-06	3.355278e-06	3.760892e-09	2.410137e+01	2.473523e+02
1.980000e-06	3.311601e-06	3.875723e-09	2.378764e+01	2.452590e+02
1.990000e-06	3.267039e-06	3.789006e-09	2.346755e+01	2.431007e+02
2.000000e-06	3.221227e-06	3.595411e-09	2.313847e+01	2.408811e+02
2.010000e-06	3.174078e-06	3.598487e-09	2.279979e+01	2.386014e+02
2.020000e-06	3.125902e-06	3.681548e-09	2.245374e+01	2.362610e+02
2.030000e-06	3.076489e-06	3.704879e-09	2.209880e+01	2.338581e+02
2.040000e-06	3.025812e-06	3.538348e-09	2.173478e+01	2.313903e+02
2.050000e-06	2.974032e-06	3.399588e-09	2.136284e+01	2.288553e+02
2.060000e-06	2.921157e-06	3.442694e-09	2.098303e+01	2.262515e+02
2.070000e-06	2.867076e-06	3.503243e-09	2.059456e+01	2.235788e+02
2.080000e-06	2.811670e-06	3.480371e-09	2.019657e+01	2.208383e+02
2.090000e-06	2.755236e-06	3.303722e-09	1.979120e+01	2.180325e+02
2.100000e-06	2.697879e-06	3.188021e-09	1.937920e+01	2.151648e+02
2.110000e-06	2.639518e-06	3.251422e-09	1.895999e+01	2.122389e+02
2.120000e-06	2.580318e-06	3.298299e-09	1.853475e+01	2.092582e+02
2.130000e-06	2.520413e-06	3.236620e-09	1.810443e+01	2.062249e+02
2.140000e-06	2.459703e-06	3.054286e-09	1.766835e+01	2.031398e+02
2.150000e-06	2.397847e-06	2.969278e-09	1.722403e+01	2.000017e+02
2.160000e-06	2.334756e-06	3.050669e-09	1.677084e+01	1.968075e+02
2.170000e-06	2.270852e-06	3.057095e-09	1.631181e+01	1.935523e+02
2.180000e-06	2.206302e-06	2.933259e-09	1.584814e+01	1.902299e+02
2.190000e-06	2.140998e-06	2.782056e-09	1.537905e+01	1.868336e+02
2.200000e-06	2.074956e-06	2.755528e-09	1.490466e+01	1.833569e+02
2.210000e-06	2.008212e-06	2.803316e-09	1.442523e+01	1.797941e+02
2.220000e-06	1.940784e-06	2.758585e-09	1.394089e+01	1.761409e+02
2.230000e-06	1.872704e-06	2.629207e-09	1.345186e+01	1.723951e+02
2.240000e-06	1.804002e-06	2.515024e-09	1.295837e+01	1.685565e+02
2.250000e-06	1.734459e-06	2.501190e-09	1.245883e+01	1.646269e+02
2.260000e-06	1.664001e-06	2.505233e-09	1.195272e+01	1.606094e+02
2.270000e-06	1.592784e-06	2.428925e-09	1.144117e+01	1.565085e+02
2.280000e-06	1.520976e-06	2.307646e-09	1.092536e+01	1.523288e+02
2.290000e-06	1.448747e-06	2.217199e-09	1.040653e+01	1.480749e+02
2.300000e-06	1.376073e-06	2.189127e-09	9.884500e+00	1.437505e+02
2.310000e-06	1.303004e-06	2.157649e-09	9.359641e+00	1.393581e+02
2.320000e-06	1.229572e-06	2.079836e-09	8.832165e+00	1.348990e+02
2.330000e-06	1.155679e-06	1.980565e-09	8.301382e+00	1.303735e+02
2.340000e-06	1.081329e-06	1.896019e-09	7.767319e+00	1.257806e+02
2.350000e-06	1.006626e-06	1.844313e-09	7.230719e+00	1.211190e+02
2.360000e-06	9.316065e-07	1.798256e-09	6.691844e+00	1.163874e+02
2.370000e-06	8.562634e-07	1.726990e-09	6.150646e+00	1.115847e+02
2.380000e-06	7.806317e-07	1.627225e-09	5.607374e+00	1.067107e+02
2.390000e-06	7.047974e-07	1.530587e-09	5.062647e+00	1.017664e+02
2.400000e-06	6.287652e-07	1.465660e-09	4.516498e+00	9.675369e+01
2.410000e-06	5.524704e-07	1.414369e-09	3.968463e+00	9.167525e+01
2.420000e-06	4.759862e-07	1.343148e-09	3.419068e+00	8.653449e+01
2.430000e-06	3.993166e-07	1.242156e-09	2.868341e+00	8.133495e+01
2.440000e-06	3.224232e-07	1.140149e-09	2.316006e+00	7.607990e+01
2.450000e-06	2.453325e-07	1.071078e-09	1.762253e+00	7.077190e+01
2.460000e-06	1.680389e-07	1.019569e-09	1.207044e+00	6.541254e+01
2.470000e-06	9.063713e-08	9.409356e-10	6.510577e-01	6.000231e+01
2.480000e-06	1.319370e-08	8.249801e-10	9.477195e-02	5.454057e+01
2.490000e-06	-6.430480e-08	7.181089e-10	-4.619093e-01	4.902579e+01
2.500000e-06	-1.417552e-07	6.570752e-10	-1.018245e+00	4.345591e+01
2.510000e-06	-2.191770e-07	6.048976e-10	-1.574376e+00	3.782870e+01
2.520000e-06	-2.964236e-07	5.103915e-10	-2.129247e+00	3.214224e+01
2.530000e-06	-3.734387e-07	3.872781e-10	-2.682457e+00	2.639531e+01
2.540000e-06	-4.503223e-07	2.908435e-10	-3.234721e+00	2.058760e+01
2.550000e-06	-5.270044e-07	2.316350e-10	-3.785538e+00	1.471992e+01
2.560000e-06	-6.034968e-07	1.620175e-10	-4.334992e+00	8.794161e+00
2.570000e-06	-6.797285e-07	5.194151e-11	-4.882573e+00	2.813092e+00
2.580000e-06	-7.556393e-07	-6.825390e-11	-5.427850e+00	-3.219866e+00
2.590000e-06	-8.312764e-07	-1.576859e-10	-5.971161e+00	-9.300975e+00
2.600000e-06	-9.066815e-07	-2.240750e-10	-6.512805e+00	-1.542649e+01
2.610000e-06	-9.817522e-07	-3.070123e-10	-7.052047e+00	-2.159292e+01
2.620000e-06	-1.056318e-06	-4.195414e-10	-7.587659e+00	-2.779713e+01
2.630000e-06	-1.130427e-06	-5.328474e-10	-8.119995e+00	-3.403638e+01
2.640000e-06	-1.204173e-06	-6.212538e-10	-8.649720e+00	-4.030814e+01
2.650000e-06	-1.277578e-06	-6.960306e-10	-9.177000e+00	-4.660991e+01
2.660000e-06	-1.350482e-06	-7.870213e-10	-9.700681e+00	-5.293884e+01
2.670000e-06	-1.422832e-06	-8.997292e-10	-1.022038e+01	-5.929140e+01
2.680000e-06	-1.494844e-06	-1.010234e-09	-1.073765e+01	-6.566312e+01
2.690000e-06	-1.566518e-06	-1.101424e-09	-1.125249e+01	-7.204833e+01
2.700000e-06	-1.637610e-06	-1.183984e-09	-1.176315e+01	-7.844013e+01
2.710000e-06	-1.707748e-06	-1.277555e-09	-1.226696e+01	-8.483040e+01
2.720000e-06	-1.776855e-06	-1.384901e-09	-1.276337e+01	-9.121001e+01
2.730000e-06	-1.845229e-06	-1.490230e-09	-1.325451e+01	-9.756910e+01
2.740000e-06	-1.913129e-06	-1.580957e-09	-1.374224e+01	-1.038975e+02
2.750000e-06	-1.980578e-06	-1.664673e-09	-1.422674e+01	-1.101848e+02
2.760000e-06	-2.047374e-06	-1.757378e-09	-1.470654e+01	-1.164211e+02
2.770000e-06	-2.113426e-06	-1.862748e-09	-1.518100e+01	-1.225970e+02
2.780000e-06	-2.178765e-06	-1.966237e-09	-1.565034e+01	-1.287033e+02
2.790000e-06	-2.243389e-06	-2.054782e-09	-1.611454e+01	-1.347316e+02
2.800000e-06	-2.307414e-06	-2.133623e-09	-1.657444e+01	-1.406741e+02
2.810000e-06	-2.370703e-06	-2.218725e-09	-1.702905e+01	-1.465229e+02
2.820000e-06	-2.432801e-06	-2.315274e-09	-1.747511e+01	-1.522703e+02
2.830000e-06	-2.493731e-06	-2.407142e-09	-1.791277e+01	-1.579088e+02
2.840000e-06	-2.553916e-06	-2.482634e-09	-1.834510e+01	-1.634304e+02
2.850000e-06	-2.613391e-06	-2.551699e-09	-1.877231e+01	-1.688275e+02
2.860000e-06	-2.671989e-06	-2.631409e-09	-1.919323e+01	-1.740925e+02
2.870000e-06	-2.729621e-06	-2.723576e-09	-1.960720e+01	-1.792185e+02
2.880000e-06	-2.786301e-06	-2.808381e-09	-2.001434e+01	-1.841995e+02
2.890000e-06	-2.842151e-06	-2.874036e-09	-2.041552e+01	-1.890308e+02
2.900000e-06	-2.896845e-06	-2.935542e-09	-2.080839e+01	-1.937095e+02
2.910000e-06	-2.950067e-06	-3.008420e-09	-2.119069e+01	-1.982346e+02
2.920000e-06	-3.002009e-06	-3.084950e-09	-2.156380e+01	-2.026070e+02
2.930000e-06	-3.052815e-06	-3.149990e-09	-2.192874e+01	-2.068296e+02
2.940000e-06	-3.102374e-06	-3.202399e-09	-2.228474e+01	-2.109065e+02
2.950000e-06	-3.150378e-06	-3.255317e-09	-2.262956e+01	-2.148431e+02
2.960000e-06	-3.197034e-06	-3.318220e-09	-2.296469e+01	-2.186449e+02
2.970000e-06	-3.242681e-06	-3.382309e-09	-2.329258e+01	-2.223174e+02
2.980000e-06	-3.287348e-06	-3.435739e-09	-2.361342e+01	-2.258652e+02
2.990000e-06	-3.331193e-06	-3.479544e-09	-2.392837e+01	-2.292915e+02
3.000000e-06	-3.374075e-06	-3.526262e-09	-2.423640e+01	-2.325983e+02
3.010000e-06	-3.415767e-06	-3.580790e-09	-2.453587e+01	-2.357858e+02
3.020000e-06	-3.456333e-06	-3.633529e-09	-2.482726e+01	-2.388530e+02
3.030000e-06	-3.495784e-06	-3.675194e-09	-2.511065e+01	-2.417980e+02
3.040000e-06	-3.533771e-06	-3.711148e-09	-2.538351e+01	-2.446186e+02
3.050000e-06	-3.570316e-06	-3.749600e-09	-2.564602e+01	-2.473128e+02
3.060000e-06	-3.605715e-06	-3.793053e-09	-2.590029e+01	-2.498791e+02
3.070000e-06	-3.639959e-06	-3.836148e-09	-2.614627e+01	-2.523173e+02
3.080000e-06	-3.672989e-06	-3.872632e-09	-2.638353e+01	-2.546286e+02
3.090000e-06	-3.704853e-06	-3.903301e-09	-2.661242e+01	-2.568154e+02
3.100000e-06	-3.735296e-06	-3.932138e-09	-2.683110e+01	-2.588811e+02
3.110000e-06	-3.764177e-06	-3.963584e-09	-2.703855e+01	-2.608299e+02
3.120000e-06	-3.791803e-06	-3.996272e-09	-2.723699e+01	-2.626659e+02
3.130000e-06	-3.818154e-06	-4.022545e-09	-2.742627e+01	-2.643932e+02
3.140000e-06	-3.843192e-06	-4.042207e-09	-2.760612e+01	-2.660145e+02
3.150000e-06	-3.867048e-06	-4.061319e-09	-2.777748e+01	-2.675318e+02
3.160000e-06	-3.889372e-06	-4.085676e-09	-2.793784e+01	-2.689452e+02
3.170000e-06	-3.910075e-06	-4.112365e-09	-2.808655e+01	-2.702542e+02
3.180000e-06	-3.929512e-06	-4.133467e-09	-2.822617e+01	-2.714572e+02
3.190000e-06	-3.947654e-06	-4.145688e-09	-2.835648e+01	-2.725524e+02
3.200000e-06	-3.964487e-06	-4.157266e-09	-2.847740e+01	-2.735382e+02
3.210000e-06	-3.979940e-06	-4.175035e-09	-2.858840e+01	-2.744142e+02
3.220000e-06	-3.993650e-06	-4.192191e-09	-2.868688e+01	-2.751815e+02
3.230000e-06	-4.005611e-06	-4.200240e-09	-2.877280e+01	-2.758427e+02
3.240000e-06	-4.016119e-06	-4.201364e-09	-2.884828e+01	-2.764023e+02
3.250000e-06	-4.025280e-06	-4.206542e-09	-2.891409e+01	-2.768663e+02
3.260000e-06	-4.033130e-06	-4.216803e-09	-2.897047e+01	-2.772417e+02
3.270000e-06	-4.039384e-06	-4.224871e-09	-2.901540e+01	-2.775355e+02
3.280000e-06	-4.044024e-06	-4.224859e-09	-2.904873e+01	-2.777544e+02
3.290000e-06	-4.047371e-06	-4.221339e-09	-2.907276e+01	-2.779035e+02
3.300000e-06	-4.049382e-06	-4.220312e-09	-2.908721e+01	-2.779858e+02
3.310000e-06	-4.050077e-06	-4.224350e-09	-2.909220e+01	-2.780020e+02
