# Temperatura_=_20.0
# Concentracion g/m^3_=_9000.0
# C_Vs_to_Am_M_A/Vsm_=_65563218390.804596
# pendiente_HvsI_1/m_=_3716.3
# ordenada_HvsI_A/m_=_1297.0
# frecuencia_Hz_=_300876.2733719356

Tiempo_(s)	Campo_(V.s)	Magnetizacion_(V.s)	Campo_(kA/m)	Magnetizacion_(A/m)
0.000000e+00	-5.378906e-06	-4.300520e-09	-5.680213e+01	-2.823335e+02
1.000000e-08	-5.377120e-06	-4.304299e-09	-5.678328e+01	-2.822840e+02
2.000000e-08	-5.373452e-06	-4.303319e-09	-5.674454e+01	-2.822058e+02
3.000000e-08	-5.368098e-06	-4.302006e-09	-5.668800e+01	-2.820986e+02
4.000000e-08	-5.361178e-06	-4.298195e-09	-5.661492e+01	-2.819614e+02
5.000000e-08	-5.352559e-06	-4.293062e-09	-5.652391e+01	-2.817923e+02
6.000000e-08	-5.341930e-06	-4.290644e-09	-5.641166e+01	-2.815891e+02
7.000000e-08	-5.329330e-06	-4.279164e-09	-5.627861e+01	-2.813492e+02
8.000000e-08	-5.314725e-06	-4.277418e-09	-5.612438e+01	-2.810703e+02
9.000000e-08	-5.297946e-06	-4.326948e-09	-5.594718e+01	-2.807507e+02
1.000000e-07	-5.279093e-06	-4.333737e-09	-5.574809e+01	-2.803897e+02
1.100000e-07	-5.258311e-06	-4.298188e-09	-5.552863e+01	-2.799879e+02
1.200000e-07	-5.235742e-06	-4.271933e-09	-5.529029e+01	-2.795472e+02
1.300000e-07	-5.211475e-06	-4.192838e-09	-5.503403e+01	-2.790711e+02
1.400000e-07	-5.185540e-06	-4.211280e-09	-5.476016e+01	-2.785638e+02
1.500000e-07	-5.158059e-06	-4.334084e-09	-5.446996e+01	-2.780305e+02
1.600000e-07	-5.129052e-06	-4.224418e-09	-5.416363e+01	-2.774762e+02
1.700000e-07	-5.098522e-06	-4.186093e-09	-5.384124e+01	-2.769053e+02
1.800000e-07	-5.066072e-06	-4.240082e-09	-5.349855e+01	-2.763213e+02
1.900000e-07	-5.031556e-06	-4.172623e-09	-5.313407e+01	-2.757258e+02
2.000000e-07	-4.995592e-06	-4.259081e-09	-5.275428e+01	-2.751188e+02
2.100000e-07	-4.958012e-06	-4.239350e-09	-5.235743e+01	-2.744980e+02
2.200000e-07	-4.918526e-06	-4.112177e-09	-5.194044e+01	-2.738594e+02
2.300000e-07	-4.877174e-06	-4.173714e-09	-5.150376e+01	-2.731974e+02
2.400000e-07	-4.833928e-06	-4.216269e-09	-5.104708e+01	-2.725053e+02
2.500000e-07	-4.788984e-06	-4.177909e-09	-5.057246e+01	-2.717762e+02
2.600000e-07	-4.742281e-06	-4.132201e-09	-5.007927e+01	-2.710033e+02
2.700000e-07	-4.693487e-06	-4.078693e-09	-4.956400e+01	-2.701806e+02
2.800000e-07	-4.642647e-06	-4.135588e-09	-4.902711e+01	-2.693036e+02
2.900000e-07	-4.590045e-06	-4.141802e-09	-4.847163e+01	-2.683691e+02
3.000000e-07	-4.535798e-06	-4.083611e-09	-4.789878e+01	-2.673758e+02
3.100000e-07	-4.479872e-06	-4.049405e-09	-4.730819e+01	-2.663238e+02
3.200000e-07	-4.422148e-06	-4.045280e-09	-4.669861e+01	-2.652143e+02
3.300000e-07	-4.362770e-06	-4.061376e-09	-4.607157e+01	-2.640494e+02
3.400000e-07	-4.301952e-06	-4.027002e-09	-4.542932e+01	-2.628317e+02
3.500000e-07	-4.239744e-06	-4.008921e-09	-4.477239e+01	-2.615632e+02
3.600000e-07	-4.176094e-06	-3.960200e-09	-4.410024e+01	-2.602457e+02
3.700000e-07	-4.110746e-06	-3.947775e-09	-4.341016e+01	-2.588799e+02
3.800000e-07	-4.043752e-06	-3.974485e-09	-4.270269e+01	-2.574657e+02
3.900000e-07	-3.975319e-06	-3.919718e-09	-4.198002e+01	-2.560021e+02
4.000000e-07	-3.905521e-06	-3.868363e-09	-4.124295e+01	-2.544871e+02
4.100000e-07	-3.834543e-06	-3.866102e-09	-4.049341e+01	-2.529185e+02
4.200000e-07	-3.762306e-06	-3.870152e-09	-3.973057e+01	-2.512935e+02
4.300000e-07	-3.688489e-06	-3.826196e-09	-3.895105e+01	-2.496094e+02
4.400000e-07	-3.612995e-06	-3.775854e-09	-3.815382e+01	-2.478638e+02
4.500000e-07	-3.536065e-06	-3.764264e-09	-3.734143e+01	-2.460545e+02
4.600000e-07	-3.457730e-06	-3.744177e-09	-3.651420e+01	-2.441795e+02
4.700000e-07	-3.377948e-06	-3.710367e-09	-3.567169e+01	-2.422371e+02
4.800000e-07	-3.296909e-06	-3.675624e-09	-3.481590e+01	-2.402254e+02
4.900000e-07	-3.214684e-06	-3.638322e-09	-3.394759e+01	-2.381424e+02
5.000000e-07	-3.131461e-06	-3.614352e-09	-3.306875e+01	-2.359856e+02
5.100000e-07	-3.047374e-06	-3.589180e-09	-3.218078e+01	-2.337518e+02
5.200000e-07	-2.962321e-06	-3.551851e-09	-3.128260e+01	-2.314370e+02
5.300000e-07	-2.876240e-06	-3.503967e-09	-3.037357e+01	-2.290366e+02
5.400000e-07	-2.789276e-06	-3.465002e-09	-2.945521e+01	-2.265453e+02
5.500000e-07	-2.701490e-06	-3.435129e-09	-2.852818e+01	-2.239574e+02
5.600000e-07	-2.612506e-06	-3.391911e-09	-2.758850e+01	-2.212669e+02
5.700000e-07	-2.522259e-06	-3.341076e-09	-2.663547e+01	-2.184678e+02
5.800000e-07	-2.431126e-06	-3.290353e-09	-2.567309e+01	-2.155543e+02
5.900000e-07	-2.339224e-06	-3.253519e-09	-2.470259e+01	-2.125209e+02
6.000000e-07	-2.246538e-06	-3.207360e-09	-2.372381e+01	-2.093623e+02
6.100000e-07	-2.153135e-06	-3.148979e-09	-2.273746e+01	-2.060732e+02
6.200000e-07	-2.058974e-06	-3.094644e-09	-2.174310e+01	-2.026483e+02
6.300000e-07	-1.964099e-06	-3.044797e-09	-2.074121e+01	-1.990816e+02
6.400000e-07	-1.868706e-06	-2.990313e-09	-1.973384e+01	-1.953661e+02
6.500000e-07	-1.772730e-06	-2.926016e-09	-1.872032e+01	-1.914935e+02
6.600000e-07	-1.675825e-06	-2.864218e-09	-1.769699e+01	-1.874536e+02
6.700000e-07	-1.577930e-06	-2.799709e-09	-1.666321e+01	-1.832341e+02
6.800000e-07	-1.479344e-06	-2.731567e-09	-1.562212e+01	-1.788203e+02
6.900000e-07	-1.380376e-06	-2.658232e-09	-1.457700e+01	-1.741951e+02
7.000000e-07	-1.281107e-06	-2.581469e-09	-1.352870e+01	-1.693388e+02
7.100000e-07	-1.181467e-06	-2.501187e-09	-1.247649e+01	-1.642292e+02
7.200000e-07	-1.081420e-06	-2.419577e-09	-1.141997e+01	-1.588419e+02
7.300000e-07	-9.809461e-07	-2.335000e-09	-1.035895e+01	-1.531502e+02
7.400000e-07	-8.801648e-07	-2.238160e-09	-9.294686e+00	-1.471258e+02
7.500000e-07	-7.791313e-07	-2.137119e-09	-8.227755e+00	-1.407387e+02
7.600000e-07	-6.778058e-07	-2.035168e-09	-7.157741e+00	-1.339580e+02
7.700000e-07	-5.761815e-07	-1.928776e-09	-6.084572e+00	-1.267524e+02
7.800000e-07	-4.743348e-07	-1.809558e-09	-5.009054e+00	-1.190909e+02
7.900000e-07	-3.723026e-07	-1.681578e-09	-3.931577e+00	-1.109444e+02
8.000000e-07	-2.701152e-07	-1.551531e-09	-2.852461e+00	-1.022861e+02
8.100000e-07	-1.678817e-07	-1.414818e-09	-1.772858e+00	-9.309418e+01
8.200000e-07	-6.558589e-08	-1.262799e-09	-6.925978e-01	-8.335303e+01
8.300000e-07	3.675556e-08	-1.097801e-09	3.881448e-01	-7.305556e+01
8.400000e-07	1.390889e-07	-9.313703e-10	1.468801e+00	-6.220531e+01
8.500000e-07	2.413636e-07	-7.597397e-10	2.548839e+00	-5.081838e+01
8.600000e-07	3.435237e-07	-5.802855e-10	3.627667e+00	-3.892510e+01
8.700000e-07	4.455390e-07	-3.913562e-10	4.704965e+00	-2.657117e+01
8.800000e-07	5.473792e-07	-1.956338e-10	5.780414e+00	-1.381807e+01
8.900000e-07	6.490835e-07	5.759509e-12	6.854429e+00	-7.426006e-01
9.000000e-07	7.505913e-07	2.085883e-10	7.926368e+00	1.256456e+01
9.100000e-07	8.517617e-07	4.133552e-10	8.994744e+00	2.600125e+01
9.200000e-07	9.525959e-07	6.218091e-10	1.005957e+01	3.945708e+01
9.300000e-07	1.053093e-06	8.269379e-10	1.112084e+01	5.281753e+01
9.400000e-07	1.153174e-06	1.027487e-09	1.217770e+01	6.596843e+01
9.500000e-07	1.252902e-06	1.221800e-09	1.323086e+01	7.880065e+01
9.600000e-07	1.352348e-06	1.411654e-09	1.428102e+01	9.121468e+01
9.700000e-07	1.451452e-06	1.594356e-09	1.532757e+01	1.031246e+02
9.800000e-07	1.550040e-06	1.766960e-09	1.636868e+01	1.144615e+02
9.900000e-07	1.647937e-06	1.928885e-09	1.740249e+01	1.251754e+02
1.000000e-06	1.745036e-06	2.083263e-09	1.842787e+01	1.352365e+02
1.010000e-06	1.841274e-06	2.230940e-09	1.944416e+01	1.446345e+02
1.020000e-06	1.936791e-06	2.365729e-09	2.045283e+01	1.533777e+02
1.030000e-06	2.031679e-06	2.487259e-09	2.145487e+01	1.614902e+02
1.040000e-06	2.125887e-06	2.598278e-09	2.244972e+01	1.690084e+02
1.050000e-06	2.219341e-06	2.703350e-09	2.343661e+01	1.759778e+02
1.060000e-06	2.312016e-06	2.802645e-09	2.441527e+01	1.824484e+02
1.070000e-06	2.403979e-06	2.895045e-09	2.538641e+01	1.884720e+02
1.080000e-06	2.495312e-06	2.978145e-09	2.635090e+01	1.940980e+02
1.090000e-06	2.585840e-06	3.057393e-09	2.730689e+01	1.993714e+02
1.100000e-06	2.675175e-06	3.134374e-09	2.825029e+01	2.043313e+02
1.110000e-06	2.763297e-06	3.206550e-09	2.918088e+01	2.090093e+02
1.120000e-06	2.850520e-06	3.273825e-09	3.010196e+01	2.134304e+02
1.130000e-06	2.936913e-06	3.336787e-09	3.101429e+01	2.176131e+02
1.140000e-06	3.022312e-06	3.398583e-09	3.191612e+01	2.215706e+02
1.150000e-06	3.106672e-06	3.456639e-09	3.280697e+01	2.253124e+02
1.160000e-06	3.190116e-06	3.509626e-09	3.368815e+01	2.288456e+02
1.170000e-06	3.272528e-06	3.555331e-09	3.455844e+01	2.321765e+02
1.180000e-06	3.353678e-06	3.601177e-09	3.541540e+01	2.353117e+02
1.190000e-06	3.433522e-06	3.645974e-09	3.625856e+01	2.382586e+02
1.200000e-06	3.512105e-06	3.686477e-09	3.708841e+01	2.410261e+02
1.210000e-06	3.589489e-06	3.725225e-09	3.790560e+01	2.436246e+02
1.220000e-06	3.665657e-06	3.763634e-09	3.870995e+01	2.460654e+02
1.230000e-06	3.740443e-06	3.800120e-09	3.949970e+01	2.483604e+02
1.240000e-06	3.813608e-06	3.830749e-09	4.027233e+01	2.505217e+02
1.250000e-06	3.885245e-06	3.859852e-09	4.102883e+01	2.525607e+02
1.260000e-06	3.955559e-06	3.888030e-09	4.177136e+01	2.544881e+02
1.270000e-06	4.024546e-06	3.915439e-09	4.249987e+01	2.563131e+02
1.280000e-06	4.092234e-06	3.941340e-09	4.321466e+01	2.580435e+02
1.290000e-06	4.158458e-06	3.964935e-09	4.391401e+01	2.596860e+02
1.300000e-06	4.222981e-06	3.989408e-09	4.459537e+01	2.612460e+02
1.310000e-06	4.285935e-06	4.014940e-09	4.526018e+01	2.627281e+02
1.320000e-06	4.347505e-06	4.037806e-09	4.591037e+01	2.641361e+02
1.330000e-06	4.407777e-06	4.056838e-09	4.654686e+01	2.654738e+02
1.340000e-06	4.466683e-06	4.075267e-09	4.716891e+01	2.667446e+02
1.350000e-06	4.523839e-06	4.094580e-09	4.777248e+01	2.679519e+02
1.360000e-06	4.579163e-06	4.112470e-09	4.835672e+01	2.690988e+02
1.370000e-06	4.632887e-06	4.128567e-09	4.892405e+01	2.701884e+02
1.380000e-06	4.684886e-06	4.144313e-09	4.947317e+01	2.712235e+02
1.390000e-06	4.734840e-06	4.160709e-09	5.000069e+01	2.722063e+02
1.400000e-06	4.782775e-06	4.177669e-09	5.050689e+01	2.731388e+02
1.410000e-06	4.829006e-06	4.192614e-09	5.099510e+01	2.740221e+02
1.420000e-06	4.873655e-06	4.205375e-09	5.146660e+01	2.748571e+02
1.430000e-06	4.916676e-06	4.218009e-09	5.192091e+01	2.756446e+02
1.440000e-06	4.957860e-06	4.230590e-09	5.235583e+01	2.763849e+02
1.450000e-06	4.997191e-06	4.241781e-09	5.277116e+01	2.770788e+02
1.460000e-06	5.034835e-06	4.251485e-09	5.316868e+01	2.777271e+02
1.470000e-06	5.070873e-06	4.260875e-09	5.354925e+01	2.783313e+02
1.480000e-06	5.105131e-06	4.270107e-09	5.391102e+01	2.788933e+02
1.490000e-06	5.137425e-06	4.278885e-09	5.425205e+01	2.794154e+02
1.500000e-06	5.167934e-06	4.287159e-09	5.457424e+01	2.799000e+02
1.510000e-06	5.196768e-06	4.294097e-09	5.487873e+01	2.803500e+02
1.520000e-06	5.223881e-06	4.300839e-09	5.516505e+01	2.807677e+02
1.530000e-06	5.248994e-06	4.308073e-09	5.543025e+01	2.811552e+02
1.540000e-06	5.272091e-06	4.314449e-09	5.567415e+01	2.815138e+02
1.550000e-06	5.293407e-06	4.319580e-09	5.589925e+01	2.818444e+02
1.560000e-06	5.313058e-06	4.325002e-09	5.610677e+01	2.821467e+02
1.570000e-06	5.330848e-06	4.330478e-09	5.629464e+01	2.824202e+02
1.580000e-06	5.346592e-06	4.334739e-09	5.646090e+01	2.826637e+02
1.590000e-06	5.360428e-06	4.339651e-09	5.660700e+01	2.828760e+02
1.600000e-06	5.372259e-06	4.344508e-09	5.673195e+01	2.830557e+02
1.610000e-06	5.381930e-06	4.347863e-09	5.683407e+01	2.832022e+02
1.620000e-06	5.389548e-06	4.349838e-09	5.691451e+01	2.833150e+02
1.630000e-06	5.395285e-06	4.350789e-09	5.697510e+01	2.833944e+02
1.640000e-06	5.399291e-06	4.351054e-09	5.701740e+01	2.834412e+02
1.650000e-06	5.401438e-06	4.353965e-09	5.704008e+01	2.834563e+02
1.660000e-06	5.401573e-06	4.355360e-09	5.704150e+01	2.834412e+02
1.670000e-06	5.399868e-06	4.350166e-09	5.702350e+01	2.833967e+02
1.680000e-06	5.396515e-06	4.348260e-09	5.698809e+01	2.833235e+02
1.690000e-06	5.391547e-06	4.347854e-09	5.693562e+01	2.832214e+02
1.700000e-06	5.384698e-06	4.347699e-09	5.686330e+01	2.830896e+02
1.710000e-06	5.376023e-06	4.345387e-09	5.677169e+01	2.829262e+02
1.720000e-06	5.365763e-06	4.342493e-09	5.666334e+01	2.827292e+02
1.730000e-06	5.353823e-06	4.351757e-09	5.653726e+01	2.824960e+02
1.740000e-06	5.339962e-06	4.311018e-09	5.639088e+01	2.822241e+02
1.750000e-06	5.323892e-06	4.250711e-09	5.622118e+01	2.819117e+02
1.760000e-06	5.305352e-06	4.264871e-09	5.602539e+01	2.815579e+02
1.770000e-06	5.284213e-06	4.277239e-09	5.580216e+01	2.811631e+02
1.780000e-06	5.260937e-06	4.358381e-09	5.555636e+01	2.807291e+02
1.790000e-06	5.236526e-06	4.398152e-09	5.529858e+01	2.802589e+02
1.800000e-06	5.211303e-06	4.208674e-09	5.503222e+01	2.797567e+02
1.810000e-06	5.184412e-06	4.263816e-09	5.474824e+01	2.792276e+02
1.820000e-06	5.155337e-06	4.315588e-09	5.444121e+01	2.786765e+02
1.830000e-06	5.124640e-06	4.218577e-09	5.411705e+01	2.781082e+02
1.840000e-06	5.092258e-06	4.337478e-09	5.377509e+01	2.775262e+02
1.850000e-06	5.057763e-06	4.223129e-09	5.341082e+01	2.769326e+02
1.860000e-06	5.021633e-06	4.132856e-09	5.302928e+01	2.763277e+02
1.870000e-06	4.983835e-06	4.324614e-09	5.263012e+01	2.757095e+02
1.880000e-06	4.944116e-06	4.201600e-09	5.221068e+01	2.750743e+02
1.890000e-06	4.902623e-06	4.098863e-09	5.177250e+01	2.744168e+02
1.900000e-06	4.859399e-06	4.149907e-09	5.131605e+01	2.737305e+02
1.910000e-06	4.814724e-06	4.120421e-09	5.084428e+01	2.730084e+02
1.920000e-06	4.768285e-06	4.212217e-09	5.035388e+01	2.722437e+02
1.930000e-06	4.719829e-06	4.087500e-09	4.984217e+01	2.714302e+02
1.940000e-06	4.669737e-06	4.039672e-09	4.931320e+01	2.705630e+02
1.950000e-06	4.618019e-06	4.127042e-09	4.876704e+01	2.696388e+02
1.960000e-06	4.564437e-06	4.037202e-09	4.820121e+01	2.686559e+02
1.970000e-06	4.508838e-06	4.081349e-09	4.761407e+01	2.676142e+02
1.980000e-06	4.451517e-06	4.038761e-09	4.700876e+01	2.665147e+02
1.990000e-06	4.392782e-06	3.985255e-09	4.638850e+01	2.653595e+02
2.000000e-06	4.332592e-06	4.009852e-09	4.575288e+01	2.641509e+02
2.010000e-06	4.270894e-06	3.992874e-09	4.510134e+01	2.628912e+02
2.020000e-06	4.207470e-06	4.013599e-09	4.443158e+01	2.615822e+02
2.030000e-06	4.142331e-06	3.888082e-09	4.374370e+01	2.602249e+02
2.040000e-06	4.075797e-06	3.910257e-09	4.304108e+01	2.588193e+02
2.050000e-06	4.007975e-06	3.952398e-09	4.232488e+01	2.573645e+02
2.060000e-06	3.938706e-06	3.864363e-09	4.159338e+01	2.558588e+02
2.070000e-06	3.867730e-06	3.845888e-09	4.084386e+01	2.542998e+02
2.080000e-06	3.795315e-06	3.800243e-09	4.007915e+01	2.526849e+02
2.090000e-06	3.721681e-06	3.829864e-09	3.930157e+01	2.510115e+02
2.100000e-06	3.646646e-06	3.778753e-09	3.850918e+01	2.492770e+02
2.110000e-06	3.570071e-06	3.733707e-09	3.770054e+01	2.474790e+02
2.120000e-06	3.491844e-06	3.731602e-09	3.687445e+01	2.456158e+02
2.130000e-06	3.412262e-06	3.677152e-09	3.603405e+01	2.436854e+02
2.140000e-06	3.331586e-06	3.670173e-09	3.518210e+01	2.416861e+02
2.150000e-06	3.249784e-06	3.629852e-09	3.431826e+01	2.396159e+02
2.160000e-06	3.166917e-06	3.605379e-09	3.344317e+01	2.374724e+02
2.170000e-06	3.083071e-06	3.553885e-09	3.255774e+01	2.352525e+02
2.180000e-06	2.998135e-06	3.521802e-09	3.166080e+01	2.329523e+02
2.190000e-06	2.911810e-06	3.503193e-09	3.074919e+01	2.305675e+02
2.200000e-06	2.824329e-06	3.448994e-09	2.982538e+01	2.280927e+02
2.210000e-06	2.735943e-06	3.410491e-09	2.889201e+01	2.255224e+02
2.220000e-06	2.646631e-06	3.372161e-09	2.794886e+01	2.228505e+02
2.230000e-06	2.556468e-06	3.348582e-09	2.699672e+01	2.200711e+02
2.240000e-06	2.465419e-06	3.289165e-09	2.603523e+01	2.171783e+02
2.250000e-06	2.373674e-06	3.239866e-09	2.506638e+01	2.141666e+02
2.260000e-06	2.281383e-06	3.205902e-09	2.409178e+01	2.110307e+02
2.270000e-06	2.188311e-06	3.156203e-09	2.310893e+01	2.077652e+02
2.280000e-06	2.094103e-06	3.096612e-09	2.211407e+01	2.043648e+02
2.290000e-06	1.998920e-06	3.040685e-09	2.110893e+01	2.008238e+02
2.300000e-06	1.903138e-06	2.995001e-09	2.009746e+01	1.971353e+02
2.310000e-06	1.806756e-06	2.932778e-09	1.907965e+01	1.932913e+02
2.320000e-06	1.709725e-06	2.869762e-09	1.805498e+01	1.892820e+02
2.330000e-06	1.612114e-06	2.809139e-09	1.702419e+01	1.850955e+02
2.340000e-06	1.513928e-06	2.746783e-09	1.598733e+01	1.807175e+02
2.350000e-06	1.415145e-06	2.676905e-09	1.494417e+01	1.761313e+02
2.360000e-06	1.315953e-06	2.607403e-09	1.389668e+01	1.713177e+02
2.370000e-06	1.216448e-06	2.530530e-09	1.284589e+01	1.662550e+02
2.380000e-06	1.116609e-06	2.441610e-09	1.179158e+01	1.609190e+02
2.390000e-06	1.016547e-06	2.357959e-09	1.073490e+01	1.552836e+02
2.400000e-06	9.163079e-07	2.273666e-09	9.676363e+00	1.493206e+02
2.410000e-06	8.157922e-07	2.174853e-09	8.614901e+00	1.430004e+02
2.420000e-06	7.149189e-07	2.068614e-09	7.549661e+00	1.362921e+02
2.430000e-06	6.136336e-07	1.967528e-09	6.480072e+00	1.291646e+02
2.440000e-06	5.119640e-07	1.859784e-09	5.406425e+00	1.215867e+02
2.450000e-06	4.100122e-07	1.733548e-09	4.329796e+00	1.135287e+02
2.460000e-06	3.078242e-07	1.595086e-09	3.250675e+00	1.049634e+02
2.470000e-06	2.054242e-07	1.458810e-09	2.169314e+00	9.586803e+01
2.480000e-06	1.029164e-07	1.319190e-09	1.086814e+00	8.622563e+01
2.490000e-06	4.136071e-10	1.164261e-09	4.367760e-03	7.602747e+01
2.500000e-06	-1.020126e-07	9.965159e-10	-1.077270e+00	6.527502e+01
2.510000e-06	-2.043482e-07	8.236008e-10	-2.157950e+00	5.398201e+01
2.520000e-06	-3.066356e-07	6.470772e-10	-3.238123e+00	4.217613e+01
2.530000e-06	-4.087312e-07	4.638858e-10	-4.316269e+00	2.990029e+01
2.540000e-06	-5.104775e-07	2.717577e-10	-5.390727e+00	1.721315e+01
2.550000e-06	-6.118691e-07	6.896655e-11	-6.461438e+00	4.188856e+00
2.560000e-06	-7.129258e-07	-1.363511e-10	-7.528614e+00	-9.084251e+00
2.570000e-06	-8.136007e-07	-3.378069e-10	-8.591758e+00	-2.250583e+01
2.580000e-06	-9.139317e-07	-5.392006e-10	-9.651270e+00	-3.596670e+01
2.590000e-06	-1.014030e-06	-7.461373e-10	-1.070833e+01	-4.935274e+01
2.600000e-06	-1.113907e-06	-9.516213e-10	-1.176304e+01	-6.254939e+01
2.610000e-06	-1.213491e-06	-1.146500e-09	-1.281466e+01	-7.544626e+01
2.620000e-06	-1.312700e-06	-1.332778e-09	-1.386233e+01	-8.794182e+01
2.630000e-06	-1.411427e-06	-1.516166e-09	-1.490490e+01	-9.994749e+01
2.640000e-06	-1.509639e-06	-1.693397e-09	-1.594203e+01	-1.113911e+02
2.650000e-06	-1.607329e-06	-1.857681e-09	-1.697365e+01	-1.222191e+02
2.660000e-06	-1.704503e-06	-2.011793e-09	-1.799983e+01	-1.323981e+02
2.670000e-06	-1.801199e-06	-2.157870e-09	-1.902096e+01	-1.419146e+02
2.680000e-06	-1.897420e-06	-2.295051e-09	-2.003706e+01	-1.507735e+02
2.690000e-06	-1.993102e-06	-2.423258e-09	-2.104748e+01	-1.589964e+02
2.700000e-06	-2.088039e-06	-2.541555e-09	-2.205003e+01	-1.666177e+02
2.710000e-06	-2.181940e-06	-2.647915e-09	-2.304165e+01	-1.736816e+02
2.720000e-06	-2.274714e-06	-2.743922e-09	-2.402135e+01	-1.802376e+02
2.730000e-06	-2.366656e-06	-2.836274e-09	-2.499228e+01	-1.863374e+02
2.740000e-06	-2.457891e-06	-2.924397e-09	-2.595574e+01	-1.920311e+02
2.750000e-06	-2.548263e-06	-3.005550e-09	-2.691008e+01	-1.973645e+02
2.760000e-06	-2.637675e-06	-3.082031e-09	-2.785428e+01	-2.023779e+02
2.770000e-06	-2.726245e-06	-3.154973e-09	-2.878959e+01	-2.071044e+02
2.780000e-06	-2.814113e-06	-3.225259e-09	-2.971750e+01	-2.115700e+02
2.790000e-06	-2.901019e-06	-3.291747e-09	-3.063524e+01	-2.157943e+02
2.800000e-06	-2.986611e-06	-3.354034e-09	-3.153911e+01	-2.197913e+02
2.810000e-06	-3.071000e-06	-3.411836e-09	-3.243026e+01	-2.235711e+02
2.820000e-06	-3.154408e-06	-3.465830e-09	-3.331107e+01	-2.271412e+02
2.830000e-06	-3.236796e-06	-3.518008e-09	-3.418110e+01	-2.305079e+02
2.840000e-06	-3.318132e-06	-3.568000e-09	-3.504003e+01	-2.336776e+02
2.850000e-06	-3.398435e-06	-3.614252e-09	-3.588804e+01	-2.366577e+02
2.860000e-06	-3.477517e-06	-3.655428e-09	-3.672316e+01	-2.394567e+02
2.870000e-06	-3.555131e-06	-3.694799e-09	-3.754277e+01	-2.420846e+02
2.880000e-06	-3.631242e-06	-3.735721e-09	-3.834651e+01	-2.445528e+02
2.890000e-06	-3.705909e-06	-3.775274e-09	-3.913501e+01	-2.468731e+02
2.900000e-06	-3.779209e-06	-3.809710e-09	-3.990907e+01	-2.490575e+02
2.910000e-06	-3.851277e-06	-3.840842e-09	-4.067012e+01	-2.511177e+02
2.920000e-06	-3.921905e-06	-3.870982e-09	-4.141596e+01	-2.530644e+02
2.930000e-06	-3.990868e-06	-3.900269e-09	-4.214423e+01	-2.549072e+02
2.940000e-06	-4.058427e-06	-3.927340e-09	-4.285765e+01	-2.566541e+02
2.950000e-06	-4.124649e-06	-3.951993e-09	-4.355698e+01	-2.583120e+02
2.960000e-06	-4.189514e-06	-3.975383e-09	-4.424196e+01	-2.598865e+02
2.970000e-06	-4.253002e-06	-3.998823e-09	-4.491241e+01	-2.613822e+02
2.980000e-06	-4.314778e-06	-4.022230e-09	-4.556477e+01	-2.628033e+02
2.990000e-06	-4.374859e-06	-4.043255e-09	-4.619923e+01	-2.641535e+02
3.000000e-06	-4.433492e-06	-4.060997e-09	-4.681841e+01	-2.654361e+02
3.010000e-06	-4.490651e-06	-4.077522e-09	-4.742201e+01	-2.666545e+02
3.020000e-06	-4.546258e-06	-4.095740e-09	-4.800924e+01	-2.678121e+02
3.030000e-06	-4.599953e-06	-4.112609e-09	-4.857626e+01	-2.689119e+02
3.040000e-06	-4.651683e-06	-4.127365e-09	-4.912254e+01	-2.699566e+02
3.050000e-06	-4.701654e-06	-4.141855e-09	-4.965025e+01	-2.709488e+02
3.060000e-06	-4.749703e-06	-4.156411e-09	-5.015765e+01	-2.718902e+02
3.070000e-06	-4.795948e-06	-4.169317e-09	-5.064600e+01	-2.727823e+02
3.080000e-06	-4.840673e-06	-4.182477e-09	-5.111830e+01	-2.736261e+02
3.090000e-06	-4.883889e-06	-4.195119e-09	-5.157467e+01	-2.744221e+02
3.100000e-06	-4.925554e-06	-4.205703e-09	-5.201466e+01	-2.751709e+02
3.110000e-06	-4.965634e-06	-4.215008e-09	-5.243792e+01	-2.758731e+02
3.120000e-06	-5.003871e-06	-4.223759e-09	-5.284171e+01	-2.765296e+02
3.130000e-06	-5.040210e-06	-4.232466e-09	-5.322545e+01	-2.771417e+02
3.140000e-06	-5.074801e-06	-4.239896e-09	-5.359073e+01	-2.777112e+02
3.150000e-06	-5.107712e-06	-4.246415e-09	-5.393828e+01	-2.782403e+02
3.160000e-06	-5.138806e-06	-4.253830e-09	-5.426664e+01	-2.787316e+02
3.170000e-06	-5.167906e-06	-4.260594e-09	-5.457394e+01	-2.791877e+02
3.180000e-06	-5.195181e-06	-4.265372e-09	-5.486197e+01	-2.796111e+02
3.190000e-06	-5.220712e-06	-4.270477e-09	-5.513158e+01	-2.800039e+02
3.200000e-06	-5.244468e-06	-4.276709e-09	-5.538244e+01	-2.803678e+02
3.210000e-06	-5.266276e-06	-4.281056e-09	-5.561275e+01	-2.807035e+02
3.220000e-06	-5.286167e-06	-4.285007e-09	-5.582280e+01	-2.810110e+02
3.230000e-06	-5.304339e-06	-4.290056e-09	-5.601470e+01	-2.812898e+02
3.240000e-06	-5.320709e-06	-4.293756e-09	-5.618756e+01	-2.815389e+02
3.250000e-06	-5.334906e-06	-4.295709e-09	-5.633749e+01	-2.817569e+02
3.260000e-06	-5.346877e-06	-4.296853e-09	-5.646391e+01	-2.819427e+02
3.270000e-06	-5.356945e-06	-4.296900e-09	-5.657022e+01	-2.820953e+02
3.280000e-06	-5.365228e-06	-4.296120e-09	-5.665770e+01	-2.822142e+02
3.290000e-06	-5.371550e-06	-4.297419e-09	-5.672445e+01	-2.822997e+02
3.300000e-06	-5.375906e-06	-4.299153e-09	-5.677045e+01	-2.823523e+02
3.310000e-06	-5.378499e-06	-4.297748e-09	-5.679784e+01	-2.823731e+02
3.320000e-06	-5.379318e-06	-4.296543e-09	-5.680648e+01	-2.823634e+02
