# Temperatura_=_20.0
# Concentracion g/m^3_=_12600.0
# C_Vs_to_Am_M_A/Vsm_=_65563218390.804596
# pendiente_HvsI_1/m_=_3716.3
# ordenada_HvsI_A/m_=_1297.0
# frecuencia_Hz_=_213205.6247124289

Tiempo_(s)	Campo_(V.s)	Magnetizacion_(V.s)	Campo_(kA/m)	Magnetizacion_(A/m)
0.000000e+00	-8.200665e-06	-5.493223e-09	-5.680147e+01	-3.568100e+02
1.000000e-08	-8.200208e-06	-5.490765e-09	-5.679830e+01	-3.567462e+02
2.000000e-08	-8.198209e-06	-5.496406e-09	-5.678446e+01	-3.566175e+02
3.000000e-08	-8.194677e-06	-5.501322e-09	-5.675999e+01	-3.564273e+02
4.000000e-08	-8.189944e-06	-5.502083e-09	-5.672721e+01	-3.561818e+02
5.000000e-08	-8.183923e-06	-5.495279e-09	-5.668551e+01	-3.558899e+02
6.000000e-08	-8.176577e-06	-5.487387e-09	-5.663463e+01	-3.555626e+02
7.000000e-08	-8.168059e-06	-5.480689e-09	-5.657563e+01	-3.552125e+02
8.000000e-08	-8.157925e-06	-5.459951e-09	-5.650544e+01	-3.548533e+02
9.000000e-08	-8.145983e-06	-5.457765e-09	-5.642272e+01	-3.544988e+02
1.000000e-07	-8.132330e-06	-5.481042e-09	-5.632815e+01	-3.541625e+02
1.100000e-07	-8.116556e-06	-5.480901e-09	-5.621890e+01	-3.538560e+02
1.200000e-07	-8.098974e-06	-5.484148e-09	-5.609711e+01	-3.535891e+02
1.300000e-07	-8.080089e-06	-5.458174e-09	-5.596631e+01	-3.533688e+02
1.400000e-07	-8.060185e-06	-5.364936e-09	-5.582844e+01	-3.531985e+02
1.500000e-07	-8.039368e-06	-5.425335e-09	-5.568425e+01	-3.530781e+02
1.600000e-07	-8.017249e-06	-5.495487e-09	-5.553105e+01	-3.530038e+02
1.700000e-07	-7.993864e-06	-5.419262e-09	-5.536908e+01	-3.529682e+02
1.800000e-07	-7.969142e-06	-5.418995e-09	-5.519784e+01	-3.529602e+02
1.900000e-07	-7.942587e-06	-5.343962e-09	-5.501390e+01	-3.529664e+02
2.000000e-07	-7.914600e-06	-5.296446e-09	-5.482006e+01	-3.529708e+02
2.100000e-07	-7.885587e-06	-5.405446e-09	-5.461910e+01	-3.529564e+02
2.200000e-07	-7.855197e-06	-5.379568e-09	-5.440861e+01	-3.529055e+02
2.300000e-07	-7.823385e-06	-5.329828e-09	-5.418826e+01	-3.528010e+02
2.400000e-07	-7.790068e-06	-5.289775e-09	-5.395749e+01	-3.526271e+02
2.500000e-07	-7.755222e-06	-5.259795e-09	-5.371613e+01	-3.523699e+02
2.600000e-07	-7.719109e-06	-5.366570e-09	-5.346600e+01	-3.520186e+02
2.700000e-07	-7.681587e-06	-5.342792e-09	-5.320611e+01	-3.515652e+02
2.800000e-07	-7.642679e-06	-5.260215e-09	-5.293661e+01	-3.510055e+02
2.900000e-07	-7.602590e-06	-5.253169e-09	-5.265894e+01	-3.503387e+02
3.000000e-07	-7.561034e-06	-5.252060e-09	-5.237110e+01	-3.495676e+02
3.100000e-07	-7.517879e-06	-5.282050e-09	-5.207219e+01	-3.486981e+02
3.200000e-07	-7.473279e-06	-5.272060e-09	-5.176327e+01	-3.477386e+02
3.300000e-07	-7.427320e-06	-5.224160e-09	-5.144494e+01	-3.466996e+02
3.400000e-07	-7.380117e-06	-5.140119e-09	-5.111799e+01	-3.455928e+02
3.500000e-07	-7.331523e-06	-5.144580e-09	-5.078140e+01	-3.444306e+02
3.600000e-07	-7.281270e-06	-5.229683e-09	-5.043333e+01	-3.432249e+02
3.700000e-07	-7.229235e-06	-5.185052e-09	-5.007291e+01	-3.419871e+02
3.800000e-07	-7.175725e-06	-5.080773e-09	-4.970228e+01	-3.407265e+02
3.900000e-07	-7.121092e-06	-5.035709e-09	-4.932386e+01	-3.394509e+02
4.000000e-07	-7.065506e-06	-5.089204e-09	-4.893885e+01	-3.381655e+02
4.100000e-07	-7.008549e-06	-5.147130e-09	-4.854434e+01	-3.368732e+02
4.200000e-07	-6.950033e-06	-5.081420e-09	-4.813903e+01	-3.355743e+02
4.300000e-07	-6.890304e-06	-4.999251e-09	-4.772533e+01	-3.342668e+02
4.400000e-07	-6.829395e-06	-4.981957e-09	-4.730344e+01	-3.329468e+02
4.500000e-07	-6.767363e-06	-5.023218e-09	-4.687378e+01	-3.316089e+02
4.600000e-07	-6.704244e-06	-5.028112e-09	-4.643659e+01	-3.302466e+02
4.700000e-07	-6.639954e-06	-4.964177e-09	-4.599129e+01	-3.288527e+02
4.800000e-07	-6.574266e-06	-4.899091e-09	-4.553631e+01	-3.274203e+02
4.900000e-07	-6.507305e-06	-4.873802e-09	-4.507250e+01	-3.259428e+02
5.000000e-07	-6.439267e-06	-4.894605e-09	-4.460124e+01	-3.244146e+02
5.100000e-07	-6.370141e-06	-4.881799e-09	-4.412244e+01	-3.228313e+02
5.200000e-07	-6.299891e-06	-4.825481e-09	-4.363586e+01	-3.211898e+02
5.300000e-07	-6.228664e-06	-4.772204e-09	-4.314251e+01	-3.194890e+02
5.400000e-07	-6.156455e-06	-4.755956e-09	-4.264236e+01	-3.177288e+02
5.500000e-07	-6.082837e-06	-4.764220e-09	-4.213245e+01	-3.159109e+02
5.600000e-07	-6.007766e-06	-4.749529e-09	-4.161247e+01	-3.140377e+02
5.700000e-07	-5.931507e-06	-4.698261e-09	-4.108427e+01	-3.121129e+02
5.800000e-07	-5.854110e-06	-4.640185e-09	-4.054818e+01	-3.101403e+02
5.900000e-07	-5.775544e-06	-4.618200e-09	-4.000400e+01	-3.081239e+02
6.000000e-07	-5.695876e-06	-4.626678e-09	-3.945218e+01	-3.060676e+02
6.100000e-07	-5.615060e-06	-4.611554e-09	-3.889242e+01	-3.039745e+02
6.200000e-07	-5.533097e-06	-4.546564e-09	-3.832470e+01	-3.018469e+02
6.300000e-07	-5.450204e-06	-4.477830e-09	-3.775055e+01	-2.996863e+02
6.400000e-07	-5.366542e-06	-4.452088e-09	-3.717107e+01	-2.974928e+02
6.500000e-07	-5.282106e-06	-4.458788e-09	-3.658622e+01	-2.952656e+02
6.600000e-07	-5.196823e-06	-4.433376e-09	-3.599552e+01	-2.930026e+02
6.700000e-07	-5.110681e-06	-4.354480e-09	-3.539886e+01	-2.907009e+02
6.800000e-07	-5.023744e-06	-4.287035e-09	-3.479670e+01	-2.883571e+02
6.900000e-07	-4.936055e-06	-4.274410e-09	-3.418933e+01	-2.859671e+02
7.000000e-07	-4.847432e-06	-4.281417e-09	-3.357548e+01	-2.835267e+02
7.100000e-07	-4.757676e-06	-4.239729e-09	-3.295379e+01	-2.810317e+02
7.200000e-07	-4.666939e-06	-4.159819e-09	-3.232530e+01	-2.784784e+02
7.300000e-07	-4.575452e-06	-4.110581e-09	-3.169163e+01	-2.758636e+02
7.400000e-07	-4.483174e-06	-4.104311e-09	-3.105246e+01	-2.731845e+02
7.500000e-07	-4.390136e-06	-4.092273e-09	-3.040804e+01	-2.704395e+02
7.600000e-07	-4.296396e-06	-4.035501e-09	-2.975876e+01	-2.676274e+02
7.700000e-07	-4.201924e-06	-3.958963e-09	-2.910440e+01	-2.647480e+02
7.800000e-07	-4.106800e-06	-3.908383e-09	-2.844553e+01	-2.618017e+02
7.900000e-07	-4.011022e-06	-3.888409e-09	-2.778213e+01	-2.587895e+02
8.000000e-07	-3.914513e-06	-3.862517e-09	-2.711366e+01	-2.557126e+02
8.100000e-07	-3.817071e-06	-3.801076e-09	-2.643874e+01	-2.525726e+02
8.200000e-07	-3.718754e-06	-3.723198e-09	-2.575776e+01	-2.493708e+02
8.300000e-07	-3.619840e-06	-3.668225e-09	-2.507263e+01	-2.461087e+02
8.400000e-07	-3.520370e-06	-3.646743e-09	-2.438366e+01	-2.427871e+02
8.500000e-07	-3.420328e-06	-3.622705e-09	-2.369072e+01	-2.394067e+02
8.600000e-07	-3.319635e-06	-3.556051e-09	-2.299328e+01	-2.359672e+02
8.700000e-07	-3.218295e-06	-3.469543e-09	-2.229135e+01	-2.324683e+02
8.800000e-07	-3.116453e-06	-3.417094e-09	-2.158594e+01	-2.289086e+02
8.900000e-07	-3.014122e-06	-3.401222e-09	-2.087715e+01	-2.252864e+02
9.000000e-07	-2.911327e-06	-3.367250e-09	-2.016515e+01	-2.215997e+02
9.100000e-07	-2.808094e-06	-3.281534e-09	-1.945011e+01	-2.178459e+02
9.200000e-07	-2.704302e-06	-3.189593e-09	-1.873120e+01	-2.140221e+02
9.300000e-07	-2.599934e-06	-3.144575e-09	-1.800830e+01	-2.101253e+02
9.400000e-07	-2.494965e-06	-3.125524e-09	-1.728124e+01	-2.061527e+02
9.500000e-07	-2.389513e-06	-3.070850e-09	-1.655083e+01	-2.021012e+02
9.600000e-07	-2.283614e-06	-2.971971e-09	-1.581733e+01	-1.979679e+02
9.700000e-07	-2.177207e-06	-2.887682e-09	-1.508031e+01	-1.937501e+02
9.800000e-07	-2.070433e-06	-2.849440e-09	-1.434075e+01	-1.894454e+02
9.900000e-07	-1.963364e-06	-2.815963e-09	-1.359914e+01	-1.850514e+02
1.000000e-06	-1.855982e-06	-2.739294e-09	-1.285536e+01	-1.805662e+02
1.010000e-06	-1.748322e-06	-2.636840e-09	-1.210966e+01	-1.759878e+02
1.020000e-06	-1.640347e-06	-2.561933e-09	-1.136178e+01	-1.713147e+02
1.030000e-06	-1.531982e-06	-2.520195e-09	-1.061119e+01	-1.665453e+02
1.040000e-06	-1.423373e-06	-2.464929e-09	-9.858917e+00	-1.616783e+02
1.050000e-06	-1.314545e-06	-2.371004e-09	-9.105124e+00	-1.567124e+02
1.060000e-06	-1.205403e-06	-2.270074e-09	-8.349162e+00	-1.516463e+02
1.070000e-06	-1.096051e-06	-2.196964e-09	-7.591738e+00	-1.464788e+02
1.080000e-06	-9.866080e-07	-2.142016e-09	-6.833688e+00	-1.412088e+02
1.090000e-06	-8.770117e-07	-2.068994e-09	-6.074575e+00	-1.358350e+02
1.100000e-06	-7.672478e-07	-1.968299e-09	-5.314301e+00	-1.303559e+02
1.110000e-06	-6.573873e-07	-1.865494e-09	-4.553358e+00	-1.247702e+02
1.120000e-06	-5.474584e-07	-1.782696e-09	-3.791942e+00	-1.190762e+02
1.130000e-06	-4.374623e-07	-1.713005e-09	-3.030059e+00	-1.132718e+02
1.140000e-06	-3.273704e-07	-1.628385e-09	-2.267514e+00	-1.073548e+02
1.150000e-06	-2.172376e-07	-1.520647e-09	-1.504685e+00	-1.013225e+02
1.160000e-06	-1.070708e-07	-1.411522e-09	-7.416205e-01	-9.517162e+01
1.170000e-06	3.091787e-09	-1.322556e-09	2.141510e-02	-8.889854e+01
1.180000e-06	1.132304e-07	-1.243969e-09	7.842841e-01	-8.249899e+01
1.190000e-06	2.233776e-07	-1.147193e-09	1.547213e+00	-7.596822e+01
1.200000e-06	3.335271e-07	-1.027122e-09	2.310158e+00	-6.930102e+01
1.210000e-06	4.436606e-07	-9.085844e-10	3.072992e+00	-6.249187e+01
1.220000e-06	5.537142e-07	-8.134612e-10	3.835272e+00	-5.553512e+01
1.230000e-06	6.636644e-07	-7.275475e-10	4.596836e+00	-4.842524e+01
1.240000e-06	7.734943e-07	-6.172337e-10	5.357567e+00	-4.115717e+01
1.250000e-06	8.832468e-07	-4.838124e-10	6.117762e+00	-3.372667e+01
1.260000e-06	9.929060e-07	-3.610655e-10	6.877311e+00	-2.613074e+01
1.270000e-06	1.102349e-06	-2.589784e-10	7.635362e+00	-1.836811e+01
1.280000e-06	1.211538e-06	-1.509364e-10	8.391656e+00	-1.043967e+01
1.290000e-06	1.320554e-06	-1.618525e-11	9.146748e+00	-2.348885e+00
1.300000e-06	1.429403e-06	1.260448e-10	9.900683e+00	5.897776e+00
1.310000e-06	1.537953e-06	2.534438e-10	1.065255e+01	1.429055e+01
1.320000e-06	1.646198e-06	3.674901e-10	1.140231e+01	2.281618e+01
1.330000e-06	1.754132e-06	4.927060e-10	1.214990e+01	3.145780e+01
1.340000e-06	1.861769e-06	6.351884e-10	1.289544e+01	4.019503e+01
1.350000e-06	1.969157e-06	7.816001e-10	1.363926e+01	4.900416e+01
1.360000e-06	2.076230e-06	9.154194e-10	1.438090e+01	5.785852e+01
1.370000e-06	2.182907e-06	1.037051e-09	1.511979e+01	6.672901e+01
1.380000e-06	2.289166e-06	1.167906e-09	1.585579e+01	7.558475e+01
1.390000e-06	2.395018e-06	1.313633e-09	1.658896e+01	8.439382e+01
1.400000e-06	2.500385e-06	1.456158e-09	1.731878e+01	9.312411e+01
1.410000e-06	2.605169e-06	1.581771e-09	1.804457e+01	1.017442e+02
1.420000e-06	2.709364e-06	1.698294e-09	1.876626e+01	1.102243e+02
1.430000e-06	2.812965e-06	1.822630e-09	1.948385e+01	1.185370e+02
1.440000e-06	2.916035e-06	1.954100e-09	2.019776e+01	1.266581e+02
1.450000e-06	3.018663e-06	2.078008e-09	2.090861e+01	1.345670e+02
1.460000e-06	3.120805e-06	2.188556e-09	2.161609e+01	1.422476e+02
1.470000e-06	3.222457e-06	2.290535e-09	2.232017e+01	1.496883e+02
1.480000e-06	3.323583e-06	2.399845e-09	2.302062e+01	1.568821e+02
1.490000e-06	3.424162e-06	2.513079e-09	2.371728e+01	1.638266e+02
1.500000e-06	3.524207e-06	2.616242e-09	2.441024e+01	1.705237e+02
1.510000e-06	3.623603e-06	2.705292e-09	2.509870e+01	1.769792e+02
1.520000e-06	3.722351e-06	2.791557e-09	2.578267e+01	1.832018e+02
1.530000e-06	3.820457e-06	2.884309e-09	2.646219e+01	1.892031e+02
1.540000e-06	3.917750e-06	2.979814e-09	2.713609e+01	1.949961e+02
1.550000e-06	4.014124e-06	3.065957e-09	2.780362e+01	2.005950e+02
1.560000e-06	4.109706e-06	3.140616e-09	2.846566e+01	2.060140e+02
1.570000e-06	4.204653e-06	3.214326e-09	2.912330e+01	2.112668e+02
1.580000e-06	4.298884e-06	3.295973e-09	2.977599e+01	2.163660e+02
1.590000e-06	4.392326e-06	3.378014e-09	3.042321e+01	2.213226e+02
1.600000e-06	4.485071e-06	3.451027e-09	3.106561e+01	2.261457e+02
1.610000e-06	4.577146e-06	3.516261e-09	3.170336e+01	2.308422e+02
1.620000e-06	4.668515e-06	3.580555e-09	3.233622e+01	2.354171e+02
1.630000e-06	4.759054e-06	3.648988e-09	3.296333e+01	2.398735e+02
1.640000e-06	4.848591e-06	3.716319e-09	3.358351e+01	2.442129e+02
1.650000e-06	4.937053e-06	3.777299e-09	3.419623e+01	2.484353e+02
1.660000e-06	5.024596e-06	3.831683e-09	3.480260e+01	2.525402e+02
1.670000e-06	5.111352e-06	3.886711e-09	3.540351e+01	2.565266e+02
1.680000e-06	5.197240e-06	3.948343e-09	3.599841e+01	2.603936e+02
1.690000e-06	5.282243e-06	4.009086e-09	3.658718e+01	2.641408e+02
1.700000e-06	5.366456e-06	4.061098e-09	3.717047e+01	2.677685e+02
1.710000e-06	5.449800e-06	4.108747e-09	3.774775e+01	2.712782e+02
1.720000e-06	5.532185e-06	4.160303e-09	3.831838e+01	2.746725e+02
1.730000e-06	5.613490e-06	4.215208e-09	3.888154e+01	2.779550e+02
1.740000e-06	5.693735e-06	4.265686e-09	3.943736e+01	2.811305e+02
1.750000e-06	5.773044e-06	4.306332e-09	3.998669e+01	2.842043e+02
1.760000e-06	5.851347e-06	4.341079e-09	4.052905e+01	2.871824e+02
1.770000e-06	5.928637e-06	4.379764e-09	4.106439e+01	2.900710e+02
1.780000e-06	6.004920e-06	4.423371e-09	4.159276e+01	2.928759e+02
1.790000e-06	6.080068e-06	4.466007e-09	4.211327e+01	2.956026e+02
1.800000e-06	6.153863e-06	4.503474e-09	4.262440e+01	2.982556e+02
1.810000e-06	6.226313e-06	4.539032e-09	4.312623e+01	3.008384e+02
1.820000e-06	6.297644e-06	4.576425e-09	4.362030e+01	3.033533e+02
1.830000e-06	6.367969e-06	4.614582e-09	4.410740e+01	3.058014e+02
1.840000e-06	6.437241e-06	4.650472e-09	4.458721e+01	3.081826e+02
1.850000e-06	6.505464e-06	4.678402e-09	4.505975e+01	3.104958e+02
1.860000e-06	6.572618e-06	4.703229e-09	4.552489e+01	3.127391e+02
1.870000e-06	6.638511e-06	4.731679e-09	4.598129e+01	3.149104e+02
1.880000e-06	6.703005e-06	4.762128e-09	4.642801e+01	3.170072e+02
1.890000e-06	6.766351e-06	4.791514e-09	4.686677e+01	3.190275e+02
1.900000e-06	6.828692e-06	4.817964e-09	4.729857e+01	3.209697e+02
1.910000e-06	6.889893e-06	4.845615e-09	4.772247e+01	3.228332e+02
1.920000e-06	6.949983e-06	4.873966e-09	4.813869e+01	3.246185e+02
1.930000e-06	7.008949e-06	4.902377e-09	4.854711e+01	3.263272e+02
1.940000e-06	7.066489e-06	4.928084e-09	4.894566e+01	3.279621e+02
1.950000e-06	7.122575e-06	4.948859e-09	4.933414e+01	3.295274e+02
1.960000e-06	7.177454e-06	4.968821e-09	4.971425e+01	3.310279e+02
1.970000e-06	7.231154e-06	4.990724e-09	5.008620e+01	3.324692e+02
1.980000e-06	7.283527e-06	5.015335e-09	5.044896e+01	3.338571e+02
1.990000e-06	7.334309e-06	5.037178e-09	5.080070e+01	3.351976e+02
2.000000e-06	7.383253e-06	5.054631e-09	5.113971e+01	3.364960e+02
2.010000e-06	7.430696e-06	5.072357e-09	5.146832e+01	3.377571e+02
2.020000e-06	7.476995e-06	5.092792e-09	5.178901e+01	3.389843e+02
2.030000e-06	7.522095e-06	5.114310e-09	5.210139e+01	3.401801e+02
2.040000e-06	7.566021e-06	5.132376e-09	5.240564e+01	3.413454e+02
2.050000e-06	7.608643e-06	5.146636e-09	5.270086e+01	3.424796e+02
2.060000e-06	7.649708e-06	5.160676e-09	5.298529e+01	3.435812e+02
2.070000e-06	7.689363e-06	5.174836e-09	5.325997e+01	3.446473e+02
2.080000e-06	7.727786e-06	5.190721e-09	5.352610e+01	3.456743e+02
2.090000e-06	7.764944e-06	5.204538e-09	5.378348e+01	3.466584e+02
2.100000e-06	7.800913e-06	5.214767e-09	5.403261e+01	3.475957e+02
2.110000e-06	7.835516e-06	5.225601e-09	5.427229e+01	3.484825e+02
2.120000e-06	7.868499e-06	5.239358e-09	5.450074e+01	3.493162e+02
2.130000e-06	7.900098e-06	5.255053e-09	5.471961e+01	3.500951e+02
2.140000e-06	7.930452e-06	5.268352e-09	5.492986e+01	3.508190e+02
2.150000e-06	7.959467e-06	5.276991e-09	5.513083e+01	3.514889e+02
2.160000e-06	7.987267e-06	5.285586e-09	5.532338e+01	3.521075e+02
2.170000e-06	8.013554e-06	5.295069e-09	5.550546e+01	3.526786e+02
2.180000e-06	8.038093e-06	5.303522e-09	5.567542e+01	3.532070e+02
2.190000e-06	8.061190e-06	5.309221e-09	5.583541e+01	3.536984e+02
2.200000e-06	8.082979e-06	5.312335e-09	5.598632e+01	3.541587e+02
2.210000e-06	8.103495e-06	5.317957e-09	5.612843e+01	3.545933e+02
2.220000e-06	8.122822e-06	5.329005e-09	5.626229e+01	3.550074e+02
2.230000e-06	8.140562e-06	5.341826e-09	5.638517e+01	3.554048e+02
2.240000e-06	8.156637e-06	5.348938e-09	5.649651e+01	3.557880e+02
2.250000e-06	8.171307e-06	5.351367e-09	5.659812e+01	3.561575e+02
2.260000e-06	8.184538e-06	5.354323e-09	5.668977e+01	3.565122e+02
2.270000e-06	8.196295e-06	5.359146e-09	5.677120e+01	3.568491e+02
2.280000e-06	8.206317e-06	5.362160e-09	5.684062e+01	3.571634e+02
2.290000e-06	8.214600e-06	5.361232e-09	5.689799e+01	3.574491e+02
2.300000e-06	8.221501e-06	5.361519e-09	5.694579e+01	3.576990e+02
2.310000e-06	8.227045e-06	5.366493e-09	5.698419e+01	3.579057e+02
2.320000e-06	8.231228e-06	5.371581e-09	5.701317e+01	3.580619e+02
2.330000e-06	8.234108e-06	5.372807e-09	5.703311e+01	3.581613e+02
2.340000e-06	8.235319e-06	5.371522e-09	5.704150e+01	3.581986e+02
2.350000e-06	8.235013e-06	5.374692e-09	5.703938e+01	3.581710e+02
2.360000e-06	8.233446e-06	5.377043e-09	5.702853e+01	3.580776e+02
2.370000e-06	8.230523e-06	5.374176e-09	5.700828e+01	3.579205e+02
2.380000e-06	8.226422e-06	5.367129e-09	5.697987e+01	3.577043e+02
2.390000e-06	8.220947e-06	5.361193e-09	5.694195e+01	3.574366e+02
2.400000e-06	8.213867e-06	5.360669e-09	5.689291e+01	3.571272e+02
2.410000e-06	8.205528e-06	5.368070e-09	5.683515e+01	3.567879e+02
2.420000e-06	8.195992e-06	5.386080e-09	5.676910e+01	3.564319e+02
2.430000e-06	8.185074e-06	5.369797e-09	5.669348e+01	3.560730e+02
2.440000e-06	8.172587e-06	5.342164e-09	5.660699e+01	3.557250e+02
2.450000e-06	8.157814e-06	5.338605e-09	5.650466e+01	3.554006e+02
2.460000e-06	8.140735e-06	5.320362e-09	5.638637e+01	3.551108e+02
2.470000e-06	8.122141e-06	5.383994e-09	5.625758e+01	3.548641e+02
2.480000e-06	8.102664e-06	5.412502e-09	5.612267e+01	3.546660e+02
2.490000e-06	8.082614e-06	5.253344e-09	5.598380e+01	3.545183e+02
2.500000e-06	8.061040e-06	5.269434e-09	5.583437e+01	3.544192e+02
2.510000e-06	8.037552e-06	5.256828e-09	5.567168e+01	3.543634e+02
2.520000e-06	8.013078e-06	5.262295e-09	5.550216e+01	3.543416e+02
2.530000e-06	7.987320e-06	5.452983e-09	5.532375e+01	3.543417e+02
2.540000e-06	7.959941e-06	5.360413e-09	5.513411e+01	3.543491e+02
2.550000e-06	7.931325e-06	5.315067e-09	5.493590e+01	3.543471e+02
2.560000e-06	7.901032e-06	5.520785e-09	5.472608e+01	3.543183e+02
2.570000e-06	7.869271e-06	5.542549e-09	5.450609e+01	3.542453e+02
2.580000e-06	7.836281e-06	5.563890e-09	5.427758e+01	3.541113e+02
2.590000e-06	7.801656e-06	5.484674e-09	5.403776e+01	3.539013e+02
2.600000e-06	7.765905e-06	5.352247e-09	5.379013e+01	3.536029e+02
2.610000e-06	7.728973e-06	5.480130e-09	5.353432e+01	3.532063e+02
2.620000e-06	7.690284e-06	5.426638e-09	5.326634e+01	3.527052e+02
2.630000e-06	7.650165e-06	5.429763e-09	5.298846e+01	3.520971e+02
2.640000e-06	7.608786e-06	5.469105e-09	5.270185e+01	3.513828e+02
2.650000e-06	7.566109e-06	5.354671e-09	5.240625e+01	3.505664e+02
2.660000e-06	7.522268e-06	5.369181e-09	5.210259e+01	3.496551e+02
2.670000e-06	7.477121e-06	5.371742e-09	5.178988e+01	3.486583e+02
2.680000e-06	7.430562e-06	5.445948e-09	5.146740e+01	3.475872e+02
2.690000e-06	7.382491e-06	5.372599e-09	5.113443e+01	3.464538e+02
2.700000e-06	7.333089e-06	5.210889e-09	5.079225e+01	3.452705e+02
2.710000e-06	7.282560e-06	5.325648e-09	5.044226e+01	3.440490e+02
2.720000e-06	7.230724e-06	5.371807e-09	5.008322e+01	3.427997e+02
2.730000e-06	7.177157e-06	5.358273e-09	4.971220e+01	3.415315e+02
2.740000e-06	7.121865e-06	5.231346e-09	4.932922e+01	3.402509e+02
2.750000e-06	7.065448e-06	5.175152e-09	4.893845e+01	3.389621e+02
2.760000e-06	7.007927e-06	5.277608e-09	4.854004e+01	3.376667e+02
2.770000e-06	6.949115e-06	5.243402e-09	4.813267e+01	3.363642e+02
2.780000e-06	6.889160e-06	5.207551e-09	4.771740e+01	3.350516e+02
2.790000e-06	6.828053e-06	5.126211e-09	4.729414e+01	3.337242e+02
2.800000e-06	6.765552e-06	5.116673e-09	4.686123e+01	3.323761e+02
2.810000e-06	6.701754e-06	5.138764e-09	4.641934e+01	3.310003e+02
2.820000e-06	6.636812e-06	5.117751e-09	4.596953e+01	3.295899e+02
2.830000e-06	6.570640e-06	5.095194e-09	4.551119e+01	3.281378e+02
2.840000e-06	6.503339e-06	5.022133e-09	4.504503e+01	3.266380e+02
2.850000e-06	6.434960e-06	5.016898e-09	4.457141e+01	3.250854e+02
2.860000e-06	6.365229e-06	5.009168e-09	4.408842e+01	3.234760e+02
2.870000e-06	6.294205e-06	5.013542e-09	4.359647e+01	3.218079e+02
2.880000e-06	6.222138e-06	4.973094e-09	4.309731e+01	3.200801e+02
2.890000e-06	6.149013e-06	4.901417e-09	4.259081e+01	3.182936e+02
2.900000e-06	6.074771e-06	4.869723e-09	4.207658e+01	3.164503e+02
2.910000e-06	5.999402e-06	4.870349e-09	4.155454e+01	3.145533e+02
2.920000e-06	5.922811e-06	4.884462e-09	4.102403e+01	3.126064e+02
2.930000e-06	5.844811e-06	4.816021e-09	4.048377e+01	3.106135e+02
2.940000e-06	5.765587e-06	4.730915e-09	3.993503e+01	3.085786e+02
2.950000e-06	5.685400e-06	4.691613e-09	3.937962e+01	3.065052e+02
2.960000e-06	5.604272e-06	4.722479e-09	3.881769e+01	3.043963e+02
2.970000e-06	5.522210e-06	4.722718e-09	3.824930e+01	3.022537e+02
2.980000e-06	5.439296e-06	4.645441e-09	3.767500e+01	3.000782e+02
2.990000e-06	5.355575e-06	4.556464e-09	3.709510e+01	2.978696e+02
3.000000e-06	5.270910e-06	4.541083e-09	3.650868e+01	2.956264e+02
3.010000e-06	5.185029e-06	4.582851e-09	3.591383e+01	2.933464e+02
3.020000e-06	5.098029e-06	4.559596e-09	3.531122e+01	2.910261e+02
3.030000e-06	5.010166e-06	4.463084e-09	3.470264e+01	2.886619e+02
3.040000e-06	4.921534e-06	4.378286e-09	3.408874e+01	2.862496e+02
3.050000e-06	4.832116e-06	4.380332e-09	3.346939e+01	2.837850e+02
3.060000e-06	4.741889e-06	4.388704e-09	3.284444e+01	2.812642e+02
3.070000e-06	4.650978e-06	4.332427e-09	3.221475e+01	2.786834e+02
3.080000e-06	4.559398e-06	4.242976e-09	3.158043e+01	2.760399e+02
3.090000e-06	4.467035e-06	4.188445e-09	3.094068e+01	2.733312e+02
3.100000e-06	4.373648e-06	4.176436e-09	3.029384e+01	2.705559e+02
3.110000e-06	4.279309e-06	4.162765e-09	2.964040e+01	2.677134e+02
3.120000e-06	4.184253e-06	4.116993e-09	2.898201e+01	2.648038e+02
3.130000e-06	4.088563e-06	4.041280e-09	2.831921e+01	2.618276e+02
3.140000e-06	3.992178e-06	3.971843e-09	2.765161e+01	2.587860e+02
3.150000e-06	3.895062e-06	3.941909e-09	2.697894e+01	2.556804e+02
3.160000e-06	3.797313e-06	3.940433e-09	2.630189e+01	2.525123e+02
3.170000e-06	3.698885e-06	3.897923e-09	2.562013e+01	2.492831e+02
3.180000e-06	3.599836e-06	3.800929e-09	2.493408e+01	2.459940e+02
3.190000e-06	3.500262e-06	3.716475e-09	2.424438e+01	2.426458e+02
3.200000e-06	3.400157e-06	3.701945e-09	2.355100e+01	2.392388e+02
3.210000e-06	3.299418e-06	3.701829e-09	2.285325e+01	2.357725e+02
3.220000e-06	3.197922e-06	3.630066e-09	2.215024e+01	2.322463e+02
3.230000e-06	3.095743e-06	3.510440e-09	2.144250e+01	2.286587e+02
3.240000e-06	2.992974e-06	3.441032e-09	2.073067e+01	2.250077e+02
3.250000e-06	2.889577e-06	3.440191e-09	2.001450e+01	2.212909e+02
3.260000e-06	2.785700e-06	3.413585e-09	1.929501e+01	2.175059e+02
3.270000e-06	2.681431e-06	3.310831e-09	1.857279e+01	2.136495e+02
3.280000e-06	2.576613e-06	3.201062e-09	1.784678e+01	2.097189e+02
3.290000e-06	2.471276e-06	3.160268e-09	1.711716e+01	2.057110e+02
3.300000e-06	2.365484e-06	3.152909e-09	1.638440e+01	2.016230e+02
3.310000e-06	2.259397e-06	3.093494e-09	1.564959e+01	1.974519e+02
3.320000e-06	2.153012e-06	2.978948e-09	1.491273e+01	1.931951e+02
3.330000e-06	2.046239e-06	2.885925e-09	1.417316e+01	1.888504e+02
3.340000e-06	1.939147e-06	2.849509e-09	1.343140e+01	1.844155e+02
3.350000e-06	1.831768e-06	2.815885e-09	1.268765e+01	1.798885e+02
3.360000e-06	1.724189e-06	2.731686e-09	1.194250e+01	1.752676e+02
3.370000e-06	1.616405e-06	2.624715e-09	1.119594e+01	1.705512e+02
3.380000e-06	1.508380e-06	2.545647e-09	1.044771e+01	1.657380e+02
3.390000e-06	1.400094e-06	2.498099e-09	9.697680e+00	1.608265e+02
3.400000e-06	1.291589e-06	2.440059e-09	8.946122e+00	1.558155e+02
3.410000e-06	1.182885e-06	2.347660e-09	8.193193e+00	1.507039e+02
3.420000e-06	1.073961e-06	2.244465e-09	7.438735e+00	1.454903e+02
3.430000e-06	9.647955e-07	2.157474e-09	6.682605e+00	1.401736e+02
3.440000e-06	8.553305e-07	2.093991e-09	5.924402e+00	1.347525e+02
3.450000e-06	7.457668e-07	2.028528e-09	5.165514e+00	1.292256e+02
3.460000e-06	6.361705e-07	1.932716e-09	4.406401e+00	1.235912e+02
3.470000e-06	5.264250e-07	1.817895e-09	3.646255e+00	1.178477e+02
3.480000e-06	4.166220e-07	1.721620e-09	2.885710e+00	1.119928e+02
3.490000e-06	3.067264e-07	1.656885e-09	2.124524e+00	1.060242e+02
3.500000e-06	1.967588e-07	1.584260e-09	1.362839e+00	9.993884e+01
3.510000e-06	8.674365e-08	1.469651e-09	6.008253e-01	9.373337e+01
3.520000e-06	-2.326825e-08	1.340665e-09	-1.611663e-01	8.740383e+01
3.530000e-06	-1.332306e-07	1.240928e-09	-9.228150e-01	8.094574e+01
3.540000e-06	-2.431663e-07	1.167430e-09	-1.684279e+00	7.435414e+01
3.550000e-06	-3.530064e-07	1.070221e-09	-2.445080e+00	6.762365e+01
3.560000e-06	-4.628073e-07	9.342768e-10	-3.205610e+00	6.074867e+01
3.570000e-06	-5.725560e-07	8.067274e-10	-3.965778e+00	5.372357e+01
3.580000e-06	-6.822086e-07	7.158450e-10	-4.725281e+00	4.654299e+01
3.590000e-06	-7.917413e-07	6.331575e-10	-5.483954e+00	3.920218e+01
3.600000e-06	-9.010836e-07	5.152132e-10	-6.241308e+00	3.169741e+01
3.610000e-06	-1.010190e-06	3.733252e-10	-6.997031e+00	2.402640e+01
3.620000e-06	-1.119043e-06	2.475869e-10	-7.750992e+00	1.618880e+01
3.630000e-06	-1.227652e-06	1.413990e-10	-8.503265e+00	8.186593e+00
3.640000e-06	-1.336028e-06	2.928123e-11	-9.253924e+00	2.456798e-02
3.650000e-06	-1.444190e-06	-1.077984e-10	-1.000310e+01	-8.289364e+00
3.660000e-06	-1.552120e-06	-2.525945e-10	-1.075068e+01	-1.674389e+01
3.670000e-06	-1.659837e-06	-3.851559e-10	-1.149677e+01	-2.532412e+01
3.680000e-06	-1.767342e-06	-5.076568e-10	-1.224140e+01	-3.401160e+01
3.690000e-06	-1.874565e-06	-6.323791e-10	-1.298408e+01	-4.278441e+01
3.700000e-06	-1.981508e-06	-7.743113e-10	-1.372481e+01	-5.161745e+01
3.710000e-06	-2.088158e-06	-9.236500e-10	-1.446352e+01	-6.048290e+01
3.720000e-06	-2.194431e-06	-1.061427e-09	-1.519961e+01	-6.935076e+01
3.730000e-06	-2.300299e-06	-1.184627e-09	-1.593290e+01	-7.818958e+01
3.740000e-06	-2.405792e-06	-1.309149e-09	-1.666359e+01	-8.696726e+01
3.750000e-06	-2.510881e-06	-1.451276e-09	-1.739148e+01	-9.565190e+01
3.760000e-06	-2.615481e-06	-1.594810e-09	-1.811599e+01	-1.042127e+02
3.770000e-06	-2.719540e-06	-1.721779e-09	-1.883675e+01	-1.126208e+02
3.780000e-06	-2.823100e-06	-1.833700e-09	-1.955405e+01	-1.208501e+02
3.790000e-06	-2.926177e-06	-1.950239e-09	-2.026801e+01	-1.288781e+02
3.800000e-06	-3.028761e-06	-2.079281e-09	-2.097855e+01	-1.366861e+02
3.810000e-06	-3.130690e-06	-2.204431e-09	-2.168455e+01	-1.442600e+02
3.820000e-06	-3.231795e-06	-2.309329e-09	-2.238485e+01	-1.515903e+02
3.830000e-06	-3.332206e-06	-2.403392e-09	-2.308035e+01	-1.586720e+02
3.840000e-06	-3.432071e-06	-2.509592e-09	-2.377206e+01	-1.655049e+02
3.850000e-06	-3.531448e-06	-2.623673e-09	-2.446038e+01	-1.720924e+02
3.860000e-06	-3.630294e-06	-2.726575e-09	-2.514504e+01	-1.784420e+02
3.870000e-06	-3.728524e-06	-2.814251e-09	-2.582542e+01	-1.845636e+02
3.880000e-06	-3.826095e-06	-2.896424e-09	-2.650125e+01	-1.904695e+02
3.890000e-06	-3.923058e-06	-2.988075e-09	-2.717285e+01	-1.961735e+02
3.900000e-06	-4.019431e-06	-3.083785e-09	-2.784038e+01	-2.016898e+02
3.910000e-06	-4.115179e-06	-3.166896e-09	-2.850357e+01	-2.070325e+02
3.920000e-06	-4.210253e-06	-3.238742e-09	-2.916209e+01	-2.122148e+02
3.930000e-06	-4.304510e-06	-3.313742e-09	-2.981496e+01	-2.172487e+02
3.940000e-06	-4.397806e-06	-3.395013e-09	-3.046117e+01	-2.221443e+02
3.950000e-06	-4.490123e-06	-3.473228e-09	-3.110060e+01	-2.269098e+02
3.960000e-06	-4.581561e-06	-3.541829e-09	-3.173394e+01	-2.315512e+02
3.970000e-06	-4.672300e-06	-3.605040e-09	-3.236243e+01	-2.360726e+02
3.980000e-06	-4.762293e-06	-3.669437e-09	-3.298577e+01	-2.404764e+02
3.990000e-06	-4.851441e-06	-3.737066e-09	-3.360325e+01	-2.447633e+02
4.000000e-06	-4.939827e-06	-3.805998e-09	-3.421545e+01	-2.489330e+02
4.010000e-06	-5.027426e-06	-3.866908e-09	-3.482220e+01	-2.529848e+02
4.020000e-06	-5.114131e-06	-3.920951e-09	-3.542276e+01	-2.569177e+02
4.030000e-06	-5.199724e-06	-3.976305e-09	-3.601561e+01	-2.607309e+02
4.040000e-06	-5.284236e-06	-4.040893e-09	-3.660098e+01	-2.644243e+02
4.050000e-06	-5.367905e-06	-4.105110e-09	-3.718051e+01	-2.679988e+02
4.060000e-06	-5.450701e-06	-4.159889e-09	-3.775399e+01	-2.714563e+02
4.070000e-06	-5.532614e-06	-4.207965e-09	-3.832136e+01	-2.747999e+02
4.080000e-06	-5.613688e-06	-4.260154e-09	-3.888291e+01	-2.780337e+02
4.090000e-06	-5.693846e-06	-4.319162e-09	-3.943812e+01	-2.811627e+02
4.100000e-06	-5.773093e-06	-4.373299e-09	-3.998702e+01	-2.841928e+02
4.110000e-06	-5.851089e-06	-4.416173e-09	-4.052726e+01	-2.871300e+02
4.120000e-06	-5.927647e-06	-4.457324e-09	-4.105753e+01	-2.899804e+02
4.130000e-06	-6.003007e-06	-4.504949e-09	-4.157951e+01	-2.927496e+02
4.140000e-06	-6.077264e-06	-4.556243e-09	-4.209385e+01	-2.954427e+02
4.150000e-06	-6.150498e-06	-4.601651e-09	-4.260110e+01	-2.980638e+02
4.160000e-06	-6.222793e-06	-4.640558e-09	-4.310185e+01	-3.006160e+02
4.170000e-06	-6.293993e-06	-4.680030e-09	-4.359501e+01	-3.031009e+02
4.180000e-06	-6.363856e-06	-4.721770e-09	-4.407891e+01	-3.055190e+02
4.190000e-06	-6.432450e-06	-4.763694e-09	-4.455403e+01	-3.078699e+02
4.200000e-06	-6.499938e-06	-4.800006e-09	-4.502148e+01	-3.101521e+02
4.210000e-06	-6.566286e-06	-4.831996e-09	-4.548103e+01	-3.123634e+02
4.220000e-06	-6.631492e-06	-4.864439e-09	-4.593268e+01	-3.145016e+02
4.230000e-06	-6.695716e-06	-4.898522e-09	-4.637752e+01	-3.165643e+02
4.240000e-06	-6.758864e-06	-4.932321e-09	-4.681491e+01	-3.185496e+02
4.250000e-06	-6.820507e-06	-4.964641e-09	-4.724188e+01	-3.204565e+02
4.260000e-06	-6.880755e-06	-4.995974e-09	-4.765918e+01	-3.222848e+02
4.270000e-06	-6.940000e-06	-5.024625e-09	-4.806954e+01	-3.240354e+02
4.280000e-06	-6.998001e-06	-5.050745e-09	-4.847128e+01	-3.257106e+02
4.290000e-06	-7.054714e-06	-5.080081e-09	-4.886410e+01	-3.273138e+02
4.300000e-06	-7.110381e-06	-5.105664e-09	-4.924968e+01	-3.288494e+02
4.310000e-06	-7.164681e-06	-5.125701e-09	-4.962578e+01	-3.303226e+02
4.320000e-06	-7.217264e-06	-5.146915e-09	-4.999000e+01	-3.317392e+02
4.330000e-06	-7.268391e-06	-5.170642e-09	-5.034413e+01	-3.331052e+02
4.340000e-06	-7.318186e-06	-5.195431e-09	-5.068902e+01	-3.344263e+02
4.350000e-06	-7.366385e-06	-5.215495e-09	-5.102288e+01	-3.357075e+02
4.360000e-06	-7.413119e-06	-5.232970e-09	-5.134657e+01	-3.369530e+02
4.370000e-06	-7.458593e-06	-5.251682e-09	-5.166155e+01	-3.381660e+02
4.380000e-06	-7.502920e-06	-5.270534e-09	-5.196858e+01	-3.393481e+02
4.390000e-06	-7.546234e-06	-5.286812e-09	-5.226859e+01	-3.404997e+02
4.400000e-06	-7.588307e-06	-5.299479e-09	-5.256000e+01	-3.416196e+02
4.410000e-06	-7.629074e-06	-5.312673e-09	-5.284238e+01	-3.427057e+02
4.420000e-06	-7.668731e-06	-5.328572e-09	-5.311706e+01	-3.437548e+02
4.430000e-06	-7.706930e-06	-5.344177e-09	-5.338164e+01	-3.447632e+02
4.440000e-06	-7.743511e-06	-5.357566e-09	-5.363501e+01	-3.457268e+02
4.450000e-06	-7.778813e-06	-5.370086e-09	-5.387953e+01	-3.466418e+02
4.460000e-06	-7.812834e-06	-5.384109e-09	-5.411518e+01	-3.475051e+02
4.470000e-06	-7.845480e-06	-5.397835e-09	-5.434130e+01	-3.483144e+02
4.480000e-06	-7.876833e-06	-5.409427e-09	-5.455847e+01	-3.490686e+02
4.490000e-06	-7.906620e-06	-5.419899e-09	-5.476478e+01	-3.497681e+02
4.500000e-06	-7.934875e-06	-5.429011e-09	-5.496049e+01	-3.504146e+02
4.510000e-06	-7.961853e-06	-5.438301e-09	-5.514735e+01	-3.510114e+02
4.520000e-06	-7.987392e-06	-5.445754e-09	-5.532424e+01	-3.515627e+02
4.530000e-06	-8.011644e-06	-5.452058e-09	-5.549223e+01	-3.520739e+02
4.540000e-06	-8.034582e-06	-5.459362e-09	-5.565110e+01	-3.525506e+02
4.550000e-06	-8.055842e-06	-5.464703e-09	-5.579836e+01	-3.529988e+02
4.560000e-06	-8.075634e-06	-5.469713e-09	-5.593545e+01	-3.534237e+02
4.570000e-06	-8.094203e-06	-5.474573e-09	-5.606407e+01	-3.538300e+02
4.580000e-06	-8.111359e-06	-5.481074e-09	-5.618290e+01	-3.542209e+02
4.590000e-06	-8.127174e-06	-5.486041e-09	-5.629244e+01	-3.545981e+02
4.600000e-06	-8.141291e-06	-5.487799e-09	-5.639022e+01	-3.549613e+02
4.610000e-06	-8.153609e-06	-5.492080e-09	-5.647554e+01	-3.553086e+02
4.620000e-06	-8.164448e-06	-5.497500e-09	-5.655061e+01	-3.556361e+02
4.630000e-06	-8.173842e-06	-5.500037e-09	-5.661568e+01	-3.559385e+02
4.640000e-06	-8.182001e-06	-5.499433e-09	-5.667220e+01	-3.562091e+02
4.650000e-06	-8.188703e-06	-5.499779e-09	-5.671862e+01	-3.564406e+02
4.660000e-06	-8.193673e-06	-5.502040e-09	-5.675304e+01	-3.566255e+02
4.670000e-06	-8.197254e-06	-5.504016e-09	-5.677785e+01	-3.567570e+02
4.680000e-06	-8.199580e-06	-5.504205e-09	-5.679396e+01	-3.568290e+02
4.690000e-06	-8.200487e-06	-5.499942e-09	-5.680023e+01	-3.568375e+02
