# Temperatura_=_20.0
# Concentracion g/m^3_=_9000.0
# C_Vs_to_Am_M_A/Vsm_=_65563218390.804596
# pendiente_HvsI_1/m_=_3716.3
# ordenada_HvsI_A/m_=_1297.0
# frecuencia_Hz_=_300764.8163573557

Tiempo_(s)	Campo_(V.s)	Magnetizacion_(V.s)	Campo_(kA/m)	Magnetizacion_(A/m)
0.000000e+00	-4.081951e-06	-3.290440e-09	-2.907030e+01	-2.143528e+02
1.000000e-08	-4.081270e-06	-3.292973e-09	-2.906545e+01	-2.144003e+02
2.000000e-08	-4.079061e-06	-3.295935e-09	-2.904972e+01	-2.144417e+02
3.000000e-08	-4.075369e-06	-3.298316e-09	-2.902343e+01	-2.144765e+02
4.000000e-08	-4.070508e-06	-3.299544e-09	-2.898881e+01	-2.145009e+02
5.000000e-08	-4.064425e-06	-3.301955e-09	-2.894549e+01	-2.145086e+02
6.000000e-08	-4.057106e-06	-3.303927e-09	-2.889336e+01	-2.144918e+02
7.000000e-08	-4.048537e-06	-3.302502e-09	-2.883234e+01	-2.144420e+02
8.000000e-08	-4.038374e-06	-3.302853e-09	-2.875996e+01	-2.143522e+02
9.000000e-08	-4.026412e-06	-3.301167e-09	-2.867477e+01	-2.142180e+02
1.000000e-07	-4.012490e-06	-3.301958e-09	-2.857562e+01	-2.140386e+02
1.100000e-07	-3.996495e-06	-3.315687e-09	-2.846171e+01	-2.138177e+02
1.200000e-07	-3.978948e-06	-3.300761e-09	-2.833675e+01	-2.135632e+02
1.300000e-07	-3.960330e-06	-3.305696e-09	-2.820416e+01	-2.132868e+02
1.400000e-07	-3.940752e-06	-3.285587e-09	-2.806473e+01	-2.130024e+02
1.500000e-07	-3.920173e-06	-3.268135e-09	-2.791817e+01	-2.127245e+02
1.600000e-07	-3.898595e-06	-3.326064e-09	-2.776450e+01	-2.124662e+02
1.700000e-07	-3.875853e-06	-3.222524e-09	-2.760254e+01	-2.122367e+02
1.800000e-07	-3.851316e-06	-3.164923e-09	-2.742779e+01	-2.120401e+02
1.900000e-07	-3.825044e-06	-3.342611e-09	-2.724070e+01	-2.118735e+02
2.000000e-07	-3.797697e-06	-3.344349e-09	-2.704594e+01	-2.117273e+02
2.100000e-07	-3.769180e-06	-3.157615e-09	-2.684285e+01	-2.115849e+02
2.200000e-07	-3.739248e-06	-3.192595e-09	-2.662968e+01	-2.114245e+02
2.300000e-07	-3.708179e-06	-3.290087e-09	-2.640842e+01	-2.112205e+02
2.400000e-07	-3.676012e-06	-3.252773e-09	-2.617934e+01	-2.109465e+02
2.500000e-07	-3.642397e-06	-3.168213e-09	-2.593994e+01	-2.105777e+02
2.600000e-07	-3.607242e-06	-3.025534e-09	-2.568958e+01	-2.100936e+02
2.700000e-07	-3.570762e-06	-3.045694e-09	-2.542978e+01	-2.094803e+02
2.800000e-07	-3.533111e-06	-3.215188e-09	-2.516164e+01	-2.087316e+02
2.900000e-07	-3.494301e-06	-3.203860e-09	-2.488525e+01	-2.078500e+02
3.000000e-07	-3.454357e-06	-3.011698e-09	-2.460078e+01	-2.068460e+02
3.100000e-07	-3.413156e-06	-2.950612e-09	-2.430737e+01	-2.057371e+02
3.200000e-07	-3.370432e-06	-3.079992e-09	-2.400310e+01	-2.045454e+02
3.300000e-07	-3.326404e-06	-3.185083e-09	-2.368954e+01	-2.032956e+02
3.400000e-07	-3.281294e-06	-3.071860e-09	-2.336829e+01	-2.020116e+02
3.500000e-07	-3.235029e-06	-2.887703e-09	-2.303880e+01	-2.007146e+02
3.600000e-07	-3.187634e-06	-2.917104e-09	-2.270128e+01	-1.994207e+02
3.700000e-07	-3.139039e-06	-3.087932e-09	-2.235519e+01	-1.981392e+02
3.800000e-07	-3.089009e-06	-3.078793e-09	-2.199890e+01	-1.968728e+02
3.900000e-07	-3.037389e-06	-2.872302e-09	-2.163128e+01	-1.956170e+02
4.000000e-07	-2.984390e-06	-2.829888e-09	-2.125383e+01	-1.943619e+02
4.100000e-07	-2.930429e-06	-2.950701e-09	-2.086955e+01	-1.930934e+02
4.200000e-07	-2.875598e-06	-2.979486e-09	-2.047906e+01	-1.917956e+02
4.300000e-07	-2.819857e-06	-2.884637e-09	-2.008209e+01	-1.904526e+02
4.400000e-07	-2.763076e-06	-2.795626e-09	-1.967771e+01	-1.890505e+02
4.500000e-07	-2.704982e-06	-2.788016e-09	-1.926399e+01	-1.875790e+02
4.600000e-07	-2.645771e-06	-2.848952e-09	-1.884231e+01	-1.860320e+02
4.700000e-07	-2.585785e-06	-2.859470e-09	-1.841510e+01	-1.844078e+02
4.800000e-07	-2.524969e-06	-2.733314e-09	-1.798199e+01	-1.827085e+02
4.900000e-07	-2.463263e-06	-2.648033e-09	-1.754255e+01	-1.809392e+02
5.000000e-07	-2.400708e-06	-2.731448e-09	-1.709704e+01	-1.791066e+02
5.100000e-07	-2.337405e-06	-2.773922e-09	-1.664622e+01	-1.772171e+02
5.200000e-07	-2.273464e-06	-2.632939e-09	-1.619085e+01	-1.752760e+02
5.300000e-07	-2.208505e-06	-2.548699e-09	-1.572824e+01	-1.732858e+02
5.400000e-07	-2.142284e-06	-2.613836e-09	-1.525663e+01	-1.712461e+02
5.500000e-07	-2.075226e-06	-2.625518e-09	-1.477907e+01	-1.691532e+02
5.600000e-07	-2.007659e-06	-2.525141e-09	-1.429788e+01	-1.670006e+02
5.700000e-07	-1.939595e-06	-2.460553e-09	-1.381316e+01	-1.647797e+02
5.800000e-07	-1.870879e-06	-2.464899e-09	-1.332378e+01	-1.624806e+02
5.900000e-07	-1.801500e-06	-2.452866e-09	-1.282969e+01	-1.600936e+02
6.000000e-07	-1.731593e-06	-2.416887e-09	-1.233183e+01	-1.576102e+02
6.100000e-07	-1.661017e-06	-2.346942e-09	-1.182921e+01	-1.550230e+02
6.200000e-07	-1.589766e-06	-2.282306e-09	-1.132179e+01	-1.523272e+02
6.300000e-07	-1.518115e-06	-2.279797e-09	-1.081151e+01	-1.495195e+02
6.400000e-07	-1.446149e-06	-2.282728e-09	-1.029899e+01	-1.465981e+02
6.500000e-07	-1.373703e-06	-2.198180e-09	-9.783056e+00	-1.435618e+02
6.600000e-07	-1.300583e-06	-2.097344e-09	-9.262321e+00	-1.404091e+02
6.700000e-07	-1.226617e-06	-2.084360e-09	-8.735558e+00	-1.371368e+02
6.800000e-07	-1.151958e-06	-2.086797e-09	-8.203862e+00	-1.337400e+02
6.900000e-07	-1.076866e-06	-2.015259e-09	-7.669084e+00	-1.302108e+02
7.000000e-07	-1.001349e-06	-1.909287e-09	-7.131276e+00	-1.265384e+02
7.100000e-07	-9.254205e-07	-1.858495e-09	-6.590538e+00	-1.227096e+02
7.200000e-07	-8.492628e-07	-1.842501e-09	-6.048168e+00	-1.187091e+02
7.300000e-07	-7.729133e-07	-1.787164e-09	-5.504432e+00	-1.145204e+02
7.400000e-07	-6.962426e-07	-1.684304e-09	-4.958409e+00	-1.101270e+02
7.500000e-07	-6.192834e-07	-1.596082e-09	-4.410331e+00	-1.055132e+02
7.600000e-07	-5.420038e-07	-1.548419e-09	-3.859972e+00	-1.006653e+02
7.700000e-07	-4.644745e-07	-1.495528e-09	-3.307834e+00	-9.557181e+01
7.800000e-07	-3.868923e-07	-1.403364e-09	-2.755319e+00	-9.022441e+01
7.900000e-07	-3.092433e-07	-1.292826e-09	-2.202328e+00	-8.461753e+01
8.000000e-07	-2.314408e-07	-1.204829e-09	-1.648244e+00	-7.874845e+01
8.100000e-07	-1.535561e-07	-1.133213e-09	-1.093576e+00	-7.261683e+01
8.200000e-07	-7.565027e-08	-1.046625e-09	-5.387562e-01	-6.622444e+01
8.300000e-07	2.229562e-09	-9.277508e-10	1.587820e-02	-5.957484e+01
8.400000e-07	8.015657e-08	-8.057198e-10	5.708485e-01	-5.267327e+01
8.500000e-07	1.581651e-07	-7.110965e-10	1.126399e+00	-4.552684e+01
8.600000e-07	2.360791e-07	-6.189392e-10	1.681277e+00	-3.814499e+01
8.700000e-07	3.138461e-07	-4.932004e-10	2.235108e+00	-3.054010e+01
8.800000e-07	3.914792e-07	-3.530187e-10	2.787985e+00	-2.272839e+01
8.900000e-07	4.689506e-07	-2.392006e-10	3.339711e+00	-1.473067e+01
9.000000e-07	5.462582e-07	-1.311342e-10	3.890270e+00	-6.573030e+00
9.100000e-07	6.234181e-07	1.899667e-12	4.439777e+00	1.712797e+00
9.200000e-07	7.003631e-07	1.426828e-10	4.987754e+00	1.008949e+01
9.300000e-07	7.769671e-07	2.671351e-10	5.533302e+00	1.851471e+01
9.400000e-07	8.532672e-07	3.851319e-10	6.076686e+00	2.694217e+01
9.500000e-07	9.293030e-07	5.105429e-10	6.618188e+00	3.532320e+01
9.600000e-07	1.005051e-06	6.396085e-10	7.157639e+00	4.360860e+01
9.700000e-07	1.080508e-06	7.671169e-10	7.695020e+00	5.175075e+01
9.800000e-07	1.155571e-06	8.865425e-10	8.229597e+00	5.970565e+01
9.900000e-07	1.230079e-06	9.998773e-10	8.760212e+00	6.743472e+01
1.000000e-06	1.303900e-06	1.115486e-09	9.285944e+00	7.490634e+01
1.010000e-06	1.376988e-06	1.232154e-09	9.806450e+00	8.209670e+01
1.020000e-06	1.449404e-06	1.333413e-09	1.032217e+01	8.899016e+01
1.030000e-06	1.521289e-06	1.421855e-09	1.083411e+01	9.557902e+01
1.040000e-06	1.592776e-06	1.517903e-09	1.134322e+01	1.018627e+02
1.050000e-06	1.663861e-06	1.619127e-09	1.184947e+01	1.078464e+02
1.060000e-06	1.734340e-06	1.705175e-09	1.235139e+01	1.135398e+02
1.070000e-06	1.804118e-06	1.776290e-09	1.284833e+01	1.189556e+02
1.080000e-06	1.873251e-06	1.853529e-09	1.334067e+01	1.241077e+02
1.090000e-06	1.941747e-06	1.936600e-09	1.382848e+01	1.290101e+02
1.100000e-06	2.009684e-06	2.008929e-09	1.431230e+01	1.336761e+02
1.110000e-06	2.077115e-06	2.068733e-09	1.479252e+01	1.381176e+02
1.120000e-06	2.143783e-06	2.125855e-09	1.526731e+01	1.423449e+02
1.130000e-06	2.209379e-06	2.187572e-09	1.573447e+01	1.463668e+02
1.140000e-06	2.273964e-06	2.247298e-09	1.619442e+01	1.501910e+02
1.150000e-06	2.337838e-06	2.300292e-09	1.664931e+01	1.538242e+02
1.160000e-06	2.401104e-06	2.344367e-09	1.709987e+01	1.572731e+02
1.170000e-06	2.463607e-06	2.388423e-09	1.754500e+01	1.605442e+02
1.180000e-06	2.525220e-06	2.438500e-09	1.798378e+01	1.636442e+02
1.190000e-06	2.585974e-06	2.486473e-09	1.841645e+01	1.665804e+02
1.200000e-06	2.646016e-06	2.524267e-09	1.884405e+01	1.693601e+02
1.210000e-06	2.705305e-06	2.556875e-09	1.926629e+01	1.719909e+02
1.220000e-06	2.763434e-06	2.595181e-09	1.968026e+01	1.744805e+02
1.230000e-06	2.820238e-06	2.634973e-09	2.008480e+01	1.768362e+02
1.240000e-06	2.876020e-06	2.667297e-09	2.048206e+01	1.790651e+02
1.250000e-06	2.930937e-06	2.691827e-09	2.087316e+01	1.811738e+02
1.260000e-06	2.984873e-06	2.718607e-09	2.125728e+01	1.831690e+02
1.270000e-06	3.037739e-06	2.747929e-09	2.163377e+01	1.850570e+02
1.280000e-06	3.089508e-06	2.776574e-09	2.200245e+01	1.868444e+02
1.290000e-06	3.139875e-06	2.800536e-09	2.236115e+01	1.885378e+02
1.300000e-06	3.188671e-06	2.820984e-09	2.270866e+01	1.901443e+02
1.310000e-06	3.236196e-06	2.841612e-09	2.304712e+01	1.916711e+02
1.320000e-06	3.282665e-06	2.863760e-09	2.337805e+01	1.931255e+02
1.330000e-06	3.328064e-06	2.885087e-09	2.370137e+01	1.945147e+02
1.340000e-06	3.372403e-06	2.903867e-09	2.401714e+01	1.958450e+02
1.350000e-06	3.415696e-06	2.921765e-09	2.432546e+01	1.971217e+02
1.360000e-06	3.457614e-06	2.940768e-09	2.462398e+01	1.983487e+02
1.370000e-06	3.498054e-06	2.960622e-09	2.491198e+01	1.995282e+02
1.380000e-06	3.537308e-06	2.978064e-09	2.519153e+01	2.006606e+02
1.390000e-06	3.575420e-06	2.993543e-09	2.546295e+01	2.017449e+02
1.400000e-06	3.612349e-06	3.008642e-09	2.572595e+01	2.027787e+02
1.410000e-06	3.648179e-06	3.022854e-09	2.598112e+01	2.037593e+02
1.420000e-06	3.682770e-06	3.034376e-09	2.622747e+01	2.046838e+02
1.430000e-06	3.715819e-06	3.045135e-09	2.646283e+01	2.055502e+02
1.440000e-06	3.747466e-06	3.056804e-09	2.668821e+01	2.063580e+02
1.450000e-06	3.777899e-06	3.067490e-09	2.690494e+01	2.071085e+02
1.460000e-06	3.807099e-06	3.076966e-09	2.711290e+01	2.078047e+02
1.470000e-06	3.835095e-06	3.086159e-09	2.731227e+01	2.084517e+02
1.480000e-06	3.861754e-06	3.096409e-09	2.750213e+01	2.090558e+02
1.490000e-06	3.886824e-06	3.106662e-09	2.768067e+01	2.096241e+02
1.500000e-06	3.910374e-06	3.115332e-09	2.784838e+01	2.101632e+02
1.510000e-06	3.932566e-06	3.121875e-09	2.800643e+01	2.106790e+02
1.520000e-06	3.953485e-06	3.128250e-09	2.815541e+01	2.111753e+02
1.530000e-06	3.973285e-06	3.135422e-09	2.829642e+01	2.116538e+02
1.540000e-06	3.991801e-06	3.141132e-09	2.842828e+01	2.121136e+02
1.550000e-06	4.008840e-06	3.144413e-09	2.854963e+01	2.125517e+02
1.560000e-06	4.024322e-06	3.147391e-09	2.865988e+01	2.129632e+02
1.570000e-06	4.038267e-06	3.153460e-09	2.875920e+01	2.133424e+02
1.580000e-06	4.050739e-06	3.160337e-09	2.884802e+01	2.136837e+02
1.590000e-06	4.061540e-06	3.165459e-09	2.892494e+01	2.139824e+02
1.600000e-06	4.070674e-06	3.168499e-09	2.898999e+01	2.142361e+02
1.610000e-06	4.078347e-06	3.170652e-09	2.904463e+01	2.144446e+02
1.620000e-06	4.084606e-06	3.173869e-09	2.908921e+01	2.146106e+02
1.630000e-06	4.089512e-06	3.175796e-09	2.912415e+01	2.147390e+02
1.640000e-06	4.093166e-06	3.175680e-09	2.915017e+01	2.148369e+02
1.650000e-06	4.095318e-06	3.175580e-09	2.916549e+01	2.149118e+02
1.660000e-06	4.095845e-06	3.178071e-09	2.916925e+01	2.149711e+02
1.670000e-06	4.095010e-06	3.181085e-09	2.916330e+01	2.150206e+02
1.680000e-06	4.092896e-06	3.182655e-09	2.914825e+01	2.150636e+02
1.690000e-06	4.089588e-06	3.181430e-09	2.912469e+01	2.151004e+02
1.700000e-06	4.085106e-06	3.180906e-09	2.909277e+01	2.151281e+02
1.710000e-06	4.079119e-06	3.180625e-09	2.905014e+01	2.151408e+02
1.720000e-06	4.071617e-06	3.176811e-09	2.899671e+01	2.151311e+02
1.730000e-06	4.062907e-06	3.172467e-09	2.893468e+01	2.150904e+02
1.740000e-06	4.053075e-06	3.157453e-09	2.886466e+01	2.150113e+02
1.750000e-06	4.041863e-06	3.165773e-09	2.878481e+01	2.148886e+02
1.760000e-06	4.028597e-06	3.153550e-09	2.869033e+01	2.147206e+02
1.770000e-06	4.012892e-06	3.134472e-09	2.857849e+01	2.145096e+02
1.780000e-06	3.995364e-06	3.132825e-09	2.845366e+01	2.142627e+02
1.790000e-06	3.977162e-06	3.155644e-09	2.832403e+01	2.139906e+02
1.800000e-06	3.958569e-06	3.191094e-09	2.819161e+01	2.137070e+02
1.810000e-06	3.938482e-06	3.141937e-09	2.804856e+01	2.134264e+02
1.820000e-06	3.916271e-06	3.121438e-09	2.789038e+01	2.131623e+02
1.830000e-06	3.892889e-06	3.293051e-09	2.772386e+01	2.129252e+02
1.840000e-06	3.868561e-06	3.231033e-09	2.755061e+01	2.127204e+02
1.850000e-06	3.842517e-06	2.970987e-09	2.736513e+01	2.125471e+02
1.860000e-06	3.815109e-06	3.098280e-09	2.716994e+01	2.123973e+02
1.870000e-06	3.786774e-06	3.256213e-09	2.696815e+01	2.122560e+02
1.880000e-06	3.757026e-06	3.167723e-09	2.675629e+01	2.121025e+02
1.890000e-06	3.725711e-06	3.213488e-09	2.653328e+01	2.119120e+02
1.900000e-06	3.693017e-06	3.339873e-09	2.630044e+01	2.116581e+02
1.910000e-06	3.659182e-06	3.393496e-09	2.605948e+01	2.113153e+02
1.920000e-06	3.624320e-06	3.459657e-09	2.581120e+01	2.108618e+02
1.930000e-06	3.588131e-06	3.339574e-09	2.555348e+01	2.102819e+02
1.940000e-06	3.550484e-06	3.224479e-09	2.528537e+01	2.095673e+02
1.950000e-06	3.511475e-06	3.291982e-09	2.500756e+01	2.087184e+02
1.960000e-06	3.470995e-06	3.362157e-09	2.471927e+01	2.077438e+02
1.970000e-06	3.429290e-06	3.380896e-09	2.442227e+01	2.066593e+02
1.980000e-06	3.386716e-06	3.209114e-09	2.411907e+01	2.054862e+02
1.990000e-06	3.343114e-06	3.093540e-09	2.380855e+01	2.042488e+02
2.000000e-06	3.298251e-06	3.297979e-09	2.348905e+01	2.029713e+02
2.010000e-06	3.252209e-06	3.329121e-09	2.316115e+01	2.016761e+02
2.020000e-06	3.205137e-06	3.108722e-09	2.282592e+01	2.003803e+02
2.030000e-06	3.156758e-06	3.047007e-09	2.248138e+01	1.990954e+02
2.040000e-06	3.107084e-06	3.149396e-09	2.212762e+01	1.978255e+02
2.050000e-06	3.056428e-06	3.203785e-09	2.176687e+01	1.965680e+02
2.060000e-06	3.004646e-06	3.084648e-09	2.139809e+01	1.953141e+02
2.070000e-06	2.951468e-06	3.030869e-09	2.101938e+01	1.940505e+02
2.080000e-06	2.896821e-06	3.028308e-09	2.063020e+01	1.927617e+02
2.090000e-06	2.841065e-06	3.006239e-09	2.023313e+01	1.914316e+02
2.100000e-06	2.784456e-06	3.069707e-09	1.982997e+01	1.900456e+02
2.110000e-06	2.726797e-06	2.992717e-09	1.941934e+01	1.885923e+02
2.120000e-06	2.668197e-06	2.861720e-09	1.900201e+01	1.870647e+02
2.130000e-06	2.608852e-06	2.905906e-09	1.857938e+01	1.854598e+02
2.140000e-06	2.548743e-06	2.986405e-09	1.815130e+01	1.837791e+02
2.150000e-06	2.487785e-06	2.905579e-09	1.771718e+01	1.820269e+02
2.160000e-06	2.425645e-06	2.752710e-09	1.727464e+01	1.802097e+02
2.170000e-06	2.362320e-06	2.794323e-09	1.682366e+01	1.783340e+02
2.180000e-06	2.298242e-06	2.865599e-09	1.636731e+01	1.764056e+02
2.190000e-06	2.233500e-06	2.763026e-09	1.590625e+01	1.744277e+02
2.200000e-06	2.167984e-06	2.669218e-09	1.543966e+01	1.724008e+02
2.210000e-06	2.101655e-06	2.666976e-09	1.496729e+01	1.703219e+02
2.220000e-06	2.034586e-06	2.683596e-09	1.448965e+01	1.681851e+02
2.230000e-06	1.966884e-06	2.640543e-09	1.400749e+01	1.659823e+02
2.240000e-06	1.898630e-06	2.567980e-09	1.352142e+01	1.637038e+02
2.250000e-06	1.829653e-06	2.527308e-09	1.303018e+01	1.613399e+02
2.260000e-06	1.759754e-06	2.491973e-09	1.253238e+01	1.588814e+02
2.270000e-06	1.688997e-06	2.484389e-09	1.202848e+01	1.563209e+02
2.280000e-06	1.617536e-06	2.444444e-09	1.151955e+01	1.536528e+02
2.290000e-06	1.545626e-06	2.357075e-09	1.100743e+01	1.508734e+02
2.300000e-06	1.473357e-06	2.306438e-09	1.049276e+01	1.479807e+02
2.310000e-06	1.400598e-06	2.301287e-09	9.974595e+00	1.449735e+02
2.320000e-06	1.327361e-06	2.276449e-09	9.453027e+00	1.418502e+02
2.330000e-06	1.253691e-06	2.176342e-09	8.928371e+00	1.386083e+02
2.340000e-06	1.179542e-06	2.097366e-09	8.400310e+00	1.352435e+02
2.350000e-06	1.104890e-06	2.083712e-09	7.868657e+00	1.317484e+02
2.360000e-06	1.029879e-06	2.057758e-09	7.334455e+00	1.281131e+02
2.370000e-06	9.545521e-07	1.968748e-09	6.798003e+00	1.243250e+02
2.380000e-06	8.788440e-07	1.873679e-09	6.258835e+00	1.203691e+02
2.390000e-06	8.028618e-07	1.835236e-09	5.717716e+00	1.162291e+02
2.400000e-06	7.266658e-07	1.791304e-09	5.175073e+00	1.118886e+02
2.410000e-06	6.501914e-07	1.708851e-09	4.630447e+00	1.073314e+02
2.420000e-06	5.733339e-07	1.616511e-09	4.083094e+00	1.025433e+02
2.430000e-06	4.961300e-07	1.536100e-09	3.533274e+00	9.751232e+01
2.440000e-06	4.186834e-07	1.465509e-09	2.981724e+00	9.222919e+01
2.450000e-06	3.409463e-07	1.394836e-09	2.428106e+00	8.668771e+01
2.460000e-06	2.629687e-07	1.306377e-09	1.872776e+00	8.088445e+01
2.470000e-06	1.848405e-07	1.194709e-09	1.316373e+00	7.481853e+01
2.480000e-06	1.065804e-07	1.095037e-09	7.590304e-01	6.849123e+01
2.490000e-06	2.829232e-08	1.016678e-09	2.014885e-01	6.190567e+01
2.500000e-06	-4.998334e-08	9.171659e-10	-3.559648e-01	5.506666e+01
2.510000e-06	-1.282212e-07	7.842721e-10	-9.131492e-01	4.798082e+01
2.520000e-06	-2.064118e-07	6.659907e-10	-1.469996e+00	4.065695e+01
2.530000e-06	-2.843731e-07	5.695785e-10	-2.025211e+00	3.310663e+01
2.540000e-06	-3.619888e-07	4.537483e-10	-2.577964e+00	2.534503e+01
2.550000e-06	-4.393617e-07	3.174449e-10	-3.128989e+00	1.739174e+01
2.560000e-06	-5.164695e-07	1.933090e-10	-3.678124e+00	9.271481e+00
2.570000e-06	-5.932685e-07	7.814679e-11	-4.225062e+00	1.014572e+00
2.580000e-06	-6.697794e-07	-4.905447e-11	-4.769946e+00	-7.343033e+00
2.590000e-06	-7.459887e-07	-1.813445e-10	-5.312684e+00	-1.576017e+01
2.600000e-06	-8.219265e-07	-3.097660e-10	-5.853488e+00	-2.419141e+01
2.610000e-06	-8.975919e-07	-4.374751e-10	-6.392352e+00	-3.258851e+01
2.620000e-06	-9.728979e-07	-5.655698e-10	-6.928656e+00	-4.090222e+01
2.630000e-06	-1.047825e-06	-6.909556e-10	-7.462259e+00	-4.908433e+01
2.640000e-06	-1.122378e-06	-8.181480e-10	-7.993207e+00	-5.708974e+01
2.650000e-06	-1.196509e-06	-9.415230e-10	-8.521143e+00	-6.487837e+01
2.660000e-06	-1.270221e-06	-1.052829e-09	-9.046091e+00	-7.241674e+01
2.670000e-06	-1.343519e-06	-1.161670e-09	-9.568100e+00	-7.967904e+01
2.680000e-06	-1.416338e-06	-1.275223e-09	-1.008669e+01	-8.664759e+01
2.690000e-06	-1.488674e-06	-1.382159e-09	-1.060184e+01	-9.331275e+01
2.700000e-06	-1.560584e-06	-1.470691e-09	-1.111396e+01	-9.967225e+01
2.710000e-06	-1.632108e-06	-1.557631e-09	-1.162333e+01	-1.057300e+02
2.720000e-06	-1.703127e-06	-1.655282e-09	-1.212911e+01	-1.114948e+02
2.730000e-06	-1.773331e-06	-1.747777e-09	-1.262908e+01	-1.169786e+02
2.740000e-06	-1.842542e-06	-1.822192e-09	-1.312197e+01	-1.221951e+02
2.750000e-06	-1.910953e-06	-1.892776e-09	-1.360917e+01	-1.271584e+02
2.760000e-06	-1.978801e-06	-1.970005e-09	-1.409236e+01	-1.318822e+02
2.770000e-06	-2.046094e-06	-2.044506e-09	-1.457160e+01	-1.363786e+02
2.780000e-06	-2.112720e-06	-2.110704e-09	-1.504609e+01	-1.406584e+02
2.790000e-06	-2.178637e-06	-2.171849e-09	-1.551553e+01	-1.447308e+02
2.800000e-06	-2.243830e-06	-2.231850e-09	-1.597981e+01	-1.486036e+02
2.810000e-06	-2.308245e-06	-2.292597e-09	-1.643856e+01	-1.522838e+02
2.820000e-06	-2.371921e-06	-2.353492e-09	-1.689204e+01	-1.557780e+02
2.830000e-06	-2.434725e-06	-2.408121e-09	-1.733930e+01	-1.590927e+02
2.840000e-06	-2.496418e-06	-2.455674e-09	-1.777866e+01	-1.622347e+02
2.850000e-06	-2.557056e-06	-2.502093e-09	-1.821051e+01	-1.652110e+02
2.860000e-06	-2.616854e-06	-2.548382e-09	-1.863637e+01	-1.680289e+02
2.870000e-06	-2.675852e-06	-2.590676e-09	-1.905653e+01	-1.706962e+02
2.880000e-06	-2.733885e-06	-2.628010e-09	-1.946982e+01	-1.732202e+02
2.890000e-06	-2.790903e-06	-2.665682e-09	-1.987589e+01	-1.756085e+02
2.900000e-06	-2.847059e-06	-2.704743e-09	-2.027581e+01	-1.778683e+02
2.910000e-06	-2.902300e-06	-2.740763e-09	-2.066921e+01	-1.800063e+02
2.920000e-06	-2.956303e-06	-2.771811e-09	-2.105381e+01	-1.820291e+02
2.930000e-06	-3.008939e-06	-2.800261e-09	-2.142866e+01	-1.839431e+02
2.940000e-06	-3.060313e-06	-2.829389e-09	-2.179453e+01	-1.857549e+02
2.950000e-06	-3.110538e-06	-2.857727e-09	-2.215222e+01	-1.874710e+02
2.960000e-06	-3.159438e-06	-2.884361e-09	-2.250047e+01	-1.890983e+02
2.970000e-06	-3.206863e-06	-2.909345e-09	-2.283822e+01	-1.906442e+02
2.980000e-06	-3.253132e-06	-2.931708e-09	-2.316773e+01	-1.921160e+02
2.990000e-06	-3.298412e-06	-2.952550e-09	-2.349020e+01	-1.935207e+02
3.000000e-06	-3.342724e-06	-2.974338e-09	-2.380577e+01	-1.948649e+02
3.010000e-06	-3.386129e-06	-2.995319e-09	-2.411489e+01	-1.961545e+02
3.020000e-06	-3.428474e-06	-3.013098e-09	-2.441645e+01	-1.973934e+02
3.030000e-06	-3.469691e-06	-3.031182e-09	-2.470999e+01	-1.985845e+02
3.040000e-06	-3.509836e-06	-3.050843e-09	-2.499589e+01	-1.997286e+02
3.050000e-06	-3.548706e-06	-3.068776e-09	-2.527271e+01	-2.008250e+02
3.060000e-06	-3.586054e-06	-3.084455e-09	-2.553869e+01	-2.018715e+02
3.070000e-06	-3.622057e-06	-3.099772e-09	-2.579509e+01	-2.028655e+02
3.080000e-06	-3.656910e-06	-3.115511e-09	-2.604330e+01	-2.038041e+02
3.090000e-06	-3.690529e-06	-3.128299e-09	-2.628272e+01	-2.046850e+02
3.100000e-06	-3.722917e-06	-3.140001e-09	-2.651338e+01	-2.055073e+02
3.110000e-06	-3.754061e-06	-3.153334e-09	-2.673518e+01	-2.062717e+02
3.120000e-06	-3.783711e-06	-3.165387e-09	-2.694634e+01	-2.069809e+02
3.130000e-06	-3.811868e-06	-3.176368e-09	-2.714686e+01	-2.076395e+02
3.140000e-06	-3.838729e-06	-3.187779e-09	-2.733816e+01	-2.082535e+02
3.150000e-06	-3.864257e-06	-3.197746e-09	-2.751996e+01	-2.088300e+02
3.160000e-06	-3.888497e-06	-3.205297e-09	-2.769258e+01	-2.093756e+02
3.170000e-06	-3.911459e-06	-3.211774e-09	-2.785611e+01	-2.098966e+02
3.180000e-06	-3.932873e-06	-3.220625e-09	-2.800862e+01	-2.103974e+02
3.190000e-06	-3.952805e-06	-3.230765e-09	-2.815057e+01	-2.108801e+02
3.200000e-06	-3.971460e-06	-3.237783e-09	-2.828342e+01	-2.113447e+02
3.210000e-06	-3.988824e-06	-3.243845e-09	-2.840708e+01	-2.117884e+02
3.220000e-06	-4.004899e-06	-3.250619e-09	-2.852156e+01	-2.122070e+02
3.230000e-06	-4.019418e-06	-3.257268e-09	-2.862496e+01	-2.125946e+02
3.240000e-06	-4.032146e-06	-3.263422e-09	-2.871561e+01	-2.129457e+02
3.250000e-06	-4.043314e-06	-3.270944e-09	-2.879514e+01	-2.132553e+02
3.260000e-06	-4.053046e-06	-3.275090e-09	-2.886445e+01	-2.135202e+02
3.270000e-06	-4.061446e-06	-3.277506e-09	-2.892427e+01	-2.137396e+02
3.280000e-06	-4.068446e-06	-3.281357e-09	-2.897412e+01	-2.139157e+02
3.290000e-06	-4.073795e-06	-3.284138e-09	-2.901222e+01	-2.140528e+02
3.300000e-06	-4.077709e-06	-3.284534e-09	-2.904009e+01	-2.141574e+02
3.310000e-06	-4.080367e-06	-3.284703e-09	-2.905902e+01	-2.142372e+02
3.320000e-06	-4.081665e-06	-3.286897e-09	-2.906826e+01	-2.142996e+02
