# Temperatura_=_20.0
# Concentracion g/m^3_=_9000.0
# C_Vs_to_Am_M_A/Vsm_=_65563218390.804596
# pendiente_HvsI_1/m_=_3716.3
# ordenada_HvsI_A/m_=_1297.0
# frecuencia_Hz_=_135293.76699086232

Tiempo_(s)	Campo_(V.s)	Magnetizacion_(V.s)	Campo_(kA/m)	Magnetizacion_(A/m)
0.000000e+00	-6.523848e-06	-4.517312e-09	-4.763759e+01	-2.840435e+02
1.000000e-08	-6.524049e-06	-4.516759e-09	-4.763906e+01	-2.841590e+02
2.000000e-08	-6.523934e-06	-4.516392e-09	-4.763822e+01	-2.842725e+02
3.000000e-08	-6.523379e-06	-4.517606e-09	-4.763417e+01	-2.843828e+02
4.000000e-08	-6.522144e-06	-4.522249e-09	-4.762515e+01	-2.844887e+02
5.000000e-08	-6.520132e-06	-4.526551e-09	-4.761045e+01	-2.845890e+02
6.000000e-08	-6.517484e-06	-4.526045e-09	-4.759112e+01	-2.846825e+02
7.000000e-08	-6.514338e-06	-4.519349e-09	-4.756815e+01	-2.847681e+02
8.000000e-08	-6.510820e-06	-4.522460e-09	-4.754246e+01	-2.848447e+02
9.000000e-08	-6.506936e-06	-4.550845e-09	-4.751410e+01	-2.849114e+02
1.000000e-07	-6.502448e-06	-4.562633e-09	-4.748133e+01	-2.849672e+02
1.100000e-07	-6.497268e-06	-4.517168e-09	-4.744350e+01	-2.850114e+02
1.200000e-07	-6.491597e-06	-4.462207e-09	-4.740209e+01	-2.850431e+02
1.300000e-07	-6.485657e-06	-4.519564e-09	-4.735871e+01	-2.850620e+02
1.400000e-07	-6.479423e-06	-4.601747e-09	-4.731320e+01	-2.850673e+02
1.500000e-07	-6.472721e-06	-4.580629e-09	-4.726425e+01	-2.850589e+02
1.600000e-07	-6.465560e-06	-4.507841e-09	-4.721197e+01	-2.850364e+02
1.700000e-07	-6.458033e-06	-4.539156e-09	-4.715701e+01	-2.849998e+02
1.800000e-07	-6.450167e-06	-4.581337e-09	-4.709957e+01	-2.849490e+02
1.900000e-07	-6.442076e-06	-4.596736e-09	-4.704049e+01	-2.848842e+02
2.000000e-07	-6.433627e-06	-4.569709e-09	-4.697879e+01	-2.848056e+02
2.100000e-07	-6.424569e-06	-4.539830e-09	-4.691265e+01	-2.847135e+02
2.200000e-07	-6.414712e-06	-4.496679e-09	-4.684067e+01	-2.846084e+02
2.300000e-07	-6.404204e-06	-4.510238e-09	-4.676394e+01	-2.844908e+02
2.400000e-07	-6.393273e-06	-4.494686e-09	-4.668412e+01	-2.843613e+02
2.500000e-07	-6.381695e-06	-4.405691e-09	-4.659958e+01	-2.842206e+02
2.600000e-07	-6.369380e-06	-4.323530e-09	-4.650965e+01	-2.840693e+02
2.700000e-07	-6.356557e-06	-4.370038e-09	-4.641602e+01	-2.839082e+02
2.800000e-07	-6.343275e-06	-4.378799e-09	-4.631903e+01	-2.837381e+02
2.900000e-07	-6.329417e-06	-4.254989e-09	-4.621784e+01	-2.835597e+02
3.000000e-07	-6.315074e-06	-4.186159e-09	-4.611311e+01	-2.833739e+02
3.100000e-07	-6.300174e-06	-4.250240e-09	-4.600431e+01	-2.831813e+02
3.200000e-07	-6.284519e-06	-4.210285e-09	-4.588999e+01	-2.829827e+02
3.300000e-07	-6.268289e-06	-4.076081e-09	-4.577148e+01	-2.827788e+02
3.400000e-07	-6.251632e-06	-4.113553e-09	-4.564985e+01	-2.825702e+02
3.500000e-07	-6.234514e-06	-4.118236e-09	-4.552485e+01	-2.823575e+02
3.600000e-07	-6.217079e-06	-4.046710e-09	-4.539754e+01	-2.821410e+02
3.700000e-07	-6.199416e-06	-4.033176e-09	-4.526856e+01	-2.819213e+02
3.800000e-07	-6.181430e-06	-4.102029e-09	-4.513723e+01	-2.816985e+02
3.900000e-07	-6.162872e-06	-4.041296e-09	-4.500172e+01	-2.814729e+02
4.000000e-07	-6.143750e-06	-4.053950e-09	-4.486209e+01	-2.812445e+02
4.100000e-07	-6.124326e-06	-4.153909e-09	-4.472025e+01	-2.810133e+02
4.200000e-07	-6.104618e-06	-4.142865e-09	-4.457634e+01	-2.807792e+02
4.300000e-07	-6.084512e-06	-4.047654e-09	-4.442953e+01	-2.805419e+02
4.400000e-07	-6.064032e-06	-4.107156e-09	-4.427998e+01	-2.803011e+02
4.500000e-07	-6.043180e-06	-4.181931e-09	-4.412772e+01	-2.800563e+02
4.600000e-07	-6.021951e-06	-4.112430e-09	-4.397270e+01	-2.798071e+02
4.700000e-07	-6.000295e-06	-4.029200e-09	-4.381457e+01	-2.795526e+02
4.800000e-07	-5.978218e-06	-4.102057e-09	-4.365336e+01	-2.792924e+02
4.900000e-07	-5.955764e-06	-4.153688e-09	-4.348940e+01	-2.790255e+02
5.000000e-07	-5.932904e-06	-4.076554e-09	-4.332248e+01	-2.787512e+02
5.100000e-07	-5.909657e-06	-4.028095e-09	-4.315272e+01	-2.784686e+02
5.200000e-07	-5.886141e-06	-4.086327e-09	-4.298101e+01	-2.781768e+02
5.300000e-07	-5.862344e-06	-4.093303e-09	-4.280724e+01	-2.778749e+02
5.400000e-07	-5.838062e-06	-4.049378e-09	-4.262993e+01	-2.775620e+02
5.500000e-07	-5.813184e-06	-4.065307e-09	-4.244827e+01	-2.772371e+02
5.600000e-07	-5.787713e-06	-4.063087e-09	-4.226228e+01	-2.768995e+02
5.700000e-07	-5.761617e-06	-4.025066e-09	-4.207172e+01	-2.765483e+02
5.800000e-07	-5.734907e-06	-4.048682e-09	-4.187668e+01	-2.761828e+02
5.900000e-07	-5.707777e-06	-4.082546e-09	-4.167858e+01	-2.758022e+02
6.000000e-07	-5.680330e-06	-4.021769e-09	-4.147816e+01	-2.754060e+02
6.100000e-07	-5.652581e-06	-3.993716e-09	-4.127554e+01	-2.749936e+02
6.200000e-07	-5.624576e-06	-4.040960e-09	-4.107104e+01	-2.745646e+02
6.300000e-07	-5.596275e-06	-4.050418e-09	-4.086438e+01	-2.741188e+02
6.400000e-07	-5.567620e-06	-3.999457e-09	-4.065514e+01	-2.736559e+02
6.500000e-07	-5.538577e-06	-3.993500e-09	-4.044307e+01	-2.731759e+02
6.600000e-07	-5.509178e-06	-4.010524e-09	-4.022840e+01	-2.726789e+02
6.700000e-07	-5.479347e-06	-4.011679e-09	-4.001057e+01	-2.721651e+02
6.800000e-07	-5.449018e-06	-3.988284e-09	-3.978910e+01	-2.716347e+02
6.900000e-07	-5.418282e-06	-3.982350e-09	-3.956467e+01	-2.710884e+02
7.000000e-07	-5.387180e-06	-3.977953e-09	-3.933756e+01	-2.705266e+02
7.100000e-07	-5.355842e-06	-3.974162e-09	-3.910872e+01	-2.699501e+02
7.200000e-07	-5.324305e-06	-3.967599e-09	-3.887844e+01	-2.693597e+02
7.300000e-07	-5.292429e-06	-3.969828e-09	-3.864568e+01	-2.687561e+02
7.400000e-07	-5.260203e-06	-3.950415e-09	-3.841036e+01	-2.681406e+02
7.500000e-07	-5.227656e-06	-3.930562e-09	-3.817271e+01	-2.675140e+02
7.600000e-07	-5.194698e-06	-3.936716e-09	-3.793204e+01	-2.668774e+02
7.700000e-07	-5.161067e-06	-3.944607e-09	-3.768647e+01	-2.662322e+02
7.800000e-07	-5.126711e-06	-3.919054e-09	-3.743560e+01	-2.655793e+02
7.900000e-07	-5.091883e-06	-3.904126e-09	-3.718128e+01	-2.649201e+02
8.000000e-07	-5.056707e-06	-3.912932e-09	-3.692442e+01	-2.642556e+02
8.100000e-07	-5.021243e-06	-3.904319e-09	-3.666546e+01	-2.635869e+02
8.200000e-07	-4.985487e-06	-3.883563e-09	-3.640437e+01	-2.629153e+02
8.300000e-07	-4.949437e-06	-3.879998e-09	-3.614113e+01	-2.622416e+02
8.400000e-07	-4.913132e-06	-3.879376e-09	-3.587603e+01	-2.615669e+02
8.500000e-07	-4.876499e-06	-3.862575e-09	-3.560853e+01	-2.608919e+02
8.600000e-07	-4.839453e-06	-3.852096e-09	-3.533802e+01	-2.602173e+02
8.700000e-07	-4.802113e-06	-3.848308e-09	-3.506536e+01	-2.595438e+02
8.800000e-07	-4.764536e-06	-3.838409e-09	-3.479097e+01	-2.588717e+02
8.900000e-07	-4.726532e-06	-3.818745e-09	-3.451347e+01	-2.582014e+02
9.000000e-07	-4.688165e-06	-3.809054e-09	-3.423330e+01	-2.575329e+02
9.100000e-07	-4.649545e-06	-3.802375e-09	-3.395130e+01	-2.568662e+02
9.200000e-07	-4.610610e-06	-3.794077e-09	-3.366699e+01	-2.562010e+02
9.300000e-07	-4.571349e-06	-3.779419e-09	-3.338031e+01	-2.555369e+02
9.400000e-07	-4.531873e-06	-3.770326e-09	-3.309205e+01	-2.548733e+02
9.500000e-07	-4.492172e-06	-3.761314e-09	-3.280215e+01	-2.542093e+02
9.600000e-07	-4.452138e-06	-3.752622e-09	-3.250982e+01	-2.535441e+02
9.700000e-07	-4.411846e-06	-3.739487e-09	-3.221560e+01	-2.528765e+02
9.800000e-07	-4.371261e-06	-3.727959e-09	-3.191925e+01	-2.522051e+02
9.900000e-07	-4.330269e-06	-3.712557e-09	-3.161992e+01	-2.515286e+02
1.000000e-06	-4.288801e-06	-3.704274e-09	-3.131712e+01	-2.508454e+02
1.010000e-06	-4.246854e-06	-3.700842e-09	-3.101082e+01	-2.501537e+02
1.020000e-06	-4.204490e-06	-3.691358e-09	-3.070147e+01	-2.494518e+02
1.030000e-06	-4.161772e-06	-3.672595e-09	-3.038955e+01	-2.487378e+02
1.040000e-06	-4.118766e-06	-3.661438e-09	-3.007551e+01	-2.480097e+02
1.050000e-06	-4.075511e-06	-3.654864e-09	-2.975966e+01	-2.472657e+02
1.060000e-06	-4.031965e-06	-3.638478e-09	-2.944168e+01	-2.465036e+02
1.070000e-06	-3.988117e-06	-3.617132e-09	-2.912150e+01	-2.457216e+02
1.080000e-06	-3.944068e-06	-3.602658e-09	-2.879986e+01	-2.449176e+02
1.090000e-06	-3.899773e-06	-3.592148e-09	-2.847641e+01	-2.440899e+02
1.100000e-06	-3.855143e-06	-3.578561e-09	-2.815052e+01	-2.432366e+02
1.110000e-06	-3.810279e-06	-3.564005e-09	-2.782292e+01	-2.423559e+02
1.120000e-06	-3.765176e-06	-3.549081e-09	-2.749357e+01	-2.414465e+02
1.130000e-06	-3.719801e-06	-3.536454e-09	-2.716224e+01	-2.405067e+02
1.140000e-06	-3.674214e-06	-3.524402e-09	-2.682936e+01	-2.395355e+02
1.150000e-06	-3.628369e-06	-3.509948e-09	-2.649460e+01	-2.385316e+02
1.160000e-06	-3.582193e-06	-3.489793e-09	-2.615742e+01	-2.374943e+02
1.170000e-06	-3.535797e-06	-3.471106e-09	-2.581864e+01	-2.364229e+02
1.180000e-06	-3.489241e-06	-3.454323e-09	-2.547868e+01	-2.353169e+02
1.190000e-06	-3.442429e-06	-3.438757e-09	-2.513686e+01	-2.341762e+02
1.200000e-06	-3.395364e-06	-3.418802e-09	-2.479318e+01	-2.330007e+02
1.210000e-06	-3.348061e-06	-3.399445e-09	-2.444777e+01	-2.317907e+02
1.220000e-06	-3.300531e-06	-3.384628e-09	-2.410071e+01	-2.305466e+02
1.230000e-06	-3.252763e-06	-3.371383e-09	-2.375190e+01	-2.292692e+02
1.240000e-06	-3.204772e-06	-3.353700e-09	-2.340146e+01	-2.279593e+02
1.250000e-06	-3.156598e-06	-3.335054e-09	-2.304970e+01	-2.266180e+02
1.260000e-06	-3.108153e-06	-3.315234e-09	-2.269594e+01	-2.252466e+02
1.270000e-06	-3.059319e-06	-3.293334e-09	-2.233936e+01	-2.238466e+02
1.280000e-06	-3.010155e-06	-3.269321e-09	-2.198036e+01	-2.224193e+02
1.290000e-06	-2.960642e-06	-3.248621e-09	-2.161881e+01	-2.209665e+02
1.300000e-06	-2.910792e-06	-3.227159e-09	-2.125481e+01	-2.194900e+02
1.310000e-06	-2.860772e-06	-3.202468e-09	-2.088956e+01	-2.179914e+02
1.320000e-06	-2.810574e-06	-3.181221e-09	-2.052301e+01	-2.164726e+02
1.330000e-06	-2.760199e-06	-3.165404e-09	-2.015517e+01	-2.149353e+02
1.340000e-06	-2.709574e-06	-3.146862e-09	-1.978550e+01	-2.133812e+02
1.350000e-06	-2.658608e-06	-3.121751e-09	-1.941334e+01	-2.118119e+02
1.360000e-06	-2.607342e-06	-3.096984e-09	-1.903899e+01	-2.102288e+02
1.370000e-06	-2.555783e-06	-3.075454e-09	-1.866250e+01	-2.086333e+02
1.380000e-06	-2.504014e-06	-3.054525e-09	-1.828448e+01	-2.070263e+02
1.390000e-06	-2.452113e-06	-3.030560e-09	-1.790550e+01	-2.054088e+02
1.400000e-06	-2.399984e-06	-3.004378e-09	-1.752485e+01	-2.037811e+02
1.410000e-06	-2.347641e-06	-2.979527e-09	-1.714264e+01	-2.021436e+02
1.420000e-06	-2.295229e-06	-2.956727e-09	-1.675992e+01	-2.004960e+02
1.430000e-06	-2.242716e-06	-2.932767e-09	-1.637647e+01	-1.988379e+02
1.440000e-06	-2.190053e-06	-2.906612e-09	-1.599192e+01	-1.971684e+02
1.450000e-06	-2.137193e-06	-2.880054e-09	-1.560593e+01	-1.954861e+02
1.460000e-06	-2.084187e-06	-2.854813e-09	-1.521888e+01	-1.937892e+02
1.470000e-06	-2.031055e-06	-2.829204e-09	-1.483090e+01	-1.920755e+02
1.480000e-06	-1.977765e-06	-2.801730e-09	-1.444178e+01	-1.903423e+02
1.490000e-06	-1.924396e-06	-2.772114e-09	-1.405207e+01	-1.885864e+02
1.500000e-06	-1.870879e-06	-2.743282e-09	-1.366129e+01	-1.868043e+02
1.510000e-06	-1.817089e-06	-2.714700e-09	-1.326851e+01	-1.849917e+02
1.520000e-06	-1.763108e-06	-2.685617e-09	-1.287434e+01	-1.831443e+02
1.530000e-06	-1.709036e-06	-2.655594e-09	-1.247950e+01	-1.812570e+02
1.540000e-06	-1.654872e-06	-2.623483e-09	-1.208399e+01	-1.793246e+02
1.550000e-06	-1.600584e-06	-2.590167e-09	-1.168757e+01	-1.773412e+02
1.560000e-06	-1.546223e-06	-2.557486e-09	-1.129062e+01	-1.753008e+02
1.570000e-06	-1.491827e-06	-2.522318e-09	-1.089342e+01	-1.731970e+02
1.580000e-06	-1.437352e-06	-2.485526e-09	-1.049564e+01	-1.710231e+02
1.590000e-06	-1.382809e-06	-2.447563e-09	-1.009737e+01	-1.687725e+02
1.600000e-06	-1.328180e-06	-2.408359e-09	-9.698466e+00	-1.664379e+02
1.610000e-06	-1.273401e-06	-2.369964e-09	-9.298461e+00	-1.640123e+02
1.620000e-06	-1.218443e-06	-2.329362e-09	-8.897152e+00	-1.614886e+02
1.630000e-06	-1.163399e-06	-2.286522e-09	-8.495220e+00	-1.588595e+02
1.640000e-06	-1.108276e-06	-2.243641e-09	-8.092705e+00	-1.561180e+02
1.650000e-06	-1.053019e-06	-2.200806e-09	-7.689217e+00	-1.532571e+02
1.660000e-06	-9.976802e-07	-2.155396e-09	-7.285130e+00	-1.502700e+02
1.670000e-06	-9.423660e-07	-2.110058e-09	-6.881221e+00	-1.471504e+02
1.680000e-06	-8.870590e-07	-2.065999e-09	-6.477366e+00	-1.438921e+02
1.690000e-06	-8.317141e-07	-2.020213e-09	-6.073234e+00	-1.404892e+02
1.700000e-06	-7.763531e-07	-1.971070e-09	-5.668984e+00	-1.369367e+02
1.710000e-06	-7.209891e-07	-1.920806e-09	-5.264712e+00	-1.332296e+02
1.720000e-06	-6.655695e-07	-1.866406e-09	-4.860035e+00	-1.293639e+02
1.730000e-06	-6.101145e-07	-1.807528e-09	-4.455099e+00	-1.253360e+02
1.740000e-06	-5.546218e-07	-1.748912e-09	-4.049887e+00	-1.211431e+02
1.750000e-06	-4.990511e-07	-1.688721e-09	-3.644106e+00	-1.167830e+02
1.760000e-06	-4.435090e-07	-1.625100e-09	-3.238533e+00	-1.122545e+02
1.770000e-06	-3.879655e-07	-1.558442e-09	-2.832951e+00	-1.075571e+02
1.780000e-06	-3.323566e-07	-1.488243e-09	-2.426891e+00	-1.026910e+02
1.790000e-06	-2.767080e-07	-1.414493e-09	-2.020541e+00	-9.765757e+01
1.800000e-06	-2.210758e-07	-1.340581e-09	-1.614311e+00	-9.245877e+01
1.810000e-06	-1.654944e-07	-1.265845e-09	-1.208452e+00	-8.709763e+01
1.820000e-06	-1.099780e-07	-1.185625e-09	-8.030669e-01	-8.157804e+01
1.830000e-06	-5.441754e-08	-1.100649e-09	-3.973607e-01	-7.590478e+01
1.840000e-06	1.191779e-09	-1.016710e-09	8.702452e-03	-7.008351e+01
1.850000e-06	5.672255e-08	-9.328558e-10	4.141920e-01	-6.412076e+01
1.860000e-06	1.123134e-07	-8.452482e-10	8.201201e-01	-5.802391e+01
1.870000e-06	1.679625e-07	-7.535792e-10	1.226474e+00	-5.180115e+01
1.880000e-06	2.235820e-07	-6.595125e-10	1.632611e+00	-4.546141e+01
1.890000e-06	2.791922e-07	-5.642535e-10	2.038680e+00	-3.901437e+01
1.900000e-06	3.347858e-07	-4.663091e-10	2.444629e+00	-3.247039e+01
1.910000e-06	3.903354e-07	-3.660166e-10	2.850256e+00	-2.584041e+01
1.920000e-06	4.458409e-07	-2.635923e-10	3.255561e+00	-1.913597e+01
1.930000e-06	5.013288e-07	-1.621522e-10	3.660738e+00	-1.236904e+01
1.940000e-06	5.568050e-07	-5.867541e-11	4.065828e+00	-5.552039e+00
1.950000e-06	6.122657e-07	4.871078e-11	4.470806e+00	1.302289e+00
1.960000e-06	6.677016e-07	1.545299e-10	4.875603e+00	8.180942e+00
1.970000e-06	7.230990e-07	2.620301e-10	5.280119e+00	1.507074e+01
1.980000e-06	7.784145e-07	3.708834e-10	5.684036e+00	2.195842e+01
1.990000e-06	8.336681e-07	4.769465e-10	6.087502e+00	2.883069e+01
2.000000e-06	8.888447e-07	5.813720e-10	6.490405e+00	3.567434e+01
2.010000e-06	9.440109e-07	6.854313e-10	6.893233e+00	4.247631e+01
2.020000e-06	9.992023e-07	7.901773e-10	7.296245e+00	4.922379e+01
2.030000e-06	1.054344e-06	8.940806e-10	7.698895e+00	5.590428e+01
2.040000e-06	1.109406e-06	9.958151e-10	8.100960e+00	6.250567e+01
2.050000e-06	1.164352e-06	1.093606e-09	8.502176e+00	6.901632e+01
2.060000e-06	1.219182e-06	1.189048e-09	8.902553e+00	7.542514e+01
2.070000e-06	1.273934e-06	1.285430e-09	9.302353e+00	8.172163e+01
2.080000e-06	1.328625e-06	1.377813e-09	9.701709e+00	8.789594e+01
2.090000e-06	1.383232e-06	1.465305e-09	1.010046e+01	9.393899e+01
2.100000e-06	1.437763e-06	1.551603e-09	1.049864e+01	9.984240e+01
2.110000e-06	1.492173e-06	1.637819e-09	1.089595e+01	1.055987e+02
2.120000e-06	1.546509e-06	1.720275e-09	1.129272e+01	1.112011e+02
2.130000e-06	1.600738e-06	1.796403e-09	1.168870e+01	1.166438e+02
2.140000e-06	1.654818e-06	1.868423e-09	1.208360e+01	1.219219e+02
2.150000e-06	1.708797e-06	1.941543e-09	1.247775e+01	1.270315e+02
2.160000e-06	1.762670e-06	2.012992e-09	1.287113e+01	1.319693e+02
2.170000e-06	1.816414e-06	2.077445e-09	1.326358e+01	1.367332e+02
2.180000e-06	1.870046e-06	2.140090e-09	1.365521e+01	1.413220e+02
2.190000e-06	1.923618e-06	2.205614e-09	1.404639e+01	1.457353e+02
2.200000e-06	1.977052e-06	2.266987e-09	1.443657e+01	1.499735e+02
2.210000e-06	2.030260e-06	2.322516e-09	1.482510e+01	1.540379e+02
2.220000e-06	2.083204e-06	2.376730e-09	1.521170e+01	1.579308e+02
2.230000e-06	2.136030e-06	2.428524e-09	1.559744e+01	1.616550e+02
2.240000e-06	2.188743e-06	2.475687e-09	1.598235e+01	1.652142e+02
2.250000e-06	2.241319e-06	2.519214e-09	1.636626e+01	1.686126e+02
2.260000e-06	2.293781e-06	2.560312e-09	1.674935e+01	1.718551e+02
2.270000e-06	2.346066e-06	2.600443e-09	1.713114e+01	1.749473e+02
2.280000e-06	2.398189e-06	2.641988e-09	1.751174e+01	1.778951e+02
2.290000e-06	2.450091e-06	2.681357e-09	1.789074e+01	1.807049e+02
2.300000e-06	2.501805e-06	2.716259e-09	1.826835e+01	1.833834e+02
2.310000e-06	2.553393e-06	2.750588e-09	1.864505e+01	1.859377e+02
2.320000e-06	2.604793e-06	2.786889e-09	1.902038e+01	1.883751e+02
2.330000e-06	2.655904e-06	2.821847e-09	1.939359e+01	1.907031e+02
2.340000e-06	2.706675e-06	2.852647e-09	1.976433e+01	1.929291e+02
2.350000e-06	2.757162e-06	2.883459e-09	2.013299e+01	1.950607e+02
2.360000e-06	2.807427e-06	2.915950e-09	2.050003e+01	1.971055e+02
2.370000e-06	2.857416e-06	2.946582e-09	2.086505e+01	1.990708e+02
2.380000e-06	2.907057e-06	2.975013e-09	2.122753e+01	2.009639e+02
2.390000e-06	2.956330e-06	3.002923e-09	2.158732e+01	2.027919e+02
2.400000e-06	3.005215e-06	3.030952e-09	2.194429e+01	2.045616e+02
2.410000e-06	3.053758e-06	3.058629e-09	2.229876e+01	2.062794e+02
2.420000e-06	3.101994e-06	3.083942e-09	2.265098e+01	2.079514e+02
2.430000e-06	3.149985e-06	3.107361e-09	2.300141e+01	2.095835e+02
2.440000e-06	3.197823e-06	3.132693e-09	2.335073e+01	2.111808e+02
2.450000e-06	3.245504e-06	3.159682e-09	2.369890e+01	2.127482e+02
2.460000e-06	3.293007e-06	3.184894e-09	2.404576e+01	2.142902e+02
2.470000e-06	3.340375e-06	3.207300e-09	2.439165e+01	2.158106e+02
2.480000e-06	3.387632e-06	3.229895e-09	2.473672e+01	2.173128e+02
2.490000e-06	3.434650e-06	3.252305e-09	2.508005e+01	2.187998e+02
2.500000e-06	3.481367e-06	3.271988e-09	2.542118e+01	2.202740e+02
2.510000e-06	3.527876e-06	3.291788e-09	2.576079e+01	2.217373e+02
2.520000e-06	3.574153e-06	3.314015e-09	2.609871e+01	2.231912e+02
2.530000e-06	3.620098e-06	3.336175e-09	2.643421e+01	2.246366e+02
2.540000e-06	3.665761e-06	3.355439e-09	2.676764e+01	2.260741e+02
2.550000e-06	3.711188e-06	3.371606e-09	2.709935e+01	2.275039e+02
2.560000e-06	3.756413e-06	3.388368e-09	2.742959e+01	2.289258e+02
2.570000e-06	3.801430e-06	3.405947e-09	2.775831e+01	2.303390e+02
2.580000e-06	3.846081e-06	3.421734e-09	2.808435e+01	2.317427e+02
2.590000e-06	3.890481e-06	3.436456e-09	2.840856e+01	2.331358e+02
2.600000e-06	3.934772e-06	3.453674e-09	2.873198e+01	2.345167e+02
2.610000e-06	3.978828e-06	3.474403e-09	2.905368e+01	2.358839e+02
2.620000e-06	4.022640e-06	3.493292e-09	2.937360e+01	2.372354e+02
2.630000e-06	4.066303e-06	3.507559e-09	2.969243e+01	2.385695e+02
2.640000e-06	4.109787e-06	3.520814e-09	3.000995e+01	2.398841e+02
2.650000e-06	4.152976e-06	3.537410e-09	3.032532e+01	2.411772e+02
2.660000e-06	4.195816e-06	3.554323e-09	3.063814e+01	2.424467e+02
2.670000e-06	4.238225e-06	3.568080e-09	3.094781e+01	2.436906e+02
2.680000e-06	4.280152e-06	3.581775e-09	3.125397e+01	2.449071e+02
2.690000e-06	4.321582e-06	3.597406e-09	3.155649e+01	2.460942e+02
2.700000e-06	4.362531e-06	3.614224e-09	3.185550e+01	2.472504e+02
2.710000e-06	4.403073e-06	3.629343e-09	3.215154e+01	2.483741e+02
2.720000e-06	4.443291e-06	3.641150e-09	3.244521e+01	2.494639e+02
2.730000e-06	4.483242e-06	3.652637e-09	3.273694e+01	2.505188e+02
2.740000e-06	4.522967e-06	3.664567e-09	3.302702e+01	2.515379e+02
2.750000e-06	4.562454e-06	3.677181e-09	3.331535e+01	2.525205e+02
2.760000e-06	4.601687e-06	3.688561e-09	3.360184e+01	2.534663e+02
2.770000e-06	4.640699e-06	3.700331e-09	3.388671e+01	2.543751e+02
2.780000e-06	4.679330e-06	3.713262e-09	3.416879e+01	2.552471e+02
2.790000e-06	4.717511e-06	3.724275e-09	3.444759e+01	2.560826e+02
2.800000e-06	4.755418e-06	3.733671e-09	3.472439e+01	2.568822e+02
2.810000e-06	4.793074e-06	3.740833e-09	3.499935e+01	2.576469e+02
2.820000e-06	4.830330e-06	3.750639e-09	3.527140e+01	2.583778e+02
2.830000e-06	4.867199e-06	3.762828e-09	3.554062e+01	2.590762e+02
2.840000e-06	4.903812e-06	3.772764e-09	3.580797e+01	2.597436e+02
2.850000e-06	4.940114e-06	3.781379e-09	3.607306e+01	2.603818e+02
2.860000e-06	4.976124e-06	3.794088e-09	3.633600e+01	2.609926e+02
2.870000e-06	5.011903e-06	3.807942e-09	3.659726e+01	2.615780e+02
2.880000e-06	5.047450e-06	3.814921e-09	3.685683e+01	2.621401e+02
2.890000e-06	5.082785e-06	3.820980e-09	3.711485e+01	2.626811e+02
2.900000e-06	5.117773e-06	3.831667e-09	3.737033e+01	2.632032e+02
2.910000e-06	5.152264e-06	3.844023e-09	3.762218e+01	2.637088e+02
2.920000e-06	5.186184e-06	3.856265e-09	3.786987e+01	2.642000e+02
2.930000e-06	5.219504e-06	3.865639e-09	3.811318e+01	2.646791e+02
2.940000e-06	5.252213e-06	3.872286e-09	3.835202e+01	2.651483e+02
2.950000e-06	5.284434e-06	3.880225e-09	3.858730e+01	2.656097e+02
2.960000e-06	5.316361e-06	3.889790e-09	3.882043e+01	2.660653e+02
2.970000e-06	5.348027e-06	3.898377e-09	3.905166e+01	2.665169e+02
2.980000e-06	5.379488e-06	3.906442e-09	3.928139e+01	2.669662e+02
2.990000e-06	5.410690e-06	3.914312e-09	3.950923e+01	2.674149e+02
3.000000e-06	5.441492e-06	3.921755e-09	3.973415e+01	2.678642e+02
3.010000e-06	5.471929e-06	3.930915e-09	3.995641e+01	2.683153e+02
3.020000e-06	5.501988e-06	3.941553e-09	4.017590e+01	2.687692e+02
3.030000e-06	5.531634e-06	3.948572e-09	4.039238e+01	2.692267e+02
3.040000e-06	5.560838e-06	3.954251e-09	4.060562e+01	2.696883e+02
3.050000e-06	5.589698e-06	3.962292e-09	4.081636e+01	2.701544e+02
3.060000e-06	5.618265e-06	3.969894e-09	4.102496e+01	2.706250e+02
3.070000e-06	5.646492e-06	3.976804e-09	4.123107e+01	2.711000e+02
3.080000e-06	5.674398e-06	3.983600e-09	4.143484e+01	2.715791e+02
3.090000e-06	5.702056e-06	3.987301e-09	4.163681e+01	2.720618e+02
3.100000e-06	5.729428e-06	3.989632e-09	4.183668e+01	2.725474e+02
3.110000e-06	5.756348e-06	3.997266e-09	4.203325e+01	2.730351e+02
3.120000e-06	5.782763e-06	4.007590e-09	4.222614e+01	2.735239e+02
3.130000e-06	5.808521e-06	4.014712e-09	4.241422e+01	2.740124e+02
3.140000e-06	5.833595e-06	4.019709e-09	4.259731e+01	2.744996e+02
3.150000e-06	5.858099e-06	4.026127e-09	4.277624e+01	2.749841e+02
3.160000e-06	5.882094e-06	4.032974e-09	4.295146e+01	2.754643e+02
3.170000e-06	5.905714e-06	4.038455e-09	4.312393e+01	2.759388e+02
3.180000e-06	5.929035e-06	4.040498e-09	4.329422e+01	2.764061e+02
3.190000e-06	5.952046e-06	4.044201e-09	4.346225e+01	2.768646e+02
3.200000e-06	5.974716e-06	4.051719e-09	4.362779e+01	2.773128e+02
3.210000e-06	5.996958e-06	4.056691e-09	4.379020e+01	2.777493e+02
3.220000e-06	6.018733e-06	4.057562e-09	4.394920e+01	2.781726e+02
3.230000e-06	6.040032e-06	4.060872e-09	4.410473e+01	2.785814e+02
3.240000e-06	6.060884e-06	4.070269e-09	4.425699e+01	2.789744e+02
3.250000e-06	6.081365e-06	4.074165e-09	4.440655e+01	2.793506e+02
3.260000e-06	6.101516e-06	4.072824e-09	4.455369e+01	2.797089e+02
3.270000e-06	6.121370e-06	4.074010e-09	4.469867e+01	2.800484e+02
3.280000e-06	6.140973e-06	4.078953e-09	4.484181e+01	2.803685e+02
3.290000e-06	6.160278e-06	4.084072e-09	4.498278e+01	2.806687e+02
3.300000e-06	6.179136e-06	4.088171e-09	4.512048e+01	2.809486e+02
3.310000e-06	6.197393e-06	4.091792e-09	4.525379e+01	2.812080e+02
3.320000e-06	6.215147e-06	4.097300e-09	4.538343e+01	2.814468e+02
3.330000e-06	6.232546e-06	4.104738e-09	4.551048e+01	2.816654e+02
3.340000e-06	6.249571e-06	4.108347e-09	4.563480e+01	2.818640e+02
3.350000e-06	6.266314e-06	4.108069e-09	4.575706e+01	2.820431e+02
3.360000e-06	6.282718e-06	4.111045e-09	4.587684e+01	2.822035e+02
3.370000e-06	6.298555e-06	4.116919e-09	4.599248e+01	2.823459e+02
3.380000e-06	6.313741e-06	4.119874e-09	4.610337e+01	2.824714e+02
3.390000e-06	6.328350e-06	4.121568e-09	4.621005e+01	2.825811e+02
3.400000e-06	6.342461e-06	4.124491e-09	4.631309e+01	2.826761e+02
3.410000e-06	6.356020e-06	4.127721e-09	4.641210e+01	2.827578e+02
3.420000e-06	6.369074e-06	4.129200e-09	4.650742e+01	2.828276e+02
3.430000e-06	6.381674e-06	4.130153e-09	4.659942e+01	2.828870e+02
3.440000e-06	6.393856e-06	4.131780e-09	4.668838e+01	2.829373e+02
3.450000e-06	6.405616e-06	4.136526e-09	4.677425e+01	2.829803e+02
3.460000e-06	6.416855e-06	4.138785e-09	4.685632e+01	2.830174e+02
3.470000e-06	6.427606e-06	4.139147e-09	4.693483e+01	2.830501e+02
3.480000e-06	6.437698e-06	4.141635e-09	4.700852e+01	2.830799e+02
3.490000e-06	6.447048e-06	4.145443e-09	4.707679e+01	2.831082e+02
3.500000e-06	6.455800e-06	4.146755e-09	4.714070e+01	2.831364e+02
3.510000e-06	6.464013e-06	4.147088e-09	4.720067e+01	2.831658e+02
3.520000e-06	6.471839e-06	4.148469e-09	4.725781e+01	2.831975e+02
3.530000e-06	6.479361e-06	4.149871e-09	4.731274e+01	2.832327e+02
3.540000e-06	6.486465e-06	4.150972e-09	4.736461e+01	2.832721e+02
3.550000e-06	6.493121e-06	4.152472e-09	4.741322e+01	2.833167e+02
3.560000e-06	6.499363e-06	4.154427e-09	4.745880e+01	2.833671e+02
3.570000e-06	6.505162e-06	4.152879e-09	4.750114e+01	2.834237e+02
3.580000e-06	6.510488e-06	4.150644e-09	4.754004e+01	2.834870e+02
3.590000e-06	6.515316e-06	4.150493e-09	4.757528e+01	2.835570e+02
3.600000e-06	6.519754e-06	4.151328e-09	4.760770e+01	2.836340e+02
3.610000e-06	6.523803e-06	4.152743e-09	4.763726e+01	2.837176e+02
3.620000e-06	6.527492e-06	4.152567e-09	4.766420e+01	2.838077e+02
3.630000e-06	6.530878e-06	4.150297e-09	4.768893e+01	2.839038e+02
3.640000e-06	6.533810e-06	4.149020e-09	4.771033e+01	2.840053e+02
3.650000e-06	6.536168e-06	4.151514e-09	4.772755e+01	2.841117e+02
3.660000e-06	6.537900e-06	4.154998e-09	4.774020e+01	2.842220e+02
3.670000e-06	6.538919e-06	4.157175e-09	4.774764e+01	2.843354e+02
3.680000e-06	6.539321e-06	4.158466e-09	4.775058e+01	2.844509e+02
3.690000e-06	6.539345e-06	4.159544e-09	4.775075e+01	2.845674e+02
3.700000e-06	6.539029e-06	4.159067e-09	4.774844e+01	2.846838e+02
3.710000e-06	6.538337e-06	4.156127e-09	4.774339e+01	2.847989e+02
3.720000e-06	6.537233e-06	4.151911e-09	4.773533e+01	2.849114e+02
3.730000e-06	6.535680e-06	4.150630e-09	4.772399e+01	2.850203e+02
3.740000e-06	6.533670e-06	4.151621e-09	4.770931e+01	2.851243e+02
3.750000e-06	6.531257e-06	4.154017e-09	4.769169e+01	2.852221e+02
3.760000e-06	6.528447e-06	4.162884e-09	4.767117e+01	2.853127e+02
3.770000e-06	6.525224e-06	4.157181e-09	4.764764e+01	2.853950e+02
3.780000e-06	6.521618e-06	4.116221e-09	4.762130e+01	2.854678e+02
3.790000e-06	6.517495e-06	4.105930e-09	4.759120e+01	2.855304e+02
3.800000e-06	6.512535e-06	4.173944e-09	4.755498e+01	2.855817e+02
3.810000e-06	6.506756e-06	4.203931e-09	4.751279e+01	2.856210e+02
3.820000e-06	6.500845e-06	4.159590e-09	4.746962e+01	2.856477e+02
3.830000e-06	6.495004e-06	4.064174e-09	4.742696e+01	2.856613e+02
3.840000e-06	6.488553e-06	4.126755e-09	4.737986e+01	2.856612e+02
3.850000e-06	6.481307e-06	4.221636e-09	4.732695e+01	2.856472e+02
3.860000e-06	6.473593e-06	4.201847e-09	4.727062e+01	2.856191e+02
3.870000e-06	6.465519e-06	4.129408e-09	4.721167e+01	2.855768e+02
3.880000e-06	6.456888e-06	4.129119e-09	4.714864e+01	2.855204e+02
3.890000e-06	6.447734e-06	4.195956e-09	4.708180e+01	2.854501e+02
3.900000e-06	6.438477e-06	4.217831e-09	4.701421e+01	2.853661e+02
3.910000e-06	6.428991e-06	4.223774e-09	4.694494e+01	2.852688e+02
3.920000e-06	6.418787e-06	4.123811e-09	4.687043e+01	2.851587e+02
3.930000e-06	6.408014e-06	4.145969e-09	4.679176e+01	2.850363e+02
3.940000e-06	6.397033e-06	4.243482e-09	4.671158e+01	2.849023e+02
3.950000e-06	6.385586e-06	4.285677e-09	4.662799e+01	2.847573e+02
3.960000e-06	6.373360e-06	4.177775e-09	4.653871e+01	2.846021e+02
3.970000e-06	6.360670e-06	4.244844e-09	4.644605e+01	2.844374e+02
3.980000e-06	6.347575e-06	4.475166e-09	4.635043e+01	2.842641e+02
3.990000e-06	6.333654e-06	4.506402e-09	4.624878e+01	2.840827e+02
4.000000e-06	6.318899e-06	4.400384e-09	4.614104e+01	2.838943e+02
4.010000e-06	6.303572e-06	4.536548e-09	4.602912e+01	2.836994e+02
4.020000e-06	6.287759e-06	4.725765e-09	4.591365e+01	2.834988e+02
4.030000e-06	6.271597e-06	4.600444e-09	4.579564e+01	2.832931e+02
4.040000e-06	6.255259e-06	4.588631e-09	4.567633e+01	2.830830e+02
4.050000e-06	6.238565e-06	4.780814e-09	4.555443e+01	2.828689e+02
4.060000e-06	6.221333e-06	4.757385e-09	4.542861e+01	2.826513e+02
4.070000e-06	6.203666e-06	4.592031e-09	4.529960e+01	2.824305e+02
4.080000e-06	6.185641e-06	4.665178e-09	4.516798e+01	2.822068e+02
4.090000e-06	6.167136e-06	4.650016e-09	4.503285e+01	2.819803e+02
4.100000e-06	6.148061e-06	4.454233e-09	4.489357e+01	2.817510e+02
4.110000e-06	6.128547e-06	4.452204e-09	4.475108e+01	2.815189e+02
4.120000e-06	6.108715e-06	4.575421e-09	4.460626e+01	2.812837e+02
4.130000e-06	6.088630e-06	4.465006e-09	4.445960e+01	2.810453e+02
4.140000e-06	6.068230e-06	4.383083e-09	4.431064e+01	2.808032e+02
4.150000e-06	6.047468e-06	4.501539e-09	4.415903e+01	2.805569e+02
4.160000e-06	6.026410e-06	4.568772e-09	4.400526e+01	2.803058e+02
4.170000e-06	6.004738e-06	4.434690e-09	4.384701e+01	2.800493e+02
4.180000e-06	5.982312e-06	4.389899e-09	4.368325e+01	2.797866e+02
4.190000e-06	5.959326e-06	4.492611e-09	4.351541e+01	2.795170e+02
4.200000e-06	5.935823e-06	4.512215e-09	4.334379e+01	2.792396e+02
4.210000e-06	5.911841e-06	4.399459e-09	4.316867e+01	2.789536e+02
4.220000e-06	5.887536e-06	4.388994e-09	4.299119e+01	2.786579e+02
4.230000e-06	5.862906e-06	4.478474e-09	4.281134e+01	2.783518e+02
4.240000e-06	5.837797e-06	4.433890e-09	4.262800e+01	2.780343e+02
4.250000e-06	5.812241e-06	4.377350e-09	4.244139e+01	2.777045e+02
4.260000e-06	5.786301e-06	4.435967e-09	4.225197e+01	2.773616e+02
4.270000e-06	5.759971e-06	4.435178e-09	4.205971e+01	2.770048e+02
4.280000e-06	5.733221e-06	4.349306e-09	4.186437e+01	2.766333e+02
4.290000e-06	5.706051e-06	4.400227e-09	4.166598e+01	2.762465e+02
4.300000e-06	5.678508e-06	4.441466e-09	4.146486e+01	2.758439e+02
4.310000e-06	5.650671e-06	4.363880e-09	4.126159e+01	2.754249e+02
4.320000e-06	5.622623e-06	4.330971e-09	4.105678e+01	2.749892e+02
4.330000e-06	5.594276e-06	4.396403e-09	4.084979e+01	2.745365e+02
4.340000e-06	5.565602e-06	4.382913e-09	4.064041e+01	2.740667e+02
4.350000e-06	5.536490e-06	4.331200e-09	4.042783e+01	2.735799e+02
4.360000e-06	5.506790e-06	4.332110e-09	4.021096e+01	2.730761e+02
4.370000e-06	5.476531e-06	4.356300e-09	3.999001e+01	2.725556e+02
4.380000e-06	5.445665e-06	4.328027e-09	3.976462e+01	2.720189e+02
4.390000e-06	5.414259e-06	4.309507e-09	3.953530e+01	2.714663e+02
4.400000e-06	5.382477e-06	4.328032e-09	3.930322e+01	2.708985e+02
4.410000e-06	5.350326e-06	4.326378e-09	3.906845e+01	2.703164e+02
4.420000e-06	5.317788e-06	4.289126e-09	3.883085e+01	2.697206e+02
4.430000e-06	5.284982e-06	4.292814e-09	3.859131e+01	2.691122e+02
4.440000e-06	5.251965e-06	4.312901e-09	3.835021e+01	2.684922e+02
4.450000e-06	5.218630e-06	4.281046e-09	3.810680e+01	2.678616e+02
4.460000e-06	5.184960e-06	4.248873e-09	3.786093e+01	2.672215e+02
4.470000e-06	5.150962e-06	4.260728e-09	3.761268e+01	2.665732e+02
4.480000e-06	5.116559e-06	4.262689e-09	3.736146e+01	2.659178e+02
4.490000e-06	5.081720e-06	4.230691e-09	3.710707e+01	2.652565e+02
4.500000e-06	5.046557e-06	4.218268e-09	3.685030e+01	2.645904e+02
4.510000e-06	5.011112e-06	4.219646e-09	3.659149e+01	2.639206e+02
4.520000e-06	4.975320e-06	4.205392e-09	3.633013e+01	2.632483e+02
4.530000e-06	4.939230e-06	4.187246e-09	3.606660e+01	2.625743e+02
4.540000e-06	4.902923e-06	4.190103e-09	3.580149e+01	2.618996e+02
4.550000e-06	4.866450e-06	4.178281e-09	3.553516e+01	2.612250e+02
4.560000e-06	4.829659e-06	4.153951e-09	3.526651e+01	2.605511e+02
4.570000e-06	4.792352e-06	4.145617e-09	3.499408e+01	2.598784e+02
4.580000e-06	4.754531e-06	4.153435e-09	3.471791e+01	2.592073e+02
4.590000e-06	4.716257e-06	4.135362e-09	3.443844e+01	2.585380e+02
4.600000e-06	4.677523e-06	4.109309e-09	3.415560e+01	2.578705e+02
4.610000e-06	4.638288e-06	4.103577e-09	3.386910e+01	2.572047e+02
4.620000e-06	4.598683e-06	4.105874e-09	3.357990e+01	2.565403e+02
4.630000e-06	4.558837e-06	4.086963e-09	3.328894e+01	2.558767e+02
4.640000e-06	4.518713e-06	4.066098e-09	3.299595e+01	2.552134e+02
4.650000e-06	4.478314e-06	4.057395e-09	3.270095e+01	2.545493e+02
4.660000e-06	4.437652e-06	4.051433e-09	3.240404e+01	2.538835e+02
4.670000e-06	4.396635e-06	4.037169e-09	3.210453e+01	2.532147e+02
4.680000e-06	4.355349e-06	4.025485e-09	3.180306e+01	2.525417e+02
4.690000e-06	4.313782e-06	4.011966e-09	3.149953e+01	2.518628e+02
4.700000e-06	4.271889e-06	3.992173e-09	3.119363e+01	2.511765e+02
4.710000e-06	4.229754e-06	3.977633e-09	3.088596e+01	2.504811e+02
4.720000e-06	4.187326e-06	3.970725e-09	3.057614e+01	2.497746e+02
4.730000e-06	4.144562e-06	3.956253e-09	3.026388e+01	2.490553e+02
4.740000e-06	4.101508e-06	3.933763e-09	2.994950e+01	2.483211e+02
4.750000e-06	4.058183e-06	3.924059e-09	2.963313e+01	2.475700e+02
4.760000e-06	4.014595e-06	3.920165e-09	2.931485e+01	2.468001e+02
4.770000e-06	3.970771e-06	3.905930e-09	2.899485e+01	2.460094e+02
4.780000e-06	3.926737e-06	3.885673e-09	2.867331e+01	2.451961e+02
4.790000e-06	3.882464e-06	3.872075e-09	2.835002e+01	2.443581e+02
4.800000e-06	3.838014e-06	3.859375e-09	2.802544e+01	2.434939e+02
4.810000e-06	3.793414e-06	3.845158e-09	2.769977e+01	2.426017e+02
4.820000e-06	3.748602e-06	3.829132e-09	2.737255e+01	2.416800e+02
4.830000e-06	3.703503e-06	3.814879e-09	2.704323e+01	2.407276e+02
4.840000e-06	3.658133e-06	3.798393e-09	2.671194e+01	2.397431e+02
4.850000e-06	3.612494e-06	3.783760e-09	2.637868e+01	2.387257e+02
4.860000e-06	3.566532e-06	3.770564e-09	2.604306e+01	2.376745e+02
4.870000e-06	3.520398e-06	3.754545e-09	2.570619e+01	2.365890e+02
4.880000e-06	3.474066e-06	3.732243e-09	2.536787e+01	2.354688e+02
4.890000e-06	3.427503e-06	3.712273e-09	2.502787e+01	2.343138e+02
4.900000e-06	3.380763e-06	3.698218e-09	2.468657e+01	2.331241e+02
4.910000e-06	3.333806e-06	3.683239e-09	2.434368e+01	2.319001e+02
4.920000e-06	3.286592e-06	3.662058e-09	2.399892e+01	2.306423e+02
4.930000e-06	3.239245e-06	3.644523e-09	2.365319e+01	2.293515e+02
4.940000e-06	3.191662e-06	3.632318e-09	2.330574e+01	2.280287e+02
4.950000e-06	3.143661e-06	3.620777e-09	2.295523e+01	2.266750e+02
4.960000e-06	3.095420e-06	3.605354e-09	2.260297e+01	2.252917e+02
4.970000e-06	3.047010e-06	3.584917e-09	2.224948e+01	2.238804e+02
4.980000e-06	2.998297e-06	3.561974e-09	2.189377e+01	2.224426e+02
4.990000e-06	2.949304e-06	3.542723e-09	2.153602e+01	2.209799e+02
5.000000e-06	2.900087e-06	3.525860e-09	2.117663e+01	2.194942e+02
5.010000e-06	2.850559e-06	3.503574e-09	2.081498e+01	2.179873e+02
5.020000e-06	2.800782e-06	3.479196e-09	2.045150e+01	2.164608e+02
5.030000e-06	2.750823e-06	3.460774e-09	2.008670e+01	2.149166e+02
5.040000e-06	2.700604e-06	3.445252e-09	1.972000e+01	2.133562e+02
5.050000e-06	2.650098e-06	3.423262e-09	1.935120e+01	2.117813e+02
5.060000e-06	2.599372e-06	3.395707e-09	1.898080e+01	2.101932e+02
5.070000e-06	2.548502e-06	3.368184e-09	1.860934e+01	2.085930e+02
5.080000e-06	2.497488e-06	3.345166e-09	1.823683e+01	2.069818e+02
5.090000e-06	2.446252e-06	3.321412e-09	1.786270e+01	2.053602e+02
5.100000e-06	2.394799e-06	3.294528e-09	1.748699e+01	2.037287e+02
5.110000e-06	2.343194e-06	3.266745e-09	1.711017e+01	2.020873e+02
5.120000e-06	2.291449e-06	3.241588e-09	1.673232e+01	2.004357e+02
5.130000e-06	2.239489e-06	3.217427e-09	1.635291e+01	1.987733e+02
5.140000e-06	2.187350e-06	3.190718e-09	1.597218e+01	1.970989e+02
5.150000e-06	2.135105e-06	3.159829e-09	1.559068e+01	1.954110e+02
5.160000e-06	2.082712e-06	3.127711e-09	1.520811e+01	1.937076e+02
5.170000e-06	2.030074e-06	3.096375e-09	1.482374e+01	1.919864e+02
5.180000e-06	1.977272e-06	3.068369e-09	1.443818e+01	1.902445e+02
5.190000e-06	1.924352e-06	3.038819e-09	1.405175e+01	1.884784e+02
5.200000e-06	1.871148e-06	3.008283e-09	1.366325e+01	1.866843e+02
5.210000e-06	1.817727e-06	2.976679e-09	1.327317e+01	1.848581e+02
5.220000e-06	1.764158e-06	2.945173e-09	1.288200e+01	1.829950e+02
5.230000e-06	1.710380e-06	2.911996e-09	1.248931e+01	1.810898e+02
5.240000e-06	1.656427e-06	2.875218e-09	1.209535e+01	1.791371e+02
5.250000e-06	1.602399e-06	2.838346e-09	1.170083e+01	1.771309e+02
5.260000e-06	1.548257e-06	2.803537e-09	1.130548e+01	1.750652e+02
5.270000e-06	1.493941e-06	2.771486e-09	1.090886e+01	1.729333e+02
5.280000e-06	1.439494e-06	2.738088e-09	1.051129e+01	1.707285e+02
5.290000e-06	1.384882e-06	2.700928e-09	1.011250e+01	1.684440e+02
5.300000e-06	1.330108e-06	2.659088e-09	9.712544e+00	1.660727e+02
5.310000e-06	1.275151e-06	2.618555e-09	9.311242e+00	1.636073e+02
5.320000e-06	1.220055e-06	2.578574e-09	8.908926e+00	1.610408e+02
5.330000e-06	1.164846e-06	2.535020e-09	8.505786e+00	1.583660e+02
5.340000e-06	1.109536e-06	2.488331e-09	8.101912e+00	1.555758e+02
5.350000e-06	1.054192e-06	2.444020e-09	7.697779e+00	1.526634e+02
5.360000e-06	9.987225e-07	2.397740e-09	7.292741e+00	1.496222e+02
5.370000e-06	9.431535e-07	2.347845e-09	6.886972e+00	1.464458e+02
5.380000e-06	8.875213e-07	2.296841e-09	6.480742e+00	1.431282e+02
5.390000e-06	8.318079e-07	2.243756e-09	6.073919e+00	1.396638e+02
5.400000e-06	7.760350e-07	2.187597e-09	5.666661e+00	1.360477e+02
5.410000e-06	7.202293e-07	2.132584e-09	5.259164e+00	1.322753e+02
5.420000e-06	6.643795e-07	2.075724e-09	4.851345e+00	1.283426e+02
5.430000e-06	6.084679e-07	2.013766e-09	4.443075e+00	1.242465e+02
5.440000e-06	5.525438e-07	1.952570e-09	4.034713e+00	1.199844e+02
5.450000e-06	4.965744e-07	1.891036e-09	3.626020e+00	1.155546e+02
5.460000e-06	4.405562e-07	1.826846e-09	3.216972e+00	1.109560e+02
5.470000e-06	3.844655e-07	1.757153e-09	2.807394e+00	1.061884e+02
5.480000e-06	3.282954e-07	1.683386e-09	2.397235e+00	1.012527e+02
5.490000e-06	2.721206e-07	1.608868e-09	1.987043e+00	9.615028e+01
5.500000e-06	2.159476e-07	1.535455e-09	1.576864e+00	9.088369e+01
5.510000e-06	1.597706e-07	1.458908e-09	1.166656e+00	8.545627e+01
5.520000e-06	1.035777e-07	1.376795e-09	7.563317e-01	7.987228e+01
5.530000e-06	4.747941e-08	1.292267e-09	3.466980e-01	7.413687e+01
5.540000e-06	-8.585585e-09	1.205498e-09	-6.269253e-02	6.825607e+01
5.550000e-06	-6.471634e-08	1.114257e-09	-4.725632e-01	6.223677e+01
5.560000e-06	-1.208236e-07	1.018461e-09	-8.822625e-01	5.608668e+01
5.570000e-06	-1.769350e-07	9.187714e-10	-1.291992e+00	4.981430e+01
5.580000e-06	-2.330653e-07	8.172590e-10	-1.701859e+00	4.342890e+01
5.590000e-06	-2.891734e-07	7.135184e-10	-2.111564e+00	3.694044e+01
5.600000e-06	-3.452813e-07	6.069639e-10	-2.521268e+00	3.035952e+01
5.610000e-06	-4.013928e-07	4.986372e-10	-2.930998e+00	2.369735e+01
5.620000e-06	-4.574805e-07	3.878598e-10	-3.340554e+00	1.696565e+01
5.630000e-06	-5.134621e-07	2.778718e-10	-3.749336e+00	1.017659e+01
5.640000e-06	-5.693221e-07	1.678475e-10	-4.157230e+00	3.342737e+00
5.650000e-06	-6.252044e-07	5.426735e-11	-4.565286e+00	-3.523056e+00
5.660000e-06	-6.811230e-07	-5.982958e-11	-4.973607e+00	-1.040770e+01
5.670000e-06	-7.370031e-07	-1.733465e-10	-5.381647e+00	-1.729797e+01
5.680000e-06	-7.927730e-07	-2.876868e-10	-5.788883e+00	-2.418058e+01
5.690000e-06	-8.484961e-07	-4.032655e-10	-6.195777e+00	-3.104226e+01
5.700000e-06	-9.042517e-07	-5.173194e-10	-6.602908e+00	-3.786985e+01
5.710000e-06	-9.599405e-07	-6.280158e-10	-7.009552e+00	-4.465040e+01
5.720000e-06	-1.015482e-06	-7.366237e-10	-7.415119e+00	-5.137121e+01
5.730000e-06	-1.070879e-06	-8.454884e-10	-7.819632e+00	-5.801992e+01
5.740000e-06	-1.126203e-06	-9.533234e-10	-8.223614e+00	-6.458463e+01
5.750000e-06	-1.181493e-06	-1.060220e-09	-8.627342e+00	-7.105390e+01
5.760000e-06	-1.236651e-06	-1.167357e-09	-9.030108e+00	-7.741689e+01
5.770000e-06	-1.291664e-06	-1.272072e-09	-9.431820e+00	-8.366336e+01
5.780000e-06	-1.346552e-06	-1.374493e-09	-9.832612e+00	-8.978379e+01
5.790000e-06	-1.401281e-06	-1.472511e-09	-1.023225e+01	-9.576936e+01
5.800000e-06	-1.455769e-06	-1.564403e-09	-1.063012e+01	-1.016121e+02
5.810000e-06	-1.510027e-06	-1.650167e-09	-1.102632e+01	-1.073047e+02
5.820000e-06	-1.564139e-06	-1.731086e-09	-1.142145e+01	-1.128410e+02
5.830000e-06	-1.618025e-06	-1.807644e-09	-1.181493e+01	-1.182154e+02
5.840000e-06	-1.671791e-06	-1.879925e-09	-1.220753e+01	-1.234235e+02
5.850000e-06	-1.725486e-06	-1.950782e-09	-1.259962e+01	-1.284615e+02
5.860000e-06	-1.779011e-06	-2.021714e-09	-1.299046e+01	-1.333269e+02
5.870000e-06	-1.832394e-06	-2.090808e-09	-1.338027e+01	-1.380177e+02
5.880000e-06	-1.885643e-06	-2.154277e-09	-1.376910e+01	-1.425330e+02
5.890000e-06	-1.938743e-06	-2.215363e-09	-1.415684e+01	-1.468730e+02
5.900000e-06	-1.991627e-06	-2.276178e-09	-1.454300e+01	-1.510383e+02
5.910000e-06	-2.044194e-06	-2.334247e-09	-1.492684e+01	-1.550307e+02
5.920000e-06	-2.096480e-06	-2.388402e-09	-1.530864e+01	-1.588526e+02
5.930000e-06	-2.148675e-06	-2.441610e-09	-1.568977e+01	-1.625073e+02
5.940000e-06	-2.200760e-06	-2.494799e-09	-1.607010e+01	-1.659987e+02
5.950000e-06	-2.252621e-06	-2.545956e-09	-1.644879e+01	-1.693313e+02
5.960000e-06	-2.304267e-06	-2.595489e-09	-1.682592e+01	-1.725102e+02
5.970000e-06	-2.355746e-06	-2.642003e-09	-1.720182e+01	-1.755412e+02
5.980000e-06	-2.407139e-06	-2.684583e-09	-1.757710e+01	-1.784304e+02
5.990000e-06	-2.458413e-06	-2.728345e-09	-1.795150e+01	-1.811844e+02
6.000000e-06	-2.509487e-06	-2.775520e-09	-1.832444e+01	-1.838101e+02
6.010000e-06	-2.560306e-06	-2.819347e-09	-1.869553e+01	-1.863145e+02
6.020000e-06	-2.610952e-06	-2.857922e-09	-1.906535e+01	-1.887052e+02
6.030000e-06	-2.661431e-06	-2.897637e-09	-1.943395e+01	-1.909894e+02
6.040000e-06	-2.711636e-06	-2.939699e-09	-1.980055e+01	-1.931749e+02
6.050000e-06	-2.761497e-06	-2.980541e-09	-2.016464e+01	-1.952692e+02
6.060000e-06	-2.811195e-06	-3.017652e-09	-2.052754e+01	-1.972797e+02
6.070000e-06	-2.860726e-06	-3.053043e-09	-2.088922e+01	-1.992138e+02
6.080000e-06	-2.909851e-06	-3.089826e-09	-2.124793e+01	-2.010787e+02
6.090000e-06	-2.958711e-06	-3.127115e-09	-2.160471e+01	-2.028813e+02
6.100000e-06	-3.007267e-06	-3.160903e-09	-2.195927e+01	-2.046284e+02
6.110000e-06	-3.055348e-06	-3.192888e-09	-2.231036e+01	-2.063261e+02
6.120000e-06	-3.103180e-06	-3.225002e-09	-2.265963e+01	-2.079805e+02
6.130000e-06	-3.150779e-06	-3.255422e-09	-2.300721e+01	-2.095972e+02
6.140000e-06	-3.198075e-06	-3.284637e-09	-2.335256e+01	-2.111812e+02
6.150000e-06	-3.245181e-06	-3.314758e-09	-2.369654e+01	-2.127373e+02
6.160000e-06	-3.292098e-06	-3.344880e-09	-2.403913e+01	-2.142696e+02
6.170000e-06	-3.338832e-06	-3.374476e-09	-2.438038e+01	-2.157818e+02
6.180000e-06	-3.385421e-06	-3.403584e-09	-2.472058e+01	-2.172771e+02
6.190000e-06	-3.431821e-06	-3.432394e-09	-2.505939e+01	-2.187582e+02
6.200000e-06	-3.477989e-06	-3.460409e-09	-2.539652e+01	-2.202274e+02
6.210000e-06	-3.523935e-06	-3.487490e-09	-2.573202e+01	-2.216863e+02
6.220000e-06	-3.569656e-06	-3.514092e-09	-2.606588e+01	-2.231363e+02
6.230000e-06	-3.615185e-06	-3.538748e-09	-2.639833e+01	-2.245782e+02
6.240000e-06	-3.660427e-06	-3.563825e-09	-2.672869e+01	-2.260122e+02
6.250000e-06	-3.705319e-06	-3.589594e-09	-2.705650e+01	-2.274385e+02
6.260000e-06	-3.749997e-06	-3.615856e-09	-2.738273e+01	-2.288566e+02
6.270000e-06	-3.794553e-06	-3.639822e-09	-2.770809e+01	-2.302657e+02
6.280000e-06	-3.838943e-06	-3.659793e-09	-2.803223e+01	-2.316649e+02
6.290000e-06	-3.883182e-06	-3.679782e-09	-2.835527e+01	-2.330528e+02
6.300000e-06	-3.927257e-06	-3.699998e-09	-2.867710e+01	-2.344280e+02
6.310000e-06	-3.971076e-06	-3.717276e-09	-2.899707e+01	-2.357886e+02
6.320000e-06	-4.014621e-06	-3.732814e-09	-2.931504e+01	-2.371329e+02
6.330000e-06	-4.057950e-06	-3.748340e-09	-2.963143e+01	-2.384588e+02
6.340000e-06	-4.100982e-06	-3.765234e-09	-2.994566e+01	-2.397644e+02
6.350000e-06	-4.143652e-06	-3.785675e-09	-3.025723e+01	-2.410477e+02
6.360000e-06	-4.186012e-06	-3.808811e-09	-3.056655e+01	-2.423065e+02
6.370000e-06	-4.228150e-06	-3.828277e-09	-3.087424e+01	-2.435389e+02
6.380000e-06	-4.270051e-06	-3.846488e-09	-3.118021e+01	-2.447431e+02
6.390000e-06	-4.311624e-06	-3.865006e-09	-3.148377e+01	-2.459173e+02
6.400000e-06	-4.352886e-06	-3.882148e-09	-3.178508e+01	-2.470598e+02
6.410000e-06	-4.393839e-06	-3.894079e-09	-3.208411e+01	-2.481693e+02
6.420000e-06	-4.434486e-06	-3.905817e-09	-3.238092e+01	-2.492444e+02
6.430000e-06	-4.474898e-06	-3.919878e-09	-3.267601e+01	-2.502842e+02
6.440000e-06	-4.515111e-06	-3.936003e-09	-3.296965e+01	-2.512879e+02
6.450000e-06	-4.555027e-06	-3.954536e-09	-3.326112e+01	-2.522550e+02
6.460000e-06	-4.594622e-06	-3.972341e-09	-3.355025e+01	-2.531851e+02
6.470000e-06	-4.633937e-06	-3.988278e-09	-3.383732e+01	-2.540783e+02
6.480000e-06	-4.672854e-06	-4.002555e-09	-3.412150e+01	-2.549347e+02
6.490000e-06	-4.711225e-06	-4.015086e-09	-3.440169e+01	-2.557549e+02
6.500000e-06	-4.749086e-06	-4.025273e-09	-3.467815e+01	-2.565396e+02
6.510000e-06	-4.786387e-06	-4.035785e-09	-3.495053e+01	-2.572898e+02
6.520000e-06	-4.823119e-06	-4.047388e-09	-3.521875e+01	-2.580067e+02
6.530000e-06	-4.859561e-06	-4.060868e-09	-3.548485e+01	-2.586918e+02
6.540000e-06	-4.895878e-06	-4.076889e-09	-3.575004e+01	-2.593465e+02
6.550000e-06	-4.932023e-06	-4.093388e-09	-3.601397e+01	-2.599728e+02
6.560000e-06	-4.967956e-06	-4.107400e-09	-3.627636e+01	-2.605725e+02
6.570000e-06	-5.003630e-06	-4.120166e-09	-3.653685e+01	-2.611476e+02
6.580000e-06	-5.038956e-06	-4.130573e-09	-3.679481e+01	-2.617004e+02
6.590000e-06	-5.073888e-06	-4.136356e-09	-3.704988e+01	-2.622330e+02
6.600000e-06	-5.108413e-06	-4.139899e-09	-3.730199e+01	-2.627477e+02
6.610000e-06	-5.142591e-06	-4.148207e-09	-3.755155e+01	-2.632467e+02
6.620000e-06	-5.176433e-06	-4.162144e-09	-3.779867e+01	-2.637324e+02
6.630000e-06	-5.209917e-06	-4.177765e-09	-3.804318e+01	-2.642069e+02
6.640000e-06	-5.243049e-06	-4.191792e-09	-3.828510e+01	-2.646723e+02
6.650000e-06	-5.275797e-06	-4.205200e-09	-3.852424e+01	-2.651308e+02
6.660000e-06	-5.308252e-06	-4.217080e-09	-3.876122e+01	-2.655842e+02
6.670000e-06	-5.340416e-06	-4.227851e-09	-3.899609e+01	-2.660344e+02
6.680000e-06	-5.372288e-06	-4.236307e-09	-3.922881e+01	-2.664830e+02
6.690000e-06	-5.403894e-06	-4.243649e-09	-3.945960e+01	-2.669315e+02
6.700000e-06	-5.435075e-06	-4.250412e-09	-3.968729e+01	-2.673812e+02
6.710000e-06	-5.465697e-06	-4.256822e-09	-3.991090e+01	-2.678331e+02
6.720000e-06	-5.495597e-06	-4.263519e-09	-4.012923e+01	-2.682882e+02
6.730000e-06	-5.524822e-06	-4.271160e-09	-4.034264e+01	-2.687471e+02
6.740000e-06	-5.553555e-06	-4.281035e-09	-4.055244e+01	-2.692103e+02
6.750000e-06	-5.581927e-06	-4.291689e-09	-4.075961e+01	-2.696779e+02
6.760000e-06	-5.610095e-06	-4.300991e-09	-4.096530e+01	-2.701501e+02
6.770000e-06	-5.638031e-06	-4.307418e-09	-4.116929e+01	-2.706266e+02
6.780000e-06	-5.665581e-06	-4.313236e-09	-4.137047e+01	-2.711071e+02
6.790000e-06	-5.692691e-06	-4.320126e-09	-4.156843e+01	-2.715908e+02
6.800000e-06	-5.719401e-06	-4.325872e-09	-4.176346e+01	-2.720772e+02
6.810000e-06	-5.745785e-06	-4.329412e-09	-4.195612e+01	-2.725652e+02
6.820000e-06	-5.771808e-06	-4.332674e-09	-4.214614e+01	-2.730537e+02
6.830000e-06	-5.797356e-06	-4.339482e-09	-4.233269e+01	-2.735416e+02
6.840000e-06	-5.822441e-06	-4.349674e-09	-4.251586e+01	-2.740276e+02
6.850000e-06	-5.847163e-06	-4.356933e-09	-4.269639e+01	-2.745102e+02
6.860000e-06	-5.871607e-06	-4.360397e-09	-4.287488e+01	-2.749879e+02
6.870000e-06	-5.895791e-06	-4.364603e-09	-4.305147e+01	-2.754593e+02
6.880000e-06	-5.919640e-06	-4.371645e-09	-4.322562e+01	-2.759229e+02
6.890000e-06	-5.943030e-06	-4.378979e-09	-4.339642e+01	-2.763770e+02
6.900000e-06	-5.965834e-06	-4.383596e-09	-4.356293e+01	-2.768203e+02
6.910000e-06	-5.987928e-06	-4.386765e-09	-4.372426e+01	-2.772512e+02
6.920000e-06	-6.009395e-06	-4.392056e-09	-4.388101e+01	-2.776683e+02
6.930000e-06	-6.030421e-06	-4.398157e-09	-4.403455e+01	-2.780705e+02
6.940000e-06	-6.051036e-06	-4.403988e-09	-4.418508e+01	-2.784563e+02
6.950000e-06	-6.071294e-06	-4.409121e-09	-4.433301e+01	-2.788249e+02
6.960000e-06	-6.091293e-06	-4.414107e-09	-4.447905e+01	-2.791752e+02
6.970000e-06	-6.110967e-06	-4.415653e-09	-4.462270e+01	-2.795065e+02
6.980000e-06	-6.130238e-06	-4.415704e-09	-4.476342e+01	-2.798181e+02
6.990000e-06	-6.149057e-06	-4.416707e-09	-4.490084e+01	-2.801095e+02
7.000000e-06	-6.167469e-06	-4.417072e-09	-4.503528e+01	-2.803806e+02
7.010000e-06	-6.185491e-06	-4.419020e-09	-4.516688e+01	-2.806312e+02
7.020000e-06	-6.202968e-06	-4.423241e-09	-4.529450e+01	-2.808613e+02
7.030000e-06	-6.219932e-06	-4.429553e-09	-4.541837e+01	-2.810712e+02
7.040000e-06	-6.236577e-06	-4.436762e-09	-4.553991e+01	-2.812614e+02
7.050000e-06	-6.252965e-06	-4.443019e-09	-4.565958e+01	-2.814323e+02
7.060000e-06	-6.269108e-06	-4.447908e-09	-4.577746e+01	-2.815849e+02
7.070000e-06	-6.284886e-06	-4.452449e-09	-4.589267e+01	-2.817199e+02
7.080000e-06	-6.300066e-06	-4.456578e-09	-4.600352e+01	-2.818384e+02
7.090000e-06	-6.314477e-06	-4.459466e-09	-4.610875e+01	-2.819415e+02
7.100000e-06	-6.328132e-06	-4.461335e-09	-4.620846e+01	-2.820305e+02
7.110000e-06	-6.341179e-06	-4.464634e-09	-4.630372e+01	-2.821068e+02
7.120000e-06	-6.353769e-06	-4.469208e-09	-4.639566e+01	-2.821718e+02
7.130000e-06	-6.365941e-06	-4.474033e-09	-4.648454e+01	-2.822270e+02
7.140000e-06	-6.377615e-06	-4.478337e-09	-4.656978e+01	-2.822739e+02
7.150000e-06	-6.388741e-06	-4.483272e-09	-4.665103e+01	-2.823139e+02
7.160000e-06	-6.399418e-06	-4.487431e-09	-4.672899e+01	-2.823487e+02
7.170000e-06	-6.409770e-06	-4.492550e-09	-4.680458e+01	-2.823798e+02
7.180000e-06	-6.419759e-06	-4.494899e-09	-4.687753e+01	-2.824085e+02
7.190000e-06	-6.429235e-06	-4.492312e-09	-4.694672e+01	-2.824364e+02
7.200000e-06	-6.438191e-06	-4.491418e-09	-4.701212e+01	-2.824647e+02
7.210000e-06	-6.446797e-06	-4.494503e-09	-4.707496e+01	-2.824947e+02
7.220000e-06	-6.455132e-06	-4.498591e-09	-4.713582e+01	-2.825274e+02
7.230000e-06	-6.463147e-06	-4.500506e-09	-4.719435e+01	-2.825640e+02
7.240000e-06	-6.470729e-06	-4.503732e-09	-4.724971e+01	-2.826052e+02
7.250000e-06	-6.477704e-06	-4.508904e-09	-4.730064e+01	-2.826519e+02
7.260000e-06	-6.484017e-06	-4.511675e-09	-4.734674e+01	-2.827045e+02
7.270000e-06	-6.489655e-06	-4.510976e-09	-4.738791e+01	-2.827636e+02
7.280000e-06	-6.494671e-06	-4.508989e-09	-4.742453e+01	-2.828295e+02
7.290000e-06	-6.499274e-06	-4.507916e-09	-4.745814e+01	-2.829021e+02
7.300000e-06	-6.503581e-06	-4.508197e-09	-4.748959e+01	-2.829816e+02
7.310000e-06	-6.507569e-06	-4.508854e-09	-4.751872e+01	-2.830677e+02
7.320000e-06	-6.511082e-06	-4.511131e-09	-4.754437e+01	-2.831601e+02
7.330000e-06	-6.514071e-06	-4.514520e-09	-4.756619e+01	-2.832583e+02
7.340000e-06	-6.516663e-06	-4.515436e-09	-4.758512e+01	-2.833617e+02
7.350000e-06	-6.518925e-06	-4.513748e-09	-4.760164e+01	-2.834695e+02
7.360000e-06	-6.520764e-06	-4.512719e-09	-4.761507e+01	-2.835810e+02
7.370000e-06	-6.522003e-06	-4.515195e-09	-4.762412e+01	-2.836951e+02
7.380000e-06	-6.522810e-06	-4.519803e-09	-4.763001e+01	-2.838109e+02
7.390000e-06	-6.523421e-06	-4.520752e-09	-4.763447e+01	-2.839272e+02
