# Temperatura_=_20.0
# Concentracion g/m^3_=_12600.0
# C_Vs_to_Am_M_A/Vsm_=_65563218390.804596
# pendiente_HvsI_1/m_=_3716.3
# ordenada_HvsI_A/m_=_1297.0
# frecuencia_Hz_=_135503.1786164971

Tiempo_(s)	Campo_(V.s)	Magnetizacion_(V.s)	Campo_(kA/m)	Magnetizacion_(A/m)
0.000000e+00	-7.916831e-06	-5.534245e-09	-5.703415e+01	-3.659540e+02
1.000000e-08	-7.916745e-06	-5.533141e-09	-5.703353e+01	-3.658619e+02
2.000000e-08	-7.916229e-06	-5.533836e-09	-5.702982e+01	-3.657268e+02
3.000000e-08	-7.915126e-06	-5.531325e-09	-5.702187e+01	-3.655480e+02
4.000000e-08	-7.913275e-06	-5.528896e-09	-5.700853e+01	-3.653255e+02
5.000000e-08	-7.910648e-06	-5.527070e-09	-5.698961e+01	-3.650601e+02
6.000000e-08	-7.907326e-06	-5.521194e-09	-5.696568e+01	-3.647531e+02
7.000000e-08	-7.903467e-06	-5.500886e-09	-5.693788e+01	-3.644066e+02
8.000000e-08	-7.899245e-06	-5.506807e-09	-5.690746e+01	-3.640234e+02
9.000000e-08	-7.894480e-06	-5.557895e-09	-5.687313e+01	-3.636069e+02
1.000000e-07	-7.888851e-06	-5.579592e-09	-5.683258e+01	-3.631610e+02
1.100000e-07	-7.882361e-06	-5.558488e-09	-5.678582e+01	-3.626900e+02
1.200000e-07	-7.875133e-06	-5.396678e-09	-5.673376e+01	-3.621989e+02
1.300000e-07	-7.867435e-06	-5.378849e-09	-5.667829e+01	-3.616929e+02
1.400000e-07	-7.859566e-06	-5.583006e-09	-5.662160e+01	-3.611774e+02
1.500000e-07	-7.851437e-06	-5.553756e-09	-5.656304e+01	-3.606579e+02
1.600000e-07	-7.842927e-06	-5.388242e-09	-5.650174e+01	-3.601400e+02
1.700000e-07	-7.833907e-06	-5.464489e-09	-5.643676e+01	-3.596292e+02
1.800000e-07	-7.824056e-06	-5.452386e-09	-5.636579e+01	-3.591308e+02
1.900000e-07	-7.813351e-06	-5.452737e-09	-5.628867e+01	-3.586495e+02
2.000000e-07	-7.802034e-06	-5.547406e-09	-5.620713e+01	-3.581901e+02
2.100000e-07	-7.790169e-06	-5.503438e-09	-5.612166e+01	-3.577564e+02
2.200000e-07	-7.777610e-06	-5.369566e-09	-5.603118e+01	-3.573519e+02
2.300000e-07	-7.764310e-06	-5.522124e-09	-5.593537e+01	-3.569793e+02
2.400000e-07	-7.750529e-06	-5.710441e-09	-5.583609e+01	-3.566405e+02
2.500000e-07	-7.736172e-06	-5.541288e-09	-5.573265e+01	-3.563368e+02
2.600000e-07	-7.720908e-06	-5.457679e-09	-5.562269e+01	-3.560686e+02
2.700000e-07	-7.704839e-06	-5.721873e-09	-5.550693e+01	-3.558355e+02
2.800000e-07	-7.688011e-06	-5.787268e-09	-5.538569e+01	-3.556364e+02
2.900000e-07	-7.670719e-06	-5.594921e-09	-5.526112e+01	-3.554693e+02
3.000000e-07	-7.652999e-06	-5.583080e-09	-5.513347e+01	-3.553316e+02
3.100000e-07	-7.634680e-06	-5.604164e-09	-5.500149e+01	-3.552198e+02
3.200000e-07	-7.615871e-06	-5.435143e-09	-5.486599e+01	-3.551302e+02
3.300000e-07	-7.596650e-06	-5.447703e-09	-5.472751e+01	-3.550582e+02
3.400000e-07	-7.577038e-06	-5.710662e-09	-5.458622e+01	-3.549990e+02
3.500000e-07	-7.556955e-06	-5.551972e-09	-5.444155e+01	-3.549474e+02
3.600000e-07	-7.536405e-06	-5.323415e-09	-5.429350e+01	-3.548981e+02
3.700000e-07	-7.515443e-06	-5.423627e-09	-5.414249e+01	-3.548455e+02
3.800000e-07	-7.494067e-06	-5.631384e-09	-5.398850e+01	-3.547842e+02
3.900000e-07	-7.472123e-06	-5.606965e-09	-5.383040e+01	-3.547089e+02
4.000000e-07	-7.449515e-06	-5.437931e-09	-5.366753e+01	-3.546144e+02
4.100000e-07	-7.426339e-06	-5.292391e-09	-5.350057e+01	-3.544958e+02
4.200000e-07	-7.402710e-06	-5.456993e-09	-5.333034e+01	-3.543488e+02
4.300000e-07	-7.378673e-06	-5.627688e-09	-5.315717e+01	-3.541693e+02
4.400000e-07	-7.354163e-06	-5.465959e-09	-5.298060e+01	-3.539540e+02
4.500000e-07	-7.329055e-06	-5.256206e-09	-5.279972e+01	-3.537001e+02
4.600000e-07	-7.303206e-06	-5.316151e-09	-5.261350e+01	-3.534052e+02
4.700000e-07	-7.276693e-06	-5.475979e-09	-5.242249e+01	-3.530678e+02
4.800000e-07	-7.249630e-06	-5.536872e-09	-5.222753e+01	-3.526871e+02
4.900000e-07	-7.221989e-06	-5.404054e-09	-5.202840e+01	-3.522626e+02
5.000000e-07	-7.193915e-06	-5.219717e-09	-5.182615e+01	-3.517947e+02
5.100000e-07	-7.165433e-06	-5.309832e-09	-5.162096e+01	-3.512842e+02
5.200000e-07	-7.136496e-06	-5.521070e-09	-5.141249e+01	-3.507326e+02
5.300000e-07	-7.107077e-06	-5.473058e-09	-5.120055e+01	-3.501417e+02
5.400000e-07	-7.077038e-06	-5.242807e-09	-5.098415e+01	-3.495138e+02
5.500000e-07	-7.046438e-06	-5.211770e-09	-5.076370e+01	-3.488515e+02
5.600000e-07	-7.015448e-06	-5.372002e-09	-5.054044e+01	-3.481575e+02
5.700000e-07	-6.984093e-06	-5.447619e-09	-5.031455e+01	-3.474350e+02
5.800000e-07	-6.952351e-06	-5.296715e-09	-5.008588e+01	-3.466869e+02
5.900000e-07	-6.920159e-06	-5.174089e-09	-4.985396e+01	-3.459164e+02
6.000000e-07	-6.887479e-06	-5.243194e-09	-4.961853e+01	-3.451266e+02
6.100000e-07	-6.854293e-06	-5.351799e-09	-4.937945e+01	-3.443202e+02
6.200000e-07	-6.820463e-06	-5.300910e-09	-4.913573e+01	-3.435000e+02
6.300000e-07	-6.785850e-06	-5.199622e-09	-4.888638e+01	-3.426684e+02
6.400000e-07	-6.750620e-06	-5.171113e-09	-4.863258e+01	-3.418275e+02
6.500000e-07	-6.715048e-06	-5.217627e-09	-4.837631e+01	-3.409792e+02
6.600000e-07	-6.679144e-06	-5.245180e-09	-4.811765e+01	-3.401248e+02
6.700000e-07	-6.642754e-06	-5.211800e-09	-4.785550e+01	-3.392654e+02
6.800000e-07	-6.605850e-06	-5.147889e-09	-4.758963e+01	-3.384018e+02
6.900000e-07	-6.568506e-06	-5.145323e-09	-4.732060e+01	-3.375341e+02
7.000000e-07	-6.530706e-06	-5.177829e-09	-4.704828e+01	-3.366623e+02
7.100000e-07	-6.492427e-06	-5.174179e-09	-4.677251e+01	-3.357861e+02
7.200000e-07	-6.453660e-06	-5.129933e-09	-4.649323e+01	-3.349047e+02
7.300000e-07	-6.414485e-06	-5.102958e-09	-4.621101e+01	-3.340173e+02
7.400000e-07	-6.375008e-06	-5.095649e-09	-4.592661e+01	-3.331225e+02
7.500000e-07	-6.335234e-06	-5.085638e-09	-4.564006e+01	-3.322191e+02
7.600000e-07	-6.295043e-06	-5.065764e-09	-4.535053e+01	-3.313057e+02
7.700000e-07	-6.254395e-06	-5.044197e-09	-4.505769e+01	-3.303806e+02
7.800000e-07	-6.213214e-06	-5.029496e-09	-4.476102e+01	-3.294424e+02
7.900000e-07	-6.171367e-06	-5.013369e-09	-4.445955e+01	-3.284896e+02
8.000000e-07	-6.128901e-06	-4.992595e-09	-4.415361e+01	-3.275206e+02
8.100000e-07	-6.085887e-06	-4.976869e-09	-4.384373e+01	-3.265341e+02
8.200000e-07	-6.042399e-06	-4.974641e-09	-4.353043e+01	-3.255290e+02
8.300000e-07	-5.998473e-06	-4.957273e-09	-4.321399e+01	-3.245042e+02
8.400000e-07	-5.954113e-06	-4.919486e-09	-4.289441e+01	-3.234589e+02
8.500000e-07	-5.909324e-06	-4.887820e-09	-4.257174e+01	-3.223924e+02
8.600000e-07	-5.864239e-06	-4.889000e-09	-4.224694e+01	-3.213044e+02
8.700000e-07	-5.818826e-06	-4.890911e-09	-4.191978e+01	-3.201946e+02
8.800000e-07	-5.773015e-06	-4.865390e-09	-4.158975e+01	-3.190630e+02
8.900000e-07	-5.726778e-06	-4.820760e-09	-4.125665e+01	-3.179099e+02
9.000000e-07	-5.680125e-06	-4.806037e-09	-4.092056e+01	-3.167357e+02
9.100000e-07	-5.633155e-06	-4.815292e-09	-4.058217e+01	-3.155407e+02
9.200000e-07	-5.585826e-06	-4.809879e-09	-4.024121e+01	-3.143258e+02
9.300000e-07	-5.538150e-06	-4.764295e-09	-3.989774e+01	-3.130916e+02
9.400000e-07	-5.490019e-06	-4.719277e-09	-3.955100e+01	-3.118390e+02
9.500000e-07	-5.441300e-06	-4.711616e-09	-3.920002e+01	-3.105687e+02
9.600000e-07	-5.391986e-06	-4.724867e-09	-3.884476e+01	-3.092816e+02
9.700000e-07	-5.342096e-06	-4.704382e-09	-3.848534e+01	-3.079785e+02
9.800000e-07	-5.291764e-06	-4.652317e-09	-3.812274e+01	-3.066602e+02
9.900000e-07	-5.240972e-06	-4.618539e-09	-3.775682e+01	-3.053271e+02
1.000000e-06	-5.189709e-06	-4.625053e-09	-3.738751e+01	-3.039799e+02
1.010000e-06	-5.137918e-06	-4.626840e-09	-3.701441e+01	-3.026190e+02
1.020000e-06	-5.085743e-06	-4.589217e-09	-3.663853e+01	-3.012444e+02
1.030000e-06	-5.033253e-06	-4.538108e-09	-3.626038e+01	-2.998564e+02
1.040000e-06	-4.980316e-06	-4.521400e-09	-3.587902e+01	-2.984549e+02
1.050000e-06	-4.927050e-06	-4.527809e-09	-3.549528e+01	-2.970394e+02
1.060000e-06	-4.873434e-06	-4.512040e-09	-3.510902e+01	-2.956097e+02
1.070000e-06	-4.819404e-06	-4.465764e-09	-3.471978e+01	-2.941650e+02
1.080000e-06	-4.765014e-06	-4.428479e-09	-3.432794e+01	-2.927048e+02
1.090000e-06	-4.710338e-06	-4.422764e-09	-3.393405e+01	-2.912281e+02
1.100000e-06	-4.655419e-06	-4.414531e-09	-3.353841e+01	-2.897341e+02
1.110000e-06	-4.600209e-06	-4.382941e-09	-3.314066e+01	-2.882215e+02
1.120000e-06	-4.544709e-06	-4.340747e-09	-3.274083e+01	-2.866894e+02
1.130000e-06	-4.488852e-06	-4.311134e-09	-3.233843e+01	-2.851366e+02
1.140000e-06	-4.432618e-06	-4.293268e-09	-3.193331e+01	-2.835619e+02
1.150000e-06	-4.376231e-06	-4.273255e-09	-3.152709e+01	-2.819642e+02
1.160000e-06	-4.319647e-06	-4.241365e-09	-3.111945e+01	-2.803423e+02
1.170000e-06	-4.262815e-06	-4.208140e-09	-3.071002e+01	-2.786953e+02
1.180000e-06	-4.205616e-06	-4.181980e-09	-3.029795e+01	-2.770221e+02
1.190000e-06	-4.147948e-06	-4.163997e-09	-2.988250e+01	-2.753217e+02
1.200000e-06	-4.089906e-06	-4.142963e-09	-2.946436e+01	-2.735935e+02
1.210000e-06	-4.031502e-06	-4.117546e-09	-2.904360e+01	-2.718366e+02
1.220000e-06	-3.972740e-06	-4.084768e-09	-2.862027e+01	-2.700505e+02
1.230000e-06	-3.913610e-06	-4.047851e-09	-2.819429e+01	-2.682347e+02
1.240000e-06	-3.854152e-06	-4.014454e-09	-2.776595e+01	-2.663888e+02
1.250000e-06	-3.794507e-06	-3.985403e-09	-2.733625e+01	-2.645126e+02
1.260000e-06	-3.734562e-06	-3.956428e-09	-2.690440e+01	-2.626059e+02
1.270000e-06	-3.674270e-06	-3.920978e-09	-2.647004e+01	-2.606687e+02
1.280000e-06	-3.613761e-06	-3.886178e-09	-2.603413e+01	-2.587011e+02
1.290000e-06	-3.553045e-06	-3.866062e-09	-2.559672e+01	-2.567031e+02
1.300000e-06	-3.492159e-06	-3.848040e-09	-2.515809e+01	-2.546749e+02
1.310000e-06	-3.431107e-06	-3.816940e-09	-2.471826e+01	-2.526167e+02
1.320000e-06	-3.369863e-06	-3.774197e-09	-2.427705e+01	-2.505288e+02
1.330000e-06	-3.308402e-06	-3.738982e-09	-2.383427e+01	-2.484115e+02
1.340000e-06	-3.246717e-06	-3.711575e-09	-2.338989e+01	-2.462649e+02
1.350000e-06	-3.184785e-06	-3.681731e-09	-2.294372e+01	-2.440894e+02
1.360000e-06	-3.122595e-06	-3.643639e-09	-2.249569e+01	-2.418851e+02
1.370000e-06	-3.060100e-06	-3.604368e-09	-2.204546e+01	-2.396522e+02
1.380000e-06	-2.997385e-06	-3.574356e-09	-2.159365e+01	-2.373908e+02
1.390000e-06	-2.934485e-06	-3.546710e-09	-2.114051e+01	-2.351010e+02
1.400000e-06	-2.871429e-06	-3.511463e-09	-2.068625e+01	-2.327827e+02
1.410000e-06	-2.808301e-06	-3.471879e-09	-2.023146e+01	-2.304359e+02
1.420000e-06	-2.745031e-06	-3.435352e-09	-1.977565e+01	-2.280603e+02
1.430000e-06	-2.681603e-06	-3.399910e-09	-1.931871e+01	-2.256557e+02
1.440000e-06	-2.618023e-06	-3.361906e-09	-1.886067e+01	-2.232219e+02
1.450000e-06	-2.554361e-06	-3.320064e-09	-1.840204e+01	-2.207583e+02
1.460000e-06	-2.490573e-06	-3.278245e-09	-1.794250e+01	-2.182645e+02
1.470000e-06	-2.426564e-06	-3.241393e-09	-1.748137e+01	-2.157400e+02
1.480000e-06	-2.362352e-06	-3.204506e-09	-1.701877e+01	-2.131841e+02
1.490000e-06	-2.297850e-06	-3.168331e-09	-1.655409e+01	-2.105962e+02
1.500000e-06	-2.233042e-06	-3.131181e-09	-1.608720e+01	-2.079756e+02
1.510000e-06	-2.168019e-06	-3.092009e-09	-1.561876e+01	-2.053215e+02
1.520000e-06	-2.102968e-06	-3.050729e-09	-1.515013e+01	-2.026332e+02
1.530000e-06	-2.037803e-06	-3.002436e-09	-1.468067e+01	-1.999099e+02
1.540000e-06	-1.972449e-06	-2.952031e-09	-1.420984e+01	-1.971509e+02
1.550000e-06	-1.906931e-06	-2.904290e-09	-1.373784e+01	-1.943553e+02
1.560000e-06	-1.841260e-06	-2.861330e-09	-1.326474e+01	-1.915223e+02
1.570000e-06	-1.775541e-06	-2.818989e-09	-1.279129e+01	-1.886514e+02
1.580000e-06	-1.709677e-06	-2.777613e-09	-1.231679e+01	-1.857417e+02
1.590000e-06	-1.643656e-06	-2.737472e-09	-1.184117e+01	-1.827927e+02
1.600000e-06	-1.577486e-06	-2.700151e-09	-1.136447e+01	-1.798036e+02
1.610000e-06	-1.511097e-06	-2.657302e-09	-1.088619e+01	-1.767740e+02
1.620000e-06	-1.444562e-06	-2.606869e-09	-1.040686e+01	-1.737033e+02
1.630000e-06	-1.377909e-06	-2.555862e-09	-9.926682e+00	-1.705911e+02
1.640000e-06	-1.311216e-06	-2.508424e-09	-9.446215e+00	-1.674371e+02
1.650000e-06	-1.244463e-06	-2.459314e-09	-8.965314e+00	-1.642408e+02
1.660000e-06	-1.177578e-06	-2.405611e-09	-8.483464e+00	-1.610021e+02
1.670000e-06	-1.110615e-06	-2.350777e-09	-8.001055e+00	-1.577208e+02
1.680000e-06	-1.043510e-06	-2.300566e-09	-7.517615e+00	-1.543967e+02
1.690000e-06	-9.763108e-07	-2.253369e-09	-7.033504e+00	-1.510297e+02
1.700000e-06	-9.091086e-07	-2.204986e-09	-6.549368e+00	-1.476197e+02
1.710000e-06	-8.419018e-07	-2.151991e-09	-6.065199e+00	-1.441668e+02
1.720000e-06	-7.746229e-07	-2.098636e-09	-5.580511e+00	-1.406708e+02
1.730000e-06	-7.072943e-07	-2.048251e-09	-5.095465e+00	-1.371318e+02
1.740000e-06	-6.399948e-07	-1.994567e-09	-4.610628e+00	-1.335498e+02
1.750000e-06	-5.726026e-07	-1.937760e-09	-4.125123e+00	-1.299247e+02
1.760000e-06	-5.051169e-07	-1.878524e-09	-3.638945e+00	-1.262565e+02
1.770000e-06	-4.376402e-07	-1.823301e-09	-3.152832e+00	-1.225449e+02
1.780000e-06	-3.700762e-07	-1.768474e-09	-2.666090e+00	-1.187899e+02
1.790000e-06	-3.024514e-07	-1.711560e-09	-2.178909e+00	-1.149910e+02
1.800000e-06	-2.348379e-07	-1.654870e-09	-1.691811e+00	-1.111480e+02
1.810000e-06	-1.671399e-07	-1.597654e-09	-1.204103e+00	-1.072603e+02
1.820000e-06	-9.942288e-08	-1.539247e-09	-7.162588e-01	-1.033274e+02
1.830000e-06	-3.175646e-08	-1.478165e-09	-2.287787e-01	-9.934855e+01
1.840000e-06	3.584295e-08	-1.416605e-09	2.582185e-01	-9.532286e+01
1.850000e-06	1.034159e-07	-1.353700e-09	7.450250e-01	-9.124937e+01
1.860000e-06	1.709886e-07	-1.289557e-09	1.231830e+00	-8.712697e+01
1.870000e-06	2.385460e-07	-1.223872e-09	1.718525e+00	-8.295445e+01
1.880000e-06	3.061568e-07	-1.156702e-09	2.205604e+00	-7.873045e+01
1.890000e-06	3.738030e-07	-1.093605e-09	2.692938e+00	-7.445356e+01
1.900000e-06	4.413611e-07	-1.030767e-09	3.179638e+00	-7.012227e+01
1.910000e-06	5.087916e-07	-9.681366e-10	3.665419e+00	-6.573502e+01
1.920000e-06	5.762045e-07	-9.030749e-10	4.151072e+00	-6.129024e+01
1.930000e-06	6.436070e-07	-8.356151e-10	4.636651e+00	-5.678637e+01
1.940000e-06	7.109729e-07	-7.679805e-10	5.121965e+00	-5.222188e+01
1.950000e-06	7.782956e-07	-6.965143e-10	5.606970e+00	-4.759535e+01
1.960000e-06	8.455850e-07	-6.236384e-10	6.091733e+00	-4.290550e+01
1.970000e-06	9.128069e-07	-5.474721e-10	6.576011e+00	-3.815120e+01
1.980000e-06	9.799094e-07	-4.728939e-10	7.059428e+00	-3.333156e+01
1.990000e-06	1.046908e-06	-4.002880e-10	7.542099e+00	-2.844598e+01
2.000000e-06	1.113872e-06	-3.265722e-10	8.024515e+00	-2.349414e+01
2.010000e-06	1.180760e-06	-2.533250e-10	8.506388e+00	-1.847612e+01
2.020000e-06	1.247575e-06	-1.808597e-10	8.987737e+00	-1.339239e+01
2.030000e-06	1.314321e-06	-1.042727e-10	9.468581e+00	-8.243873e+00
2.040000e-06	1.380885e-06	-2.111656e-11	9.948124e+00	-3.031962e+00
2.050000e-06	1.447324e-06	6.522005e-11	1.042676e+01	2.241430e+00
2.060000e-06	1.513675e-06	1.464537e-10	1.090476e+01	7.573862e+00
2.070000e-06	1.579962e-06	2.261532e-10	1.138231e+01	1.296235e+01
2.080000e-06	1.646055e-06	3.093337e-10	1.185845e+01	1.840335e+01
2.090000e-06	1.711986e-06	3.953120e-10	1.233343e+01	2.389278e+01
2.100000e-06	1.777777e-06	4.778452e-10	1.280740e+01	2.942601e+01
2.110000e-06	1.843320e-06	5.574551e-10	1.327958e+01	3.499789e+01
2.120000e-06	1.908708e-06	6.401073e-10	1.375064e+01	4.060279e+01
2.130000e-06	1.973882e-06	7.252122e-10	1.422017e+01	4.623463e+01
2.140000e-06	2.038815e-06	8.118763e-10	1.468796e+01	5.188691e+01
2.150000e-06	2.103612e-06	8.988823e-10	1.515477e+01	5.755280e+01
2.160000e-06	2.168294e-06	9.855895e-10	1.562075e+01	6.322518e+01
2.170000e-06	2.232888e-06	1.075059e-09	1.608609e+01	6.889673e+01
2.180000e-06	2.297329e-06	1.167005e-09	1.655033e+01	7.455996e+01
2.190000e-06	2.361578e-06	1.253423e-09	1.701320e+01	8.020735e+01
2.200000e-06	2.425660e-06	1.335517e-09	1.747486e+01	8.583137e+01
2.210000e-06	2.489474e-06	1.418103e-09	1.793458e+01	9.142461e+01
2.220000e-06	2.553014e-06	1.502132e-09	1.839233e+01	9.697984e+01
2.230000e-06	2.616436e-06	1.586073e-09	1.884924e+01	1.024901e+02
2.240000e-06	2.679812e-06	1.669229e-09	1.930581e+01	1.079486e+02
2.250000e-06	2.743039e-06	1.750539e-09	1.976130e+01	1.133493e+02
2.260000e-06	2.806085e-06	1.833014e-09	2.021550e+01	1.186864e+02
2.270000e-06	2.869019e-06	1.915364e-09	2.066888e+01	1.239545e+02
2.280000e-06	2.931823e-06	1.995992e-09	2.112133e+01	1.291490e+02
2.290000e-06	2.994412e-06	2.073863e-09	2.157224e+01	1.342659e+02
2.300000e-06	3.056704e-06	2.151252e-09	2.202100e+01	1.393016e+02
2.310000e-06	3.118876e-06	2.227983e-09	2.246890e+01	1.442533e+02
2.320000e-06	3.180972e-06	2.301229e-09	2.291625e+01	1.491190e+02
2.330000e-06	3.242766e-06	2.371909e-09	2.336142e+01	1.538970e+02
2.340000e-06	3.304302e-06	2.442386e-09	2.380474e+01	1.585864e+02
2.350000e-06	3.365585e-06	2.511795e-09	2.424623e+01	1.631870e+02
2.360000e-06	3.426569e-06	2.580513e-09	2.468557e+01	1.676990e+02
2.370000e-06	3.487387e-06	2.649363e-09	2.512371e+01	1.721231e+02
2.380000e-06	3.548020e-06	2.712880e-09	2.556052e+01	1.764606e+02
2.390000e-06	3.608397e-06	2.773363e-09	2.599548e+01	1.807130e+02
2.400000e-06	3.668584e-06	2.833308e-09	2.642909e+01	1.848822e+02
2.410000e-06	3.728601e-06	2.892179e-09	2.686145e+01	1.889704e+02
2.420000e-06	3.788360e-06	2.949643e-09	2.729197e+01	1.929800e+02
2.430000e-06	3.847722e-06	3.001537e-09	2.771962e+01	1.969134e+02
2.440000e-06	3.906847e-06	3.052892e-09	2.814557e+01	2.007733e+02
2.450000e-06	3.965824e-06	3.108697e-09	2.857045e+01	2.045621e+02
2.460000e-06	4.024483e-06	3.165906e-09	2.899304e+01	2.082823e+02
2.470000e-06	4.082757e-06	3.220238e-09	2.941285e+01	2.119362e+02
2.480000e-06	4.140698e-06	3.274917e-09	2.983027e+01	2.155260e+02
2.490000e-06	4.198222e-06	3.328932e-09	3.024468e+01	2.190537e+02
2.500000e-06	4.255194e-06	3.381836e-09	3.065512e+01	2.225210e+02
2.510000e-06	4.311835e-06	3.431665e-09	3.106317e+01	2.259294e+02
2.520000e-06	4.368151e-06	3.477701e-09	3.146888e+01	2.292802e+02
2.530000e-06	4.424086e-06	3.522861e-09	3.187184e+01	2.325742e+02
2.540000e-06	4.479740e-06	3.569414e-09	3.227278e+01	2.358123e+02
2.550000e-06	4.535137e-06	3.615944e-09	3.267187e+01	2.389947e+02
2.560000e-06	4.590300e-06	3.660512e-09	3.306928e+01	2.421219e+02
2.570000e-06	4.645208e-06	3.704384e-09	3.346484e+01	2.451938e+02
2.580000e-06	4.699885e-06	3.748004e-09	3.385874e+01	2.482103e+02
2.590000e-06	4.754285e-06	3.791900e-09	3.425065e+01	2.511712e+02
2.600000e-06	4.808359e-06	3.834568e-09	3.464021e+01	2.540762e+02
2.610000e-06	4.862038e-06	3.875029e-09	3.502692e+01	2.569249e+02
2.620000e-06	4.915319e-06	3.914681e-09	3.541077e+01	2.597170e+02
2.630000e-06	4.968340e-06	3.952548e-09	3.579274e+01	2.624523e+02
2.640000e-06	5.021028e-06	3.988660e-09	3.617232e+01	2.651304e+02
2.650000e-06	5.073184e-06	4.028093e-09	3.654805e+01	2.677513e+02
2.660000e-06	5.124859e-06	4.069145e-09	3.692033e+01	2.703151e+02
2.670000e-06	5.176150e-06	4.109182e-09	3.728983e+01	2.728219e+02
2.680000e-06	5.227014e-06	4.145059e-09	3.765627e+01	2.752722e+02
2.690000e-06	5.277284e-06	4.179519e-09	3.801842e+01	2.776665e+02
2.700000e-06	5.326913e-06	4.212989e-09	3.837596e+01	2.800057e+02
2.710000e-06	5.376030e-06	4.245977e-09	3.872980e+01	2.822907e+02
2.720000e-06	5.424692e-06	4.276878e-09	3.908038e+01	2.845228e+02
2.730000e-06	5.472966e-06	4.307270e-09	3.942815e+01	2.867031e+02
2.740000e-06	5.520904e-06	4.338781e-09	3.977350e+01	2.888333e+02
2.750000e-06	5.568478e-06	4.372325e-09	4.011623e+01	2.909150e+02
2.760000e-06	5.615639e-06	4.405191e-09	4.045599e+01	2.929497e+02
2.770000e-06	5.662466e-06	4.436752e-09	4.079334e+01	2.949393e+02
2.780000e-06	5.708961e-06	4.469838e-09	4.112829e+01	2.968855e+02
2.790000e-06	5.754997e-06	4.502452e-09	4.145994e+01	2.987901e+02
2.800000e-06	5.800582e-06	4.532621e-09	4.178835e+01	3.006547e+02
2.810000e-06	5.845779e-06	4.560141e-09	4.211395e+01	3.024810e+02
2.820000e-06	5.890522e-06	4.584491e-09	4.243629e+01	3.042705e+02
2.830000e-06	5.934912e-06	4.607344e-09	4.275608e+01	3.060246e+02
2.840000e-06	5.979067e-06	4.633839e-09	4.307418e+01	3.077445e+02
2.850000e-06	6.023002e-06	4.662295e-09	4.339070e+01	3.094311e+02
2.860000e-06	6.066649e-06	4.689011e-09	4.370514e+01	3.110855e+02
2.870000e-06	6.109879e-06	4.713606e-09	4.401657e+01	3.127082e+02
2.880000e-06	6.152576e-06	4.738534e-09	4.432417e+01	3.142997e+02
2.890000e-06	6.194575e-06	4.765824e-09	4.462674e+01	3.158605e+02
2.900000e-06	6.235872e-06	4.791240e-09	4.492425e+01	3.173906e+02
2.910000e-06	6.276586e-06	4.812675e-09	4.521756e+01	3.188901e+02
2.920000e-06	6.316809e-06	4.834057e-09	4.550733e+01	3.203588e+02
2.930000e-06	6.356651e-06	4.855374e-09	4.579436e+01	3.217967e+02
2.940000e-06	6.396152e-06	4.878159e-09	4.607893e+01	3.232035e+02
2.950000e-06	6.435254e-06	4.901464e-09	4.636063e+01	3.245790e+02
2.960000e-06	6.473912e-06	4.921641e-09	4.663913e+01	3.259229e+02
2.970000e-06	6.512050e-06	4.943097e-09	4.691388e+01	3.272349e+02
2.980000e-06	6.549770e-06	4.968117e-09	4.718562e+01	3.285150e+02
2.990000e-06	6.587089e-06	4.992799e-09	4.745447e+01	3.297631e+02
3.000000e-06	6.623977e-06	5.012715e-09	4.772022e+01	3.309792e+02
3.010000e-06	6.660470e-06	5.026798e-09	4.798312e+01	3.321635e+02
3.020000e-06	6.696604e-06	5.040153e-09	4.824344e+01	3.333164e+02
3.030000e-06	6.732444e-06	5.056667e-09	4.850163e+01	3.344383e+02
3.040000e-06	6.767864e-06	5.074342e-09	4.875680e+01	3.355299e+02
3.050000e-06	6.802806e-06	5.088923e-09	4.900853e+01	3.365919e+02
3.060000e-06	6.837043e-06	5.104506e-09	4.925518e+01	3.376252e+02
3.070000e-06	6.870468e-06	5.125157e-09	4.949598e+01	3.386309e+02
3.080000e-06	6.903220e-06	5.145916e-09	4.973193e+01	3.396100e+02
3.090000e-06	6.935402e-06	5.162931e-09	4.996378e+01	3.405637e+02
3.100000e-06	6.967198e-06	5.177353e-09	5.019284e+01	3.414933e+02
3.110000e-06	6.998633e-06	5.194514e-09	5.041931e+01	3.423999e+02
3.120000e-06	7.029671e-06	5.210560e-09	5.064291e+01	3.432847e+02
3.130000e-06	7.060213e-06	5.221734e-09	5.086293e+01	3.441489e+02
3.140000e-06	7.090291e-06	5.232741e-09	5.107962e+01	3.449935e+02
3.150000e-06	7.119934e-06	5.248264e-09	5.129317e+01	3.458194e+02
3.160000e-06	7.149062e-06	5.266510e-09	5.150302e+01	3.466274e+02
3.170000e-06	7.177641e-06	5.281408e-09	5.170891e+01	3.474182e+02
3.180000e-06	7.205788e-06	5.298291e-09	5.191168e+01	3.481921e+02
3.190000e-06	7.233684e-06	5.314685e-09	5.211265e+01	3.489493e+02
3.200000e-06	7.261214e-06	5.327111e-09	5.231098e+01	3.496900e+02
3.210000e-06	7.288152e-06	5.334956e-09	5.250504e+01	3.504140e+02
3.220000e-06	7.314265e-06	5.340884e-09	5.269317e+01	3.511209e+02
3.230000e-06	7.339559e-06	5.350435e-09	5.287539e+01	3.518103e+02
3.240000e-06	7.364181e-06	5.362147e-09	5.305277e+01	3.524815e+02
3.250000e-06	7.388314e-06	5.371143e-09	5.322663e+01	3.531339e+02
3.260000e-06	7.412050e-06	5.378828e-09	5.339762e+01	3.537665e+02
3.270000e-06	7.435323e-06	5.389869e-09	5.356529e+01	3.543787e+02
3.280000e-06	7.458050e-06	5.405627e-09	5.372902e+01	3.549695e+02
3.290000e-06	7.480242e-06	5.418803e-09	5.388889e+01	3.555382e+02
3.300000e-06	7.501968e-06	5.424387e-09	5.404541e+01	3.560840e+02
3.310000e-06	7.523154e-06	5.428174e-09	5.419804e+01	3.566064e+02
3.320000e-06	7.543780e-06	5.436358e-09	5.434663e+01	3.571050e+02
3.330000e-06	7.563958e-06	5.445198e-09	5.449200e+01	3.575797e+02
3.340000e-06	7.583806e-06	5.449786e-09	5.463498e+01	3.580303e+02
3.350000e-06	7.603285e-06	5.455891e-09	5.477532e+01	3.584572e+02
3.360000e-06	7.622203e-06	5.465628e-09	5.491161e+01	3.588610e+02
3.370000e-06	7.640473e-06	5.476509e-09	5.504322e+01	3.592424e+02
3.380000e-06	7.658109e-06	5.488607e-09	5.517028e+01	3.596025e+02
3.390000e-06	7.675250e-06	5.501295e-09	5.529376e+01	3.599425e+02
3.400000e-06	7.691987e-06	5.508077e-09	5.541434e+01	3.602641e+02
3.410000e-06	7.708182e-06	5.512385e-09	5.553101e+01	3.605689e+02
3.420000e-06	7.723719e-06	5.518614e-09	5.564294e+01	3.608589e+02
3.430000e-06	7.738634e-06	5.525503e-09	5.575039e+01	3.611359e+02
3.440000e-06	7.752935e-06	5.528001e-09	5.585342e+01	3.614021e+02
3.450000e-06	7.766626e-06	5.529112e-09	5.595205e+01	3.616595e+02
3.460000e-06	7.779798e-06	5.535302e-09	5.604694e+01	3.619101e+02
3.470000e-06	7.792359e-06	5.545747e-09	5.613744e+01	3.621556e+02
3.480000e-06	7.804350e-06	5.553831e-09	5.622382e+01	3.623979e+02
3.490000e-06	7.815818e-06	5.556206e-09	5.630644e+01	3.626382e+02
3.500000e-06	7.826530e-06	5.557787e-09	5.638361e+01	3.628778e+02
3.510000e-06	7.836266e-06	5.562486e-09	5.645375e+01	3.631173e+02
3.520000e-06	7.845230e-06	5.567476e-09	5.651833e+01	3.633573e+02
3.530000e-06	7.853648e-06	5.568714e-09	5.657897e+01	3.635976e+02
3.540000e-06	7.861604e-06	5.571228e-09	5.663629e+01	3.638378e+02
3.550000e-06	7.869119e-06	5.576576e-09	5.669043e+01	3.640769e+02
3.560000e-06	7.876143e-06	5.583976e-09	5.674103e+01	3.643136e+02
3.570000e-06	7.882694e-06	5.589171e-09	5.678823e+01	3.645461e+02
3.580000e-06	7.888684e-06	5.590592e-09	5.683138e+01	3.647721e+02
3.590000e-06	7.894058e-06	5.594760e-09	5.687009e+01	3.649890e+02
3.600000e-06	7.898833e-06	5.599621e-09	5.690449e+01	3.651940e+02
3.610000e-06	7.903135e-06	5.602891e-09	5.693549e+01	3.653839e+02
3.620000e-06	7.907089e-06	5.603767e-09	5.696397e+01	3.655552e+02
3.630000e-06	7.910618e-06	5.605572e-09	5.698939e+01	3.657046e+02
3.640000e-06	7.913583e-06	5.609080e-09	5.701075e+01	3.658285e+02
3.650000e-06	7.915764e-06	5.611962e-09	5.702647e+01	3.659235e+02
3.660000e-06	7.917092e-06	5.612308e-09	5.703603e+01	3.659864e+02
3.670000e-06	7.917721e-06	5.613584e-09	5.704057e+01	3.660142e+02
3.680000e-06	7.917851e-06	5.616258e-09	5.704150e+01	3.660041e+02
3.690000e-06	7.917645e-06	5.618873e-09	5.704002e+01	3.659540e+02
3.700000e-06	7.916922e-06	5.620981e-09	5.703481e+01	3.658619e+02
3.710000e-06	7.915615e-06	5.617066e-09	5.702539e+01	3.657268e+02
3.720000e-06	7.913805e-06	5.613355e-09	5.701235e+01	3.655480e+02
3.730000e-06	7.911552e-06	5.613486e-09	5.699612e+01	3.653255e+02
3.740000e-06	7.908824e-06	5.614787e-09	5.697647e+01	3.650601e+02
3.750000e-06	7.905563e-06	5.627522e-09	5.695297e+01	3.647531e+02
3.760000e-06	7.901878e-06	5.652608e-09	5.692643e+01	3.644066e+02
3.770000e-06	7.897844e-06	5.583551e-09	5.689737e+01	3.640234e+02
3.780000e-06	7.893137e-06	5.522358e-09	5.686346e+01	3.636069e+02
3.790000e-06	7.887367e-06	5.515513e-09	5.682189e+01	3.631610e+02
3.800000e-06	7.880526e-06	5.669966e-09	5.677260e+01	3.626900e+02
3.810000e-06	7.872872e-06	5.764796e-09	5.671746e+01	3.621989e+02
3.820000e-06	7.864913e-06	5.580240e-09	5.666012e+01	3.616929e+02
3.830000e-06	7.856721e-06	5.506858e-09	5.660111e+01	3.611774e+02
3.840000e-06	7.847983e-06	5.619813e-09	5.653816e+01	3.606579e+02
3.850000e-06	7.838644e-06	5.523130e-09	5.647088e+01	3.601400e+02
3.860000e-06	7.828981e-06	5.345759e-09	5.640127e+01	3.596292e+02
3.870000e-06	7.818995e-06	5.349490e-09	5.632932e+01	3.591308e+02
3.880000e-06	7.808250e-06	5.272795e-09	5.625191e+01	3.586495e+02
3.890000e-06	7.796788e-06	5.222100e-09	5.616935e+01	3.581901e+02
3.900000e-06	7.784971e-06	5.465341e-09	5.608421e+01	3.577564e+02
3.910000e-06	7.772649e-06	5.542698e-09	5.599544e+01	3.573519e+02
3.920000e-06	7.759354e-06	5.230904e-09	5.589966e+01	3.569793e+02
3.930000e-06	7.745109e-06	5.243337e-09	5.579704e+01	3.566405e+02
3.940000e-06	7.730272e-06	5.583684e-09	5.569015e+01	3.563368e+02
3.950000e-06	7.714966e-06	5.544810e-09	5.557988e+01	3.560686e+02
3.960000e-06	7.699039e-06	5.275345e-09	5.546514e+01	3.558355e+02
3.970000e-06	7.682542e-06	5.433567e-09	5.534630e+01	3.556364e+02
3.980000e-06	7.665585e-06	5.364216e-09	5.522414e+01	3.554693e+02
3.990000e-06	7.648145e-06	4.936020e-09	5.509849e+01	3.553316e+02
4.000000e-06	7.630184e-06	5.032585e-09	5.496910e+01	3.552198e+02
4.010000e-06	7.611564e-06	5.304375e-09	5.483496e+01	3.551302e+02
4.020000e-06	7.592418e-06	5.006249e-09	5.469703e+01	3.550582e+02
4.030000e-06	7.572932e-06	5.001164e-09	5.455665e+01	3.549990e+02
4.040000e-06	7.553095e-06	5.530675e-09	5.441374e+01	3.549474e+02
4.050000e-06	7.532922e-06	5.578791e-09	5.426841e+01	3.548981e+02
4.060000e-06	7.512152e-06	5.182452e-09	5.411878e+01	3.548455e+02
4.070000e-06	7.490455e-06	5.183511e-09	5.396247e+01	3.547842e+02
4.080000e-06	7.468005e-06	5.505793e-09	5.380074e+01	3.547089e+02
4.090000e-06	7.444919e-06	5.666236e-09	5.363442e+01	3.546144e+02
4.100000e-06	7.421215e-06	5.461636e-09	5.346366e+01	3.544958e+02
4.110000e-06	7.396963e-06	5.104842e-09	5.328893e+01	3.543488e+02
4.120000e-06	7.372249e-06	5.241316e-09	5.311090e+01	3.541693e+02
4.130000e-06	7.347241e-06	5.549249e-09	5.293073e+01	3.539540e+02
4.140000e-06	7.321819e-06	5.488284e-09	5.274759e+01	3.537001e+02
4.150000e-06	7.295725e-06	5.274433e-09	5.255961e+01	3.534052e+02
4.160000e-06	7.269087e-06	5.215831e-09	5.236770e+01	3.530678e+02
4.170000e-06	7.241978e-06	5.275623e-09	5.217240e+01	3.526871e+02
4.180000e-06	7.214474e-06	5.497881e-09	5.197426e+01	3.522626e+02
4.190000e-06	7.186605e-06	5.494033e-09	5.177348e+01	3.517947e+02
4.200000e-06	7.158359e-06	5.211812e-09	5.157000e+01	3.512842e+02
4.210000e-06	7.129646e-06	5.158861e-09	5.136315e+01	3.507326e+02
4.220000e-06	7.100185e-06	5.395383e-09	5.115090e+01	3.501417e+02
4.230000e-06	7.069905e-06	5.465991e-09	5.093276e+01	3.495138e+02
4.240000e-06	7.038961e-06	5.294803e-09	5.070983e+01	3.488515e+02
4.250000e-06	7.007458e-06	5.144555e-09	5.048288e+01	3.481575e+02
4.260000e-06	6.975451e-06	5.246741e-09	5.025229e+01	3.474350e+02
4.270000e-06	6.943024e-06	5.391630e-09	5.001869e+01	3.466869e+02
4.280000e-06	6.910162e-06	5.303393e-09	4.978194e+01	3.459164e+02
4.290000e-06	6.876949e-06	5.173166e-09	4.954267e+01	3.451266e+02
4.300000e-06	6.843316e-06	5.203843e-09	4.930037e+01	3.443202e+02
4.310000e-06	6.809248e-06	5.257262e-09	4.905494e+01	3.435000e+02
4.320000e-06	6.774754e-06	5.231779e-09	4.880644e+01	3.426684e+02
4.330000e-06	6.739745e-06	5.195714e-09	4.855423e+01	3.418275e+02
4.340000e-06	6.704339e-06	5.165238e-09	4.829916e+01	3.409792e+02
4.350000e-06	6.668560e-06	5.154264e-09	4.804141e+01	3.401248e+02
4.360000e-06	6.632201e-06	5.150729e-09	4.777947e+01	3.392654e+02
4.370000e-06	6.595249e-06	5.160590e-09	4.751326e+01	3.384018e+02
4.380000e-06	6.557702e-06	5.133217e-09	4.724277e+01	3.375341e+02
4.390000e-06	6.519504e-06	5.102266e-09	4.696758e+01	3.366623e+02
4.400000e-06	6.480794e-06	5.099420e-09	4.668871e+01	3.357861e+02
4.410000e-06	6.441566e-06	5.106154e-09	4.640610e+01	3.349047e+02
4.420000e-06	6.401801e-06	5.087961e-09	4.611963e+01	3.340173e+02
4.430000e-06	6.361628e-06	5.071883e-09	4.583021e+01	3.331225e+02
4.440000e-06	6.321107e-06	5.052708e-09	4.553830e+01	3.322191e+02
4.450000e-06	6.280217e-06	5.046118e-09	4.524372e+01	3.313057e+02
4.460000e-06	6.238938e-06	5.032749e-09	4.494634e+01	3.303806e+02
4.470000e-06	6.197235e-06	5.021219e-09	4.464590e+01	3.294424e+02
4.480000e-06	6.155053e-06	5.011740e-09	4.434201e+01	3.284896e+02
4.490000e-06	6.112490e-06	5.003079e-09	4.403538e+01	3.275206e+02
4.500000e-06	6.069607e-06	4.981408e-09	4.372645e+01	3.265341e+02
4.510000e-06	6.026318e-06	4.957647e-09	4.341458e+01	3.255290e+02
4.520000e-06	5.982630e-06	4.950275e-09	4.309985e+01	3.245042e+02
4.530000e-06	5.938519e-06	4.953310e-09	4.278207e+01	3.234589e+02
4.540000e-06	5.894085e-06	4.927364e-09	4.246196e+01	3.223924e+02
4.550000e-06	5.849372e-06	4.881942e-09	4.213984e+01	3.213044e+02
4.560000e-06	5.804222e-06	4.863341e-09	4.181457e+01	3.201946e+02
4.570000e-06	5.758614e-06	4.875871e-09	4.148600e+01	3.190630e+02
4.580000e-06	5.712651e-06	4.878026e-09	4.115487e+01	3.179099e+02
4.590000e-06	5.666348e-06	4.837871e-09	4.082130e+01	3.167357e+02
4.600000e-06	5.619535e-06	4.797577e-09	4.048405e+01	3.155407e+02
4.610000e-06	5.572262e-06	4.796310e-09	4.014349e+01	3.143258e+02
4.620000e-06	5.524568e-06	4.813122e-09	3.979989e+01	3.130916e+02
4.630000e-06	5.476371e-06	4.790415e-09	3.945268e+01	3.118390e+02
4.640000e-06	5.427773e-06	4.734776e-09	3.910257e+01	3.105687e+02
4.650000e-06	5.378833e-06	4.699495e-09	3.875000e+01	3.092816e+02
4.660000e-06	5.329446e-06	4.711968e-09	3.839421e+01	3.079785e+02
4.670000e-06	5.279527e-06	4.714492e-09	3.803458e+01	3.066602e+02
4.680000e-06	5.229174e-06	4.673991e-09	3.767183e+01	3.053271e+02
4.690000e-06	5.178471e-06	4.624285e-09	3.730656e+01	3.039799e+02
4.700000e-06	5.127426e-06	4.615417e-09	3.693882e+01	3.026190e+02
4.710000e-06	5.076067e-06	4.629763e-09	3.656882e+01	3.012444e+02
4.720000e-06	5.024396e-06	4.615844e-09	3.619657e+01	2.998564e+02
4.730000e-06	4.972302e-06	4.567923e-09	3.582128e+01	2.984549e+02
4.740000e-06	4.919633e-06	4.532424e-09	3.544185e+01	2.970394e+02
4.750000e-06	4.866472e-06	4.528526e-09	3.505886e+01	2.956097e+02
4.760000e-06	4.812861e-06	4.523693e-09	3.467264e+01	2.941650e+02
4.770000e-06	4.758884e-06	4.489676e-09	3.428378e+01	2.927048e+02
4.780000e-06	4.704467e-06	4.448776e-09	3.389175e+01	2.912281e+02
4.790000e-06	4.649475e-06	4.431372e-09	3.349558e+01	2.897341e+02
4.800000e-06	4.594139e-06	4.427073e-09	3.309693e+01	2.882215e+02
4.810000e-06	4.538476e-06	4.409865e-09	3.269593e+01	2.866894e+02
4.820000e-06	4.482413e-06	4.382538e-09	3.229204e+01	2.851366e+02
4.830000e-06	4.426018e-06	4.353972e-09	3.188576e+01	2.835619e+02
4.840000e-06	4.369354e-06	4.326189e-09	3.147754e+01	2.819642e+02
4.850000e-06	4.312506e-06	4.302401e-09	3.106800e+01	2.803423e+02
4.860000e-06	4.255475e-06	4.282953e-09	3.065714e+01	2.786953e+02
4.870000e-06	4.198198e-06	4.259612e-09	3.024451e+01	2.770221e+02
4.880000e-06	4.140627e-06	4.227015e-09	2.982976e+01	2.753217e+02
4.890000e-06	4.082695e-06	4.198191e-09	2.941241e+01	2.735935e+02
4.900000e-06	4.024410e-06	4.182885e-09	2.899251e+01	2.718366e+02
4.910000e-06	3.965792e-06	4.171708e-09	2.857022e+01	2.700505e+02
4.920000e-06	3.906910e-06	4.144988e-09	2.814602e+01	2.682347e+02
4.930000e-06	3.847851e-06	4.105008e-09	2.772055e+01	2.663888e+02
4.940000e-06	3.788618e-06	4.069446e-09	2.729383e+01	2.645126e+02
4.950000e-06	3.729176e-06	4.050330e-09	2.686560e+01	2.626059e+02
4.960000e-06	3.669541e-06	4.030357e-09	2.643598e+01	2.606687e+02
4.970000e-06	3.609747e-06	3.991481e-09	2.600521e+01	2.587011e+02
4.980000e-06	3.549745e-06	3.947445e-09	2.557295e+01	2.567031e+02
4.990000e-06	3.489442e-06	3.922273e-09	2.513851e+01	2.546749e+02
5.000000e-06	3.428848e-06	3.907173e-09	2.470198e+01	2.526167e+02
5.010000e-06	3.367925e-06	3.876861e-09	2.426309e+01	2.505288e+02
5.020000e-06	3.306662e-06	3.830541e-09	2.382174e+01	2.484115e+02
5.030000e-06	3.245105e-06	3.790627e-09	2.337827e+01	2.462649e+02
5.040000e-06	3.183308e-06	3.765520e-09	2.293307e+01	2.440894e+02
5.050000e-06	3.121310e-06	3.739187e-09	2.248643e+01	2.418851e+02
5.060000e-06	3.059002e-06	3.701297e-09	2.203755e+01	2.396522e+02
5.070000e-06	2.996399e-06	3.660463e-09	2.158655e+01	2.373908e+02
5.080000e-06	2.933571e-06	3.629902e-09	2.113393e+01	2.351010e+02
5.090000e-06	2.870512e-06	3.604645e-09	2.067964e+01	2.327827e+02
5.100000e-06	2.807224e-06	3.572864e-09	2.022370e+01	2.304359e+02
5.110000e-06	2.743738e-06	3.533474e-09	1.976634e+01	2.280603e+02
5.120000e-06	2.680027e-06	3.493349e-09	1.930735e+01	2.256557e+02
5.130000e-06	2.616057e-06	3.455784e-09	1.884651e+01	2.232219e+02
5.140000e-06	2.551892e-06	3.417404e-09	1.838425e+01	2.207583e+02
5.150000e-06	2.487609e-06	3.375769e-09	1.792115e+01	2.182645e+02
5.160000e-06	2.423159e-06	3.334935e-09	1.745684e+01	2.157400e+02
5.170000e-06	2.358579e-06	3.295708e-09	1.699159e+01	2.131841e+02
5.180000e-06	2.293864e-06	3.252100e-09	1.652538e+01	2.105962e+02
5.190000e-06	2.228934e-06	3.210483e-09	1.605760e+01	2.079756e+02
5.200000e-06	2.163900e-06	3.173294e-09	1.558909e+01	2.053215e+02
5.210000e-06	2.098749e-06	3.137084e-09	1.511973e+01	2.026332e+02
5.220000e-06	2.033440e-06	3.096309e-09	1.464924e+01	1.999099e+02
5.230000e-06	1.968027e-06	3.050571e-09	1.417799e+01	1.971509e+02
5.240000e-06	1.902494e-06	3.008564e-09	1.370588e+01	1.943553e+02
5.250000e-06	1.836810e-06	2.967148e-09	1.323268e+01	1.915223e+02
5.260000e-06	1.771069e-06	2.923249e-09	1.275907e+01	1.886514e+02
5.270000e-06	1.705120e-06	2.876471e-09	1.228396e+01	1.857417e+02
5.280000e-06	1.639031e-06	2.828110e-09	1.180785e+01	1.827927e+02
5.290000e-06	1.572952e-06	2.784641e-09	1.133180e+01	1.798036e+02
5.300000e-06	1.506723e-06	2.744079e-09	1.085468e+01	1.767740e+02
5.310000e-06	1.440327e-06	2.701797e-09	1.037635e+01	1.737033e+02
5.320000e-06	1.373824e-06	2.657171e-09	9.897257e+00	1.705911e+02
5.330000e-06	1.307313e-06	2.607834e-09	9.418101e+00	1.674371e+02
5.340000e-06	1.240637e-06	2.558080e-09	8.937752e+00	1.642408e+02
5.350000e-06	1.173833e-06	2.508490e-09	8.456489e+00	1.610021e+02
5.360000e-06	1.107087e-06	2.455410e-09	7.975637e+00	1.577208e+02
5.370000e-06	1.040256e-06	2.397999e-09	7.494172e+00	1.543967e+02
5.380000e-06	9.732811e-07	2.344181e-09	7.011677e+00	1.510297e+02
5.390000e-06	9.063176e-07	2.298822e-09	6.529261e+00	1.476197e+02
5.400000e-06	8.393265e-07	2.253762e-09	6.046646e+00	1.441668e+02
5.410000e-06	7.722736e-07	2.203054e-09	5.563586e+00	1.406708e+02
5.420000e-06	7.051805e-07	2.146649e-09	5.080237e+00	1.371318e+02
5.430000e-06	6.379938e-07	2.091756e-09	4.596212e+00	1.335498e+02
5.440000e-06	5.707890e-07	2.037145e-09	4.112058e+00	1.299247e+02
5.450000e-06	5.036068e-07	1.977786e-09	3.628066e+00	1.262565e+02
5.460000e-06	4.363724e-07	1.914505e-09	3.143698e+00	1.225449e+02
5.470000e-06	3.691271e-07	1.851067e-09	2.659252e+00	1.187899e+02
5.480000e-06	3.018565e-07	1.791229e-09	2.174624e+00	1.149910e+02
5.490000e-06	2.345525e-07	1.735145e-09	1.689755e+00	1.111480e+02
5.500000e-06	1.672566e-07	1.676667e-09	1.204944e+00	1.072603e+02
5.510000e-06	9.992053e-08	1.613292e-09	7.198440e-01	1.033274e+02
5.520000e-06	3.263089e-08	1.549705e-09	2.350783e-01	9.934855e+01
5.530000e-06	-3.457513e-08	1.489012e-09	-2.490849e-01	9.532286e+01
5.540000e-06	-1.017869e-07	1.428532e-09	-7.332897e-01	9.124937e+01
5.550000e-06	-1.690001e-07	1.363867e-09	-1.217505e+00	8.712697e+01
5.560000e-06	-2.362052e-07	1.296208e-09	-1.701661e+00	8.295445e+01
5.570000e-06	-3.034582e-07	1.229065e-09	-2.186163e+00	7.873045e+01
5.580000e-06	-3.707041e-07	1.163935e-09	-2.670614e+00	7.445356e+01
5.590000e-06	-4.378932e-07	1.099008e-09	-3.154655e+00	7.012227e+01
5.600000e-06	-5.050977e-07	1.032771e-09	-3.638807e+00	6.573502e+01
5.610000e-06	-5.723243e-07	9.647498e-10	-4.123118e+00	6.129024e+01
5.620000e-06	-6.394934e-07	8.985074e-10	-4.607016e+00	5.678637e+01
5.630000e-06	-7.066613e-07	8.312286e-10	-5.090904e+00	5.222188e+01
5.640000e-06	-7.738502e-07	7.603705e-10	-5.574944e+00	4.759535e+01
5.650000e-06	-8.409236e-07	6.878788e-10	-6.058152e+00	4.290550e+01
5.660000e-06	-9.078548e-07	6.147083e-10	-6.540336e+00	3.815120e+01
5.670000e-06	-9.746995e-07	5.416531e-10	-7.021896e+00	3.333156e+01
5.680000e-06	-1.041512e-06	4.690903e-10	-7.503223e+00	2.844598e+01
5.690000e-06	-1.108313e-06	3.944915e-10	-7.984472e+00	2.349414e+01
5.700000e-06	-1.175047e-06	3.178118e-10	-8.465234e+00	1.847612e+01
5.710000e-06	-1.241634e-06	2.382162e-10	-8.944933e+00	1.339239e+01
5.720000e-06	-1.308217e-06	1.601123e-10	-9.424614e+00	8.243873e+00
5.730000e-06	-1.374760e-06	8.074452e-11	-9.904001e+00	3.031962e+00
5.740000e-06	-1.441097e-06	-1.242549e-12	-1.038190e+01	-2.241430e+00
5.750000e-06	-1.507273e-06	-8.456966e-11	-1.085865e+01	-7.573862e+00
5.760000e-06	-1.573417e-06	-1.678727e-10	-1.133515e+01	-1.296235e+01
5.770000e-06	-1.639497e-06	-2.520314e-10	-1.181120e+01	-1.840335e+01
5.780000e-06	-1.705347e-06	-3.387783e-10	-1.228560e+01	-2.389278e+01
5.790000e-06	-1.771045e-06	-4.242840e-10	-1.275890e+01	-2.942601e+01
5.800000e-06	-1.836704e-06	-5.066534e-10	-1.323191e+01	-3.499789e+01
5.810000e-06	-1.902198e-06	-5.918599e-10	-1.370375e+01	-4.060279e+01
5.820000e-06	-1.967465e-06	-6.794858e-10	-1.417394e+01	-4.623463e+01
5.830000e-06	-2.032595e-06	-7.692154e-10	-1.464315e+01	-5.188691e+01
5.840000e-06	-2.097656e-06	-8.595976e-10	-1.511186e+01	-5.755280e+01
5.850000e-06	-2.162637e-06	-9.473621e-10	-1.557999e+01	-6.322518e+01
5.860000e-06	-2.227531e-06	-1.035111e-09	-1.604750e+01	-6.889673e+01
5.870000e-06	-2.292292e-06	-1.123587e-09	-1.651405e+01	-7.455996e+01
5.880000e-06	-2.356847e-06	-1.211761e-09	-1.697911e+01	-8.020735e+01
5.890000e-06	-2.421253e-06	-1.293080e-09	-1.744310e+01	-8.583137e+01
5.900000e-06	-2.485601e-06	-1.372172e-09	-1.790668e+01	-9.142461e+01
5.910000e-06	-2.549853e-06	-1.454470e-09	-1.836956e+01	-9.697984e+01
5.920000e-06	-2.613940e-06	-1.541037e-09	-1.883125e+01	-1.024901e+02
5.930000e-06	-2.677791e-06	-1.624688e-09	-1.929125e+01	-1.079486e+02
5.940000e-06	-2.741340e-06	-1.703298e-09	-1.974906e+01	-1.133493e+02
5.950000e-06	-2.804733e-06	-1.781973e-09	-2.020576e+01	-1.186864e+02
5.960000e-06	-2.867980e-06	-1.864618e-09	-2.066140e+01	-1.239545e+02
5.970000e-06	-2.930915e-06	-1.945067e-09	-2.111479e+01	-1.291490e+02
5.980000e-06	-2.993623e-06	-2.019650e-09	-2.156655e+01	-1.342659e+02
5.990000e-06	-3.056172e-06	-2.090439e-09	-2.201716e+01	-1.393016e+02
6.000000e-06	-3.118468e-06	-2.166852e-09	-2.246596e+01	-1.442533e+02
6.010000e-06	-3.180452e-06	-2.244012e-09	-2.291250e+01	-1.491190e+02
6.020000e-06	-3.242065e-06	-2.318679e-09	-2.335637e+01	-1.538970e+02
6.030000e-06	-3.303436e-06	-2.390484e-09	-2.379850e+01	-1.585864e+02
6.040000e-06	-3.364456e-06	-2.462142e-09	-2.423810e+01	-1.631870e+02
6.050000e-06	-3.425127e-06	-2.536060e-09	-2.467518e+01	-1.676990e+02
6.060000e-06	-3.485626e-06	-2.608684e-09	-2.511102e+01	-1.721231e+02
6.070000e-06	-3.545781e-06	-2.677226e-09	-2.554439e+01	-1.764606e+02
6.080000e-06	-3.605687e-06	-2.741771e-09	-2.597596e+01	-1.807130e+02
6.090000e-06	-3.665505e-06	-2.804741e-09	-2.640690e+01	-1.848822e+02
6.100000e-06	-3.725092e-06	-2.870514e-09	-2.683617e+01	-1.889704e+02
6.110000e-06	-3.784390e-06	-2.936322e-09	-2.726337e+01	-1.929800e+02
6.120000e-06	-3.843468e-06	-2.997456e-09	-2.768898e+01	-1.969134e+02
6.130000e-06	-3.902310e-06	-3.057356e-09	-2.811288e+01	-2.007733e+02
6.140000e-06	-3.960908e-06	-3.118897e-09	-2.853503e+01	-2.045621e+02
6.150000e-06	-4.019223e-06	-3.184024e-09	-2.895515e+01	-2.082823e+02
6.160000e-06	-4.077230e-06	-3.246572e-09	-2.937304e+01	-2.119362e+02
6.170000e-06	-4.134936e-06	-3.305081e-09	-2.978876e+01	-2.155260e+02
6.180000e-06	-4.192316e-06	-3.359267e-09	-3.020214e+01	-2.190537e+02
6.190000e-06	-4.249439e-06	-3.414699e-09	-3.061366e+01	-2.225210e+02
6.200000e-06	-4.306301e-06	-3.471843e-09	-3.102330e+01	-2.259294e+02
6.210000e-06	-4.362839e-06	-3.527011e-09	-3.143061e+01	-2.292802e+02
6.220000e-06	-4.419160e-06	-3.578114e-09	-3.183635e+01	-2.325742e+02
6.230000e-06	-4.475267e-06	-3.626936e-09	-3.224056e+01	-2.358123e+02
6.240000e-06	-4.531067e-06	-3.676835e-09	-3.264255e+01	-2.389947e+02
6.250000e-06	-4.586487e-06	-3.728999e-09	-3.304181e+01	-2.421219e+02
6.260000e-06	-4.641591e-06	-3.777248e-09	-3.343878e+01	-2.451938e+02
6.270000e-06	-4.696440e-06	-3.822475e-09	-3.383392e+01	-2.482103e+02
6.280000e-06	-4.750792e-06	-3.866828e-09	-3.422548e+01	-2.511712e+02
6.290000e-06	-4.804553e-06	-3.916523e-09	-3.461279e+01	-2.540762e+02
6.300000e-06	-4.857838e-06	-3.966166e-09	-3.499666e+01	-2.569249e+02
6.310000e-06	-4.910611e-06	-4.010106e-09	-3.537685e+01	-2.597170e+02
6.320000e-06	-4.962872e-06	-4.053039e-09	-3.575335e+01	-2.624523e+02
6.330000e-06	-5.014756e-06	-4.094337e-09	-3.612713e+01	-2.651304e+02
6.340000e-06	-5.066316e-06	-4.135139e-09	-3.649857e+01	-2.677513e+02
6.350000e-06	-5.117477e-06	-4.175868e-09	-3.686715e+01	-2.703151e+02
6.360000e-06	-5.168214e-06	-4.214575e-09	-3.723266e+01	-2.728219e+02
6.370000e-06	-5.218585e-06	-4.249153e-09	-3.759554e+01	-2.752722e+02
6.380000e-06	-5.268545e-06	-4.285782e-09	-3.795546e+01	-2.776665e+02
6.390000e-06	-5.318113e-06	-4.323675e-09	-3.831256e+01	-2.800057e+02
6.400000e-06	-5.367113e-06	-4.360374e-09	-3.866557e+01	-2.822907e+02
6.410000e-06	-5.415664e-06	-4.395776e-09	-3.901533e+01	-2.845228e+02
6.420000e-06	-5.463743e-06	-4.431986e-09	-3.936170e+01	-2.867031e+02
6.430000e-06	-5.511288e-06	-4.464920e-09	-3.970423e+01	-2.888333e+02
6.440000e-06	-5.558465e-06	-4.495186e-09	-4.004410e+01	-2.909150e+02
6.450000e-06	-5.605188e-06	-4.526457e-09	-4.038070e+01	-2.929497e+02
6.460000e-06	-5.651615e-06	-4.558111e-09	-4.071517e+01	-2.949393e+02
6.470000e-06	-5.697708e-06	-4.588631e-09	-4.104722e+01	-2.968855e+02
6.480000e-06	-5.743421e-06	-4.617260e-09	-4.137655e+01	-2.987901e+02
6.490000e-06	-5.788694e-06	-4.645651e-09	-4.170271e+01	-3.006547e+02
6.500000e-06	-5.833450e-06	-4.675419e-09	-4.202513e+01	-3.024810e+02
6.510000e-06	-5.877823e-06	-4.702510e-09	-4.234481e+01	-3.042705e+02
6.520000e-06	-5.921953e-06	-4.727589e-09	-4.266273e+01	-3.060246e+02
6.530000e-06	-5.965901e-06	-4.753262e-09	-4.297933e+01	-3.077445e+02
6.540000e-06	-6.009549e-06	-4.779673e-09	-4.329378e+01	-3.094311e+02
6.550000e-06	-6.052810e-06	-4.806681e-09	-4.360544e+01	-3.110855e+02
6.560000e-06	-6.095661e-06	-4.831893e-09	-4.391414e+01	-3.127082e+02
6.570000e-06	-6.138097e-06	-4.856277e-09	-4.421986e+01	-3.142997e+02
6.580000e-06	-6.180130e-06	-4.879593e-09	-4.452267e+01	-3.158605e+02
6.590000e-06	-6.221749e-06	-4.901363e-09	-4.482251e+01	-3.173906e+02
6.600000e-06	-6.262865e-06	-4.921620e-09	-4.511871e+01	-3.188901e+02
6.610000e-06	-6.303461e-06	-4.942011e-09	-4.541117e+01	-3.203588e+02
6.620000e-06	-6.343732e-06	-4.958946e-09	-4.570129e+01	-3.217967e+02
6.630000e-06	-6.383715e-06	-4.974795e-09	-4.598933e+01	-3.232035e+02
6.640000e-06	-6.423371e-06	-4.994978e-09	-4.627502e+01	-3.245790e+02
6.650000e-06	-6.462705e-06	-5.016475e-09	-4.655839e+01	-3.259229e+02
6.660000e-06	-6.501537e-06	-5.034768e-09	-4.683814e+01	-3.272349e+02
6.670000e-06	-6.539586e-06	-5.052186e-09	-4.711226e+01	-3.285150e+02
6.680000e-06	-6.576983e-06	-5.069008e-09	-4.738167e+01	-3.297631e+02
6.690000e-06	-6.613876e-06	-5.084746e-09	-4.764745e+01	-3.309792e+02
6.700000e-06	-6.650225e-06	-5.101755e-09	-4.790931e+01	-3.321635e+02
6.710000e-06	-6.686174e-06	-5.119542e-09	-4.816830e+01	-3.333164e+02
6.720000e-06	-6.721867e-06	-5.134448e-09	-4.842543e+01	-3.344383e+02
6.730000e-06	-6.757122e-06	-5.146975e-09	-4.867942e+01	-3.355299e+02
6.740000e-06	-6.791817e-06	-5.162927e-09	-4.892937e+01	-3.365919e+02
6.750000e-06	-6.826049e-06	-5.181463e-09	-4.917598e+01	-3.376252e+02
6.760000e-06	-6.859746e-06	-5.198561e-09	-4.941874e+01	-3.386309e+02
6.770000e-06	-6.892968e-06	-5.214577e-09	-4.965808e+01	-3.396100e+02
6.780000e-06	-6.925795e-06	-5.227899e-09	-4.989457e+01	-3.405637e+02
6.790000e-06	-6.958211e-06	-5.242911e-09	-5.012810e+01	-3.414933e+02
6.800000e-06	-6.990219e-06	-5.257712e-09	-5.035869e+01	-3.423999e+02
6.810000e-06	-7.021844e-06	-5.267820e-09	-5.058652e+01	-3.432847e+02
6.820000e-06	-7.053027e-06	-5.276913e-09	-5.081116e+01	-3.441489e+02
6.830000e-06	-7.083374e-06	-5.288550e-09	-5.102979e+01	-3.449935e+02
6.840000e-06	-7.112843e-06	-5.303373e-09	-5.124209e+01	-3.458194e+02
6.850000e-06	-7.141718e-06	-5.315956e-09	-5.145011e+01	-3.466274e+02
6.860000e-06	-7.170097e-06	-5.327096e-09	-5.165456e+01	-3.474182e+02
6.870000e-06	-7.198086e-06	-5.339609e-09	-5.185620e+01	-3.481921e+02
6.880000e-06	-7.225721e-06	-5.352241e-09	-5.205529e+01	-3.489493e+02
6.890000e-06	-7.252880e-06	-5.361127e-09	-5.225094e+01	-3.496900e+02
6.900000e-06	-7.279504e-06	-5.366370e-09	-5.244275e+01	-3.504140e+02
6.910000e-06	-7.305628e-06	-5.372832e-09	-5.263095e+01	-3.511209e+02
6.920000e-06	-7.331191e-06	-5.381125e-09	-5.281510e+01	-3.518103e+02
6.930000e-06	-7.356188e-06	-5.387652e-09	-5.299519e+01	-3.524815e+02
6.940000e-06	-7.380725e-06	-5.394566e-09	-5.317196e+01	-3.531339e+02
6.950000e-06	-7.404921e-06	-5.402831e-09	-5.334627e+01	-3.537665e+02
6.960000e-06	-7.428815e-06	-5.410102e-09	-5.351841e+01	-3.543787e+02
6.970000e-06	-7.452322e-06	-5.419311e-09	-5.368775e+01	-3.549695e+02
6.980000e-06	-7.475174e-06	-5.424981e-09	-5.385239e+01	-3.555382e+02
6.990000e-06	-7.497030e-06	-5.432613e-09	-5.400984e+01	-3.560840e+02
7.000000e-06	-7.518004e-06	-5.441385e-09	-5.416094e+01	-3.566064e+02
7.010000e-06	-7.538412e-06	-5.447767e-09	-5.430796e+01	-3.571050e+02
7.020000e-06	-7.558485e-06	-5.453857e-09	-5.445257e+01	-3.575797e+02
7.030000e-06	-7.578292e-06	-5.459542e-09	-5.459526e+01	-3.580303e+02
7.040000e-06	-7.597554e-06	-5.467249e-09	-5.473403e+01	-3.584572e+02
7.050000e-06	-7.616239e-06	-5.470288e-09	-5.486864e+01	-3.588610e+02
7.060000e-06	-7.634425e-06	-5.472271e-09	-5.499965e+01	-3.592424e+02
7.070000e-06	-7.652068e-06	-5.475217e-09	-5.512676e+01	-3.596025e+02
7.080000e-06	-7.669136e-06	-5.480874e-09	-5.524972e+01	-3.599425e+02
7.090000e-06	-7.685769e-06	-5.488202e-09	-5.536954e+01	-3.602641e+02
7.100000e-06	-7.702068e-06	-5.493451e-09	-5.548697e+01	-3.605689e+02
7.110000e-06	-7.717971e-06	-5.495184e-09	-5.560153e+01	-3.608589e+02
7.120000e-06	-7.733304e-06	-5.496546e-09	-5.571200e+01	-3.611359e+02
7.130000e-06	-7.747787e-06	-5.499557e-09	-5.581633e+01	-3.614021e+02
7.140000e-06	-7.761387e-06	-5.504140e-09	-5.591431e+01	-3.616595e+02
7.150000e-06	-7.774287e-06	-5.505687e-09	-5.600724e+01	-3.619101e+02
7.160000e-06	-7.786608e-06	-5.508210e-09	-5.609601e+01	-3.621556e+02
7.170000e-06	-7.798319e-06	-5.514839e-09	-5.618037e+01	-3.623979e+02
7.180000e-06	-7.809408e-06	-5.521328e-09	-5.626026e+01	-3.626382e+02
7.190000e-06	-7.819936e-06	-5.524474e-09	-5.633611e+01	-3.628778e+02
7.200000e-06	-7.829964e-06	-5.525760e-09	-5.640835e+01	-3.631173e+02
7.210000e-06	-7.839454e-06	-5.527512e-09	-5.647672e+01	-3.633573e+02
7.220000e-06	-7.848379e-06	-5.528599e-09	-5.654102e+01	-3.635976e+02
7.230000e-06	-7.856839e-06	-5.529762e-09	-5.660196e+01	-3.638378e+02
7.240000e-06	-7.864893e-06	-5.529958e-09	-5.665998e+01	-3.640769e+02
7.250000e-06	-7.872570e-06	-5.531921e-09	-5.671529e+01	-3.643136e+02
7.260000e-06	-7.879710e-06	-5.533880e-09	-5.676673e+01	-3.645461e+02
7.270000e-06	-7.886056e-06	-5.533972e-09	-5.681244e+01	-3.647721e+02
7.280000e-06	-7.891486e-06	-5.535243e-09	-5.685156e+01	-3.649890e+02
7.290000e-06	-7.896121e-06	-5.538162e-09	-5.688496e+01	-3.651940e+02
7.300000e-06	-7.900337e-06	-5.537784e-09	-5.691532e+01	-3.653839e+02
7.310000e-06	-7.904184e-06	-5.536075e-09	-5.694304e+01	-3.655552e+02
7.320000e-06	-7.907497e-06	-5.535706e-09	-5.696691e+01	-3.657046e+02
7.330000e-06	-7.910239e-06	-5.535461e-09	-5.698666e+01	-3.658285e+02
7.340000e-06	-7.912518e-06	-5.533181e-09	-5.700308e+01	-3.659235e+02
7.350000e-06	-7.914451e-06	-5.531267e-09	-5.701701e+01	-3.659864e+02
7.360000e-06	-7.915799e-06	-5.531965e-09	-5.702672e+01	-3.660142e+02
7.370000e-06	-7.916526e-06	-5.534657e-09	-5.703196e+01	-3.660041e+02
