# Temperatura_=_20.0
# Concentracion g/m^3_=_12600.0
# C_Vs_to_Am_M_A/Vsm_=_65563218390.804596
# pendiente_HvsI_1/m_=_3716.3
# ordenada_HvsI_A/m_=_1297.0
# frecuencia_Hz_=_135502.24931492182

Tiempo_(s)	Campo_(V.s)	Magnetizacion_(V.s)	Campo_(kA/m)	Magnetizacion_(A/m)
0.000000e+00	-7.877558e-06	-5.665576e-09	-5.704275e+01	-3.755688e+02
1.000000e-08	-7.877687e-06	-5.663206e-09	-5.704369e+01	-3.754538e+02
2.000000e-08	-7.877362e-06	-5.661629e-09	-5.704133e+01	-3.752898e+02
3.000000e-08	-7.876458e-06	-5.664551e-09	-5.703479e+01	-3.750777e+02
4.000000e-08	-7.874732e-06	-5.665840e-09	-5.702229e+01	-3.748197e+02
5.000000e-08	-7.872112e-06	-5.662298e-09	-5.700332e+01	-3.745188e+02
6.000000e-08	-7.868923e-06	-5.653769e-09	-5.698023e+01	-3.741789e+02
7.000000e-08	-7.865281e-06	-5.632445e-09	-5.695386e+01	-3.738048e+02
8.000000e-08	-7.861230e-06	-5.606676e-09	-5.692452e+01	-3.734019e+02
9.000000e-08	-7.856725e-06	-5.649497e-09	-5.689190e+01	-3.729765e+02
1.000000e-07	-7.851469e-06	-5.768318e-09	-5.685384e+01	-3.725352e+02
1.100000e-07	-7.845191e-06	-5.819579e-09	-5.680838e+01	-3.720849e+02
1.200000e-07	-7.838042e-06	-5.638873e-09	-5.675662e+01	-3.716330e+02
1.300000e-07	-7.830439e-06	-5.340297e-09	-5.670156e+01	-3.711865e+02
1.400000e-07	-7.822738e-06	-5.519488e-09	-5.664580e+01	-3.707525e+02
1.500000e-07	-7.814790e-06	-5.881054e-09	-5.658824e+01	-3.703378e+02
1.600000e-07	-7.806300e-06	-5.763409e-09	-5.652676e+01	-3.699487e+02
1.700000e-07	-7.797364e-06	-5.479534e-09	-5.646205e+01	-3.695907e+02
1.800000e-07	-7.787770e-06	-5.506525e-09	-5.639259e+01	-3.692687e+02
1.900000e-07	-7.777103e-06	-5.570325e-09	-5.631534e+01	-3.689867e+02
2.000000e-07	-7.765685e-06	-5.706512e-09	-5.623266e+01	-3.687475e+02
2.100000e-07	-7.754021e-06	-5.848555e-09	-5.614820e+01	-3.685530e+02
2.200000e-07	-7.741780e-06	-5.659160e-09	-5.605956e+01	-3.684040e+02
2.300000e-07	-7.728607e-06	-5.299618e-09	-5.596417e+01	-3.682999e+02
2.400000e-07	-7.714989e-06	-5.480347e-09	-5.586556e+01	-3.682393e+02
2.500000e-07	-7.701055e-06	-5.883953e-09	-5.576467e+01	-3.682195e+02
2.600000e-07	-7.686074e-06	-5.678262e-09	-5.565618e+01	-3.682366e+02
2.700000e-07	-7.670076e-06	-5.341176e-09	-5.554034e+01	-3.682859e+02
2.800000e-07	-7.653549e-06	-5.593232e-09	-5.542067e+01	-3.683619e+02
2.900000e-07	-7.636497e-06	-5.934618e-09	-5.529719e+01	-3.684582e+02
3.000000e-07	-7.618984e-06	-5.790782e-09	-5.517037e+01	-3.685680e+02
3.100000e-07	-7.600991e-06	-5.614514e-09	-5.504008e+01	-3.686838e+02
3.200000e-07	-7.582370e-06	-5.718597e-09	-5.490525e+01	-3.687982e+02
3.300000e-07	-7.563193e-06	-5.739861e-09	-5.476638e+01	-3.689034e+02
3.400000e-07	-7.543622e-06	-5.813020e-09	-5.462466e+01	-3.689917e+02
3.500000e-07	-7.523731e-06	-5.913433e-09	-5.448063e+01	-3.690560e+02
3.600000e-07	-7.503447e-06	-5.603300e-09	-5.433375e+01	-3.690893e+02
3.700000e-07	-7.482640e-06	-5.500841e-09	-5.418308e+01	-3.690852e+02
3.800000e-07	-7.461338e-06	-5.780124e-09	-5.402884e+01	-3.690381e+02
3.900000e-07	-7.439555e-06	-5.899456e-09	-5.387110e+01	-3.689431e+02
4.000000e-07	-7.417204e-06	-5.655711e-09	-5.370925e+01	-3.687963e+02
4.100000e-07	-7.394242e-06	-5.512060e-09	-5.354298e+01	-3.685947e+02
4.200000e-07	-7.370804e-06	-5.586685e-09	-5.337326e+01	-3.683363e+02
4.300000e-07	-7.347021e-06	-5.788943e-09	-5.320105e+01	-3.680202e+02
4.400000e-07	-7.322901e-06	-5.751119e-09	-5.302639e+01	-3.676465e+02
4.500000e-07	-7.298134e-06	-5.520674e-09	-5.284704e+01	-3.672160e+02
4.600000e-07	-7.272528e-06	-5.502517e-09	-5.266163e+01	-3.667308e+02
4.700000e-07	-7.246141e-06	-5.690216e-09	-5.247056e+01	-3.661935e+02
4.800000e-07	-7.219068e-06	-5.709073e-09	-5.227452e+01	-3.656077e+02
4.900000e-07	-7.191558e-06	-5.612013e-09	-5.207531e+01	-3.649774e+02
5.000000e-07	-7.163674e-06	-5.544530e-09	-5.187339e+01	-3.643071e+02
5.100000e-07	-7.135418e-06	-5.526937e-09	-5.166879e+01	-3.636018e+02
5.200000e-07	-7.106745e-06	-5.604377e-09	-5.146116e+01	-3.628665e+02
5.300000e-07	-7.077562e-06	-5.663557e-09	-5.124984e+01	-3.621063e+02
5.400000e-07	-7.047911e-06	-5.570944e-09	-5.103514e+01	-3.613263e+02
5.500000e-07	-7.017793e-06	-5.447913e-09	-5.081705e+01	-3.605314e+02
5.600000e-07	-6.987066e-06	-5.495123e-09	-5.059455e+01	-3.597260e+02
5.700000e-07	-6.955837e-06	-5.594020e-09	-5.036841e+01	-3.589142e+02
5.800000e-07	-6.924268e-06	-5.558178e-09	-5.013982e+01	-3.580996e+02
5.900000e-07	-6.892305e-06	-5.426887e-09	-4.990837e+01	-3.572849e+02
6.000000e-07	-6.859958e-06	-5.417864e-09	-4.967414e+01	-3.564726e+02
6.100000e-07	-6.827137e-06	-5.514813e-09	-4.943647e+01	-3.556641e+02
6.200000e-07	-6.793516e-06	-5.531017e-09	-4.919302e+01	-3.548603e+02
6.300000e-07	-6.759212e-06	-5.421268e-09	-4.894462e+01	-3.540615e+02
6.400000e-07	-6.724394e-06	-5.384009e-09	-4.869249e+01	-3.532670e+02
6.500000e-07	-6.688975e-06	-5.433218e-09	-4.843602e+01	-3.524759e+02
6.600000e-07	-6.653192e-06	-5.462057e-09	-4.817691e+01	-3.516864e+02
6.700000e-07	-6.617081e-06	-5.412321e-09	-4.791542e+01	-3.508965e+02
6.800000e-07	-6.580420e-06	-5.354797e-09	-4.764996e+01	-3.501037e+02
6.900000e-07	-6.543220e-06	-5.348925e-09	-4.738058e+01	-3.493051e+02
7.000000e-07	-6.505521e-06	-5.397426e-09	-4.710760e+01	-3.484979e+02
7.100000e-07	-6.467421e-06	-5.390033e-09	-4.683171e+01	-3.476789e+02
7.200000e-07	-6.428979e-06	-5.310816e-09	-4.655334e+01	-3.468452e+02
7.300000e-07	-6.390092e-06	-5.268920e-09	-4.627175e+01	-3.459938e+02
7.400000e-07	-6.350693e-06	-5.320748e-09	-4.598646e+01	-3.451222e+02
7.500000e-07	-6.310987e-06	-5.333452e-09	-4.569894e+01	-3.442278e+02
7.600000e-07	-6.271004e-06	-5.252064e-09	-4.540942e+01	-3.433087e+02
7.700000e-07	-6.230576e-06	-5.186351e-09	-4.511667e+01	-3.423632e+02
7.800000e-07	-6.189664e-06	-5.218603e-09	-4.482042e+01	-3.413902e+02
7.900000e-07	-6.148069e-06	-5.264253e-09	-4.451922e+01	-3.403889e+02
8.000000e-07	-6.105813e-06	-5.219742e-09	-4.421325e+01	-3.393591e+02
8.100000e-07	-6.063046e-06	-5.128551e-09	-4.390356e+01	-3.383011e+02
8.200000e-07	-6.019785e-06	-5.115635e-09	-4.359030e+01	-3.372155e+02
8.300000e-07	-5.976031e-06	-5.178829e-09	-4.327347e+01	-3.361034e+02
8.400000e-07	-5.931925e-06	-5.180688e-09	-4.295409e+01	-3.349661e+02
8.500000e-07	-5.887493e-06	-5.082761e-09	-4.263235e+01	-3.338055e+02
8.600000e-07	-5.842616e-06	-5.015633e-09	-4.230739e+01	-3.326233e+02
8.700000e-07	-5.797329e-06	-5.063462e-09	-4.197946e+01	-3.314218e+02
8.800000e-07	-5.751729e-06	-5.113529e-09	-4.164926e+01	-3.302028e+02
8.900000e-07	-5.705781e-06	-5.056122e-09	-4.131654e+01	-3.289687e+02
9.000000e-07	-5.659424e-06	-4.956862e-09	-4.098086e+01	-3.277213e+02
9.100000e-07	-5.612744e-06	-4.950790e-09	-4.064284e+01	-3.264625e+02
9.200000e-07	-5.565636e-06	-5.007732e-09	-4.030173e+01	-3.251939e+02
9.300000e-07	-5.518132e-06	-5.004567e-09	-3.995774e+01	-3.239169e+02
9.400000e-07	-5.470234e-06	-4.917233e-09	-3.961091e+01	-3.226323e+02
9.500000e-07	-5.421773e-06	-4.861971e-09	-3.925999e+01	-3.213410e+02
9.600000e-07	-5.372815e-06	-4.887156e-09	-3.890548e+01	-3.200430e+02
9.700000e-07	-5.323419e-06	-4.917732e-09	-3.854780e+01	-3.187382e+02
9.800000e-07	-5.273583e-06	-4.871622e-09	-3.818692e+01	-3.174262e+02
9.900000e-07	-5.223125e-06	-4.800701e-09	-3.782155e+01	-3.161060e+02
1.000000e-06	-5.171982e-06	-4.780906e-09	-3.745121e+01	-3.147764e+02
1.010000e-06	-5.120390e-06	-4.800082e-09	-3.707763e+01	-3.134359e+02
1.020000e-06	-5.068442e-06	-4.787003e-09	-3.670146e+01	-3.120826e+02
1.030000e-06	-5.016118e-06	-4.735975e-09	-3.632258e+01	-3.107148e+02
1.040000e-06	-4.963532e-06	-4.693936e-09	-3.594179e+01	-3.093301e+02
1.050000e-06	-4.910605e-06	-4.683917e-09	-3.555854e+01	-3.079265e+02
1.060000e-06	-4.857326e-06	-4.678100e-09	-3.517273e+01	-3.065019e+02
1.070000e-06	-4.803762e-06	-4.650566e-09	-3.478486e+01	-3.050541e+02
1.080000e-06	-4.749736e-06	-4.610399e-09	-3.439365e+01	-3.035812e+02
1.090000e-06	-4.695297e-06	-4.581848e-09	-3.399945e+01	-3.020814e+02
1.100000e-06	-4.640624e-06	-4.564145e-09	-3.360356e+01	-3.005530e+02
1.110000e-06	-4.585707e-06	-4.543410e-09	-3.320590e+01	-2.989949e+02
1.120000e-06	-4.530502e-06	-4.517779e-09	-3.280615e+01	-2.974060e+02
1.130000e-06	-4.475009e-06	-4.489864e-09	-3.240431e+01	-2.957855e+02
1.140000e-06	-4.419201e-06	-4.458330e-09	-3.200020e+01	-2.941331e+02
1.150000e-06	-4.363125e-06	-4.424773e-09	-3.159414e+01	-2.924487e+02
1.160000e-06	-4.306796e-06	-4.399809e-09	-3.118625e+01	-2.907325e+02
1.170000e-06	-4.250167e-06	-4.381403e-09	-3.077619e+01	-2.889850e+02
1.180000e-06	-4.193207e-06	-4.353318e-09	-3.036373e+01	-2.872069e+02
1.190000e-06	-4.135950e-06	-4.315173e-09	-2.994913e+01	-2.853992e+02
1.200000e-06	-4.078388e-06	-4.288156e-09	-2.953231e+01	-2.835628e+02
1.210000e-06	-4.020448e-06	-4.272833e-09	-2.911275e+01	-2.816990e+02
1.220000e-06	-3.962127e-06	-4.252287e-09	-2.869044e+01	-2.798089e+02
1.230000e-06	-3.903370e-06	-4.212597e-09	-2.826497e+01	-2.778937e+02
1.240000e-06	-3.844247e-06	-4.169144e-09	-2.783685e+01	-2.759546e+02
1.250000e-06	-3.784754e-06	-4.137494e-09	-2.740606e+01	-2.739926e+02
1.260000e-06	-3.725013e-06	-4.115387e-09	-2.697346e+01	-2.720084e+02
1.270000e-06	-3.665048e-06	-4.087521e-09	-2.653925e+01	-2.700028e+02
1.280000e-06	-3.604838e-06	-4.048424e-09	-2.610325e+01	-2.679762e+02
1.290000e-06	-3.544493e-06	-4.011097e-09	-2.566628e+01	-2.659286e+02
1.300000e-06	-3.484001e-06	-3.988149e-09	-2.522825e+01	-2.638601e+02
1.310000e-06	-3.423417e-06	-3.968706e-09	-2.478955e+01	-2.617701e+02
1.320000e-06	-3.362600e-06	-3.936939e-09	-2.434917e+01	-2.596581e+02
1.330000e-06	-3.301520e-06	-3.895862e-09	-2.390688e+01	-2.575232e+02
1.340000e-06	-3.240222e-06	-3.858338e-09	-2.346300e+01	-2.553641e+02
1.350000e-06	-3.178595e-06	-3.827039e-09	-2.301675e+01	-2.531796e+02
1.360000e-06	-3.116617e-06	-3.796060e-09	-2.256796e+01	-2.509682e+02
1.370000e-06	-3.054451e-06	-3.759586e-09	-2.211781e+01	-2.487283e+02
1.380000e-06	-2.992165e-06	-3.718982e-09	-2.166678e+01	-2.464582e+02
1.390000e-06	-2.929675e-06	-3.678561e-09	-2.121428e+01	-2.441562e+02
1.400000e-06	-2.867042e-06	-3.644512e-09	-2.076075e+01	-2.418206e+02
1.410000e-06	-2.804275e-06	-3.616553e-09	-2.030624e+01	-2.394500e+02
1.420000e-06	-2.741341e-06	-3.585259e-09	-1.985052e+01	-2.370427e+02
1.430000e-06	-2.678211e-06	-3.542611e-09	-1.939338e+01	-2.345976e+02
1.440000e-06	-2.614909e-06	-3.498576e-09	-1.893501e+01	-2.321135e+02
1.450000e-06	-2.551393e-06	-3.461288e-09	-1.847508e+01	-2.295895e+02
1.460000e-06	-2.487672e-06	-3.427591e-09	-1.801366e+01	-2.270251e+02
1.470000e-06	-2.423855e-06	-3.386124e-09	-1.755155e+01	-2.244199e+02
1.480000e-06	-2.359866e-06	-3.337451e-09	-1.708820e+01	-2.217738e+02
1.490000e-06	-2.295676e-06	-3.294030e-09	-1.662338e+01	-2.190869e+02
1.500000e-06	-2.231292e-06	-3.262590e-09	-1.615717e+01	-2.163595e+02
1.510000e-06	-2.166716e-06	-3.232567e-09	-1.568957e+01	-2.135924e+02
1.520000e-06	-2.101987e-06	-3.190094e-09	-1.522085e+01	-2.107861e+02
1.530000e-06	-2.037168e-06	-3.136138e-09	-1.475149e+01	-2.079418e+02
1.540000e-06	-1.972210e-06	-3.085480e-09	-1.428111e+01	-2.050603e+02
1.550000e-06	-1.907179e-06	-3.044888e-09	-1.381021e+01	-2.021427e+02
1.560000e-06	-1.842097e-06	-3.001117e-09	-1.333894e+01	-1.991901e+02
1.570000e-06	-1.776820e-06	-2.950840e-09	-1.286626e+01	-1.962036e+02
1.580000e-06	-1.711355e-06	-2.900714e-09	-1.239222e+01	-1.931841e+02
1.590000e-06	-1.645776e-06	-2.858879e-09	-1.191734e+01	-1.901325e+02
1.600000e-06	-1.580094e-06	-2.821757e-09	-1.144173e+01	-1.870494e+02
1.610000e-06	-1.514306e-06	-2.778354e-09	-1.096535e+01	-1.839352e+02
1.620000e-06	-1.448325e-06	-2.724398e-09	-1.048757e+01	-1.807904e+02
1.630000e-06	-1.382092e-06	-2.671010e-09	-1.000797e+01	-1.776148e+02
1.640000e-06	-1.315749e-06	-2.624384e-09	-9.527565e+00	-1.744083e+02
1.650000e-06	-1.249300e-06	-2.577659e-09	-9.046396e+00	-1.711704e+02
1.660000e-06	-1.182727e-06	-2.523622e-09	-8.564329e+00	-1.679005e+02
1.670000e-06	-1.116088e-06	-2.463509e-09	-8.081783e+00	-1.645974e+02
1.680000e-06	-1.049357e-06	-2.407570e-09	-7.598578e+00	-1.612602e+02
1.690000e-06	-9.825470e-07	-2.360510e-09	-7.114792e+00	-1.578875e+02
1.700000e-06	-9.158235e-07	-2.316754e-09	-6.631636e+00	-1.544778e+02
1.710000e-06	-8.490795e-07	-2.266333e-09	-6.148331e+00	-1.510295e+02
1.720000e-06	-7.820852e-07	-2.210089e-09	-5.663213e+00	-1.475411e+02
1.730000e-06	-7.150251e-07	-2.155830e-09	-5.177620e+00	-1.440107e+02
1.740000e-06	-6.480376e-07	-2.105420e-09	-4.692552e+00	-1.404367e+02
1.750000e-06	-5.809693e-07	-2.052485e-09	-4.206898e+00	-1.368176e+02
1.760000e-06	-5.136986e-07	-1.992774e-09	-3.719780e+00	-1.331517e+02
1.770000e-06	-4.463578e-07	-1.928732e-09	-3.232153e+00	-1.294377e+02
1.780000e-06	-3.790802e-07	-1.869842e-09	-2.744985e+00	-1.256742e+02
1.790000e-06	-3.117991e-07	-1.817064e-09	-2.257791e+00	-1.218601e+02
1.800000e-06	-2.444040e-07	-1.762558e-09	-1.769771e+00	-1.179945e+02
1.810000e-06	-1.769337e-07	-1.701858e-09	-1.281207e+00	-1.140765e+02
1.820000e-06	-1.095612e-07	-1.638677e-09	-7.933512e-01	-1.101056e+02
1.830000e-06	-4.222207e-08	-1.578960e-09	-3.057372e-01	-1.060812e+02
1.840000e-06	2.519935e-08	-1.521007e-09	1.824728e-01	-1.020032e+02
1.850000e-06	9.258522e-08	-1.460533e-09	6.704255e-01	-9.787126e+01
1.860000e-06	1.599000e-07	-1.396169e-09	1.157863e+00	-9.368536e+01
1.870000e-06	2.272248e-07	-1.327544e-09	1.645374e+00	-8.944552e+01
1.880000e-06	2.945310e-07	-1.260774e-09	2.132750e+00	-8.515176e+01
1.890000e-06	3.618584e-07	-1.196596e-09	2.620279e+00	-8.080415e+01
1.900000e-06	4.291052e-07	-1.130534e-09	3.107224e+00	-7.640275e+01
1.910000e-06	4.962938e-07	-1.064885e-09	3.593749e+00	-7.194754e+01
1.920000e-06	5.635487e-07	-9.976110e-10	4.080753e+00	-6.743847e+01
1.930000e-06	6.307215e-07	-9.299255e-10	4.567163e+00	-6.287539e+01
1.940000e-06	6.978678e-07	-8.638745e-10	5.053381e+00	-5.825808e+01
1.950000e-06	7.649435e-07	-7.947540e-10	5.539088e+00	-5.358620e+01
1.960000e-06	8.318946e-07	-7.176121e-10	6.023892e+00	-4.885934e+01
1.970000e-06	8.986758e-07	-6.366557e-10	6.507466e+00	-4.407702e+01
1.980000e-06	9.652851e-07	-5.590273e-10	6.989796e+00	-3.923871e+01
1.990000e-06	1.031884e-06	-4.875441e-10	7.472051e+00	-3.434385e+01
2.000000e-06	1.098431e-06	-4.151330e-10	7.953929e+00	-2.939192e+01
2.010000e-06	1.164877e-06	-3.392867e-10	8.435076e+00	-2.438247e+01
2.020000e-06	1.231257e-06	-2.646355e-10	8.915741e+00	-1.931517e+01
2.030000e-06	1.297588e-06	-1.907609e-10	9.396055e+00	-1.418989e+01
2.040000e-06	1.363785e-06	-1.129040e-10	9.875401e+00	-9.006724e+00
2.050000e-06	1.429863e-06	-2.776414e-11	1.035388e+01	-3.766086e+00
2.060000e-06	1.495846e-06	5.846951e-11	1.083168e+01	1.531248e+00
2.070000e-06	1.561640e-06	1.415438e-10	1.130810e+01	6.884073e+00
2.080000e-06	1.627328e-06	2.242224e-10	1.178376e+01	1.229071e+01
2.090000e-06	1.692843e-06	3.094714e-10	1.225817e+01	1.774896e+01
2.100000e-06	1.758061e-06	3.931110e-10	1.273042e+01	2.325606e+01
2.110000e-06	1.823143e-06	4.749234e-10	1.320169e+01	2.880866e+01
2.120000e-06	1.888174e-06	5.574581e-10	1.367260e+01	3.440283e+01
2.130000e-06	1.953038e-06	6.412169e-10	1.414229e+01	4.003401e+01
2.140000e-06	2.017742e-06	7.263155e-10	1.461082e+01	4.569708e+01
2.150000e-06	2.082345e-06	8.124707e-10	1.507862e+01	5.138636e+01
2.160000e-06	2.146848e-06	9.013555e-10	1.554569e+01	5.709562e+01
2.170000e-06	2.211236e-06	9.913597e-10	1.601194e+01	6.281820e+01
2.180000e-06	2.275421e-06	1.081835e-09	1.647671e+01	6.854701e+01
2.190000e-06	2.339514e-06	1.169143e-09	1.694082e+01	7.427467e+01
2.200000e-06	2.403482e-06	1.253542e-09	1.740403e+01	7.999354e+01
2.210000e-06	2.467089e-06	1.338290e-09	1.786462e+01	8.569585e+01
2.220000e-06	2.530507e-06	1.422534e-09	1.832384e+01	9.137377e+01
2.230000e-06	2.593822e-06	1.504770e-09	1.878231e+01	9.701957e+01
2.240000e-06	2.656914e-06	1.588499e-09	1.923917e+01	1.026257e+02
2.250000e-06	2.719878e-06	1.674284e-09	1.969510e+01	1.081847e+02
2.260000e-06	2.782713e-06	1.760548e-09	2.015010e+01	1.136898e+02
2.270000e-06	2.845352e-06	1.845152e-09	2.060369e+01	1.191344e+02
2.280000e-06	2.907775e-06	1.925886e-09	2.105570e+01	1.245126e+02
2.290000e-06	2.969993e-06	2.006027e-09	2.150623e+01	1.298190e+02
2.300000e-06	3.032125e-06	2.087535e-09	2.195614e+01	1.350490e+02
2.310000e-06	3.094113e-06	2.167118e-09	2.240500e+01	1.401986e+02
2.320000e-06	3.155805e-06	2.241632e-09	2.285172e+01	1.452645e+02
2.330000e-06	3.217301e-06	2.314253e-09	2.329703e+01	1.502443e+02
2.340000e-06	3.278594e-06	2.390769e-09	2.374086e+01	1.551363e+02
2.350000e-06	3.339585e-06	2.468007e-09	2.418251e+01	1.599395e+02
2.360000e-06	3.400361e-06	2.540939e-09	2.462260e+01	1.646534e+02
2.370000e-06	3.460946e-06	2.608608e-09	2.506131e+01	1.692785e+02
2.380000e-06	3.521295e-06	2.674922e-09	2.549830e+01	1.738157e+02
2.390000e-06	3.581440e-06	2.743347e-09	2.593382e+01	1.782663e+02
2.400000e-06	3.641407e-06	2.808957e-09	2.636806e+01	1.826322e+02
2.410000e-06	3.701112e-06	2.872160e-09	2.680039e+01	1.869156e+02
2.420000e-06	3.760599e-06	2.931421e-09	2.723114e+01	1.911189e+02
2.430000e-06	3.819875e-06	2.989488e-09	2.766037e+01	1.952447e+02
2.440000e-06	3.878879e-06	3.048846e-09	2.808763e+01	1.992957e+02
2.450000e-06	3.937544e-06	3.104470e-09	2.851243e+01	2.032745e+02
2.460000e-06	3.995838e-06	3.159248e-09	2.893455e+01	2.071836e+02
2.470000e-06	4.053789e-06	3.215690e-09	2.935419e+01	2.110255e+02
2.480000e-06	4.111262e-06	3.274402e-09	2.977035e+01	2.148023e+02
2.490000e-06	4.168263e-06	3.331047e-09	3.018311e+01	2.185160e+02
2.500000e-06	4.224965e-06	3.385077e-09	3.059370e+01	2.221680e+02
2.510000e-06	4.281367e-06	3.440000e-09	3.100212e+01	2.257597e+02
2.520000e-06	4.337487e-06	3.494933e-09	3.140849e+01	2.292920e+02
2.530000e-06	4.393279e-06	3.545894e-09	3.181249e+01	2.327656e+02
2.540000e-06	4.448724e-06	3.592922e-09	3.221398e+01	2.361805e+02
2.550000e-06	4.503892e-06	3.639809e-09	3.261346e+01	2.395370e+02
2.560000e-06	4.558779e-06	3.688177e-09	3.301090e+01	2.428346e+02
2.570000e-06	4.613429e-06	3.733491e-09	3.340664e+01	2.460730e+02
2.580000e-06	4.667838e-06	3.776523e-09	3.380062e+01	2.492516e+02
2.590000e-06	4.722013e-06	3.818930e-09	3.419291e+01	2.523698e+02
2.600000e-06	4.775861e-06	3.862446e-09	3.458283e+01	2.554267e+02
2.610000e-06	4.829329e-06	3.907109e-09	3.497001e+01	2.584219e+02
2.620000e-06	4.882441e-06	3.948230e-09	3.535460e+01	2.613547e+02
2.630000e-06	4.935184e-06	3.986551e-09	3.573652e+01	2.642248e+02
2.640000e-06	4.987558e-06	4.025723e-09	3.611576e+01	2.670321e+02
2.650000e-06	5.039541e-06	4.066302e-09	3.649218e+01	2.697767e+02
2.660000e-06	5.091084e-06	4.108328e-09	3.686542e+01	2.724589e+02
2.670000e-06	5.142142e-06	4.149294e-09	3.723513e+01	2.750794e+02
2.680000e-06	5.192647e-06	4.187289e-09	3.760085e+01	2.776393e+02
2.690000e-06	5.242532e-06	4.223870e-09	3.796207e+01	2.801399e+02
2.700000e-06	5.291888e-06	4.259490e-09	3.831947e+01	2.825828e+02
2.710000e-06	5.340795e-06	4.295708e-09	3.867362e+01	2.849700e+02
2.720000e-06	5.389279e-06	4.330650e-09	3.902470e+01	2.873035e+02
2.730000e-06	5.437434e-06	4.363924e-09	3.937340e+01	2.895858e+02
2.740000e-06	5.485200e-06	4.396079e-09	3.971928e+01	2.918193e+02
2.750000e-06	5.532595e-06	4.431398e-09	4.006247e+01	2.940065e+02
2.760000e-06	5.579669e-06	4.467232e-09	4.040334e+01	2.961502e+02
2.770000e-06	5.626281e-06	4.499298e-09	4.074087e+01	2.982528e+02
2.780000e-06	5.672534e-06	4.530888e-09	4.107579e+01	3.003169e+02
2.790000e-06	5.718465e-06	4.565753e-09	4.140839e+01	3.023446e+02
2.800000e-06	5.763899e-06	4.599177e-09	4.173739e+01	3.043381e+02
2.810000e-06	5.808837e-06	4.626350e-09	4.206279e+01	3.062992e+02
2.820000e-06	5.853411e-06	4.650390e-09	4.238556e+01	3.082293e+02
2.830000e-06	5.897636e-06	4.676183e-09	4.270580e+01	3.101298e+02
2.840000e-06	5.941569e-06	4.706444e-09	4.302392e+01	3.120012e+02
2.850000e-06	5.985298e-06	4.736286e-09	4.334058e+01	3.138441e+02
2.860000e-06	6.028771e-06	4.760960e-09	4.365537e+01	3.156586e+02
2.870000e-06	6.071861e-06	4.785267e-09	4.396739e+01	3.174444e+02
2.880000e-06	6.114369e-06	4.812290e-09	4.427520e+01	3.192008e+02
2.890000e-06	6.156181e-06	4.839803e-09	4.457797e+01	3.209271e+02
2.900000e-06	6.197264e-06	4.863835e-09	4.487546e+01	3.226221e+02
2.910000e-06	6.237675e-06	4.885685e-09	4.516808e+01	3.242846e+02
2.920000e-06	6.277714e-06	4.908550e-09	4.545800e+01	3.259131e+02
2.930000e-06	6.317474e-06	4.932796e-09	4.574592e+01	3.275063e+02
2.940000e-06	6.356785e-06	4.957664e-09	4.603058e+01	3.290628e+02
2.950000e-06	6.395715e-06	4.982593e-09	4.631248e+01	3.305811e+02
2.960000e-06	6.434369e-06	5.006659e-09	4.659237e+01	3.320603e+02
2.970000e-06	6.472579e-06	5.030787e-09	4.686906e+01	3.334992e+02
2.980000e-06	6.510257e-06	5.057391e-09	4.714189e+01	3.348973e+02
2.990000e-06	6.547417e-06	5.081942e-09	4.741098e+01	3.362541e+02
3.000000e-06	6.584161e-06	5.102008e-09	4.767704e+01	3.375696e+02
3.010000e-06	6.620514e-06	5.119506e-09	4.794028e+01	3.388441e+02
3.020000e-06	6.656536e-06	5.135602e-09	4.820113e+01	3.400783e+02
3.030000e-06	6.692279e-06	5.152951e-09	4.845995e+01	3.412733e+02
3.040000e-06	6.727544e-06	5.171047e-09	4.871531e+01	3.424304e+02
3.050000e-06	6.762292e-06	5.187270e-09	4.896692e+01	3.435514e+02
3.060000e-06	6.796369e-06	5.204558e-09	4.921368e+01	3.446383e+02
3.070000e-06	6.829571e-06	5.225508e-09	4.945410e+01	3.456933e+02
3.080000e-06	6.862089e-06	5.247190e-09	4.968957e+01	3.467187e+02
3.090000e-06	6.894160e-06	5.265277e-09	4.992180e+01	3.477171e+02
3.100000e-06	6.925931e-06	5.280516e-09	5.015186e+01	3.486910e+02
3.110000e-06	6.957409e-06	5.297578e-09	5.037979e+01	3.496428e+02
3.120000e-06	6.988328e-06	5.314874e-09	5.060369e+01	3.505748e+02
3.130000e-06	7.018750e-06	5.328832e-09	5.082398e+01	3.514893e+02
3.140000e-06	7.048801e-06	5.339996e-09	5.104158e+01	3.523881e+02
3.150000e-06	7.078353e-06	5.353280e-09	5.125558e+01	3.532727e+02
3.160000e-06	7.107411e-06	5.371150e-09	5.146599e+01	3.541445e+02
3.170000e-06	7.136003e-06	5.389769e-09	5.167303e+01	3.550043e+02
3.180000e-06	7.164117e-06	5.407740e-09	5.187661e+01	3.558524e+02
3.190000e-06	7.191894e-06	5.423909e-09	5.207774e+01	3.566889e+02
3.200000e-06	7.219386e-06	5.436114e-09	5.227682e+01	3.575133e+02
3.210000e-06	7.246382e-06	5.446118e-09	5.247230e+01	3.583249e+02
3.220000e-06	7.272577e-06	5.457182e-09	5.266198e+01	3.591224e+02
3.230000e-06	7.297845e-06	5.467533e-09	5.284495e+01	3.599043e+02
3.240000e-06	7.322340e-06	5.477265e-09	5.302233e+01	3.606688e+02
3.250000e-06	7.346346e-06	5.488668e-09	5.319616e+01	3.614140e+02
3.260000e-06	7.369957e-06	5.502932e-09	5.336713e+01	3.621378e+02
3.270000e-06	7.393099e-06	5.517057e-09	5.353470e+01	3.628381e+02
3.280000e-06	7.415750e-06	5.528938e-09	5.369872e+01	3.635127e+02
3.290000e-06	7.437941e-06	5.541138e-09	5.385941e+01	3.641599e+02
3.300000e-06	7.459634e-06	5.553107e-09	5.401650e+01	3.647779e+02
3.310000e-06	7.480802e-06	5.563609e-09	5.416977e+01	3.653652e+02
3.320000e-06	7.501465e-06	5.569786e-09	5.431940e+01	3.659208e+02
3.330000e-06	7.521648e-06	5.576259e-09	5.446555e+01	3.664442e+02
3.340000e-06	7.541495e-06	5.584430e-09	5.460926e+01	3.669350e+02
3.350000e-06	7.561016e-06	5.593212e-09	5.475062e+01	3.673937e+02
3.360000e-06	7.579993e-06	5.604010e-09	5.488803e+01	3.678211e+02
3.370000e-06	7.598293e-06	5.614711e-09	5.502055e+01	3.682185e+02
3.380000e-06	7.615970e-06	5.627488e-09	5.514855e+01	3.685877e+02
3.390000e-06	7.633142e-06	5.638800e-09	5.527290e+01	3.689311e+02
3.400000e-06	7.649857e-06	5.647765e-09	5.539393e+01	3.692512e+02
3.410000e-06	7.666107e-06	5.654580e-09	5.551160e+01	3.695511e+02
3.420000e-06	7.681723e-06	5.661319e-09	5.562468e+01	3.698340e+02
3.430000e-06	7.696599e-06	5.666806e-09	5.573240e+01	3.701032e+02
3.440000e-06	7.710858e-06	5.670189e-09	5.583565e+01	3.703623e+02
3.450000e-06	7.724543e-06	5.674517e-09	5.593474e+01	3.706145e+02
3.460000e-06	7.737641e-06	5.681571e-09	5.602959e+01	3.708631e+02
3.470000e-06	7.750148e-06	5.689640e-09	5.612015e+01	3.711111e+02
3.480000e-06	7.762159e-06	5.696978e-09	5.620713e+01	3.713609e+02
3.490000e-06	7.773737e-06	5.702412e-09	5.629097e+01	3.716147e+02
3.500000e-06	7.784648e-06	5.707862e-09	5.636998e+01	3.718740e+02
3.510000e-06	7.794681e-06	5.713135e-09	5.644262e+01	3.721399e+02
3.520000e-06	7.803810e-06	5.716073e-09	5.650873e+01	3.724125e+02
3.530000e-06	7.812192e-06	5.715942e-09	5.656943e+01	3.726915e+02
3.540000e-06	7.820093e-06	5.716860e-09	5.662664e+01	3.729758e+02
3.550000e-06	7.827690e-06	5.722427e-09	5.668165e+01	3.732635e+02
3.560000e-06	7.834917e-06	5.729538e-09	5.673398e+01	3.735521e+02
3.570000e-06	7.841528e-06	5.735647e-09	5.678185e+01	3.738385e+02
3.580000e-06	7.847564e-06	5.740011e-09	5.682556e+01	3.741192e+02
3.590000e-06	7.853050e-06	5.744619e-09	5.686528e+01	3.743900e+02
3.600000e-06	7.857900e-06	5.748833e-09	5.690041e+01	3.746464e+02
3.610000e-06	7.862153e-06	5.754660e-09	5.693121e+01	3.748837e+02
3.620000e-06	7.866034e-06	5.757616e-09	5.695931e+01	3.750973e+02
3.630000e-06	7.869638e-06	5.756167e-09	5.698540e+01	3.752823e+02
3.640000e-06	7.872738e-06	5.754560e-09	5.700785e+01	3.754343e+02
3.650000e-06	7.875071e-06	5.757842e-09	5.702474e+01	3.755489e+02
3.660000e-06	7.876556e-06	5.761458e-09	5.703550e+01	3.756225e+02
3.670000e-06	7.877265e-06	5.762349e-09	5.704063e+01	3.756519e+02
3.680000e-06	7.877385e-06	5.765414e-09	5.704150e+01	3.756345e+02
3.690000e-06	7.877173e-06	5.771772e-09	5.703997e+01	3.755688e+02
3.700000e-06	7.876608e-06	5.779087e-09	5.703588e+01	3.754538e+02
3.710000e-06	7.875486e-06	5.777694e-09	5.702775e+01	3.752898e+02
3.720000e-06	7.873754e-06	5.768396e-09	5.701521e+01	3.750777e+02
3.730000e-06	7.871612e-06	5.764271e-09	5.699970e+01	3.748197e+02
3.740000e-06	7.868953e-06	5.765568e-09	5.698045e+01	3.745188e+02
3.750000e-06	7.865667e-06	5.779011e-09	5.695665e+01	3.741789e+02
3.760000e-06	7.861981e-06	5.826710e-09	5.692996e+01	3.738048e+02
3.770000e-06	7.857963e-06	5.826400e-09	5.690086e+01	3.734019e+02
3.780000e-06	7.853513e-06	5.663751e-09	5.686864e+01	3.729765e+02
3.790000e-06	7.848216e-06	5.542783e-09	5.683028e+01	3.725352e+02
3.800000e-06	7.841517e-06	5.678060e-09	5.678177e+01	3.720849e+02
3.810000e-06	7.833716e-06	6.074008e-09	5.672529e+01	3.716330e+02
3.820000e-06	7.825798e-06	6.048835e-09	5.666795e+01	3.711865e+02
3.830000e-06	7.817922e-06	5.586683e-09	5.661092e+01	3.707525e+02
3.840000e-06	7.809474e-06	5.487163e-09	5.654974e+01	3.703378e+02
3.850000e-06	7.800113e-06	5.778409e-09	5.648196e+01	3.699487e+02
3.860000e-06	7.790499e-06	5.781526e-09	5.641235e+01	3.695907e+02
3.870000e-06	7.781024e-06	5.592290e-09	5.634374e+01	3.692687e+02
3.880000e-06	7.770694e-06	5.527188e-09	5.626893e+01	3.689867e+02
3.890000e-06	7.759231e-06	5.313955e-09	5.618593e+01	3.687475e+02
3.900000e-06	7.747584e-06	5.442786e-09	5.610159e+01	3.685530e+02
3.910000e-06	7.735875e-06	5.893708e-09	5.601680e+01	3.684040e+02
3.920000e-06	7.723070e-06	5.714000e-09	5.592408e+01	3.682999e+02
3.930000e-06	7.708954e-06	5.038166e-09	5.582187e+01	3.682393e+02
3.940000e-06	7.694493e-06	5.258039e-09	5.571715e+01	3.682195e+02
3.950000e-06	7.679600e-06	6.035717e-09	5.560931e+01	3.682366e+02
3.960000e-06	7.663763e-06	5.821476e-09	5.549463e+01	3.682859e+02
3.970000e-06	7.647320e-06	5.272661e-09	5.537556e+01	3.683619e+02
3.980000e-06	7.630480e-06	5.578629e-09	5.525362e+01	3.684582e+02
3.990000e-06	7.613270e-06	5.783214e-09	5.512900e+01	3.685680e+02
4.000000e-06	7.595478e-06	5.459195e-09	5.500017e+01	3.686838e+02
4.010000e-06	7.577044e-06	5.487917e-09	5.486668e+01	3.687982e+02
4.020000e-06	7.558146e-06	5.782785e-09	5.472983e+01	3.689034e+02
4.030000e-06	7.538904e-06	5.503492e-09	5.459050e+01	3.689917e+02
4.040000e-06	7.519164e-06	5.466837e-09	5.444756e+01	3.690560e+02
4.050000e-06	7.498949e-06	5.860450e-09	5.430118e+01	3.690893e+02
4.060000e-06	7.478419e-06	5.666965e-09	5.415252e+01	3.690852e+02
4.070000e-06	7.457115e-06	5.262284e-09	5.399825e+01	3.690381e+02
4.080000e-06	7.434825e-06	5.461612e-09	5.383685e+01	3.689431e+02
4.090000e-06	7.411981e-06	5.783132e-09	5.367143e+01	3.687963e+02
4.100000e-06	7.388737e-06	5.683075e-09	5.350311e+01	3.685947e+02
4.110000e-06	7.364799e-06	5.414572e-09	5.332978e+01	3.683363e+02
4.120000e-06	7.340359e-06	5.317303e-09	5.315280e+01	3.680202e+02
4.130000e-06	7.315576e-06	5.598215e-09	5.297335e+01	3.676465e+02
4.140000e-06	7.290294e-06	5.728441e-09	5.279027e+01	3.672160e+02
4.150000e-06	7.264411e-06	5.494720e-09	5.260285e+01	3.667308e+02
4.160000e-06	7.237934e-06	5.386284e-09	5.241112e+01	3.661935e+02
4.170000e-06	7.211103e-06	5.522207e-09	5.221684e+01	3.656077e+02
4.180000e-06	7.183872e-06	5.539079e-09	5.201966e+01	3.649774e+02
4.190000e-06	7.156115e-06	5.566318e-09	5.181866e+01	3.643071e+02
4.200000e-06	7.127912e-06	5.549718e-09	5.161444e+01	3.636018e+02
4.210000e-06	7.099331e-06	5.408152e-09	5.140748e+01	3.628665e+02
4.220000e-06	7.070259e-06	5.384985e-09	5.119696e+01	3.621063e+02
4.230000e-06	7.040513e-06	5.537807e-09	5.098156e+01	3.613263e+02
4.240000e-06	7.010072e-06	5.541155e-09	5.076114e+01	3.605314e+02
4.250000e-06	6.978929e-06	5.387756e-09	5.053562e+01	3.597260e+02
4.260000e-06	6.947101e-06	5.320310e-09	5.030515e+01	3.589142e+02
4.270000e-06	6.914832e-06	5.454504e-09	5.007149e+01	3.580996e+02
4.280000e-06	6.882210e-06	5.521470e-09	4.983527e+01	3.572849e+02
4.290000e-06	6.849130e-06	5.372930e-09	4.959573e+01	3.564726e+02
4.300000e-06	6.815593e-06	5.298636e-09	4.935288e+01	3.556641e+02
4.310000e-06	6.781689e-06	5.415039e-09	4.910738e+01	3.548603e+02
4.320000e-06	6.747343e-06	5.448153e-09	4.885867e+01	3.540615e+02
4.330000e-06	6.712472e-06	5.328021e-09	4.860617e+01	3.532670e+02
4.340000e-06	6.677149e-06	5.273290e-09	4.835039e+01	3.524759e+02
4.350000e-06	6.641393e-06	5.326394e-09	4.809147e+01	3.516864e+02
4.360000e-06	6.605237e-06	5.367862e-09	4.782966e+01	3.508965e+02
4.370000e-06	6.568655e-06	5.313758e-09	4.756476e+01	3.501037e+02
4.380000e-06	6.531557e-06	5.242070e-09	4.729613e+01	3.493051e+02
4.390000e-06	6.493912e-06	5.229699e-09	4.702354e+01	3.484979e+02
4.400000e-06	6.455695e-06	5.302649e-09	4.674680e+01	3.476789e+02
4.410000e-06	6.416823e-06	5.326820e-09	4.646532e+01	3.468452e+02
4.420000e-06	6.377374e-06	5.228489e-09	4.617966e+01	3.459938e+02
4.430000e-06	6.337423e-06	5.141639e-09	4.589037e+01	3.451222e+02
4.440000e-06	6.297040e-06	5.206519e-09	4.559795e+01	3.442278e+02
4.450000e-06	6.256385e-06	5.280025e-09	4.530356e+01	3.433087e+02
4.460000e-06	6.215451e-06	5.217454e-09	4.500715e+01	3.423632e+02
4.470000e-06	6.174046e-06	5.098363e-09	4.470733e+01	3.413902e+02
4.480000e-06	6.132092e-06	5.102317e-09	4.440353e+01	3.403889e+02
4.490000e-06	6.089691e-06	5.192631e-09	4.409650e+01	3.393591e+02
4.500000e-06	6.046953e-06	5.204841e-09	4.378703e+01	3.383011e+02
4.510000e-06	6.003812e-06	5.097272e-09	4.347463e+01	3.372155e+02
4.520000e-06	5.960248e-06	5.024587e-09	4.315918e+01	3.361034e+02
4.530000e-06	5.916274e-06	5.079273e-09	4.284076e+01	3.349661e+02
4.540000e-06	5.871955e-06	5.143966e-09	4.251984e+01	3.338055e+02
4.550000e-06	5.827375e-06	5.080972e-09	4.219703e+01	3.326233e+02
4.560000e-06	5.782428e-06	4.974375e-09	4.187156e+01	3.314218e+02
4.570000e-06	5.737127e-06	4.976405e-09	4.154352e+01	3.302028e+02
4.580000e-06	5.691528e-06	5.047650e-09	4.121333e+01	3.289687e+02
4.590000e-06	5.645492e-06	5.044018e-09	4.087998e+01	3.277213e+02
4.600000e-06	5.599009e-06	4.955252e-09	4.054339e+01	3.264625e+02
4.610000e-06	5.552089e-06	4.909767e-09	4.020363e+01	3.251939e+02
4.620000e-06	5.504651e-06	4.942904e-09	3.986012e+01	3.239169e+02
4.630000e-06	5.456746e-06	4.959748e-09	3.951324e+01	3.226323e+02
4.640000e-06	5.408405e-06	4.904624e-09	3.916319e+01	3.213410e+02
4.650000e-06	5.359770e-06	4.846813e-09	3.881102e+01	3.200430e+02
4.660000e-06	5.310768e-06	4.842115e-09	3.845618e+01	3.187382e+02
4.670000e-06	5.261244e-06	4.855284e-09	3.809757e+01	3.174262e+02
4.680000e-06	5.211301e-06	4.834589e-09	3.773593e+01	3.161060e+02
4.690000e-06	5.161058e-06	4.801023e-09	3.737211e+01	3.147764e+02
4.700000e-06	5.110445e-06	4.775750e-09	3.700562e+01	3.134359e+02
4.710000e-06	5.059395e-06	4.765907e-09	3.663595e+01	3.120826e+02
4.720000e-06	5.008013e-06	4.751032e-09	3.626389e+01	3.107148e+02
4.730000e-06	4.956397e-06	4.729428e-09	3.589013e+01	3.093301e+02
4.740000e-06	4.904387e-06	4.704239e-09	3.551351e+01	3.079265e+02
4.750000e-06	4.851830e-06	4.677863e-09	3.513294e+01	3.065019e+02
4.760000e-06	4.798792e-06	4.653287e-09	3.474888e+01	3.050541e+02
4.770000e-06	4.745307e-06	4.636298e-09	3.436158e+01	3.035812e+02
4.780000e-06	4.691373e-06	4.622988e-09	3.397104e+01	3.020814e+02
4.790000e-06	4.636939e-06	4.605285e-09	3.357687e+01	3.005530e+02
4.800000e-06	4.582173e-06	4.571861e-09	3.318030e+01	2.989949e+02
4.810000e-06	4.527022e-06	4.539700e-09	3.278094e+01	2.974060e+02
4.820000e-06	4.471356e-06	4.527062e-09	3.237786e+01	2.957855e+02
4.830000e-06	4.415301e-06	4.518904e-09	3.197195e+01	2.941331e+02
4.840000e-06	4.358998e-06	4.488941e-09	3.156425e+01	2.924487e+02
4.850000e-06	4.302472e-06	4.443404e-09	3.115494e+01	2.907325e+02
4.860000e-06	4.245668e-06	4.420000e-09	3.074361e+01	2.889850e+02
4.870000e-06	4.188591e-06	4.411558e-09	3.033031e+01	2.872069e+02
4.880000e-06	4.131280e-06	4.389381e-09	2.991531e+01	2.853992e+02
4.890000e-06	4.073757e-06	4.347896e-09	2.949878e+01	2.835628e+02
4.900000e-06	4.015897e-06	4.316347e-09	2.907980e+01	2.816990e+02
4.910000e-06	3.957706e-06	4.301577e-09	2.865843e+01	2.798089e+02
4.920000e-06	3.899256e-06	4.284510e-09	2.823518e+01	2.778937e+02
4.930000e-06	3.840530e-06	4.251179e-09	2.780994e+01	2.759546e+02
4.940000e-06	3.781612e-06	4.213526e-09	2.738331e+01	2.739926e+02
4.950000e-06	3.722497e-06	4.179851e-09	2.695524e+01	2.720084e+02
4.960000e-06	3.663123e-06	4.155630e-09	2.652530e+01	2.700028e+02
4.970000e-06	3.603469e-06	4.130107e-09	2.609334e+01	2.679762e+02
4.980000e-06	3.543592e-06	4.099927e-09	2.565976e+01	2.659286e+02
4.990000e-06	3.483583e-06	4.064981e-09	2.522522e+01	2.638601e+02
5.000000e-06	3.423283e-06	4.032805e-09	2.478858e+01	2.617701e+02
5.010000e-06	3.362606e-06	4.004284e-09	2.434921e+01	2.596581e+02
5.020000e-06	3.301681e-06	3.971581e-09	2.390804e+01	2.575232e+02
5.030000e-06	3.240542e-06	3.935790e-09	2.346532e+01	2.553641e+02
5.040000e-06	3.179214e-06	3.897470e-09	2.302124e+01	2.531796e+02
5.050000e-06	3.117713e-06	3.857621e-09	2.257589e+01	2.509682e+02
5.060000e-06	3.055898e-06	3.819495e-09	2.212828e+01	2.487283e+02
5.070000e-06	2.993727e-06	3.791528e-09	2.167810e+01	2.464582e+02
5.080000e-06	2.931332e-06	3.762691e-09	2.122628e+01	2.441562e+02
5.090000e-06	2.868771e-06	3.724987e-09	2.077327e+01	2.418206e+02
5.100000e-06	2.805906e-06	3.684024e-09	2.031805e+01	2.394500e+02
5.110000e-06	2.742875e-06	3.652459e-09	1.986163e+01	2.370427e+02
5.120000e-06	2.679703e-06	3.624074e-09	1.940419e+01	2.345976e+02
5.130000e-06	2.616247e-06	3.585973e-09	1.894470e+01	2.321135e+02
5.140000e-06	2.552591e-06	3.535438e-09	1.848375e+01	2.295895e+02
5.150000e-06	2.488686e-06	3.487263e-09	1.802101e+01	2.270251e+02
5.160000e-06	2.424555e-06	3.451426e-09	1.755662e+01	2.244199e+02
5.170000e-06	2.360258e-06	3.419776e-09	1.709104e+01	2.217738e+02
5.180000e-06	2.295751e-06	3.376628e-09	1.662393e+01	2.190869e+02
5.190000e-06	2.231044e-06	3.326144e-09	1.615538e+01	2.163595e+02
5.200000e-06	2.166189e-06	3.284578e-09	1.568575e+01	2.135924e+02
5.210000e-06	2.101242e-06	3.251157e-09	1.521546e+01	2.107861e+02
5.220000e-06	2.036197e-06	3.216470e-09	1.474445e+01	2.079418e+02
5.230000e-06	1.971089e-06	3.169452e-09	1.427299e+01	2.050603e+02
5.240000e-06	1.905905e-06	3.116061e-09	1.380099e+01	2.021427e+02
5.250000e-06	1.840624e-06	3.071146e-09	1.332828e+01	1.991901e+02
5.260000e-06	1.775236e-06	3.030397e-09	1.285479e+01	1.962036e+02
5.270000e-06	1.709710e-06	2.987348e-09	1.238030e+01	1.931841e+02
5.280000e-06	1.644055e-06	2.935285e-09	1.190488e+01	1.901325e+02
5.290000e-06	1.578264e-06	2.881346e-09	1.142848e+01	1.870494e+02
5.300000e-06	1.512311e-06	2.839781e-09	1.095090e+01	1.839352e+02
5.310000e-06	1.446254e-06	2.805964e-09	1.047258e+01	1.807904e+02
5.320000e-06	1.380131e-06	2.762650e-09	9.993769e+00	1.776148e+02
5.330000e-06	1.313906e-06	2.704531e-09	9.514217e+00	1.744083e+02
5.340000e-06	1.247602e-06	2.647503e-09	9.034099e+00	1.711704e+02
5.350000e-06	1.181169e-06	2.602243e-09	8.553051e+00	1.679005e+02
5.360000e-06	1.114657e-06	2.557832e-09	8.071424e+00	1.645974e+02
5.370000e-06	1.048130e-06	2.503469e-09	7.589689e+00	1.612602e+02
5.380000e-06	9.816190e-07	2.442794e-09	7.108072e+00	1.578875e+02
5.390000e-06	9.149661e-07	2.391366e-09	6.625427e+00	1.544778e+02
5.400000e-06	8.481988e-07	2.349635e-09	6.141954e+00	1.510295e+02
5.410000e-06	7.814267e-07	2.304354e-09	5.658446e+00	1.475411e+02
5.420000e-06	7.146259e-07	2.248633e-09	5.174729e+00	1.440107e+02
5.430000e-06	6.478273e-07	2.186390e-09	4.691029e+00	1.404367e+02
5.440000e-06	5.809292e-07	2.128615e-09	4.206608e+00	1.368176e+02
5.450000e-06	5.139746e-07	2.072513e-09	3.721779e+00	1.331517e+02
5.460000e-06	4.470432e-07	2.012068e-09	3.237117e+00	1.294377e+02
5.470000e-06	3.800128e-07	1.948304e-09	2.751738e+00	1.256742e+02
5.480000e-06	3.129231e-07	1.887533e-09	2.265930e+00	1.218601e+02
5.490000e-06	2.459458e-07	1.832120e-09	1.780936e+00	1.179945e+02
5.500000e-06	1.789176e-07	1.776920e-09	1.295573e+00	1.140765e+02
5.510000e-06	1.118133e-07	1.715628e-09	8.096597e-01	1.101056e+02
5.520000e-06	4.472661e-08	1.651338e-09	3.238731e-01	1.060812e+02
5.530000e-06	-2.235873e-08	1.586364e-09	-1.619034e-01	1.020032e+02
5.540000e-06	-8.940116e-08	1.521513e-09	-6.473692e-01	9.787126e+01
5.550000e-06	-1.564083e-07	1.456930e-09	-1.132579e+00	9.368536e+01
5.560000e-06	-2.234255e-07	1.391094e-09	-1.617862e+00	8.944552e+01
5.570000e-06	-2.904491e-07	1.323930e-09	-2.103192e+00	8.515176e+01
5.580000e-06	-3.574147e-07	1.259016e-09	-2.588102e+00	8.080415e+01
5.590000e-06	-4.243812e-07	1.196853e-09	-3.073018e+00	7.640275e+01
5.600000e-06	-4.913869e-07	1.135525e-09	-3.558217e+00	7.194754e+01
5.610000e-06	-5.583667e-07	1.069701e-09	-4.043229e+00	6.743847e+01
5.620000e-06	-6.253086e-07	9.995837e-10	-4.527967e+00	6.287539e+01
5.630000e-06	-6.921982e-07	9.294023e-10	-5.012327e+00	5.825808e+01
5.640000e-06	-7.590381e-07	8.581688e-10	-5.496325e+00	5.358620e+01
5.650000e-06	-8.258085e-07	7.832524e-10	-5.979821e+00	4.885934e+01
5.660000e-06	-8.925106e-07	7.043313e-10	-6.462823e+00	4.407702e+01
5.670000e-06	-9.591989e-07	6.262071e-10	-6.945724e+00	3.923871e+01
5.680000e-06	-1.025883e-06	5.537727e-10	-7.428596e+00	3.434385e+01
5.690000e-06	-1.092430e-06	4.828419e-10	-7.910473e+00	2.939192e+01
5.700000e-06	-1.158893e-06	4.078153e-10	-8.391744e+00	2.438247e+01
5.710000e-06	-1.225249e-06	3.313171e-10	-8.872238e+00	1.931517e+01
5.720000e-06	-1.291435e-06	2.552432e-10	-9.351504e+00	1.418989e+01
5.730000e-06	-1.357658e-06	1.767667e-10	-9.831035e+00	9.006724e+00
5.740000e-06	-1.423832e-06	9.409712e-11	-1.031021e+01	3.766086e+00
5.750000e-06	-1.489780e-06	9.076010e-12	-1.078775e+01	-1.531248e+00
5.760000e-06	-1.555570e-06	-7.587190e-11	-1.126415e+01	-6.884073e+00
5.770000e-06	-1.621245e-06	-1.594591e-10	-1.173971e+01	-1.229071e+01
5.780000e-06	-1.686789e-06	-2.447885e-10	-1.221433e+01	-1.774896e+01
5.790000e-06	-1.752171e-06	-3.269156e-10	-1.268777e+01	-2.325606e+01
5.800000e-06	-1.817361e-06	-4.071350e-10	-1.315982e+01	-2.880866e+01
5.810000e-06	-1.882485e-06	-4.894908e-10	-1.363140e+01	-3.440283e+01
5.820000e-06	-1.947580e-06	-5.745520e-10	-1.410276e+01	-4.003401e+01
5.830000e-06	-2.012604e-06	-6.650425e-10	-1.457361e+01	-4.569708e+01
5.840000e-06	-2.077548e-06	-7.550922e-10	-1.504388e+01	-5.138636e+01
5.850000e-06	-2.142402e-06	-8.410579e-10	-1.551350e+01	-5.709562e+01
5.860000e-06	-2.207141e-06	-9.296259e-10	-1.598229e+01	-6.281820e+01
5.870000e-06	-2.271745e-06	-1.021793e-09	-1.645009e+01	-6.854701e+01
5.880000e-06	-2.336208e-06	-1.111231e-09	-1.691689e+01	-7.427467e+01
5.890000e-06	-2.400597e-06	-1.195080e-09	-1.738313e+01	-7.999354e+01
5.900000e-06	-2.464820e-06	-1.277276e-09	-1.784818e+01	-8.569585e+01
5.910000e-06	-2.528754e-06	-1.364387e-09	-1.831115e+01	-9.137377e+01
5.920000e-06	-2.592457e-06	-1.452378e-09	-1.877243e+01	-9.701957e+01
5.930000e-06	-2.655948e-06	-1.536667e-09	-1.923217e+01	-1.026257e+02
5.940000e-06	-2.719239e-06	-1.621277e-09	-1.969047e+01	-1.081847e+02
5.950000e-06	-2.782240e-06	-1.706634e-09	-2.014668e+01	-1.136898e+02
5.960000e-06	-2.844870e-06	-1.792278e-09	-2.060019e+01	-1.191344e+02
5.970000e-06	-2.907268e-06	-1.874183e-09	-2.105203e+01	-1.245126e+02
5.980000e-06	-2.969467e-06	-1.950209e-09	-2.150242e+01	-1.298190e+02
5.990000e-06	-3.031389e-06	-2.024252e-09	-2.195081e+01	-1.350490e+02
6.000000e-06	-3.093083e-06	-2.100024e-09	-2.239754e+01	-1.401986e+02
6.010000e-06	-3.154618e-06	-2.181336e-09	-2.284313e+01	-1.452645e+02
6.020000e-06	-3.215948e-06	-2.258235e-09	-2.328723e+01	-1.502443e+02
6.030000e-06	-3.276952e-06	-2.330950e-09	-2.372898e+01	-1.551363e+02
6.040000e-06	-3.337776e-06	-2.405846e-09	-2.416941e+01	-1.599395e+02
6.050000e-06	-3.398344e-06	-2.485140e-09	-2.460800e+01	-1.646534e+02
6.060000e-06	-3.458559e-06	-2.561985e-09	-2.504402e+01	-1.692785e+02
6.070000e-06	-3.518608e-06	-2.631174e-09	-2.547885e+01	-1.738157e+02
6.080000e-06	-3.578449e-06	-2.695057e-09	-2.591216e+01	-1.782663e+02
6.090000e-06	-3.638005e-06	-2.763025e-09	-2.634342e+01	-1.826322e+02
6.100000e-06	-3.697301e-06	-2.833811e-09	-2.677280e+01	-1.869156e+02
6.110000e-06	-3.756436e-06	-2.903118e-09	-2.720100e+01	-1.911189e+02
6.120000e-06	-3.815415e-06	-2.963614e-09	-2.762808e+01	-1.952447e+02
6.130000e-06	-3.874158e-06	-3.024432e-09	-2.805345e+01	-1.992957e+02
6.140000e-06	-3.932599e-06	-3.091218e-09	-2.847662e+01	-2.032745e+02
6.150000e-06	-3.990701e-06	-3.158009e-09	-2.889735e+01	-2.071836e+02
6.160000e-06	-4.048439e-06	-3.222347e-09	-2.931544e+01	-2.110255e+02
6.170000e-06	-4.105852e-06	-3.281642e-09	-2.973118e+01	-2.148023e+02
6.180000e-06	-4.163009e-06	-3.339964e-09	-3.014506e+01	-2.185160e+02
6.190000e-06	-4.219945e-06	-3.398199e-09	-3.055735e+01	-2.221680e+02
6.200000e-06	-4.276676e-06	-3.455857e-09	-3.096814e+01	-2.257597e+02
6.210000e-06	-4.333145e-06	-3.509612e-09	-3.137705e+01	-2.292920e+02
6.220000e-06	-4.389374e-06	-3.563411e-09	-3.178421e+01	-2.327656e+02
6.230000e-06	-4.445336e-06	-3.617883e-09	-3.218944e+01	-2.361805e+02
6.240000e-06	-4.500917e-06	-3.672431e-09	-3.259192e+01	-2.395370e+02
6.250000e-06	-4.556113e-06	-3.725865e-09	-3.299160e+01	-2.428346e+02
6.260000e-06	-4.610844e-06	-3.779917e-09	-3.338792e+01	-2.460730e+02
6.270000e-06	-4.665183e-06	-3.831767e-09	-3.378140e+01	-2.492516e+02
6.280000e-06	-4.719109e-06	-3.881066e-09	-3.417188e+01	-2.523698e+02
6.290000e-06	-4.772501e-06	-3.925792e-09	-3.455850e+01	-2.554267e+02
6.300000e-06	-4.825451e-06	-3.971515e-09	-3.494192e+01	-2.584219e+02
6.310000e-06	-4.878015e-06	-4.017075e-09	-3.532255e+01	-2.613547e+02
6.320000e-06	-4.930158e-06	-4.061287e-09	-3.570012e+01	-2.642248e+02
6.330000e-06	-4.981832e-06	-4.104196e-09	-3.607430e+01	-2.670321e+02
6.340000e-06	-5.033186e-06	-4.149066e-09	-3.644617e+01	-2.697767e+02
6.350000e-06	-5.084172e-06	-4.195569e-09	-3.681537e+01	-2.724589e+02
6.360000e-06	-5.134809e-06	-4.240634e-09	-3.718204e+01	-2.750794e+02
6.370000e-06	-5.185068e-06	-4.281901e-09	-3.754597e+01	-2.776393e+02
6.380000e-06	-5.234785e-06	-4.320354e-09	-3.790598e+01	-2.801399e+02
6.390000e-06	-5.283934e-06	-4.357141e-09	-3.826188e+01	-2.825828e+02
6.400000e-06	-5.332589e-06	-4.393039e-09	-3.861419e+01	-2.849700e+02
6.410000e-06	-5.380864e-06	-4.428874e-09	-3.896376e+01	-2.873035e+02
6.420000e-06	-5.428691e-06	-4.463229e-09	-3.931009e+01	-2.895858e+02
6.430000e-06	-5.476119e-06	-4.496851e-09	-3.965352e+01	-2.918193e+02
6.440000e-06	-5.523103e-06	-4.531435e-09	-3.999374e+01	-2.940065e+02
6.450000e-06	-5.569730e-06	-4.569188e-09	-4.033138e+01	-2.961502e+02
6.460000e-06	-5.615995e-06	-4.604728e-09	-4.066638e+01	-2.982528e+02
6.470000e-06	-5.661801e-06	-4.636974e-09	-4.099807e+01	-3.003169e+02
6.480000e-06	-5.707249e-06	-4.667630e-09	-4.132717e+01	-3.023446e+02
6.490000e-06	-5.752332e-06	-4.697005e-09	-4.165363e+01	-3.043381e+02
6.500000e-06	-5.797155e-06	-4.727402e-09	-4.197820e+01	-3.062992e+02
6.510000e-06	-5.841663e-06	-4.757496e-09	-4.230048e+01	-3.082293e+02
6.520000e-06	-5.885803e-06	-4.787056e-09	-4.262011e+01	-3.101298e+02
6.530000e-06	-5.929572e-06	-4.818007e-09	-4.293705e+01	-3.120012e+02
6.540000e-06	-5.973025e-06	-4.849995e-09	-4.325170e+01	-3.138441e+02
6.550000e-06	-6.016175e-06	-4.880393e-09	-4.356416e+01	-3.156586e+02
6.560000e-06	-6.058922e-06	-4.907913e-09	-4.387369e+01	-3.174444e+02
6.570000e-06	-6.101233e-06	-4.934839e-09	-4.418008e+01	-3.192008e+02
6.580000e-06	-6.143092e-06	-4.958677e-09	-4.448319e+01	-3.209271e+02
6.590000e-06	-6.184517e-06	-4.981392e-09	-4.478315e+01	-3.226221e+02
6.600000e-06	-6.225501e-06	-5.002986e-09	-4.507993e+01	-3.242846e+02
6.610000e-06	-6.266122e-06	-5.025346e-09	-4.537407e+01	-3.259131e+02
6.620000e-06	-6.306493e-06	-5.044982e-09	-4.566640e+01	-3.275063e+02
6.630000e-06	-6.346507e-06	-5.064791e-09	-4.595615e+01	-3.290628e+02
6.640000e-06	-6.386047e-06	-5.088693e-09	-4.624246e+01	-3.305811e+02
6.650000e-06	-6.425179e-06	-5.114028e-09	-4.652583e+01	-3.320603e+02
6.660000e-06	-6.463685e-06	-5.136470e-09	-4.680466e+01	-3.334992e+02
6.670000e-06	-6.501430e-06	-5.155018e-09	-4.707797e+01	-3.348973e+02
6.680000e-06	-6.538573e-06	-5.173450e-09	-4.734693e+01	-3.362541e+02
6.690000e-06	-6.575247e-06	-5.193537e-09	-4.761249e+01	-3.375696e+02
6.700000e-06	-6.611515e-06	-5.212229e-09	-4.787512e+01	-3.388441e+02
6.710000e-06	-6.647463e-06	-5.228160e-09	-4.813542e+01	-3.400783e+02
6.720000e-06	-6.683003e-06	-5.244006e-09	-4.839278e+01	-3.412733e+02
6.730000e-06	-6.717980e-06	-5.261437e-09	-4.864605e+01	-3.424304e+02
6.740000e-06	-6.752566e-06	-5.280998e-09	-4.889649e+01	-3.435514e+02
6.750000e-06	-6.786780e-06	-5.300848e-09	-4.914424e+01	-3.446383e+02
6.760000e-06	-6.820446e-06	-5.319588e-09	-4.938803e+01	-3.456933e+02
6.770000e-06	-6.853555e-06	-5.337835e-09	-4.962777e+01	-3.467187e+02
6.780000e-06	-6.886266e-06	-5.353028e-09	-4.986464e+01	-3.477171e+02
6.790000e-06	-6.918692e-06	-5.365974e-09	-5.009944e+01	-3.486910e+02
6.800000e-06	-6.950733e-06	-5.380608e-09	-5.033146e+01	-3.496428e+02
6.810000e-06	-6.982231e-06	-5.391982e-09	-5.055953e+01	-3.505748e+02
6.820000e-06	-7.013124e-06	-5.401095e-09	-5.078324e+01	-3.514893e+02
6.830000e-06	-7.043269e-06	-5.411429e-09	-5.100152e+01	-3.523881e+02
6.840000e-06	-7.072640e-06	-5.425223e-09	-5.121421e+01	-3.532727e+02
6.850000e-06	-7.101393e-06	-5.439537e-09	-5.142241e+01	-3.541445e+02
6.860000e-06	-7.129716e-06	-5.452363e-09	-5.162750e+01	-3.550043e+02
6.870000e-06	-7.157762e-06	-5.465134e-09	-5.183058e+01	-3.558524e+02
6.880000e-06	-7.185314e-06	-5.478331e-09	-5.203010e+01	-3.566889e+02
6.890000e-06	-7.212293e-06	-5.488182e-09	-5.222545e+01	-3.575133e+02
6.900000e-06	-7.238852e-06	-5.494131e-09	-5.241777e+01	-3.583249e+02
6.910000e-06	-7.264971e-06	-5.498265e-09	-5.260690e+01	-3.591224e+02
6.920000e-06	-7.290553e-06	-5.506405e-09	-5.279215e+01	-3.599043e+02
6.930000e-06	-7.315543e-06	-5.516042e-09	-5.297311e+01	-3.606688e+02
6.940000e-06	-7.340100e-06	-5.523705e-09	-5.315093e+01	-3.614140e+02
6.950000e-06	-7.364367e-06	-5.531175e-09	-5.332665e+01	-3.621378e+02
6.960000e-06	-7.388296e-06	-5.540730e-09	-5.349992e+01	-3.628381e+02
6.970000e-06	-7.411682e-06	-5.552749e-09	-5.366927e+01	-3.635127e+02
6.980000e-06	-7.434309e-06	-5.561582e-09	-5.383311e+01	-3.641599e+02
6.990000e-06	-7.456051e-06	-5.566927e-09	-5.399055e+01	-3.647779e+02
7.000000e-06	-7.476954e-06	-5.571745e-09	-5.414191e+01	-3.653652e+02
7.010000e-06	-7.497383e-06	-5.578326e-09	-5.428984e+01	-3.659208e+02
7.020000e-06	-7.517548e-06	-5.585196e-09	-5.443586e+01	-3.664442e+02
7.030000e-06	-7.537370e-06	-5.591178e-09	-5.457939e+01	-3.669350e+02
7.040000e-06	-7.556696e-06	-5.596101e-09	-5.471934e+01	-3.673937e+02
7.050000e-06	-7.575456e-06	-5.603405e-09	-5.485518e+01	-3.678211e+02
7.060000e-06	-7.593723e-06	-5.610605e-09	-5.498746e+01	-3.682185e+02
7.070000e-06	-7.611454e-06	-5.615650e-09	-5.511585e+01	-3.685877e+02
7.080000e-06	-7.628633e-06	-5.618964e-09	-5.524025e+01	-3.689311e+02
7.090000e-06	-7.645322e-06	-5.622866e-09	-5.536109e+01	-3.692512e+02
7.100000e-06	-7.661626e-06	-5.627397e-09	-5.547915e+01	-3.695511e+02
7.110000e-06	-7.677567e-06	-5.629986e-09	-5.559459e+01	-3.698340e+02
7.120000e-06	-7.692909e-06	-5.632406e-09	-5.570568e+01	-3.701032e+02
7.130000e-06	-7.707344e-06	-5.635126e-09	-5.581020e+01	-3.703623e+02
7.140000e-06	-7.720805e-06	-5.637232e-09	-5.590768e+01	-3.706145e+02
7.150000e-06	-7.733549e-06	-5.640877e-09	-5.599996e+01	-3.708631e+02
7.160000e-06	-7.745819e-06	-5.645718e-09	-5.608881e+01	-3.711111e+02
7.170000e-06	-7.757570e-06	-5.650264e-09	-5.617390e+01	-3.713609e+02
7.180000e-06	-7.768671e-06	-5.654351e-09	-5.625428e+01	-3.716147e+02
7.190000e-06	-7.779186e-06	-5.657811e-09	-5.633043e+01	-3.718740e+02
7.200000e-06	-7.789312e-06	-5.659354e-09	-5.640375e+01	-3.721399e+02
7.210000e-06	-7.798995e-06	-5.659668e-09	-5.647387e+01	-3.724125e+02
7.220000e-06	-7.808047e-06	-5.661354e-09	-5.653941e+01	-3.726915e+02
7.230000e-06	-7.816574e-06	-5.661501e-09	-5.660116e+01	-3.729758e+02
7.240000e-06	-7.824759e-06	-5.661997e-09	-5.666043e+01	-3.732635e+02
7.250000e-06	-7.832550e-06	-5.664458e-09	-5.671684e+01	-3.735521e+02
7.260000e-06	-7.839661e-06	-5.668205e-09	-5.676834e+01	-3.738385e+02
7.270000e-06	-7.845869e-06	-5.670255e-09	-5.681329e+01	-3.741192e+02
7.280000e-06	-7.851139e-06	-5.671495e-09	-5.685145e+01	-3.743900e+02
7.290000e-06	-7.855797e-06	-5.673265e-09	-5.688518e+01	-3.746464e+02
7.300000e-06	-7.860181e-06	-5.672717e-09	-5.691692e+01	-3.748837e+02
7.310000e-06	-7.864219e-06	-5.669983e-09	-5.694616e+01	-3.750973e+02
7.320000e-06	-7.867733e-06	-5.666336e-09	-5.697161e+01	-3.752823e+02
7.330000e-06	-7.870641e-06	-5.664582e-09	-5.699267e+01	-3.754343e+02
7.340000e-06	-7.873025e-06	-5.664047e-09	-5.700993e+01	-3.755489e+02
7.350000e-06	-7.875049e-06	-5.663307e-09	-5.702458e+01	-3.756225e+02
7.360000e-06	-7.876393e-06	-5.663598e-09	-5.703432e+01	-3.756519e+02
7.370000e-06	-7.877115e-06	-5.664932e-09	-5.703954e+01	-3.756345e+02
