# Temperatura_=_20.0
# Concentracion g/m^3_=_9000.0
# C_Vs_to_Am_M_A/Vsm_=_65563218390.804596
# pendiente_HvsI_1/m_=_3716.3
# ordenada_HvsI_A/m_=_1297.0
# frecuencia_Hz_=_135480.21085171963

Tiempo_(s)	Campo_(V.s)	Magnetizacion_(V.s)	Campo_(kA/m)	Magnetizacion_(A/m)
0.000000e+00	-7.971001e-06	-4.812133e-09	-5.691485e+01	-3.190733e+02
1.000000e-08	-7.971207e-06	-4.807343e-09	-5.691632e+01	-3.189830e+02
2.000000e-08	-7.971014e-06	-4.804686e-09	-5.691495e+01	-3.188834e+02
3.000000e-08	-7.970297e-06	-4.806881e-09	-5.690983e+01	-3.187766e+02
4.000000e-08	-7.968836e-06	-4.811188e-09	-5.689940e+01	-3.186645e+02
5.000000e-08	-7.966403e-06	-4.809650e-09	-5.688203e+01	-3.185495e+02
6.000000e-08	-7.963161e-06	-4.806873e-09	-5.685888e+01	-3.184341e+02
7.000000e-08	-7.959531e-06	-4.800981e-09	-5.683296e+01	-3.183208e+02
8.000000e-08	-7.955665e-06	-4.779646e-09	-5.680535e+01	-3.182125e+02
9.000000e-08	-7.951427e-06	-4.754063e-09	-5.677510e+01	-3.181118e+02
1.000000e-07	-7.946498e-06	-4.805967e-09	-5.673990e+01	-3.180215e+02
1.100000e-07	-7.940680e-06	-4.931043e-09	-5.669836e+01	-3.179444e+02
1.200000e-07	-7.933895e-06	-4.964574e-09	-5.664991e+01	-3.178829e+02
1.300000e-07	-7.926395e-06	-4.772660e-09	-5.659636e+01	-3.178394e+02
1.400000e-07	-7.918661e-06	-4.518013e-09	-5.654114e+01	-3.178159e+02
1.500000e-07	-7.910786e-06	-4.700011e-09	-5.648490e+01	-3.178144e+02
1.600000e-07	-7.902515e-06	-5.090390e-09	-5.642585e+01	-3.178361e+02
1.700000e-07	-7.893732e-06	-4.966427e-09	-5.636314e+01	-3.178819e+02
1.800000e-07	-7.884396e-06	-4.598579e-09	-5.629647e+01	-3.179523e+02
1.900000e-07	-7.874064e-06	-4.652550e-09	-5.622270e+01	-3.180473e+02
2.000000e-07	-7.862710e-06	-4.898744e-09	-5.614163e+01	-3.181662e+02
2.100000e-07	-7.850891e-06	-5.031184e-09	-5.605724e+01	-3.183078e+02
2.200000e-07	-7.838714e-06	-4.940728e-09	-5.597030e+01	-3.184704e+02
2.300000e-07	-7.825693e-06	-4.677702e-09	-5.587732e+01	-3.186515e+02
2.400000e-07	-7.811893e-06	-4.635924e-09	-5.577879e+01	-3.188484e+02
2.500000e-07	-7.797807e-06	-5.059728e-09	-5.567821e+01	-3.190576e+02
2.600000e-07	-7.783064e-06	-5.213573e-09	-5.557294e+01	-3.192752e+02
2.700000e-07	-7.767065e-06	-4.755144e-09	-5.545870e+01	-3.194971e+02
2.800000e-07	-7.750328e-06	-4.627075e-09	-5.533920e+01	-3.197187e+02
2.900000e-07	-7.733405e-06	-5.103406e-09	-5.521836e+01	-3.199353e+02
3.000000e-07	-7.715963e-06	-5.206143e-09	-5.509382e+01	-3.201417e+02
3.100000e-07	-7.697950e-06	-4.825670e-09	-5.496520e+01	-3.203332e+02
3.200000e-07	-7.679475e-06	-4.822200e-09	-5.483329e+01	-3.205048e+02
3.300000e-07	-7.660379e-06	-5.105153e-09	-5.469694e+01	-3.206518e+02
3.400000e-07	-7.640753e-06	-5.096522e-09	-5.455681e+01	-3.207696e+02
3.500000e-07	-7.620853e-06	-5.019957e-09	-5.441472e+01	-3.208541e+02
3.600000e-07	-7.600612e-06	-5.020017e-09	-5.427019e+01	-3.209018e+02
3.700000e-07	-7.579800e-06	-4.859796e-09	-5.412159e+01	-3.209093e+02
3.800000e-07	-7.558433e-06	-4.925232e-09	-5.396902e+01	-3.208744e+02
3.900000e-07	-7.536619e-06	-5.152836e-09	-5.381326e+01	-3.207950e+02
4.000000e-07	-7.514240e-06	-5.027439e-09	-5.365347e+01	-3.206701e+02
4.100000e-07	-7.491229e-06	-4.742066e-09	-5.348917e+01	-3.204992e+02
4.200000e-07	-7.467763e-06	-4.878228e-09	-5.332161e+01	-3.202827e+02
4.300000e-07	-7.443956e-06	-5.138612e-09	-5.315163e+01	-3.200217e+02
4.400000e-07	-7.419597e-06	-5.018464e-09	-5.297770e+01	-3.197179e+02
4.500000e-07	-7.394448e-06	-4.740962e-09	-5.279813e+01	-3.193737e+02
4.600000e-07	-7.368692e-06	-4.852556e-09	-5.261423e+01	-3.189921e+02
4.700000e-07	-7.342395e-06	-5.097080e-09	-5.242646e+01	-3.185768e+02
4.800000e-07	-7.315337e-06	-4.965036e-09	-5.223326e+01	-3.181315e+02
4.900000e-07	-7.287691e-06	-4.751582e-09	-5.203585e+01	-3.176607e+02
5.000000e-07	-7.259775e-06	-4.865609e-09	-5.183653e+01	-3.171687e+02
5.100000e-07	-7.231515e-06	-4.981455e-09	-5.163475e+01	-3.166602e+02
5.200000e-07	-7.202691e-06	-4.899645e-09	-5.142894e+01	-3.161397e+02
5.300000e-07	-7.173306e-06	-4.847686e-09	-5.121912e+01	-3.156117e+02
5.400000e-07	-7.143438e-06	-4.842886e-09	-5.100586e+01	-3.150803e+02
5.500000e-07	-7.113127e-06	-4.847515e-09	-5.078943e+01	-3.145494e+02
5.600000e-07	-7.082318e-06	-4.904203e-09	-5.056945e+01	-3.140224e+02
5.700000e-07	-7.050951e-06	-4.894753e-09	-5.034547e+01	-3.135020e+02
5.800000e-07	-7.019204e-06	-4.782237e-09	-5.011880e+01	-3.129906e+02
5.900000e-07	-6.987132e-06	-4.780634e-09	-4.988980e+01	-3.124897e+02
6.000000e-07	-6.954597e-06	-4.871354e-09	-4.965748e+01	-3.120003e+02
6.100000e-07	-6.921475e-06	-4.867430e-09	-4.942099e+01	-3.115227e+02
6.200000e-07	-6.887532e-06	-4.764601e-09	-4.917863e+01	-3.110564e+02
6.300000e-07	-6.852775e-06	-4.737976e-09	-4.893046e+01	-3.106003e+02
6.400000e-07	-6.817481e-06	-4.815963e-09	-4.867844e+01	-3.101527e+02
6.500000e-07	-6.781834e-06	-4.853886e-09	-4.842391e+01	-3.097113e+02
6.600000e-07	-6.745847e-06	-4.757618e-09	-4.816697e+01	-3.092736e+02
6.700000e-07	-6.709407e-06	-4.702676e-09	-4.790677e+01	-3.088362e+02
6.800000e-07	-6.672521e-06	-4.771481e-09	-4.764340e+01	-3.083959e+02
6.900000e-07	-6.635100e-06	-4.804798e-09	-4.737620e+01	-3.079491e+02
7.000000e-07	-6.597192e-06	-4.732035e-09	-4.710553e+01	-3.074922e+02
7.100000e-07	-6.558854e-06	-4.699436e-09	-4.683179e+01	-3.070215e+02
7.200000e-07	-6.520016e-06	-4.726973e-09	-4.655447e+01	-3.065337e+02
7.300000e-07	-6.480821e-06	-4.736304e-09	-4.627461e+01	-3.060256e+02
7.400000e-07	-6.441355e-06	-4.721602e-09	-4.599282e+01	-3.054943e+02
7.500000e-07	-6.401653e-06	-4.691465e-09	-4.570933e+01	-3.049376e+02
7.600000e-07	-6.361567e-06	-4.656801e-09	-4.542311e+01	-3.043535e+02
7.700000e-07	-6.320861e-06	-4.673525e-09	-4.513246e+01	-3.037406e+02
7.800000e-07	-6.279498e-06	-4.703822e-09	-4.483712e+01	-3.030984e+02
7.900000e-07	-6.237492e-06	-4.664281e-09	-4.453719e+01	-3.024265e+02
8.000000e-07	-6.194842e-06	-4.608914e-09	-4.423265e+01	-3.017256e+02
8.100000e-07	-6.151649e-06	-4.624976e-09	-4.392424e+01	-3.009966e+02
8.200000e-07	-6.108051e-06	-4.661050e-09	-4.361294e+01	-3.002411e+02
8.300000e-07	-6.064086e-06	-4.632084e-09	-4.329903e+01	-2.994612e+02
8.400000e-07	-6.019777e-06	-4.578641e-09	-4.298265e+01	-2.986593e+02
8.500000e-07	-5.975067e-06	-4.571355e-09	-4.266341e+01	-2.978382e+02
8.600000e-07	-5.929859e-06	-4.598791e-09	-4.234061e+01	-2.970009e+02
8.700000e-07	-5.884259e-06	-4.587121e-09	-4.201502e+01	-2.961506e+02
8.800000e-07	-5.838362e-06	-4.538217e-09	-4.168730e+01	-2.952903e+02
8.900000e-07	-5.792162e-06	-4.512768e-09	-4.135742e+01	-2.944232e+02
9.000000e-07	-5.745626e-06	-4.529008e-09	-4.102515e+01	-2.935521e+02
9.100000e-07	-5.698668e-06	-4.531316e-09	-4.068985e+01	-2.926796e+02
9.200000e-07	-5.651270e-06	-4.502699e-09	-4.035142e+01	-2.918079e+02
9.300000e-07	-5.603425e-06	-4.470593e-09	-4.000980e+01	-2.909387e+02
9.400000e-07	-5.555017e-06	-4.459180e-09	-3.966415e+01	-2.900735e+02
9.500000e-07	-5.506093e-06	-4.459989e-09	-3.931482e+01	-2.892127e+02
9.600000e-07	-5.456681e-06	-4.450362e-09	-3.896201e+01	-2.883567e+02
9.700000e-07	-5.406610e-06	-4.416255e-09	-3.860449e+01	-2.875049e+02
9.800000e-07	-5.355899e-06	-4.388302e-09	-3.824240e+01	-2.866564e+02
9.900000e-07	-5.304693e-06	-4.387381e-09	-3.787678e+01	-2.858096e+02
1.000000e-06	-5.253054e-06	-4.386532e-09	-3.750806e+01	-2.849625e+02
1.010000e-06	-5.200935e-06	-4.358004e-09	-3.713592e+01	-2.841127e+02
1.020000e-06	-5.148378e-06	-4.331864e-09	-3.676065e+01	-2.832573e+02
1.030000e-06	-5.095503e-06	-4.328298e-09	-3.638311e+01	-2.823932e+02
1.040000e-06	-5.042371e-06	-4.326669e-09	-3.600374e+01	-2.815174e+02
1.050000e-06	-4.988943e-06	-4.308299e-09	-3.562225e+01	-2.806264e+02
1.060000e-06	-4.935137e-06	-4.284463e-09	-3.523806e+01	-2.797171e+02
1.070000e-06	-4.880934e-06	-4.270056e-09	-3.485104e+01	-2.787864e+02
1.080000e-06	-4.826355e-06	-4.258530e-09	-3.446133e+01	-2.778314e+02
1.090000e-06	-4.771482e-06	-4.241806e-09	-3.406952e+01	-2.768496e+02
1.100000e-06	-4.716289e-06	-4.220459e-09	-3.367543e+01	-2.758388e+02
1.110000e-06	-4.660800e-06	-4.202948e-09	-3.327923e+01	-2.747976e+02
1.120000e-06	-4.605036e-06	-4.189119e-09	-3.288106e+01	-2.737246e+02
1.130000e-06	-4.549026e-06	-4.174586e-09	-3.248113e+01	-2.726193e+02
1.140000e-06	-4.492800e-06	-4.155061e-09	-3.207966e+01	-2.714816e+02
1.150000e-06	-4.436262e-06	-4.136122e-09	-3.167597e+01	-2.703121e+02
1.160000e-06	-4.379369e-06	-4.118959e-09	-3.126974e+01	-2.691117e+02
1.170000e-06	-4.322129e-06	-4.102408e-09	-3.086104e+01	-2.678819e+02
1.180000e-06	-4.264465e-06	-4.080559e-09	-3.044930e+01	-2.666246e+02
1.190000e-06	-4.206287e-06	-4.058321e-09	-3.003389e+01	-2.653418e+02
1.200000e-06	-4.147745e-06	-4.039030e-09	-2.961589e+01	-2.640359e+02
1.210000e-06	-4.088878e-06	-4.024372e-09	-2.919557e+01	-2.627095e+02
1.220000e-06	-4.029706e-06	-4.006821e-09	-2.877306e+01	-2.613651e+02
1.230000e-06	-3.970238e-06	-3.986812e-09	-2.834845e+01	-2.600049e+02
1.240000e-06	-3.910386e-06	-3.967816e-09	-2.792109e+01	-2.586314e+02
1.250000e-06	-3.850275e-06	-3.950822e-09	-2.749188e+01	-2.572463e+02
1.260000e-06	-3.789928e-06	-3.928952e-09	-2.706100e+01	-2.558511e+02
1.270000e-06	-3.729408e-06	-3.903578e-09	-2.662886e+01	-2.544468e+02
1.280000e-06	-3.668784e-06	-3.878524e-09	-2.619599e+01	-2.530338e+02
1.290000e-06	-3.607960e-06	-3.854841e-09	-2.576170e+01	-2.516121e+02
1.300000e-06	-3.546909e-06	-3.830946e-09	-2.532578e+01	-2.501807e+02
1.310000e-06	-3.485706e-06	-3.804486e-09	-2.488878e+01	-2.487383e+02
1.320000e-06	-3.424325e-06	-3.777735e-09	-2.445050e+01	-2.472828e+02
1.330000e-06	-3.362674e-06	-3.753871e-09	-2.401030e+01	-2.458116e+02
1.340000e-06	-3.300735e-06	-3.733471e-09	-2.356804e+01	-2.443214e+02
1.350000e-06	-3.238507e-06	-3.711520e-09	-2.312371e+01	-2.428086e+02
1.360000e-06	-3.176027e-06	-3.684109e-09	-2.267759e+01	-2.412691e+02
1.370000e-06	-3.113344e-06	-3.654033e-09	-2.223002e+01	-2.396986e+02
1.380000e-06	-3.050455e-06	-3.625315e-09	-2.178098e+01	-2.380927e+02
1.390000e-06	-2.987315e-06	-3.594609e-09	-2.133014e+01	-2.364468e+02
1.400000e-06	-2.924019e-06	-3.563021e-09	-2.087819e+01	-2.347565e+02
1.410000e-06	-2.860609e-06	-3.531456e-09	-2.042543e+01	-2.330176e+02
1.420000e-06	-2.797084e-06	-3.505007e-09	-1.997185e+01	-2.312262e+02
1.430000e-06	-2.733431e-06	-3.483692e-09	-1.951735e+01	-2.293788e+02
1.440000e-06	-2.669614e-06	-3.460639e-09	-1.906169e+01	-2.274725e+02
1.450000e-06	-2.605612e-06	-3.429892e-09	-1.860469e+01	-2.255047e+02
1.460000e-06	-2.541420e-06	-3.398587e-09	-1.814635e+01	-2.234738e+02
1.470000e-06	-2.477072e-06	-3.369497e-09	-1.768688e+01	-2.213786e+02
1.480000e-06	-2.412481e-06	-3.335760e-09	-1.722569e+01	-2.192187e+02
1.490000e-06	-2.347589e-06	-3.295483e-09	-1.676235e+01	-2.169940e+02
1.500000e-06	-2.282457e-06	-3.257334e-09	-1.629729e+01	-2.147053e+02
1.510000e-06	-2.217127e-06	-3.223838e-09	-1.583081e+01	-2.123537e+02
1.520000e-06	-2.151584e-06	-3.191919e-09	-1.536283e+01	-2.099406e+02
1.530000e-06	-2.085848e-06	-3.157526e-09	-1.489346e+01	-2.074676e+02
1.540000e-06	-2.020013e-06	-3.121011e-09	-1.442338e+01	-2.049365e+02
1.550000e-06	-1.954048e-06	-3.086829e-09	-1.395237e+01	-2.023487e+02
1.560000e-06	-1.887924e-06	-3.050248e-09	-1.348023e+01	-1.997054e+02
1.570000e-06	-1.821633e-06	-3.007380e-09	-1.300690e+01	-1.970074e+02
1.580000e-06	-1.755231e-06	-2.961928e-09	-1.253277e+01	-1.942548e+02
1.590000e-06	-1.688711e-06	-2.915546e-09	-1.205780e+01	-1.914465e+02
1.600000e-06	-1.622048e-06	-2.866524e-09	-1.158181e+01	-1.885809e+02
1.610000e-06	-1.555264e-06	-2.816332e-09	-1.110496e+01	-1.856546e+02
1.620000e-06	-1.488330e-06	-2.767140e-09	-1.062704e+01	-1.826634e+02
1.630000e-06	-1.421279e-06	-2.721587e-09	-1.014827e+01	-1.796014e+02
1.640000e-06	-1.354069e-06	-2.675946e-09	-9.668373e+00	-1.764612e+02
1.650000e-06	-1.286676e-06	-2.628576e-09	-9.187175e+00	-1.732342e+02
1.660000e-06	-1.219136e-06	-2.578951e-09	-8.704921e+00	-1.699099e+02
1.670000e-06	-1.151566e-06	-2.522963e-09	-8.222454e+00	-1.664769e+02
1.680000e-06	-1.083962e-06	-2.460589e-09	-7.739751e+00	-1.629220e+02
1.690000e-06	-1.016310e-06	-2.395735e-09	-7.256697e+00	-1.592312e+02
1.700000e-06	-9.486416e-07	-2.331150e-09	-6.773528e+00	-1.553894e+02
1.710000e-06	-8.809092e-07	-2.266417e-09	-6.289902e+00	-1.513810e+02
1.720000e-06	-8.131614e-07	-2.200943e-09	-5.806167e+00	-1.471897e+02
1.730000e-06	-7.453664e-07	-2.135137e-09	-5.322094e+00	-1.427993e+02
1.740000e-06	-6.774904e-07	-2.067293e-09	-4.837443e+00	-1.381938e+02
1.750000e-06	-6.095856e-07	-1.996449e-09	-4.352587e+00	-1.333576e+02
1.760000e-06	-5.415804e-07	-1.921146e-09	-3.867013e+00	-1.282762e+02
1.770000e-06	-4.735415e-07	-1.841962e-09	-3.381200e+00	-1.229364e+02
1.780000e-06	-4.055581e-07	-1.757353e-09	-2.895782e+00	-1.173266e+02
1.790000e-06	-3.375133e-07	-1.667020e-09	-2.409926e+00	-1.114371e+02
1.800000e-06	-2.694186e-07	-1.574360e-09	-1.923713e+00	-1.052608e+02
1.810000e-06	-2.013178e-07	-1.480108e-09	-1.437457e+00	-9.879298e+01
1.820000e-06	-1.331775e-07	-1.380733e-09	-9.509194e-01	-9.203185e+01
1.830000e-06	-6.502994e-08	-1.276025e-09	-4.643293e-01	-8.497875e+01
1.840000e-06	3.032607e-09	-1.170773e-09	2.165354e-02	-7.763823e+01
1.850000e-06	7.107834e-08	-1.062737e-09	5.075164e-01	-7.001818e+01
1.860000e-06	1.392367e-07	-9.477596e-10	9.941831e-01	-6.212987e+01
1.870000e-06	2.073909e-07	-8.263975e-10	1.480821e+00	-5.398795e+01
1.880000e-06	2.755167e-07	-6.994843e-10	1.967255e+00	-4.561033e+01
1.890000e-06	3.436454e-07	-5.667046e-10	2.453710e+00	-3.701806e+01
1.900000e-06	4.117524e-07	-4.296823e-10	2.940011e+00	-2.823510e+01
1.910000e-06	4.798192e-07	-2.917711e-10	3.426024e+00	-1.928809e+01
1.920000e-06	5.478749e-07	-1.512355e-10	3.911958e+00	-1.020599e+01
1.930000e-06	6.159420e-07	-7.237398e-12	4.397973e+00	-1.019762e+00
1.940000e-06	6.839139e-07	1.358604e-10	4.883309e+00	8.238079e+00
1.950000e-06	7.518162e-07	2.772442e-10	5.368148e+00	1.753387e+01
1.960000e-06	8.196887e-07	4.210720e-10	5.852773e+00	2.683329e+01
1.970000e-06	8.874709e-07	5.686506e-10	6.336755e+00	3.610178e+01
1.980000e-06	9.550915e-07	7.158211e-10	6.819582e+00	4.530509e+01
1.990000e-06	1.022656e-06	8.612378e-10	7.302005e+00	5.440971e+01
2.000000e-06	1.090199e-06	1.005494e-09	7.784279e+00	6.338331e+01
2.010000e-06	1.157612e-06	1.147059e-09	8.265627e+00	7.219524e+01
2.020000e-06	1.224922e-06	1.282269e-09	8.746240e+00	8.081686e+01
2.030000e-06	1.292190e-06	1.410475e-09	9.226544e+00	8.922195e+01
2.040000e-06	1.359397e-06	1.531409e-09	9.706422e+00	9.738702e+01
2.050000e-06	1.426539e-06	1.645244e-09	1.018583e+01	1.052915e+02
2.060000e-06	1.493596e-06	1.754615e-09	1.066463e+01	1.129182e+02
2.070000e-06	1.560485e-06	1.859618e-09	1.114223e+01	1.202529e+02
2.080000e-06	1.627340e-06	1.959318e-09	1.161960e+01	1.272851e+02
2.090000e-06	1.694094e-06	2.055714e-09	1.209624e+01	1.340077e+02
2.100000e-06	1.760618e-06	2.149860e-09	1.257123e+01	1.404168e+02
2.110000e-06	1.827017e-06	2.239492e-09	1.304534e+01	1.465120e+02
2.120000e-06	1.893253e-06	2.323769e-09	1.351828e+01	1.522960e+02
2.130000e-06	1.959246e-06	2.402901e-09	1.398948e+01	1.577742e+02
2.140000e-06	2.025048e-06	2.477444e-09	1.445933e+01	1.629549e+02
2.150000e-06	2.090689e-06	2.548666e-09	1.492802e+01	1.678487e+02
2.160000e-06	2.156113e-06	2.614673e-09	1.539516e+01	1.724683e+02
2.170000e-06	2.221450e-06	2.675669e-09	1.586168e+01	1.768281e+02
2.180000e-06	2.286663e-06	2.736643e-09	1.632732e+01	1.809438e+02
2.190000e-06	2.351583e-06	2.797914e-09	1.679087e+01	1.848322e+02
2.200000e-06	2.416299e-06	2.856277e-09	1.725295e+01	1.885106e+02
2.210000e-06	2.480897e-06	2.910890e-09	1.771420e+01	1.919968e+02
2.220000e-06	2.545327e-06	2.963771e-09	1.817424e+01	1.953082e+02
2.230000e-06	2.609448e-06	3.015172e-09	1.863208e+01	1.984621e+02
2.240000e-06	2.673310e-06	3.061805e-09	1.908807e+01	2.014752e+02
2.250000e-06	2.736951e-06	3.101624e-09	1.954249e+01	2.043630e+02
2.260000e-06	2.800354e-06	3.140157e-09	1.999520e+01	2.071403e+02
2.270000e-06	2.863616e-06	3.180814e-09	2.044691e+01	2.098204e+02
2.280000e-06	2.926766e-06	3.221144e-09	2.089781e+01	2.124151e+02
2.290000e-06	2.989799e-06	3.259007e-09	2.134788e+01	2.149350e+02
2.300000e-06	3.052724e-06	3.294170e-09	2.179718e+01	2.173890e+02
2.310000e-06	3.115487e-06	3.330451e-09	2.224532e+01	2.197845e+02
2.320000e-06	3.178011e-06	3.367760e-09	2.269176e+01	2.221274e+02
2.330000e-06	3.240352e-06	3.401682e-09	2.313689e+01	2.244224e+02
2.340000e-06	3.302480e-06	3.432511e-09	2.358050e+01	2.266727e+02
2.350000e-06	3.364297e-06	3.462600e-09	2.402189e+01	2.288803e+02
2.360000e-06	3.425850e-06	3.490484e-09	2.446139e+01	2.310463e+02
2.370000e-06	3.487205e-06	3.514773e-09	2.489948e+01	2.331709e+02
2.380000e-06	3.548318e-06	3.538745e-09	2.533584e+01	2.352537e+02
2.390000e-06	3.609172e-06	3.566576e-09	2.577035e+01	2.372937e+02
2.400000e-06	3.669874e-06	3.595706e-09	2.620378e+01	2.392894e+02
2.410000e-06	3.730391e-06	3.622396e-09	2.663589e+01	2.412395e+02
2.420000e-06	3.790655e-06	3.647978e-09	2.706618e+01	2.431425e+02
2.430000e-06	3.850668e-06	3.674905e-09	2.749469e+01	2.449969e+02
2.440000e-06	3.910472e-06	3.701301e-09	2.792170e+01	2.468018e+02
2.450000e-06	3.970044e-06	3.723849e-09	2.834706e+01	2.485562e+02
2.460000e-06	4.029322e-06	3.742403e-09	2.877032e+01	2.502599e+02
2.470000e-06	4.088395e-06	3.761305e-09	2.919212e+01	2.519130e+02
2.480000e-06	4.147149e-06	3.782289e-09	2.961164e+01	2.535162e+02
2.490000e-06	4.205536e-06	3.802513e-09	3.002853e+01	2.550707e+02
2.500000e-06	4.263605e-06	3.821322e-09	3.044316e+01	2.565781e+02
2.510000e-06	4.321170e-06	3.840994e-09	3.085419e+01	2.580406e+02
2.520000e-06	4.378157e-06	3.863162e-09	3.126109e+01	2.594608e+02
2.530000e-06	4.434639e-06	3.884379e-09	3.166439e+01	2.608414e+02
2.540000e-06	4.490694e-06	3.903172e-09	3.206463e+01	2.621856e+02
2.550000e-06	4.546486e-06	3.920717e-09	3.246300e+01	2.634968e+02
2.560000e-06	4.602092e-06	3.939086e-09	3.286004e+01	2.647782e+02
2.570000e-06	4.657433e-06	3.958796e-09	3.325519e+01	2.660332e+02
2.580000e-06	4.712509e-06	3.978400e-09	3.364845e+01	2.672651e+02
2.590000e-06	4.767323e-06	3.997211e-09	3.403983e+01	2.684767e+02
2.600000e-06	4.821863e-06	4.015326e-09	3.442926e+01	2.696709e+02
2.610000e-06	4.876130e-06	4.034281e-09	3.481673e+01	2.708500e+02
2.620000e-06	4.930123e-06	4.054872e-09	3.520226e+01	2.720159e+02
2.630000e-06	4.983750e-06	4.076190e-09	3.558517e+01	2.731702e+02
2.640000e-06	5.036923e-06	4.094122e-09	3.596483e+01	2.743137e+02
2.650000e-06	5.089739e-06	4.109518e-09	3.634195e+01	2.754472e+02
2.660000e-06	5.142277e-06	4.126839e-09	3.671709e+01	2.765706e+02
2.670000e-06	5.194328e-06	4.143703e-09	3.708875e+01	2.776837e+02
2.680000e-06	5.245829e-06	4.157471e-09	3.745647e+01	2.787855e+02
2.690000e-06	5.296887e-06	4.172245e-09	3.782104e+01	2.798750e+02
2.700000e-06	5.347469e-06	4.189895e-09	3.818221e+01	2.809508e+02
2.710000e-06	5.397481e-06	4.204840e-09	3.853930e+01	2.820111e+02
2.720000e-06	5.446909e-06	4.218635e-09	3.889223e+01	2.830543e+02
2.730000e-06	5.495908e-06	4.232921e-09	3.924210e+01	2.840783e+02
2.740000e-06	5.544473e-06	4.246327e-09	3.958886e+01	2.850813e+02
2.750000e-06	5.592548e-06	4.258186e-09	3.993213e+01	2.860615e+02
2.760000e-06	5.640242e-06	4.267061e-09	4.027268e+01	2.870173e+02
2.770000e-06	5.687604e-06	4.278576e-09	4.061085e+01	2.879473e+02
2.780000e-06	5.734526e-06	4.292387e-09	4.094589e+01	2.888503e+02
2.790000e-06	5.781025e-06	4.307625e-09	4.127790e+01	2.897256e+02
2.800000e-06	5.827202e-06	4.323296e-09	4.160762e+01	2.905726e+02
2.810000e-06	5.873018e-06	4.337220e-09	4.193475e+01	2.913913e+02
2.820000e-06	5.918375e-06	4.350120e-09	4.225862e+01	2.921820e+02
2.830000e-06	5.963348e-06	4.364228e-09	4.257973e+01	2.929453e+02
2.840000e-06	6.008014e-06	4.375939e-09	4.289866e+01	2.936825e+02
2.850000e-06	6.052306e-06	4.384090e-09	4.321491e+01	2.943947e+02
2.860000e-06	6.096218e-06	4.393792e-09	4.352846e+01	2.950838e+02
2.870000e-06	6.139789e-06	4.407666e-09	4.383956e+01	2.957516e+02
2.880000e-06	6.183027e-06	4.421988e-09	4.414830e+01	2.964002e+02
2.890000e-06	6.225906e-06	4.434303e-09	4.445446e+01	2.970320e+02
2.900000e-06	6.268214e-06	4.448127e-09	4.475655e+01	2.976492e+02
2.910000e-06	6.309789e-06	4.463323e-09	4.505340e+01	2.982542e+02
2.920000e-06	6.350745e-06	4.475268e-09	4.534584e+01	2.988491e+02
2.930000e-06	6.391143e-06	4.482755e-09	4.563429e+01	2.994362e+02
2.940000e-06	6.431041e-06	4.490899e-09	4.591917e+01	3.000173e+02
2.950000e-06	6.470521e-06	4.502250e-09	4.620107e+01	3.005941e+02
2.960000e-06	6.509631e-06	4.513167e-09	4.648032e+01	3.011681e+02
2.970000e-06	6.548406e-06	4.521746e-09	4.675718e+01	3.017404e+02
2.980000e-06	6.586796e-06	4.531845e-09	4.703130e+01	3.023117e+02
2.990000e-06	6.624654e-06	4.543264e-09	4.730162e+01	3.028825e+02
3.000000e-06	6.662052e-06	4.553163e-09	4.756865e+01	3.034529e+02
3.010000e-06	6.699098e-06	4.561982e-09	4.783316e+01	3.040227e+02
3.020000e-06	6.735646e-06	4.572414e-09	4.809412e+01	3.045912e+02
3.030000e-06	6.771721e-06	4.581802e-09	4.835171e+01	3.051576e+02
3.040000e-06	6.807463e-06	4.589387e-09	4.860691e+01	3.057207e+02
3.050000e-06	6.842904e-06	4.595629e-09	4.885997e+01	3.062793e+02
3.060000e-06	6.877895e-06	4.602885e-09	4.910982e+01	3.068318e+02
3.070000e-06	6.912230e-06	4.612553e-09	4.935497e+01	3.073766e+02
3.080000e-06	6.945856e-06	4.621420e-09	4.959507e+01	3.079120e+02
3.090000e-06	6.978712e-06	4.629949e-09	4.982968e+01	3.084362e+02
3.100000e-06	7.010862e-06	4.639311e-09	5.005924e+01	3.089477e+02
3.110000e-06	7.042586e-06	4.647884e-09	5.028575e+01	3.094447e+02
3.120000e-06	7.074076e-06	4.655759e-09	5.051059e+01	3.099259e+02
3.130000e-06	7.105239e-06	4.664250e-09	5.073311e+01	3.103900e+02
3.140000e-06	7.135892e-06	4.672445e-09	5.095198e+01	3.108358e+02
3.150000e-06	7.166058e-06	4.678802e-09	5.116737e+01	3.112626e+02
3.160000e-06	7.195744e-06	4.684625e-09	5.137933e+01	3.116697e+02
3.170000e-06	7.224834e-06	4.690774e-09	5.158704e+01	3.120568e+02
3.180000e-06	7.253371e-06	4.697143e-09	5.179081e+01	3.124238e+02
3.190000e-06	7.281485e-06	4.703953e-09	5.199155e+01	3.127709e+02
3.200000e-06	7.309274e-06	4.712631e-09	5.218996e+01	3.130985e+02
3.210000e-06	7.336740e-06	4.719049e-09	5.238608e+01	3.134073e+02
3.220000e-06	7.363688e-06	4.722764e-09	5.257850e+01	3.136982e+02
3.230000e-06	7.389907e-06	4.729242e-09	5.276571e+01	3.139722e+02
3.240000e-06	7.415272e-06	4.736055e-09	5.294682e+01	3.142306e+02
3.250000e-06	7.439828e-06	4.741157e-09	5.312215e+01	3.144746e+02
3.260000e-06	7.463827e-06	4.746228e-09	5.329351e+01	3.147058e+02
3.270000e-06	7.487463e-06	4.750680e-09	5.346228e+01	3.149254e+02
3.280000e-06	7.510677e-06	4.753952e-09	5.362803e+01	3.151351e+02
3.290000e-06	7.533323e-06	4.759200e-09	5.378973e+01	3.153363e+02
3.300000e-06	7.555402e-06	4.765164e-09	5.394738e+01	3.155304e+02
3.310000e-06	7.577054e-06	4.771233e-09	5.410198e+01	3.157187e+02
3.320000e-06	7.598249e-06	4.779095e-09	5.425332e+01	3.159024e+02
3.330000e-06	7.618869e-06	4.785410e-09	5.440055e+01	3.160828e+02
3.340000e-06	7.638999e-06	4.787622e-09	5.454428e+01	3.162607e+02
3.350000e-06	7.658794e-06	4.790628e-09	5.468562e+01	3.164369e+02
3.360000e-06	7.678259e-06	4.794105e-09	5.482461e+01	3.166123e+02
3.370000e-06	7.697194e-06	4.797145e-09	5.495981e+01	3.167872e+02
3.380000e-06	7.715448e-06	4.796521e-09	5.509014e+01	3.169620e+02
3.390000e-06	7.733096e-06	4.795909e-09	5.521616e+01	3.171370e+02
3.400000e-06	7.750190e-06	4.800065e-09	5.533821e+01	3.173122e+02
3.410000e-06	7.766709e-06	4.807363e-09	5.545616e+01	3.174875e+02
3.420000e-06	7.782757e-06	4.814567e-09	5.557074e+01	3.176627e+02
3.430000e-06	7.798280e-06	4.819004e-09	5.568159e+01	3.178375e+02
3.440000e-06	7.813189e-06	4.824258e-09	5.578804e+01	3.180113e+02
3.450000e-06	7.827440e-06	4.828523e-09	5.588979e+01	3.181837e+02
3.460000e-06	7.841085e-06	4.830269e-09	5.598722e+01	3.183540e+02
3.470000e-06	7.854173e-06	4.830564e-09	5.608068e+01	3.185214e+02
3.480000e-06	7.866606e-06	4.830769e-09	5.616945e+01	3.186853e+02
3.490000e-06	7.878420e-06	4.831412e-09	5.625380e+01	3.188447e+02
3.500000e-06	7.889722e-06	4.834062e-09	5.633450e+01	3.189988e+02
3.510000e-06	7.900405e-06	4.839067e-09	5.641078e+01	3.191467e+02
3.520000e-06	7.910161e-06	4.845660e-09	5.648044e+01	3.192873e+02
3.530000e-06	7.918924e-06	4.853450e-09	5.654302e+01	3.194199e+02
3.540000e-06	7.927013e-06	4.859935e-09	5.660077e+01	3.195434e+02
3.550000e-06	7.934750e-06	4.862974e-09	5.665602e+01	3.196568e+02
3.560000e-06	7.942127e-06	4.866939e-09	5.670869e+01	3.197593e+02
3.570000e-06	7.948998e-06	4.870551e-09	5.675775e+01	3.198500e+02
3.580000e-06	7.955321e-06	4.872901e-09	5.680290e+01	3.199281e+02
3.590000e-06	7.961122e-06	4.872324e-09	5.684431e+01	3.199929e+02
3.600000e-06	7.966407e-06	4.869997e-09	5.688206e+01	3.200436e+02
3.610000e-06	7.971043e-06	4.869623e-09	5.691516e+01	3.200798e+02
3.620000e-06	7.975116e-06	4.872794e-09	5.694424e+01	3.201010e+02
3.630000e-06	7.978869e-06	4.876846e-09	5.697103e+01	3.201071e+02
3.640000e-06	7.982211e-06	4.880407e-09	5.699489e+01	3.200979e+02
3.650000e-06	7.985022e-06	4.883959e-09	5.701497e+01	3.200737e+02
3.660000e-06	7.987143e-06	4.885588e-09	5.703011e+01	3.200346e+02
3.670000e-06	7.988343e-06	4.884740e-09	5.703868e+01	3.199814e+02
3.680000e-06	7.988738e-06	4.881643e-09	5.704150e+01	3.199149e+02
3.690000e-06	7.988664e-06	4.880228e-09	5.704097e+01	3.198361e+02
3.700000e-06	7.988246e-06	4.882450e-09	5.703799e+01	3.197464e+02
3.710000e-06	7.987370e-06	4.886263e-09	5.703173e+01	3.196473e+02
3.720000e-06	7.985933e-06	4.884223e-09	5.702147e+01	3.195408e+02
3.730000e-06	7.983930e-06	4.880310e-09	5.700717e+01	3.194289e+02
3.740000e-06	7.981463e-06	4.881725e-09	5.698955e+01	3.193139e+02
3.750000e-06	7.978525e-06	4.884198e-09	5.696858e+01	3.191982e+02
3.760000e-06	7.975099e-06	4.894095e-09	5.694412e+01	3.190845e+02
3.770000e-06	7.971232e-06	4.926066e-09	5.691650e+01	3.189754e+02
3.780000e-06	7.966978e-06	4.905980e-09	5.688613e+01	3.188738e+02
3.790000e-06	7.962099e-06	4.739302e-09	5.685130e+01	3.187824e+02
3.800000e-06	7.955922e-06	4.618378e-09	5.680719e+01	3.187039e+02
3.810000e-06	7.948352e-06	4.765421e-09	5.675314e+01	3.186408e+02
3.820000e-06	7.940188e-06	5.111354e-09	5.669484e+01	3.185955e+02
3.830000e-06	7.932116e-06	5.075315e-09	5.663721e+01	3.185701e+02
3.840000e-06	7.923915e-06	4.613162e-09	5.657865e+01	3.185665e+02
3.850000e-06	7.914889e-06	4.527043e-09	5.651420e+01	3.185860e+02
3.860000e-06	7.905204e-06	4.919670e-09	5.644505e+01	3.186296e+02
3.870000e-06	7.895621e-06	5.011677e-09	5.637663e+01	3.186978e+02
3.880000e-06	7.885707e-06	4.727658e-09	5.630584e+01	3.187906e+02
3.890000e-06	7.874549e-06	4.566205e-09	5.622616e+01	3.189073e+02
3.900000e-06	7.862757e-06	4.605290e-09	5.614197e+01	3.190469e+02
3.910000e-06	7.851142e-06	4.881736e-09	5.605903e+01	3.192076e+02
3.920000e-06	7.838749e-06	5.112829e-09	5.597055e+01	3.193871e+02
3.930000e-06	7.824675e-06	4.845569e-09	5.587005e+01	3.195826e+02
3.940000e-06	7.810005e-06	4.499968e-09	5.576530e+01	3.197907e+02
3.950000e-06	7.795437e-06	4.893263e-09	5.566129e+01	3.200076e+02
3.960000e-06	7.779952e-06	5.288303e-09	5.555072e+01	3.202291e+02
3.970000e-06	7.763490e-06	4.847751e-09	5.543318e+01	3.204508e+02
3.980000e-06	7.746761e-06	4.583204e-09	5.531373e+01	3.206677e+02
3.990000e-06	7.729672e-06	5.095335e-09	5.519171e+01	3.208750e+02
4.000000e-06	7.711911e-06	5.168107e-09	5.506489e+01	3.210678e+02
4.010000e-06	7.693557e-06	4.676930e-09	5.493384e+01	3.212410e+02
4.020000e-06	7.674773e-06	4.818816e-09	5.479972e+01	3.213900e+02
4.030000e-06	7.655522e-06	5.143991e-09	5.466226e+01	3.215102e+02
4.040000e-06	7.635761e-06	4.830235e-09	5.452116e+01	3.215975e+02
4.050000e-06	7.615599e-06	4.804994e-09	5.437720e+01	3.216481e+02
4.060000e-06	7.595144e-06	5.053332e-09	5.423114e+01	3.216590e+02
4.070000e-06	7.574093e-06	4.740859e-09	5.408083e+01	3.216274e+02
4.080000e-06	7.552056e-06	4.595438e-09	5.392349e+01	3.215516e+02
4.090000e-06	7.529311e-06	5.018774e-09	5.376109e+01	3.214303e+02
4.100000e-06	7.506107e-06	5.045124e-09	5.359540e+01	3.212631e+02
4.110000e-06	7.482108e-06	4.674489e-09	5.342404e+01	3.210502e+02
4.120000e-06	7.457574e-06	4.742811e-09	5.324886e+01	3.207926e+02
4.130000e-06	7.432908e-06	5.075088e-09	5.307275e+01	3.204921e+02
4.140000e-06	7.407656e-06	5.046175e-09	5.289244e+01	3.201510e+02
4.150000e-06	7.381539e-06	4.706468e-09	5.270596e+01	3.197722e+02
4.160000e-06	7.355035e-06	4.751008e-09	5.251671e+01	3.193593e+02
4.170000e-06	7.328215e-06	5.083849e-09	5.232521e+01	3.189162e+02
4.180000e-06	7.300763e-06	4.968679e-09	5.212920e+01	3.184471e+02
4.190000e-06	7.272832e-06	4.668982e-09	5.192976e+01	3.179566e+02
4.200000e-06	7.244660e-06	4.854714e-09	5.172861e+01	3.174491e+02
4.210000e-06	7.216084e-06	5.008080e-09	5.152457e+01	3.169292e+02
4.220000e-06	7.186784e-06	4.813000e-09	5.131535e+01	3.164015e+02
4.230000e-06	7.156759e-06	4.771369e-09	5.110097e+01	3.158701e+02
4.240000e-06	7.126038e-06	4.881596e-09	5.088162e+01	3.153388e+02
4.250000e-06	7.094560e-06	4.839999e-09	5.065686e+01	3.148111e+02
4.260000e-06	7.062534e-06	4.816969e-09	5.042819e+01	3.142899e+02
4.270000e-06	7.030142e-06	4.865455e-09	5.019690e+01	3.137774e+02
4.280000e-06	6.997362e-06	4.826926e-09	4.996284e+01	3.132755e+02
4.290000e-06	6.964119e-06	4.760883e-09	4.972548e+01	3.127849e+02
4.300000e-06	6.930464e-06	4.816918e-09	4.948517e+01	3.123061e+02
4.310000e-06	6.896387e-06	4.878195e-09	4.924186e+01	3.118387e+02
4.320000e-06	6.861773e-06	4.774483e-09	4.899470e+01	3.113816e+02
4.330000e-06	6.826635e-06	4.687905e-09	4.874381e+01	3.109332e+02
4.340000e-06	6.791114e-06	4.794180e-09	4.849018e+01	3.104913e+02
4.350000e-06	6.755252e-06	4.858104e-09	4.823411e+01	3.100531e+02
4.360000e-06	6.718974e-06	4.735141e-09	4.797509e+01	3.096156e+02
4.370000e-06	6.682249e-06	4.682459e-09	4.771286e+01	3.091755e+02
4.380000e-06	6.644982e-06	4.771178e-09	4.744676e+01	3.087292e+02
4.390000e-06	6.606963e-06	4.792631e-09	4.717530e+01	3.082731e+02
4.400000e-06	6.568175e-06	4.713982e-09	4.689834e+01	3.078035e+02
4.410000e-06	6.528776e-06	4.697133e-09	4.661703e+01	3.073170e+02
4.420000e-06	6.488912e-06	4.716950e-09	4.633239e+01	3.068105e+02
4.430000e-06	6.448687e-06	4.702658e-09	4.604517e+01	3.062811e+02
4.440000e-06	6.408135e-06	4.697486e-09	4.575562e+01	3.057264e+02
4.450000e-06	6.367262e-06	4.699795e-09	4.546377e+01	3.051444e+02
4.460000e-06	6.326040e-06	4.652642e-09	4.516944e+01	3.045339e+02
4.470000e-06	6.284408e-06	4.639109e-09	4.487218e+01	3.038939e+02
4.480000e-06	6.242329e-06	4.682341e-09	4.457172e+01	3.032243e+02
4.490000e-06	6.199758e-06	4.677914e-09	4.426775e+01	3.025256e+02
4.500000e-06	6.156687e-06	4.605096e-09	4.396022e+01	3.017986e+02
4.510000e-06	6.113199e-06	4.589346e-09	4.364971e+01	3.010451e+02
4.520000e-06	6.069355e-06	4.636315e-09	4.333665e+01	3.002669e+02
4.530000e-06	6.025194e-06	4.632930e-09	4.302133e+01	2.994666e+02
4.540000e-06	5.980710e-06	4.574050e-09	4.270370e+01	2.986468e+02
4.550000e-06	5.935867e-06	4.562839e-09	4.238351e+01	2.978105e+02
4.560000e-06	5.890574e-06	4.596933e-09	4.206011e+01	2.969610e+02
4.570000e-06	5.844816e-06	4.588057e-09	4.173338e+01	2.961012e+02
4.580000e-06	5.798695e-06	4.541053e-09	4.140407e+01	2.952344e+02
4.590000e-06	5.752166e-06	4.521527e-09	4.107184e+01	2.943633e+02
4.600000e-06	5.705223e-06	4.529443e-09	4.073666e+01	2.934906e+02
4.610000e-06	5.657823e-06	4.519877e-09	4.039821e+01	2.926186e+02
4.620000e-06	5.610017e-06	4.504720e-09	4.005686e+01	2.917490e+02
4.630000e-06	5.561865e-06	4.491095e-09	3.971305e+01	2.908832e+02
4.640000e-06	5.513198e-06	4.472484e-09	3.936556e+01	2.900219e+02
4.650000e-06	5.464112e-06	4.459780e-09	3.901507e+01	2.891653e+02
4.660000e-06	5.414635e-06	4.458595e-09	3.866179e+01	2.883130e+02
4.670000e-06	5.364717e-06	4.439701e-09	3.830537e+01	2.874640e+02
4.680000e-06	5.314394e-06	4.410989e-09	3.794604e+01	2.866170e+02
4.690000e-06	5.263716e-06	4.403938e-09	3.758420e+01	2.857698e+02
4.700000e-06	5.212647e-06	4.406715e-09	3.721955e+01	2.849201e+02
4.710000e-06	5.161165e-06	4.383935e-09	3.685195e+01	2.840651e+02
4.720000e-06	5.109315e-06	4.356239e-09	3.648173e+01	2.832017e+02
4.730000e-06	5.057094e-06	4.348122e-09	3.610886e+01	2.823268e+02
4.740000e-06	5.004418e-06	4.341816e-09	3.573274e+01	2.814370e+02
4.750000e-06	4.951133e-06	4.319579e-09	3.535228e+01	2.805292e+02
4.760000e-06	4.897325e-06	4.301002e-09	3.496807e+01	2.796001e+02
4.770000e-06	4.843017e-06	4.294306e-09	3.458030e+01	2.786471e+02
4.780000e-06	4.788227e-06	4.283731e-09	3.418909e+01	2.776674e+02
4.790000e-06	4.733026e-06	4.263759e-09	3.379494e+01	2.766589e+02
4.800000e-06	4.677441e-06	4.246146e-09	3.339805e+01	2.756201e+02
4.810000e-06	4.621564e-06	4.233226e-09	3.299907e+01	2.745496e+02
4.820000e-06	4.565396e-06	4.217054e-09	3.259802e+01	2.734468e+02
4.830000e-06	4.508920e-06	4.197514e-09	3.219477e+01	2.723116e+02
4.840000e-06	4.452177e-06	4.180570e-09	3.178961e+01	2.711446e+02
4.850000e-06	4.395246e-06	4.169128e-09	3.138311e+01	2.699465e+02
4.860000e-06	4.338124e-06	4.156246e-09	3.097524e+01	2.687189e+02
4.870000e-06	4.280692e-06	4.140893e-09	3.056517e+01	2.674636e+02
4.880000e-06	4.222904e-06	4.121502e-09	3.015255e+01	2.661826e+02
4.890000e-06	4.164773e-06	4.102169e-09	2.973747e+01	2.648784e+02
4.900000e-06	4.106241e-06	4.086720e-09	2.931954e+01	2.635534e+02
4.910000e-06	4.047348e-06	4.072206e-09	2.889903e+01	2.622102e+02
4.920000e-06	3.988206e-06	4.050762e-09	2.847674e+01	2.608511e+02
4.930000e-06	3.928930e-06	4.025575e-09	2.805350e+01	2.594784e+02
4.940000e-06	3.869482e-06	4.007424e-09	2.762903e+01	2.580940e+02
4.950000e-06	3.809731e-06	3.995483e-09	2.720239e+01	2.566994e+02
4.960000e-06	3.749706e-06	3.975431e-09	2.677380e+01	2.552956e+02
4.970000e-06	3.689450e-06	3.950723e-09	2.634356e+01	2.538832e+02
4.980000e-06	3.628965e-06	3.929355e-09	2.591168e+01	2.524620e+02
4.990000e-06	3.568257e-06	3.912259e-09	2.547821e+01	2.510313e+02
5.000000e-06	3.507318e-06	3.893325e-09	2.504309e+01	2.495897e+02
5.010000e-06	3.446191e-06	3.869134e-09	2.460663e+01	2.481352e+02
5.020000e-06	3.384782e-06	3.841267e-09	2.416815e+01	2.466652e+02
5.030000e-06	3.322977e-06	3.815722e-09	2.372685e+01	2.451765e+02
5.040000e-06	3.260850e-06	3.796340e-09	2.328325e+01	2.436655e+02
5.050000e-06	3.198456e-06	3.773185e-09	2.283774e+01	2.421283e+02
5.060000e-06	3.135729e-06	3.742804e-09	2.238986e+01	2.405603e+02
5.070000e-06	3.072649e-06	3.714452e-09	2.193945e+01	2.389574e+02
5.080000e-06	3.009345e-06	3.690525e-09	2.148744e+01	2.373148e+02
5.090000e-06	2.945815e-06	3.664246e-09	2.103383e+01	2.356282e+02
5.100000e-06	2.882027e-06	3.633210e-09	2.057836e+01	2.338933e+02
5.110000e-06	2.818045e-06	3.600942e-09	2.012152e+01	2.321062e+02
5.120000e-06	2.753909e-06	3.573340e-09	1.966357e+01	2.302634e+02
5.130000e-06	2.689542e-06	3.548109e-09	1.920397e+01	2.283619e+02
5.140000e-06	2.625046e-06	3.519519e-09	1.874346e+01	2.263991e+02
5.150000e-06	2.560433e-06	3.486895e-09	1.828210e+01	2.243734e+02
5.160000e-06	2.495603e-06	3.455987e-09	1.781920e+01	2.222834e+02
5.170000e-06	2.430616e-06	3.425305e-09	1.735518e+01	2.201286e+02
5.180000e-06	2.365478e-06	3.392278e-09	1.689008e+01	2.179091e+02
5.190000e-06	2.300201e-06	3.359752e-09	1.642399e+01	2.156256e+02
5.200000e-06	2.234745e-06	3.325967e-09	1.595661e+01	2.132790e+02
5.210000e-06	2.169116e-06	3.291120e-09	1.548801e+01	2.108707e+02
5.220000e-06	2.103363e-06	3.257708e-09	1.501852e+01	2.084025e+02
5.230000e-06	2.037468e-06	3.223076e-09	1.454801e+01	2.058759e+02
5.240000e-06	1.971431e-06	3.184741e-09	1.407649e+01	2.032926e+02
5.250000e-06	1.905311e-06	3.144033e-09	1.360438e+01	2.006537e+02
5.260000e-06	1.839082e-06	3.105784e-09	1.313148e+01	1.979601e+02
5.270000e-06	1.772706e-06	3.066291e-09	1.265754e+01	1.952118e+02
5.280000e-06	1.706251e-06	3.024209e-09	1.218304e+01	1.924081e+02
5.290000e-06	1.639688e-06	2.979924e-09	1.170776e+01	1.895471e+02
5.300000e-06	1.572909e-06	2.934389e-09	1.123095e+01	1.866259e+02
5.310000e-06	1.505973e-06	2.893253e-09	1.075301e+01	1.836401e+02
5.320000e-06	1.438983e-06	2.852073e-09	1.027469e+01	1.805840e+02
5.330000e-06	1.371949e-06	2.801872e-09	9.796047e+00	1.774505e+02
5.340000e-06	1.304850e-06	2.747702e-09	9.316943e+00	1.742309e+02
5.350000e-06	1.237629e-06	2.695830e-09	8.836967e+00	1.709150e+02
5.360000e-06	1.170311e-06	2.642594e-09	8.356301e+00	1.674913e+02
5.370000e-06	1.102963e-06	2.581965e-09	7.875417e+00	1.639469e+02
5.380000e-06	1.035626e-06	2.515993e-09	7.394617e+00	1.602678e+02
5.390000e-06	9.682831e-07	2.451790e-09	6.913773e+00	1.564390e+02
5.400000e-06	9.008310e-07	2.389761e-09	6.432149e+00	1.524449e+02
5.410000e-06	8.333651e-07	2.328536e-09	5.950427e+00	1.482693e+02
5.420000e-06	7.659268e-07	2.263537e-09	5.468901e+00	1.438959e+02
5.430000e-06	6.984418e-07	2.193425e-09	4.987042e+00	1.393087e+02
5.440000e-06	6.309495e-07	2.120593e-09	4.505131e+00	1.344921e+02
5.450000e-06	5.634614e-07	2.046518e-09	4.023249e+00	1.294315e+02
5.460000e-06	4.958996e-07	1.964706e-09	3.540842e+00	1.241135e+02
5.470000e-06	4.282227e-07	1.875711e-09	3.057612e+00	1.185264e+02
5.480000e-06	3.604967e-07	1.783483e-09	2.574033e+00	1.126604e+02
5.490000e-06	2.927301e-07	1.691106e-09	2.090163e+00	1.065080e+02
5.500000e-06	2.249483e-07	1.595369e-09	1.606185e+00	1.000644e+02
5.510000e-06	1.571697e-07	1.498710e-09	1.122230e+00	9.332747e+01
5.520000e-06	8.938825e-08	1.400039e-09	6.382535e-01	8.629838e+01
5.530000e-06	2.165885e-08	1.295945e-09	1.546494e-01	7.898136e+01
5.540000e-06	-4.600146e-08	1.186319e-09	-3.284615e-01	7.138403e+01
5.550000e-06	-1.136778e-07	1.069250e-09	-8.116864e-01	6.351738e+01
5.560000e-06	-1.813663e-07	9.456213e-10	-1.294999e+00	5.539576e+01
5.570000e-06	-2.490106e-07	8.166576e-10	-1.777995e+00	4.703683e+01
5.580000e-06	-3.166506e-07	6.830397e-10	-2.260961e+00	3.846138e+01
5.590000e-06	-3.843297e-07	5.475711e-10	-2.744206e+00	2.969314e+01
5.600000e-06	-4.519659e-07	4.145546e-10	-3.227145e+00	2.075853e+01
5.610000e-06	-5.195968e-07	2.822470e-10	-3.710046e+00	1.168634e+01
5.620000e-06	-5.873397e-07	1.456177e-10	-4.193746e+00	2.507375e+00
5.630000e-06	-6.550455e-07	4.571957e-12	-4.677181e+00	-6.745962e+00
5.640000e-06	-7.226194e-07	-1.370231e-10	-5.159676e+00	-1.604009e+01
5.650000e-06	-7.900769e-07	-2.799661e-10	-5.641338e+00	-2.534071e+01
5.660000e-06	-8.575035e-07	-4.242663e-10	-6.122780e+00	-3.461329e+01
5.670000e-06	-9.249073e-07	-5.699612e-10	-6.604060e+00	-4.382352e+01
5.680000e-06	-9.922012e-07	-7.149665e-10	-7.084554e+00	-5.293780e+01
5.690000e-06	-1.059428e-06	-8.568604e-10	-7.564572e+00	-6.192371e+01
5.700000e-06	-1.126617e-06	-9.925630e-10	-8.044316e+00	-7.075042e+01
5.710000e-06	-1.193716e-06	-1.124964e-09	-8.523418e+00	-7.938913e+01
5.720000e-06	-1.260811e-06	-1.255233e-09	-9.002494e+00	-8.781340e+01
5.730000e-06	-1.327881e-06	-1.383413e-09	-9.481390e+00	-9.599948e+01
5.740000e-06	-1.394811e-06	-1.506473e-09	-9.959282e+00	-1.039266e+02
5.750000e-06	-1.461679e-06	-1.624000e-09	-1.043673e+01	-1.115772e+02
5.760000e-06	-1.528480e-06	-1.739360e-09	-1.091371e+01	-1.189369e+02
5.770000e-06	-1.595160e-06	-1.850216e-09	-1.138982e+01	-1.259948e+02
5.780000e-06	-1.661731e-06	-1.952351e-09	-1.186515e+01	-1.327436e+02
5.790000e-06	-1.728139e-06	-2.045805e-09	-1.233933e+01	-1.391791e+02
5.800000e-06	-1.794398e-06	-2.135774e-09	-1.281243e+01	-1.453006e+02
5.810000e-06	-1.860557e-06	-2.224004e-09	-1.328482e+01	-1.511105e+02
5.820000e-06	-1.926459e-06	-2.305326e-09	-1.375538e+01	-1.566141e+02
5.830000e-06	-1.992161e-06	-2.380815e-09	-1.422450e+01	-1.618194e+02
5.840000e-06	-2.057869e-06	-2.456129e-09	-1.469368e+01	-1.667369e+02
5.850000e-06	-2.123449e-06	-2.531231e-09	-1.516193e+01	-1.713790e+02
5.860000e-06	-2.188856e-06	-2.601235e-09	-1.562896e+01	-1.757600e+02
5.870000e-06	-2.254152e-06	-2.663883e-09	-1.609518e+01	-1.798957e+02
5.880000e-06	-2.319289e-06	-2.723683e-09	-1.656028e+01	-1.838025e+02
5.890000e-06	-2.384352e-06	-2.782734e-09	-1.702485e+01	-1.874979e+02
5.900000e-06	-2.449323e-06	-2.837773e-09	-1.748875e+01	-1.909996e+02
5.910000e-06	-2.514090e-06	-2.888340e-09	-1.795121e+01	-1.943251e+02
5.920000e-06	-2.578691e-06	-2.940698e-09	-1.841247e+01	-1.974917e+02
5.930000e-06	-2.643158e-06	-2.995002e-09	-1.887278e+01	-2.005161e+02
5.940000e-06	-2.707405e-06	-3.046505e-09	-1.933152e+01	-2.034140e+02
5.950000e-06	-2.771456e-06	-3.095001e-09	-1.978886e+01	-2.062002e+02
5.960000e-06	-2.835313e-06	-3.142839e-09	-2.024481e+01	-2.088881e+02
5.970000e-06	-2.898927e-06	-3.189435e-09	-2.069903e+01	-2.114897e+02
5.980000e-06	-2.962428e-06	-3.233929e-09	-2.115245e+01	-2.140156e+02
5.990000e-06	-3.025739e-06	-3.275871e-09	-2.160450e+01	-2.164750e+02
6.000000e-06	-3.088699e-06	-3.313883e-09	-2.205405e+01	-2.188753e+02
6.010000e-06	-3.151391e-06	-3.350804e-09	-2.250169e+01	-2.212226e+02
6.020000e-06	-3.213885e-06	-3.390438e-09	-2.294791e+01	-2.235217e+02
6.030000e-06	-3.276058e-06	-3.429682e-09	-2.339184e+01	-2.257757e+02
6.040000e-06	-3.337891e-06	-3.466846e-09	-2.383334e+01	-2.279870e+02
6.050000e-06	-3.399415e-06	-3.503925e-09	-2.427264e+01	-2.301567e+02
6.060000e-06	-3.460615e-06	-3.541013e-09	-2.470962e+01	-2.322850e+02
6.070000e-06	-3.521562e-06	-3.575442e-09	-2.514479e+01	-2.343715e+02
6.080000e-06	-3.582221e-06	-3.607326e-09	-2.557792e+01	-2.364152e+02
6.090000e-06	-3.642645e-06	-3.637146e-09	-2.600936e+01	-2.384149e+02
6.100000e-06	-3.702811e-06	-3.665448e-09	-2.643895e+01	-2.403691e+02
6.110000e-06	-3.762631e-06	-3.691391e-09	-2.686608e+01	-2.422762e+02
6.120000e-06	-3.822189e-06	-3.717839e-09	-2.729134e+01	-2.441349e+02
6.130000e-06	-3.881572e-06	-3.744938e-09	-2.771535e+01	-2.459441e+02
6.140000e-06	-3.940815e-06	-3.771778e-09	-2.813836e+01	-2.477029e+02
6.150000e-06	-3.999836e-06	-3.799989e-09	-2.855979e+01	-2.494111e+02
6.160000e-06	-4.058542e-06	-3.826705e-09	-2.897896e+01	-2.510686e+02
6.170000e-06	-4.116917e-06	-3.853187e-09	-2.939578e+01	-2.526761e+02
6.180000e-06	-4.175026e-06	-3.881540e-09	-2.981069e+01	-2.542348e+02
6.190000e-06	-4.232789e-06	-3.906401e-09	-3.022313e+01	-2.557462e+02
6.200000e-06	-4.290199e-06	-3.926178e-09	-3.063305e+01	-2.572126e+02
6.210000e-06	-4.347387e-06	-3.946744e-09	-3.104139e+01	-2.586363e+02
6.220000e-06	-4.404368e-06	-3.969775e-09	-3.144824e+01	-2.600203e+02
6.230000e-06	-4.461019e-06	-3.993171e-09	-3.185275e+01	-2.613676e+02
6.240000e-06	-4.517309e-06	-4.013595e-09	-3.225467e+01	-2.626816e+02
6.250000e-06	-4.573332e-06	-4.033678e-09	-3.265469e+01	-2.639656e+02
6.260000e-06	-4.629102e-06	-4.055013e-09	-3.305290e+01	-2.652229e+02
6.270000e-06	-4.684605e-06	-4.075975e-09	-3.344920e+01	-2.664567e+02
6.280000e-06	-4.739705e-06	-4.095897e-09	-3.384263e+01	-2.676702e+02
6.290000e-06	-4.794271e-06	-4.115055e-09	-3.423224e+01	-2.688659e+02
6.300000e-06	-4.848342e-06	-4.135829e-09	-3.461832e+01	-2.700464e+02
6.310000e-06	-4.901980e-06	-4.159617e-09	-3.500131e+01	-2.712135e+02
6.320000e-06	-4.955189e-06	-4.180842e-09	-3.538124e+01	-2.723688e+02
6.330000e-06	-5.007919e-06	-4.198374e-09	-3.575774e+01	-2.735135e+02
6.340000e-06	-5.060117e-06	-4.217344e-09	-3.613045e+01	-2.746480e+02
6.350000e-06	-5.111922e-06	-4.236958e-09	-3.650035e+01	-2.757724e+02
6.360000e-06	-5.163406e-06	-4.255190e-09	-3.686795e+01	-2.768865e+02
6.370000e-06	-5.214513e-06	-4.273194e-09	-3.723287e+01	-2.779896e+02
6.380000e-06	-5.265254e-06	-4.289596e-09	-3.759517e+01	-2.790803e+02
6.390000e-06	-5.315641e-06	-4.304095e-09	-3.795495e+01	-2.801575e+02
6.400000e-06	-5.365622e-06	-4.319065e-09	-3.831182e+01	-2.812194e+02
6.410000e-06	-5.415080e-06	-4.333834e-09	-3.866496e+01	-2.822642e+02
6.420000e-06	-5.463936e-06	-4.347692e-09	-3.901381e+01	-2.832901e+02
6.430000e-06	-5.512248e-06	-4.361403e-09	-3.935877e+01	-2.842951e+02
6.440000e-06	-5.560104e-06	-4.376206e-09	-3.970047e+01	-2.852775e+02
6.450000e-06	-5.607479e-06	-4.390940e-09	-4.003874e+01	-2.862356e+02
6.460000e-06	-5.654370e-06	-4.405189e-09	-4.037355e+01	-2.871679e+02
6.470000e-06	-5.700989e-06	-4.420899e-09	-4.070642e+01	-2.880734e+02
6.480000e-06	-5.747308e-06	-4.436289e-09	-4.103716e+01	-2.889512e+02
6.490000e-06	-5.793163e-06	-4.447681e-09	-4.136457e+01	-2.898008e+02
6.500000e-06	-5.838596e-06	-4.457524e-09	-4.168897e+01	-2.906220e+02
6.510000e-06	-5.883641e-06	-4.468924e-09	-4.201061e+01	-2.914152e+02
6.520000e-06	-5.928370e-06	-4.479160e-09	-4.232998e+01	-2.921810e+02
6.530000e-06	-5.972815e-06	-4.488383e-09	-4.264733e+01	-2.929205e+02
6.540000e-06	-6.016937e-06	-4.498356e-09	-4.296237e+01	-2.936349e+02
6.550000e-06	-6.060724e-06	-4.508703e-09	-4.327502e+01	-2.943260e+02
6.560000e-06	-6.104160e-06	-4.520189e-09	-4.358517e+01	-2.949957e+02
6.570000e-06	-6.147283e-06	-4.531330e-09	-4.389307e+01	-2.956461e+02
6.580000e-06	-6.190059e-06	-4.540230e-09	-4.419850e+01	-2.962794e+02
6.590000e-06	-6.232356e-06	-4.549864e-09	-4.450052e+01	-2.968979e+02
6.600000e-06	-6.274248e-06	-4.561355e-09	-4.479964e+01	-2.975040e+02
6.610000e-06	-6.315695e-06	-4.571774e-09	-4.509557e+01	-2.980999e+02
6.620000e-06	-6.356659e-06	-4.579529e-09	-4.538807e+01	-2.986877e+02
6.630000e-06	-6.397177e-06	-4.587976e-09	-4.567737e+01	-2.992694e+02
6.640000e-06	-6.437294e-06	-4.598189e-09	-4.596382e+01	-2.998467e+02
6.650000e-06	-6.477174e-06	-4.606295e-09	-4.624858e+01	-3.004211e+02
6.660000e-06	-6.516657e-06	-4.613289e-09	-4.653049e+01	-3.009937e+02
6.670000e-06	-6.555618e-06	-4.621343e-09	-4.680868e+01	-3.015652e+02
6.680000e-06	-6.593914e-06	-4.629315e-09	-4.708213e+01	-3.021363e+02
6.690000e-06	-6.631469e-06	-4.635778e-09	-4.735028e+01	-3.027069e+02
6.700000e-06	-6.668403e-06	-4.641963e-09	-4.761400e+01	-3.032769e+02
6.710000e-06	-6.704834e-06	-4.649134e-09	-4.787412e+01	-3.038457e+02
6.720000e-06	-6.740862e-06	-4.655585e-09	-4.813137e+01	-3.044125e+02
6.730000e-06	-6.776503e-06	-4.662589e-09	-4.838585e+01	-3.049762e+02
6.740000e-06	-6.811832e-06	-4.669538e-09	-4.863811e+01	-3.055354e+02
6.750000e-06	-6.846764e-06	-4.675058e-09	-4.888753e+01	-3.060887e+02
6.760000e-06	-6.881204e-06	-4.682029e-09	-4.913344e+01	-3.066344e+02
6.770000e-06	-6.915130e-06	-4.689429e-09	-4.937568e+01	-3.071708e+02
6.780000e-06	-6.948562e-06	-4.694508e-09	-4.961440e+01	-3.076962e+02
6.790000e-06	-6.981534e-06	-4.699473e-09	-4.984982e+01	-3.082090e+02
6.800000e-06	-7.014122e-06	-4.706357e-09	-5.008251e+01	-3.087075e+02
6.810000e-06	-7.046318e-06	-4.713378e-09	-5.031240e+01	-3.091902e+02
6.820000e-06	-7.078093e-06	-4.718767e-09	-5.053928e+01	-3.096560e+02
6.830000e-06	-7.109318e-06	-4.723752e-09	-5.076223e+01	-3.101036e+02
6.840000e-06	-7.139751e-06	-4.730339e-09	-5.097953e+01	-3.105322e+02
6.850000e-06	-7.169370e-06	-4.736280e-09	-5.119101e+01	-3.109411e+02
6.860000e-06	-7.198331e-06	-4.740288e-09	-5.139781e+01	-3.113301e+02
6.870000e-06	-7.226818e-06	-4.743626e-09	-5.160121e+01	-3.116989e+02
6.880000e-06	-7.254961e-06	-4.747161e-09	-5.180216e+01	-3.120478e+02
6.890000e-06	-7.282649e-06	-4.749789e-09	-5.199985e+01	-3.123773e+02
6.900000e-06	-7.309820e-06	-4.751269e-09	-5.219387e+01	-3.126878e+02
6.910000e-06	-7.336455e-06	-4.752016e-09	-5.238405e+01	-3.129803e+02
6.920000e-06	-7.362561e-06	-4.754399e-09	-5.257045e+01	-3.132559e+02
6.930000e-06	-7.388179e-06	-4.759165e-09	-5.275337e+01	-3.135157e+02
6.940000e-06	-7.413223e-06	-4.763814e-09	-5.293219e+01	-3.137611e+02
6.950000e-06	-7.437799e-06	-4.766640e-09	-5.310766e+01	-3.139934e+02
6.960000e-06	-7.462030e-06	-4.769835e-09	-5.328068e+01	-3.142142e+02
6.970000e-06	-7.485910e-06	-4.774360e-09	-5.345119e+01	-3.144248e+02
6.980000e-06	-7.509269e-06	-4.777611e-09	-5.361798e+01	-3.146269e+02
6.990000e-06	-7.531878e-06	-4.778861e-09	-5.377942e+01	-3.148217e+02
7.000000e-06	-7.553583e-06	-4.778881e-09	-5.393439e+01	-3.150106e+02
7.010000e-06	-7.574552e-06	-4.780722e-09	-5.408411e+01	-3.151949e+02
7.020000e-06	-7.595034e-06	-4.782986e-09	-5.423036e+01	-3.153757e+02
7.030000e-06	-7.615116e-06	-4.782693e-09	-5.437375e+01	-3.155539e+02
7.040000e-06	-7.634787e-06	-4.781780e-09	-5.451421e+01	-3.157305e+02
7.050000e-06	-7.653992e-06	-4.785399e-09	-5.465133e+01	-3.159060e+02
7.060000e-06	-7.672704e-06	-4.791405e-09	-5.478494e+01	-3.160812e+02
7.070000e-06	-7.690882e-06	-4.793517e-09	-5.491474e+01	-3.162562e+02
7.080000e-06	-7.708606e-06	-4.794283e-09	-5.504129e+01	-3.164314e+02
7.090000e-06	-7.725783e-06	-4.795801e-09	-5.516394e+01	-3.166067e+02
7.100000e-06	-7.742444e-06	-4.796568e-09	-5.528291e+01	-3.167822e+02
7.110000e-06	-7.758741e-06	-4.796578e-09	-5.539927e+01	-3.169576e+02
7.120000e-06	-7.774650e-06	-4.796787e-09	-5.551286e+01	-3.171326e+02
7.130000e-06	-7.789900e-06	-4.799518e-09	-5.562175e+01	-3.173067e+02
7.140000e-06	-7.804210e-06	-4.801690e-09	-5.572393e+01	-3.174795e+02
7.150000e-06	-7.817635e-06	-4.805160e-09	-5.581979e+01	-3.176501e+02
7.160000e-06	-7.830346e-06	-4.807246e-09	-5.591054e+01	-3.178181e+02
7.170000e-06	-7.842471e-06	-4.807792e-09	-5.599712e+01	-3.179824e+02
7.180000e-06	-7.854027e-06	-4.808162e-09	-5.607963e+01	-3.181425e+02
7.190000e-06	-7.865048e-06	-4.808435e-09	-5.615833e+01	-3.182972e+02
7.200000e-06	-7.875518e-06	-4.807659e-09	-5.623308e+01	-3.184458e+02
7.210000e-06	-7.885406e-06	-4.807426e-09	-5.630368e+01	-3.185873e+02
7.220000e-06	-7.894764e-06	-4.809097e-09	-5.637050e+01	-3.187208e+02
7.230000e-06	-7.903580e-06	-4.810899e-09	-5.643345e+01	-3.188452e+02
7.240000e-06	-7.911913e-06	-4.811873e-09	-5.649295e+01	-3.189598e+02
7.250000e-06	-7.919971e-06	-4.812328e-09	-5.655049e+01	-3.190634e+02
7.260000e-06	-7.927710e-06	-4.813351e-09	-5.660575e+01	-3.191553e+02
7.270000e-06	-7.934795e-06	-4.814630e-09	-5.665633e+01	-3.192347e+02
7.280000e-06	-7.940994e-06	-4.813315e-09	-5.670060e+01	-3.193007e+02
7.290000e-06	-7.946236e-06	-4.810666e-09	-5.673803e+01	-3.193528e+02
7.300000e-06	-7.950766e-06	-4.810670e-09	-5.677037e+01	-3.193905e+02
7.310000e-06	-7.954933e-06	-4.813192e-09	-5.680013e+01	-3.194131e+02
7.320000e-06	-7.958759e-06	-4.815914e-09	-5.682744e+01	-3.194207e+02
7.330000e-06	-7.962066e-06	-4.814989e-09	-5.685106e+01	-3.194130e+02
7.340000e-06	-7.964762e-06	-4.816634e-09	-5.687031e+01	-3.193901e+02
7.350000e-06	-7.966998e-06	-4.817289e-09	-5.688627e+01	-3.193525e+02
7.360000e-06	-7.968823e-06	-4.817501e-09	-5.689930e+01	-3.193007e+02
7.370000e-06	-7.969983e-06	-4.816098e-09	-5.690759e+01	-3.192354e+02
7.380000e-06	-7.970579e-06	-4.813391e-09	-5.691184e+01	-3.191578e+02
