# Temperatura_=_20.0
# Concentracion g/m^3_=_12600.0
# C_Vs_to_Am_M_A/Vsm_=_65563218390.804596
# pendiente_HvsI_1/m_=_3716.3
# ordenada_HvsI_A/m_=_1297.0
# frecuencia_Hz_=_135136.8610176629

Tiempo_(s)	Campo_(V.s)	Magnetizacion_(V.s)	Campo_(kA/m)	Magnetizacion_(A/m)
0.000000e+00	-5.182079e-06	-5.685126e-09	-3.845431e+01	-3.689386e+02
1.000000e-08	-5.182329e-06	-5.683574e-09	-3.845617e+01	-3.689157e+02
2.000000e-08	-5.182247e-06	-5.683034e-09	-3.845555e+01	-3.688503e+02
3.000000e-08	-5.181879e-06	-5.681511e-09	-3.845283e+01	-3.687425e+02
4.000000e-08	-5.181196e-06	-5.680752e-09	-3.844776e+01	-3.685936e+02
5.000000e-08	-5.179929e-06	-5.687913e-09	-3.843836e+01	-3.684058e+02
6.000000e-08	-5.178099e-06	-5.699452e-09	-3.842477e+01	-3.681819e+02
7.000000e-08	-5.175809e-06	-5.703645e-09	-3.840778e+01	-3.679259e+02
8.000000e-08	-5.173062e-06	-5.638248e-09	-3.838740e+01	-3.676425e+02
9.000000e-08	-5.169831e-06	-5.561225e-09	-3.836342e+01	-3.673371e+02
1.000000e-07	-5.166137e-06	-5.587826e-09	-3.833601e+01	-3.670160e+02
1.100000e-07	-5.162126e-06	-5.787474e-09	-3.830624e+01	-3.666856e+02
1.200000e-07	-5.157722e-06	-5.824785e-09	-3.827356e+01	-3.663530e+02
1.300000e-07	-5.153139e-06	-5.663323e-09	-3.823956e+01	-3.660256e+02
1.400000e-07	-5.148372e-06	-5.427961e-09	-3.820418e+01	-3.657105e+02
1.500000e-07	-5.143170e-06	-5.547091e-09	-3.816558e+01	-3.654149e+02
1.600000e-07	-5.137437e-06	-5.757477e-09	-3.812304e+01	-3.651459e+02
1.700000e-07	-5.131395e-06	-5.832414e-09	-3.807820e+01	-3.649097e+02
1.800000e-07	-5.125168e-06	-5.655578e-09	-3.803199e+01	-3.647121e+02
1.900000e-07	-5.118444e-06	-5.484390e-09	-3.798210e+01	-3.645580e+02
2.000000e-07	-5.111345e-06	-5.566006e-09	-3.792942e+01	-3.644515e+02
2.100000e-07	-5.104052e-06	-5.700641e-09	-3.787530e+01	-3.643954e+02
2.200000e-07	-5.096527e-06	-5.708923e-09	-3.781946e+01	-3.643914e+02
2.300000e-07	-5.088694e-06	-5.502402e-09	-3.776134e+01	-3.644399e+02
2.400000e-07	-5.080387e-06	-5.527509e-09	-3.769969e+01	-3.645400e+02
2.500000e-07	-5.071757e-06	-5.691557e-09	-3.763565e+01	-3.646896e+02
2.600000e-07	-5.062738e-06	-5.731383e-09	-3.756873e+01	-3.648850e+02
2.700000e-07	-5.053078e-06	-5.495177e-09	-3.749704e+01	-3.651216e+02
2.800000e-07	-5.042786e-06	-5.466605e-09	-3.742067e+01	-3.653933e+02
2.900000e-07	-5.032151e-06	-5.675346e-09	-3.734175e+01	-3.656931e+02
3.000000e-07	-5.021224e-06	-5.819084e-09	-3.726067e+01	-3.660131e+02
3.100000e-07	-5.009671e-06	-5.626731e-09	-3.717494e+01	-3.663443e+02
3.200000e-07	-4.997719e-06	-5.553459e-09	-3.708624e+01	-3.666776e+02
3.300000e-07	-4.985499e-06	-5.695181e-09	-3.699556e+01	-3.670031e+02
3.400000e-07	-4.972925e-06	-5.782295e-09	-3.690225e+01	-3.673108e+02
3.500000e-07	-4.959947e-06	-5.657835e-09	-3.680595e+01	-3.675908e+02
3.600000e-07	-4.946526e-06	-5.658508e-09	-3.670636e+01	-3.678335e+02
3.700000e-07	-4.932732e-06	-5.668011e-09	-3.660400e+01	-3.680294e+02
3.800000e-07	-4.918624e-06	-5.535301e-09	-3.649931e+01	-3.681701e+02
3.900000e-07	-4.904053e-06	-5.480241e-09	-3.639118e+01	-3.682476e+02
4.000000e-07	-4.888886e-06	-5.631839e-09	-3.627863e+01	-3.682551e+02
4.100000e-07	-4.873237e-06	-5.664829e-09	-3.616251e+01	-3.681870e+02
4.200000e-07	-4.857135e-06	-5.470358e-09	-3.604302e+01	-3.680386e+02
4.300000e-07	-4.840523e-06	-5.438462e-09	-3.591975e+01	-3.678070e+02
4.400000e-07	-4.823604e-06	-5.563874e-09	-3.579420e+01	-3.674902e+02
4.500000e-07	-4.806459e-06	-5.595262e-09	-3.566697e+01	-3.670879e+02
4.600000e-07	-4.788999e-06	-5.477382e-09	-3.553741e+01	-3.666011e+02
4.700000e-07	-4.771340e-06	-5.455052e-09	-3.540637e+01	-3.660319e+02
4.800000e-07	-4.753475e-06	-5.461678e-09	-3.527379e+01	-3.653841e+02
4.900000e-07	-4.735190e-06	-5.474457e-09	-3.513811e+01	-3.646622e+02
5.000000e-07	-4.716418e-06	-5.460959e-09	-3.499881e+01	-3.638720e+02
5.100000e-07	-4.697327e-06	-5.472997e-09	-3.485714e+01	-3.630199e+02
5.200000e-07	-4.677983e-06	-5.415684e-09	-3.471360e+01	-3.621133e+02
5.300000e-07	-4.658346e-06	-5.384963e-09	-3.456788e+01	-3.611598e+02
5.400000e-07	-4.638454e-06	-5.394258e-09	-3.442027e+01	-3.601674e+02
5.500000e-07	-4.618391e-06	-5.440696e-09	-3.427139e+01	-3.591443e+02
5.600000e-07	-4.598125e-06	-5.398486e-09	-3.412100e+01	-3.580984e+02
5.700000e-07	-4.577497e-06	-5.338641e-09	-3.396793e+01	-3.570375e+02
5.800000e-07	-4.556483e-06	-5.326250e-09	-3.381199e+01	-3.559690e+02
5.900000e-07	-4.535168e-06	-5.364021e-09	-3.365382e+01	-3.548994e+02
6.000000e-07	-4.513611e-06	-5.348619e-09	-3.349386e+01	-3.538346e+02
6.100000e-07	-4.491768e-06	-5.315799e-09	-3.333177e+01	-3.527798e+02
6.200000e-07	-4.469591e-06	-5.288076e-09	-3.316720e+01	-3.517390e+02
6.300000e-07	-4.447059e-06	-5.262753e-09	-3.300000e+01	-3.507152e+02
6.400000e-07	-4.424253e-06	-5.256925e-09	-3.283076e+01	-3.497105e+02
6.500000e-07	-4.401225e-06	-5.287034e-09	-3.265988e+01	-3.487256e+02
6.600000e-07	-4.377861e-06	-5.269792e-09	-3.248650e+01	-3.477606e+02
6.700000e-07	-4.354219e-06	-5.184434e-09	-3.231106e+01	-3.468143e+02
6.800000e-07	-4.330366e-06	-5.161940e-09	-3.213406e+01	-3.458845e+02
6.900000e-07	-4.306176e-06	-5.220012e-09	-3.195455e+01	-3.449686e+02
7.000000e-07	-4.281708e-06	-5.231592e-09	-3.177298e+01	-3.440629e+02
7.100000e-07	-4.256991e-06	-5.142916e-09	-3.158957e+01	-3.431632e+02
7.200000e-07	-4.231839e-06	-5.090163e-09	-3.140293e+01	-3.422651e+02
7.300000e-07	-4.206264e-06	-5.123677e-09	-3.121314e+01	-3.413635e+02
7.400000e-07	-4.180186e-06	-5.164180e-09	-3.101963e+01	-3.404536e+02
7.500000e-07	-4.153646e-06	-5.111784e-09	-3.082269e+01	-3.395304e+02
7.600000e-07	-4.126734e-06	-5.044249e-09	-3.062298e+01	-3.385891e+02
7.700000e-07	-4.099470e-06	-5.032585e-09	-3.042066e+01	-3.376251e+02
7.800000e-07	-4.071943e-06	-5.069674e-09	-3.021640e+01	-3.366344e+02
7.900000e-07	-4.044166e-06	-5.057755e-09	-3.001028e+01	-3.356135e+02
8.000000e-07	-4.016276e-06	-5.004906e-09	-2.980332e+01	-3.345594e+02
8.100000e-07	-3.988225e-06	-4.962375e-09	-2.959515e+01	-3.334698e+02
8.200000e-07	-3.959936e-06	-4.969943e-09	-2.938524e+01	-3.323432e+02
8.300000e-07	-3.931369e-06	-4.969832e-09	-2.917325e+01	-3.311788e+02
8.400000e-07	-3.902449e-06	-4.942308e-09	-2.895865e+01	-3.299764e+02
8.500000e-07	-3.873237e-06	-4.901478e-09	-2.874188e+01	-3.287367e+02
8.600000e-07	-3.843761e-06	-4.881997e-09	-2.852314e+01	-3.274608e+02
8.700000e-07	-3.814051e-06	-4.869984e-09	-2.830268e+01	-3.261508e+02
8.800000e-07	-3.784101e-06	-4.858751e-09	-2.808043e+01	-3.248088e+02
8.900000e-07	-3.753931e-06	-4.837608e-09	-2.785655e+01	-3.234378e+02
9.000000e-07	-3.723601e-06	-4.809426e-09	-2.763148e+01	-3.220406e+02
9.100000e-07	-3.693015e-06	-4.777870e-09	-2.740451e+01	-3.206207e+02
9.200000e-07	-3.662018e-06	-4.758852e-09	-2.717450e+01	-3.191813e+02
9.300000e-07	-3.630784e-06	-4.753677e-09	-2.694272e+01	-3.177257e+02
9.400000e-07	-3.599406e-06	-4.738678e-09	-2.670987e+01	-3.162570e+02
9.500000e-07	-3.567796e-06	-4.700644e-09	-2.647531e+01	-3.147783e+02
9.600000e-07	-3.536025e-06	-4.661334e-09	-2.623955e+01	-3.132920e+02
9.700000e-07	-3.504057e-06	-4.651443e-09	-2.600232e+01	-3.118002e+02
9.800000e-07	-3.471781e-06	-4.651768e-09	-2.576282e+01	-3.103048e+02
9.900000e-07	-3.439305e-06	-4.628348e-09	-2.552182e+01	-3.088068e+02
1.000000e-06	-3.406686e-06	-4.578451e-09	-2.527977e+01	-3.073067e+02
1.010000e-06	-3.373789e-06	-4.552485e-09	-2.503565e+01	-3.058047e+02
1.020000e-06	-3.340631e-06	-4.554908e-09	-2.478960e+01	-3.043003e+02
1.030000e-06	-3.307074e-06	-4.545901e-09	-2.454058e+01	-3.027922e+02
1.040000e-06	-3.273076e-06	-4.498170e-09	-2.428830e+01	-3.012791e+02
1.050000e-06	-3.238684e-06	-4.453788e-09	-2.403309e+01	-2.997590e+02
1.060000e-06	-3.203855e-06	-4.441322e-09	-2.377463e+01	-2.982295e+02
1.070000e-06	-3.168736e-06	-4.441914e-09	-2.351403e+01	-2.966879e+02
1.080000e-06	-3.133407e-06	-4.410840e-09	-2.325187e+01	-2.951316e+02
1.090000e-06	-3.097886e-06	-4.363240e-09	-2.298828e+01	-2.935576e+02
1.100000e-06	-3.062194e-06	-4.336839e-09	-2.272342e+01	-2.919629e+02
1.110000e-06	-3.026343e-06	-4.332197e-09	-2.245739e+01	-2.903448e+02
1.120000e-06	-2.990329e-06	-4.307724e-09	-2.219013e+01	-2.887004e+02
1.130000e-06	-2.954279e-06	-4.263065e-09	-2.192262e+01	-2.870275e+02
1.140000e-06	-2.918123e-06	-4.229041e-09	-2.165432e+01	-2.853239e+02
1.150000e-06	-2.881660e-06	-4.213941e-09	-2.138374e+01	-2.835877e+02
1.160000e-06	-2.844935e-06	-4.192146e-09	-2.111122e+01	-2.818178e+02
1.170000e-06	-2.808001e-06	-4.155402e-09	-2.083714e+01	-2.800131e+02
1.180000e-06	-2.770906e-06	-4.121643e-09	-2.056188e+01	-2.781733e+02
1.190000e-06	-2.733694e-06	-4.099688e-09	-2.028574e+01	-2.762984e+02
1.200000e-06	-2.696239e-06	-4.073607e-09	-2.000780e+01	-2.743889e+02
1.210000e-06	-2.658548e-06	-4.037599e-09	-1.972811e+01	-2.724456e+02
1.220000e-06	-2.620721e-06	-4.005413e-09	-1.944741e+01	-2.704699e+02
1.230000e-06	-2.582735e-06	-3.982780e-09	-1.916553e+01	-2.684634e+02
1.240000e-06	-2.544573e-06	-3.955769e-09	-1.888234e+01	-2.664280e+02
1.250000e-06	-2.506201e-06	-3.918391e-09	-1.859760e+01	-2.643658e+02
1.260000e-06	-2.467714e-06	-3.886083e-09	-1.831200e+01	-2.622788e+02
1.270000e-06	-2.429057e-06	-3.863455e-09	-1.802515e+01	-2.601695e+02
1.280000e-06	-2.390153e-06	-3.838788e-09	-1.773645e+01	-2.580399e+02
1.290000e-06	-2.351079e-06	-3.800147e-09	-1.744650e+01	-2.558923e+02
1.300000e-06	-2.311924e-06	-3.761283e-09	-1.715594e+01	-2.537286e+02
1.310000e-06	-2.272635e-06	-3.735439e-09	-1.686439e+01	-2.515504e+02
1.320000e-06	-2.233178e-06	-3.711952e-09	-1.657160e+01	-2.493593e+02
1.330000e-06	-2.193609e-06	-3.672234e-09	-1.627797e+01	-2.471564e+02
1.340000e-06	-2.153929e-06	-3.627954e-09	-1.598352e+01	-2.449423e+02
1.350000e-06	-2.114168e-06	-3.595335e-09	-1.568847e+01	-2.427175e+02
1.360000e-06	-2.074312e-06	-3.569634e-09	-1.539271e+01	-2.404820e+02
1.370000e-06	-2.034405e-06	-3.532274e-09	-1.509658e+01	-2.382355e+02
1.380000e-06	-1.994378e-06	-3.488949e-09	-1.479955e+01	-2.359772e+02
1.390000e-06	-1.954221e-06	-3.453076e-09	-1.450156e+01	-2.337061e+02
1.400000e-06	-1.913981e-06	-3.425513e-09	-1.420295e+01	-2.314209e+02
1.410000e-06	-1.873619e-06	-3.391314e-09	-1.390344e+01	-2.291200e+02
1.420000e-06	-1.833123e-06	-3.348600e-09	-1.360294e+01	-2.268019e+02
1.430000e-06	-1.792500e-06	-3.307721e-09	-1.330149e+01	-2.244646e+02
1.440000e-06	-1.751702e-06	-3.272616e-09	-1.299874e+01	-2.221062e+02
1.450000e-06	-1.710600e-06	-3.238229e-09	-1.269374e+01	-2.197250e+02
1.460000e-06	-1.669281e-06	-3.200672e-09	-1.238712e+01	-2.173191e+02
1.470000e-06	-1.627806e-06	-3.160215e-09	-1.207935e+01	-2.148869e+02
1.480000e-06	-1.586118e-06	-3.122808e-09	-1.177000e+01	-2.124268e+02
1.490000e-06	-1.544229e-06	-3.088328e-09	-1.145916e+01	-2.099376e+02
1.500000e-06	-1.502105e-06	-3.051195e-09	-1.114657e+01	-2.074183e+02
1.510000e-06	-1.459893e-06	-3.012169e-09	-1.083333e+01	-2.048682e+02
1.520000e-06	-1.417478e-06	-2.974494e-09	-1.051858e+01	-2.022868e+02
1.530000e-06	-1.374788e-06	-2.936739e-09	-1.020180e+01	-1.996740e+02
1.540000e-06	-1.332030e-06	-2.894256e-09	-9.884506e+00	-1.970299e+02
1.550000e-06	-1.289099e-06	-2.851673e-09	-9.565933e+00	-1.943550e+02
1.560000e-06	-1.245985e-06	-2.810313e-09	-9.246002e+00	-1.916499e+02
1.570000e-06	-1.202798e-06	-2.768064e-09	-8.925526e+00	-1.889156e+02
1.580000e-06	-1.159590e-06	-2.724233e-09	-8.604895e+00	-1.861530e+02
1.590000e-06	-1.116304e-06	-2.684211e-09	-8.283682e+00	-1.833633e+02
1.600000e-06	-1.072863e-06	-2.647013e-09	-7.961324e+00	-1.805479e+02
1.610000e-06	-1.029328e-06	-2.603595e-09	-7.638270e+00	-1.777078e+02
1.620000e-06	-9.857349e-07	-2.554428e-09	-7.314777e+00	-1.748444e+02
1.630000e-06	-9.420886e-07	-2.508873e-09	-6.990895e+00	-1.719588e+02
1.640000e-06	-8.984381e-07	-2.468978e-09	-6.666980e+00	-1.690520e+02
1.650000e-06	-8.547523e-07	-2.426923e-09	-6.342804e+00	-1.661248e+02
1.660000e-06	-8.110325e-07	-2.375986e-09	-6.018375e+00	-1.631778e+02
1.670000e-06	-7.673290e-07	-2.325399e-09	-5.694068e+00	-1.602115e+02
1.680000e-06	-7.236014e-07	-2.281590e-09	-5.369581e+00	-1.572258e+02
1.690000e-06	-6.798226e-07	-2.243264e-09	-5.044715e+00	-1.542208e+02
1.700000e-06	-6.360060e-07	-2.199762e-09	-4.719567e+00	-1.511959e+02
1.710000e-06	-5.921455e-07	-2.148257e-09	-4.394095e+00	-1.481506e+02
1.720000e-06	-5.482671e-07	-2.100605e-09	-4.068489e+00	-1.450840e+02
1.730000e-06	-5.043778e-07	-2.061669e-09	-3.742803e+00	-1.419951e+02
1.740000e-06	-4.604722e-07	-2.018127e-09	-3.416996e+00	-1.388825e+02
1.750000e-06	-4.165578e-07	-1.962567e-09	-3.091123e+00	-1.357451e+02
1.760000e-06	-3.725915e-07	-1.908456e-09	-2.764865e+00	-1.325813e+02
1.770000e-06	-3.286330e-07	-1.862312e-09	-2.438665e+00	-1.293898e+02
1.780000e-06	-2.847909e-07	-1.816452e-09	-2.113329e+00	-1.261691e+02
1.790000e-06	-2.409024e-07	-1.765883e-09	-1.787648e+00	-1.229180e+02
1.800000e-06	-1.969468e-07	-1.714744e-09	-1.461470e+00	-1.196353e+02
1.810000e-06	-1.530333e-07	-1.667219e-09	-1.135604e+00	-1.163200e+02
1.820000e-06	-1.091201e-07	-1.622517e-09	-8.097407e-01	-1.129713e+02
1.830000e-06	-6.521234e-08	-1.574230e-09	-4.839169e-01	-1.095887e+02
1.840000e-06	-2.127218e-08	-1.520671e-09	-1.578530e-01	-1.061718e+02
1.850000e-06	2.268645e-08	-1.466880e-09	1.683478e-01	-1.027208e+02
1.860000e-06	6.659587e-08	-1.418303e-09	4.941836e-01	-9.923593e+01
1.870000e-06	1.104853e-07	-1.370598e-09	8.198713e-01	-9.571768e+01
1.880000e-06	1.544261e-07	-1.320679e-09	1.145940e+00	-9.216691e+01
1.890000e-06	1.983939e-07	-1.268657e-09	1.472208e+00	-8.858467e+01
1.900000e-06	2.423037e-07	-1.216251e-09	1.798047e+00	-8.497224e+01
1.910000e-06	2.861943e-07	-1.165384e-09	2.123743e+00	-8.133102e+01
1.920000e-06	3.300733e-07	-1.113648e-09	2.449353e+00	-7.766255e+01
1.930000e-06	3.739435e-07	-1.059689e-09	2.774898e+00	-7.396843e+01
1.940000e-06	4.178528e-07	-1.002497e-09	3.100733e+00	-7.025026e+01
1.950000e-06	4.617799e-07	-9.442072e-10	3.426700e+00	-6.650962e+01
1.960000e-06	5.056593e-07	-8.894065e-10	3.752313e+00	-6.274798e+01
1.970000e-06	5.495116e-07	-8.365168e-10	4.077724e+00	-5.896666e+01
1.980000e-06	5.933691e-07	-7.852489e-10	4.403175e+00	-5.516682e+01
1.990000e-06	6.372084e-07	-7.319117e-10	4.728490e+00	-5.134937e+01
2.000000e-06	6.810307e-07	-6.753844e-10	5.053679e+00	-4.751497e+01
2.010000e-06	7.248039e-07	-6.192364e-10	5.378504e+00	-4.366401e+01
2.020000e-06	7.685011e-07	-5.640295e-10	5.702766e+00	-3.979659e+01
2.030000e-06	8.121872e-07	-5.075819e-10	6.026944e+00	-3.591253e+01
2.040000e-06	8.558642e-07	-4.475858e-10	6.351055e+00	-3.201134e+01
2.050000e-06	8.994747e-07	-3.869028e-10	6.674673e+00	-2.809232e+01
2.060000e-06	9.430256e-07	-3.281107e-10	6.997848e+00	-2.415449e+01
2.070000e-06	9.865475e-07	-2.714652e-10	7.320807e+00	-2.019672e+01
2.080000e-06	1.030067e-06	-2.148802e-10	7.643753e+00	-1.621771e+01
2.090000e-06	1.073480e-06	-1.577981e-10	7.965904e+00	-1.221606e+01
2.100000e-06	1.116821e-06	-9.846896e-11	8.287519e+00	-8.190369e+00
2.110000e-06	1.160197e-06	-3.698975e-11	8.609398e+00	-4.139227e+00
2.120000e-06	1.203450e-06	2.299862e-11	8.930365e+00	-6.132393e-02
2.130000e-06	1.246532e-06	8.184303e-11	9.250059e+00	4.044505e+00
2.140000e-06	1.289484e-06	1.425177e-10	9.568791e+00	8.179223e+00
2.150000e-06	1.332252e-06	2.052091e-10	9.886157e+00	1.234353e+01
2.160000e-06	1.374884e-06	2.675288e-10	1.020251e+01	1.653784e+01
2.170000e-06	1.417391e-06	3.276118e-10	1.051794e+01	2.076219e+01
2.180000e-06	1.459775e-06	3.881073e-10	1.083245e+01	2.501629e+01
2.190000e-06	1.502052e-06	4.527116e-10	1.114618e+01	2.929943e+01
2.200000e-06	1.543991e-06	5.184670e-10	1.145739e+01	3.361050e+01
2.210000e-06	1.585597e-06	5.820018e-10	1.176613e+01	3.794800e+01
2.220000e-06	1.627090e-06	6.445310e-10	1.207404e+01	4.231004e+01
2.230000e-06	1.668343e-06	7.100973e-10	1.238016e+01	4.669437e+01
2.240000e-06	1.709331e-06	7.794926e-10	1.268432e+01	5.109843e+01
2.250000e-06	1.750230e-06	8.472925e-10	1.298781e+01	5.551934e+01
2.260000e-06	1.790953e-06	9.121923e-10	1.329001e+01	5.995402e+01
2.270000e-06	1.831487e-06	9.749842e-10	1.359079e+01	6.439918e+01
2.280000e-06	1.871875e-06	1.038873e-09	1.389050e+01	6.885144e+01
2.290000e-06	1.912151e-06	1.105616e-09	1.418937e+01	7.330733e+01
2.300000e-06	1.952354e-06	1.170731e-09	1.448771e+01	7.776343e+01
2.310000e-06	1.992425e-06	1.233414e-09	1.478506e+01	8.221634e+01
2.320000e-06	2.032384e-06	1.295202e-09	1.508158e+01	8.666282e+01
2.330000e-06	2.072261e-06	1.358833e-09	1.537749e+01	9.109977e+01
2.340000e-06	2.112049e-06	1.425372e-09	1.567274e+01	9.552435e+01
2.350000e-06	2.151790e-06	1.494765e-09	1.596765e+01	9.993395e+01
2.360000e-06	2.191399e-06	1.564113e-09	1.626157e+01	1.043263e+02
2.370000e-06	2.230862e-06	1.630202e-09	1.655441e+01	1.086992e+02
2.380000e-06	2.270294e-06	1.695506e-09	1.684702e+01	1.130512e+02
2.390000e-06	2.309549e-06	1.758700e-09	1.713831e+01	1.173808e+02
2.400000e-06	2.348613e-06	1.821451e-09	1.742819e+01	1.216869e+02
2.410000e-06	2.387511e-06	1.882938e-09	1.771685e+01	1.259686e+02
2.420000e-06	2.426239e-06	1.943670e-09	1.800423e+01	1.302254e+02
2.430000e-06	2.464812e-06	2.006801e-09	1.829046e+01	1.344568e+02
2.440000e-06	2.503185e-06	2.071111e-09	1.857522e+01	1.386626e+02
2.450000e-06	2.541431e-06	2.135247e-09	1.885903e+01	1.428427e+02
2.460000e-06	2.579518e-06	2.195843e-09	1.914166e+01	1.469970e+02
2.470000e-06	2.617447e-06	2.255078e-09	1.942312e+01	1.511253e+02
2.480000e-06	2.655243e-06	2.315324e-09	1.970359e+01	1.552275e+02
2.490000e-06	2.692803e-06	2.375186e-09	1.998230e+01	1.593033e+02
2.500000e-06	2.730103e-06	2.434357e-09	2.025910e+01	1.633524e+02
2.510000e-06	2.767118e-06	2.491953e-09	2.053377e+01	1.673741e+02
2.520000e-06	2.803991e-06	2.550733e-09	2.080739e+01	1.713677e+02
2.530000e-06	2.840712e-06	2.608293e-09	2.107988e+01	1.753320e+02
2.540000e-06	2.877152e-06	2.666418e-09	2.135029e+01	1.792659e+02
2.550000e-06	2.913422e-06	2.725514e-09	2.161943e+01	1.831678e+02
2.560000e-06	2.949567e-06	2.780884e-09	2.188765e+01	1.870360e+02
2.570000e-06	2.985630e-06	2.833865e-09	2.215526e+01	1.908684e+02
2.580000e-06	3.021530e-06	2.887863e-09	2.242167e+01	1.946631e+02
2.590000e-06	3.057242e-06	2.943285e-09	2.268667e+01	1.984177e+02
2.600000e-06	3.092807e-06	2.995828e-09	2.295059e+01	2.021299e+02
2.610000e-06	3.128270e-06	3.044717e-09	2.321375e+01	2.057972e+02
2.620000e-06	3.163558e-06	3.094167e-09	2.347560e+01	2.094174e+02
2.630000e-06	3.198496e-06	3.148013e-09	2.373487e+01	2.129881e+02
2.640000e-06	3.233110e-06	3.202124e-09	2.399172e+01	2.165071e+02
2.650000e-06	3.267507e-06	3.252558e-09	2.424698e+01	2.199725e+02
2.660000e-06	3.301520e-06	3.302221e-09	2.449937e+01	2.233826e+02
2.670000e-06	3.335019e-06	3.351934e-09	2.474796e+01	2.267359e+02
2.680000e-06	3.368209e-06	3.399508e-09	2.499425e+01	2.300314e+02
2.690000e-06	3.401108e-06	3.446247e-09	2.523837e+01	2.332684e+02
2.700000e-06	3.433652e-06	3.491831e-09	2.547988e+01	2.364464e+02
2.710000e-06	3.465980e-06	3.534871e-09	2.571977e+01	2.395656e+02
2.720000e-06	3.498103e-06	3.578885e-09	2.595814e+01	2.426265e+02
2.730000e-06	3.529993e-06	3.625477e-09	2.619479e+01	2.456299e+02
2.740000e-06	3.561758e-06	3.670433e-09	2.643050e+01	2.485770e+02
2.750000e-06	3.593318e-06	3.711401e-09	2.666470e+01	2.514693e+02
2.760000e-06	3.624661e-06	3.749582e-09	2.689728e+01	2.543088e+02
2.770000e-06	3.655790e-06	3.791469e-09	2.712828e+01	2.570974e+02
2.780000e-06	3.686693e-06	3.833407e-09	2.735760e+01	2.598373e+02
2.790000e-06	3.717345e-06	3.872250e-09	2.758506e+01	2.625311e+02
2.800000e-06	3.747713e-06	3.910500e-09	2.781040e+01	2.651809e+02
2.810000e-06	3.777783e-06	3.950827e-09	2.803354e+01	2.677892e+02
2.820000e-06	3.807589e-06	3.990124e-09	2.825472e+01	2.703582e+02
2.830000e-06	3.837208e-06	4.026373e-09	2.847452e+01	2.728900e+02
2.840000e-06	3.866521e-06	4.062688e-09	2.869203e+01	2.753866e+02
2.850000e-06	3.895573e-06	4.100748e-09	2.890762e+01	2.778495e+02
2.860000e-06	3.924447e-06	4.137716e-09	2.912189e+01	2.802800e+02
2.870000e-06	3.953039e-06	4.175084e-09	2.933406e+01	2.826792e+02
2.880000e-06	3.981355e-06	4.212743e-09	2.954418e+01	2.850475e+02
2.890000e-06	4.009462e-06	4.250361e-09	2.975275e+01	2.873852e+02
2.900000e-06	4.037399e-06	4.285758e-09	2.996006e+01	2.896923e+02
2.910000e-06	4.065175e-06	4.314788e-09	3.016618e+01	2.919681e+02
2.920000e-06	4.092696e-06	4.345299e-09	3.037039e+01	2.942118e+02
2.930000e-06	4.119950e-06	4.376979e-09	3.057264e+01	2.964224e+02
2.940000e-06	4.146838e-06	4.410441e-09	3.077216e+01	2.985985e+02
2.950000e-06	4.173256e-06	4.444455e-09	3.096820e+01	3.007386e+02
2.960000e-06	4.199362e-06	4.478603e-09	3.116193e+01	3.028410e+02
2.970000e-06	4.224980e-06	4.510286e-09	3.135203e+01	3.049040e+02
2.980000e-06	4.249976e-06	4.542789e-09	3.153752e+01	3.069259e+02
2.990000e-06	4.274600e-06	4.576487e-09	3.172024e+01	3.089051e+02
3.000000e-06	4.298902e-06	4.606277e-09	3.190057e+01	3.108402e+02
3.010000e-06	4.322892e-06	4.630005e-09	3.207860e+01	3.127299e+02
3.020000e-06	4.346611e-06	4.653796e-09	3.225461e+01	3.145731e+02
3.030000e-06	4.370080e-06	4.679332e-09	3.242876e+01	3.163693e+02
3.040000e-06	4.393304e-06	4.705493e-09	3.260110e+01	3.181181e+02
3.050000e-06	4.416235e-06	4.733031e-09	3.277126e+01	3.198194e+02
3.060000e-06	4.438892e-06	4.760023e-09	3.293939e+01	3.214738e+02
3.070000e-06	4.461294e-06	4.786667e-09	3.310563e+01	3.230820e+02
3.080000e-06	4.483383e-06	4.812006e-09	3.326954e+01	3.246451e+02
3.090000e-06	4.505117e-06	4.837333e-09	3.343082e+01	3.261646e+02
3.100000e-06	4.526556e-06	4.862747e-09	3.358992e+01	3.276424e+02
3.110000e-06	4.547722e-06	4.885699e-09	3.374698e+01	3.290804e+02
3.120000e-06	4.568534e-06	4.905151e-09	3.390142e+01	3.304808e+02
3.130000e-06	4.589058e-06	4.927687e-09	3.405372e+01	3.318461e+02
3.140000e-06	4.609280e-06	4.952826e-09	3.420378e+01	3.331786e+02
3.150000e-06	4.629208e-06	4.977971e-09	3.435166e+01	3.344808e+02
3.160000e-06	4.648955e-06	4.999712e-09	3.449819e+01	3.357549e+02
3.170000e-06	4.668494e-06	5.020619e-09	3.464318e+01	3.370032e+02
3.180000e-06	4.687793e-06	5.043680e-09	3.478639e+01	3.382276e+02
3.190000e-06	4.706824e-06	5.065697e-09	3.492762e+01	3.394299e+02
3.200000e-06	4.725478e-06	5.084684e-09	3.506604e+01	3.406114e+02
3.210000e-06	4.743760e-06	5.101129e-09	3.520171e+01	3.417731e+02
3.220000e-06	4.761726e-06	5.116604e-09	3.533502e+01	3.429156e+02
3.230000e-06	4.779322e-06	5.132647e-09	3.546560e+01	3.440393e+02
3.240000e-06	4.796603e-06	5.150268e-09	3.559383e+01	3.451439e+02
3.250000e-06	4.813571e-06	5.167435e-09	3.571975e+01	3.462289e+02
3.260000e-06	4.830247e-06	5.182748e-09	3.584350e+01	3.472935e+02
3.270000e-06	4.846609e-06	5.198694e-09	3.596491e+01	3.483364e+02
3.280000e-06	4.862720e-06	5.216381e-09	3.608446e+01	3.493561e+02
3.290000e-06	4.878426e-06	5.234421e-09	3.620101e+01	3.503511e+02
3.300000e-06	4.893607e-06	5.248766e-09	3.631367e+01	3.513194e+02
3.310000e-06	4.908364e-06	5.261218e-09	3.642317e+01	3.522593e+02
3.320000e-06	4.922644e-06	5.273565e-09	3.652914e+01	3.531690e+02
3.330000e-06	4.936547e-06	5.286793e-09	3.663231e+01	3.540466e+02
3.340000e-06	4.950112e-06	5.301781e-09	3.673297e+01	3.548907e+02
3.350000e-06	4.963292e-06	5.314368e-09	3.683077e+01	3.556998e+02
3.360000e-06	4.976153e-06	5.327898e-09	3.692621e+01	3.564731e+02
3.370000e-06	4.988667e-06	5.341348e-09	3.701907e+01	3.572098e+02
3.380000e-06	5.000832e-06	5.355130e-09	3.710934e+01	3.579097e+02
3.390000e-06	5.012587e-06	5.367506e-09	3.719657e+01	3.585730e+02
3.400000e-06	5.023849e-06	5.378982e-09	3.728014e+01	3.592002e+02
3.410000e-06	5.034744e-06	5.389516e-09	3.736099e+01	3.597924e+02
3.420000e-06	5.045069e-06	5.398025e-09	3.743761e+01	3.603511e+02
3.430000e-06	5.054830e-06	5.408955e-09	3.751005e+01	3.608782e+02
3.440000e-06	5.064171e-06	5.419733e-09	3.757936e+01	3.613758e+02
3.450000e-06	5.072954e-06	5.428886e-09	3.764453e+01	3.618463e+02
3.460000e-06	5.081352e-06	5.438695e-09	3.770685e+01	3.622925e+02
3.470000e-06	5.089458e-06	5.446454e-09	3.776700e+01	3.627171e+02
3.480000e-06	5.097231e-06	5.454152e-09	3.782469e+01	3.631230e+02
3.490000e-06	5.104762e-06	5.463079e-09	3.788057e+01	3.635129e+02
3.500000e-06	5.111973e-06	5.471194e-09	3.793408e+01	3.638895e+02
3.510000e-06	5.118842e-06	5.477439e-09	3.798506e+01	3.642550e+02
3.520000e-06	5.125451e-06	5.483800e-09	3.803409e+01	3.646115e+02
3.530000e-06	5.131638e-06	5.492727e-09	3.808000e+01	3.649607e+02
3.540000e-06	5.137461e-06	5.501601e-09	3.812322e+01	3.653037e+02
3.550000e-06	5.143019e-06	5.508104e-09	3.816446e+01	3.656411e+02
3.560000e-06	5.148176e-06	5.512068e-09	3.820273e+01	3.659730e+02
3.570000e-06	5.153022e-06	5.514889e-09	3.823869e+01	3.662989e+02
3.580000e-06	5.157553e-06	5.518757e-09	3.827231e+01	3.666177e+02
3.590000e-06	5.161720e-06	5.522985e-09	3.830323e+01	3.669277e+02
3.600000e-06	5.165631e-06	5.526396e-09	3.833226e+01	3.672268e+02
3.610000e-06	5.169287e-06	5.532700e-09	3.835938e+01	3.675123e+02
3.620000e-06	5.172636e-06	5.536873e-09	3.838423e+01	3.677813e+02
3.630000e-06	5.175537e-06	5.540503e-09	3.840577e+01	3.680306e+02
3.640000e-06	5.178007e-06	5.543491e-09	3.842409e+01	3.682565e+02
3.650000e-06	5.180088e-06	5.548118e-09	3.843953e+01	3.684557e+02
3.660000e-06	5.181521e-06	5.550924e-09	3.845017e+01	3.686247e+02
3.670000e-06	5.182312e-06	5.550173e-09	3.845604e+01	3.687602e+02
3.680000e-06	5.182708e-06	5.549307e-09	3.845898e+01	3.688592e+02
3.690000e-06	5.182846e-06	5.546130e-09	3.846000e+01	3.689193e+02
3.700000e-06	5.182692e-06	5.545321e-09	3.845886e+01	3.689386e+02
3.710000e-06	5.182233e-06	5.548800e-09	3.845545e+01	3.689157e+02
3.720000e-06	5.181526e-06	5.552074e-09	3.845021e+01	3.688503e+02
3.730000e-06	5.180522e-06	5.553901e-09	3.844276e+01	3.687425e+02
3.740000e-06	5.179146e-06	5.547341e-09	3.843254e+01	3.685936e+02
3.750000e-06	5.177425e-06	5.526008e-09	3.841978e+01	3.684058e+02
3.760000e-06	5.175391e-06	5.508567e-09	3.840468e+01	3.681819e+02
3.770000e-06	5.173024e-06	5.549525e-09	3.838711e+01	3.679259e+02
3.780000e-06	5.170268e-06	5.652051e-09	3.836667e+01	3.676425e+02
3.790000e-06	5.167126e-06	5.669237e-09	3.834335e+01	3.673371e+02
3.800000e-06	5.163645e-06	5.441520e-09	3.831752e+01	3.670160e+02
3.810000e-06	5.159781e-06	5.314789e-09	3.828885e+01	3.666856e+02
3.820000e-06	5.155547e-06	5.445165e-09	3.825743e+01	3.663530e+02
3.830000e-06	5.150953e-06	5.734812e-09	3.822333e+01	3.660256e+02
3.840000e-06	5.146120e-06	5.730751e-09	3.818747e+01	3.657105e+02
3.850000e-06	5.141132e-06	5.443377e-09	3.815046e+01	3.654149e+02
3.860000e-06	5.135527e-06	5.309373e-09	3.810886e+01	3.651459e+02
3.870000e-06	5.129372e-06	5.471693e-09	3.806319e+01	3.649097e+02
3.880000e-06	5.123083e-06	5.779709e-09	3.801652e+01	3.647121e+02
3.890000e-06	5.116436e-06	5.700580e-09	3.796720e+01	3.645580e+02
3.900000e-06	5.109077e-06	5.433861e-09	3.791259e+01	3.644515e+02
3.910000e-06	5.101065e-06	5.265745e-09	3.785314e+01	3.643954e+02
3.920000e-06	5.092948e-06	5.569082e-09	3.779290e+01	3.643914e+02
3.930000e-06	5.084790e-06	5.817590e-09	3.773236e+01	3.644399e+02
3.940000e-06	5.076144e-06	5.618330e-09	3.766821e+01	3.645400e+02
3.950000e-06	5.067001e-06	5.206185e-09	3.760036e+01	3.646896e+02
3.960000e-06	5.057740e-06	5.239591e-09	3.753164e+01	3.648850e+02
3.970000e-06	5.048266e-06	5.592263e-09	3.746133e+01	3.651216e+02
3.980000e-06	5.038226e-06	5.587581e-09	3.738683e+01	3.653933e+02
3.990000e-06	5.027658e-06	5.284019e-09	3.730841e+01	3.656931e+02
4.000000e-06	5.016861e-06	5.261166e-09	3.722829e+01	3.660131e+02
4.010000e-06	5.005811e-06	5.524407e-09	3.714629e+01	3.663443e+02
4.020000e-06	4.994298e-06	5.519509e-09	3.706086e+01	3.666776e+02
4.030000e-06	4.982340e-06	5.405343e-09	3.697212e+01	3.670031e+02
4.040000e-06	4.970150e-06	5.514841e-09	3.688166e+01	3.673108e+02
4.050000e-06	4.957633e-06	5.660433e-09	3.678878e+01	3.675908e+02
4.060000e-06	4.944528e-06	5.565587e-09	3.669153e+01	3.678335e+02
4.070000e-06	4.930877e-06	5.662999e-09	3.659023e+01	3.680294e+02
4.080000e-06	4.916691e-06	5.892794e-09	3.648496e+01	3.681701e+02
4.090000e-06	4.901923e-06	5.837931e-09	3.637538e+01	3.682476e+02
4.100000e-06	4.886617e-06	5.586313e-09	3.626180e+01	3.682551e+02
4.110000e-06	4.870966e-06	5.749817e-09	3.614565e+01	3.681870e+02
4.120000e-06	4.855073e-06	5.933631e-09	3.602772e+01	3.680386e+02
4.130000e-06	4.838888e-06	5.725892e-09	3.590761e+01	3.678070e+02
4.140000e-06	4.822388e-06	5.502976e-09	3.578518e+01	3.674902e+02
4.150000e-06	4.805611e-06	5.677619e-09	3.566068e+01	3.670879e+02
4.160000e-06	4.788574e-06	5.776021e-09	3.553425e+01	3.666011e+02
4.170000e-06	4.771195e-06	5.627826e-09	3.540529e+01	3.660319e+02
4.180000e-06	4.753388e-06	5.561644e-09	3.527315e+01	3.653841e+02
4.190000e-06	4.735325e-06	5.638034e-09	3.513911e+01	3.646622e+02
4.200000e-06	4.716989e-06	5.613535e-09	3.500305e+01	3.638720e+02
4.210000e-06	4.698299e-06	5.546039e-09	3.486436e+01	3.630199e+02
4.220000e-06	4.679273e-06	5.589882e-09	3.472317e+01	3.621133e+02
4.230000e-06	4.659925e-06	5.608264e-09	3.457959e+01	3.611598e+02
4.240000e-06	4.640272e-06	5.536052e-09	3.443376e+01	3.601674e+02
4.250000e-06	4.620396e-06	5.472706e-09	3.428626e+01	3.591443e+02
4.260000e-06	4.600276e-06	5.533905e-09	3.413696e+01	3.580984e+02
4.270000e-06	4.579909e-06	5.567729e-09	3.398582e+01	3.570375e+02
4.280000e-06	4.559337e-06	5.503311e-09	3.383317e+01	3.559690e+02
4.290000e-06	4.538431e-06	5.424330e-09	3.367803e+01	3.548994e+02
4.300000e-06	4.517115e-06	5.457905e-09	3.351985e+01	3.538346e+02
4.310000e-06	4.495321e-06	5.477495e-09	3.335813e+01	3.527798e+02
4.320000e-06	4.473023e-06	5.468540e-09	3.319267e+01	3.517390e+02
4.330000e-06	4.450279e-06	5.443265e-09	3.302389e+01	3.507152e+02
4.340000e-06	4.427042e-06	5.401552e-09	3.285146e+01	3.497105e+02
4.350000e-06	4.403440e-06	5.347026e-09	3.267631e+01	3.487256e+02
4.360000e-06	4.379534e-06	5.403646e-09	3.249892e+01	3.477606e+02
4.370000e-06	4.355330e-06	5.453736e-09	3.231931e+01	3.468143e+02
4.380000e-06	4.330968e-06	5.363253e-09	3.213853e+01	3.458845e+02
4.390000e-06	4.306359e-06	5.258496e-09	3.195592e+01	3.449686e+02
4.400000e-06	4.281395e-06	5.326393e-09	3.177067e+01	3.440629e+02
4.410000e-06	4.256117e-06	5.407853e-09	3.158308e+01	3.431632e+02
4.420000e-06	4.230692e-06	5.338194e-09	3.139442e+01	3.422651e+02
4.430000e-06	4.205006e-06	5.227671e-09	3.120381e+01	3.413635e+02
4.440000e-06	4.178933e-06	5.246156e-09	3.101033e+01	3.404536e+02
4.450000e-06	4.152659e-06	5.312799e-09	3.081536e+01	3.395304e+02
4.460000e-06	4.126160e-06	5.286281e-09	3.061872e+01	3.385891e+02
4.470000e-06	4.099295e-06	5.206259e-09	3.041937e+01	3.376251e+02
4.480000e-06	4.072150e-06	5.183318e-09	3.021793e+01	3.366344e+02
4.490000e-06	4.044762e-06	5.212409e-09	3.001470e+01	3.356135e+02
4.500000e-06	4.017103e-06	5.209606e-09	2.980945e+01	3.345594e+02
4.510000e-06	3.989178e-06	5.175396e-09	2.960223e+01	3.334698e+02
4.520000e-06	3.961010e-06	5.146396e-09	2.939320e+01	3.323432e+02
4.530000e-06	3.932640e-06	5.137950e-09	2.918268e+01	3.311788e+02
4.540000e-06	3.904117e-06	5.120580e-09	2.897102e+01	3.299764e+02
4.550000e-06	3.875370e-06	5.103549e-09	2.875770e+01	3.287367e+02
4.560000e-06	3.846269e-06	5.089153e-09	2.854175e+01	3.274608e+02
4.570000e-06	3.816763e-06	5.070554e-09	2.832280e+01	3.261508e+02
4.580000e-06	3.786766e-06	5.032106e-09	2.810020e+01	3.248088e+02
4.590000e-06	3.756427e-06	5.012224e-09	2.787507e+01	3.234378e+02
4.600000e-06	3.725635e-06	5.016920e-09	2.764657e+01	3.220406e+02
4.610000e-06	3.694344e-06	5.011729e-09	2.741437e+01	3.206207e+02
4.620000e-06	3.662764e-06	4.963171e-09	2.718003e+01	3.191813e+02
4.630000e-06	3.630918e-06	4.918804e-09	2.694371e+01	3.177257e+02
4.640000e-06	3.598954e-06	4.915170e-09	2.670652e+01	3.162570e+02
4.650000e-06	3.566832e-06	4.925734e-09	2.646815e+01	3.147783e+02
4.660000e-06	3.534533e-06	4.891457e-09	2.622847e+01	3.132920e+02
4.670000e-06	3.502130e-06	4.834598e-09	2.598803e+01	3.118002e+02
4.680000e-06	3.469463e-06	4.811911e-09	2.574562e+01	3.103048e+02
4.690000e-06	3.436494e-06	4.827121e-09	2.550096e+01	3.088068e+02
4.700000e-06	3.403405e-06	4.817871e-09	2.525543e+01	3.073067e+02
4.710000e-06	3.370092e-06	4.766619e-09	2.500822e+01	3.058047e+02
4.720000e-06	3.336438e-06	4.725096e-09	2.475848e+01	3.043003e+02
4.730000e-06	3.302576e-06	4.728515e-09	2.450720e+01	3.027922e+02
4.740000e-06	3.268579e-06	4.731859e-09	2.425493e+01	3.012791e+02
4.750000e-06	3.234389e-06	4.692310e-09	2.400122e+01	2.997590e+02
4.760000e-06	3.199937e-06	4.641198e-09	2.374556e+01	2.982295e+02
4.770000e-06	3.165309e-06	4.624442e-09	2.348860e+01	2.966879e+02
4.780000e-06	3.130473e-06	4.624696e-09	2.323009e+01	2.951316e+02
4.790000e-06	3.095291e-06	4.595688e-09	2.296902e+01	2.935576e+02
4.800000e-06	3.059868e-06	4.548167e-09	2.270616e+01	2.919629e+02
4.810000e-06	3.024310e-06	4.521161e-09	2.244230e+01	2.903448e+02
4.820000e-06	2.988525e-06	4.514004e-09	2.217675e+01	2.887004e+02
4.830000e-06	2.952582e-06	4.488082e-09	2.191003e+01	2.870275e+02
4.840000e-06	2.916537e-06	4.446132e-09	2.164255e+01	2.853239e+02
4.850000e-06	2.880378e-06	4.417239e-09	2.137423e+01	2.835877e+02
4.860000e-06	2.844108e-06	4.405234e-09	2.110508e+01	2.818178e+02
4.870000e-06	2.807696e-06	4.379196e-09	2.083488e+01	2.800131e+02
4.880000e-06	2.771125e-06	4.340322e-09	2.056350e+01	2.781733e+02
4.890000e-06	2.734332e-06	4.310749e-09	2.029047e+01	2.762984e+02
4.900000e-06	2.697257e-06	4.294546e-09	2.001536e+01	2.743889e+02
4.910000e-06	2.659865e-06	4.265914e-09	1.973788e+01	2.724456e+02
4.920000e-06	2.622192e-06	4.225567e-09	1.945833e+01	2.704699e+02
4.930000e-06	2.584117e-06	4.193768e-09	1.917578e+01	2.684634e+02
4.940000e-06	2.545623e-06	4.178161e-09	1.889014e+01	2.664280e+02
4.950000e-06	2.506807e-06	4.152570e-09	1.860210e+01	2.643658e+02
4.960000e-06	2.467793e-06	4.107145e-09	1.831259e+01	2.622788e+02
4.970000e-06	2.428516e-06	4.066630e-09	1.802113e+01	2.601695e+02
4.980000e-06	2.389013e-06	4.047005e-09	1.772799e+01	2.580399e+02
4.990000e-06	2.349402e-06	4.025252e-09	1.743405e+01	2.558923e+02
5.000000e-06	2.309631e-06	3.982051e-09	1.713892e+01	2.537286e+02
5.010000e-06	2.269737e-06	3.937267e-09	1.684289e+01	2.515504e+02
5.020000e-06	2.229726e-06	3.910291e-09	1.654598e+01	2.493593e+02
5.030000e-06	2.189671e-06	3.891720e-09	1.624875e+01	2.471564e+02
5.040000e-06	2.149555e-06	3.854470e-09	1.595106e+01	2.449423e+02
5.050000e-06	2.109374e-06	3.804841e-09	1.565289e+01	2.427175e+02
5.060000e-06	2.069078e-06	3.769338e-09	1.535387e+01	2.404820e+02
5.070000e-06	2.028660e-06	3.748184e-09	1.505394e+01	2.382355e+02
5.080000e-06	1.988080e-06	3.717936e-09	1.475282e+01	2.359772e+02
5.090000e-06	1.947343e-06	3.673324e-09	1.445052e+01	2.337061e+02
5.100000e-06	1.906528e-06	3.631593e-09	1.414764e+01	2.314209e+02
5.110000e-06	1.865628e-06	3.602588e-09	1.384414e+01	2.291200e+02
5.120000e-06	1.824659e-06	3.573711e-09	1.354013e+01	2.268019e+02
5.130000e-06	1.783507e-06	3.534563e-09	1.323475e+01	2.244646e+02
5.140000e-06	1.742123e-06	3.497007e-09	1.292765e+01	2.221062e+02
5.150000e-06	1.700589e-06	3.460671e-09	1.261945e+01	2.197250e+02
5.160000e-06	1.658915e-06	3.423244e-09	1.231020e+01	2.173191e+02
5.170000e-06	1.617117e-06	3.383509e-09	1.200003e+01	2.148869e+02
5.180000e-06	1.575277e-06	3.348599e-09	1.168956e+01	2.124268e+02
5.190000e-06	1.533342e-06	3.315063e-09	1.137837e+01	2.099376e+02
5.200000e-06	1.491306e-06	3.274180e-09	1.106643e+01	2.074183e+02
5.210000e-06	1.449238e-06	3.227848e-09	1.075426e+01	2.048682e+02
5.220000e-06	1.407109e-06	3.189515e-09	1.044164e+01	2.022868e+02
5.230000e-06	1.364844e-06	3.157940e-09	1.012801e+01	1.996740e+02
5.240000e-06	1.322464e-06	3.120019e-09	9.813521e+00	1.970299e+02
5.250000e-06	1.280084e-06	3.074223e-09	9.499034e+00	1.943550e+02
5.260000e-06	1.237673e-06	3.027917e-09	9.184316e+00	1.916499e+02
5.270000e-06	1.195108e-06	2.990048e-09	8.868462e+00	1.889156e+02
5.280000e-06	1.152427e-06	2.948840e-09	8.551741e+00	1.861530e+02
5.290000e-06	1.109658e-06	2.901386e-09	8.234367e+00	1.833633e+02
5.300000e-06	1.066816e-06	2.853820e-09	7.916451e+00	1.805479e+02
5.310000e-06	1.023863e-06	2.819274e-09	7.597712e+00	1.777078e+02
5.320000e-06	9.807626e-07	2.783957e-09	7.277880e+00	1.748444e+02
5.330000e-06	9.376226e-07	2.739680e-09	6.957754e+00	1.719588e+02
5.340000e-06	8.944696e-07	2.690683e-09	6.637531e+00	1.690520e+02
5.350000e-06	8.512571e-07	2.649664e-09	6.316867e+00	1.661248e+02
5.360000e-06	8.079869e-07	2.611540e-09	5.995775e+00	1.631778e+02
5.370000e-06	7.646894e-07	2.564930e-09	5.674480e+00	1.602115e+02
5.380000e-06	7.212519e-07	2.512801e-09	5.352146e+00	1.572258e+02
5.390000e-06	6.777563e-07	2.466065e-09	5.029381e+00	1.542208e+02
5.400000e-06	6.342627e-07	2.423979e-09	4.706631e+00	1.511959e+02
5.410000e-06	5.906433e-07	2.378853e-09	4.382948e+00	1.481506e+02
5.420000e-06	5.469707e-07	2.327807e-09	4.058869e+00	1.450840e+02
5.430000e-06	5.033198e-07	2.278147e-09	3.734952e+00	1.419951e+02
5.440000e-06	4.596544e-07	2.234906e-09	3.410927e+00	1.388825e+02
5.450000e-06	4.159380e-07	2.187864e-09	3.086524e+00	1.357451e+02
5.460000e-06	3.722172e-07	2.133538e-09	2.762088e+00	1.325813e+02
5.470000e-06	3.284274e-07	2.078549e-09	2.437140e+00	1.293898e+02
5.480000e-06	2.845982e-07	2.029348e-09	2.111899e+00	1.261691e+02
5.490000e-06	2.407925e-07	1.978915e-09	1.786833e+00	1.229180e+02
5.500000e-06	1.969603e-07	1.924968e-09	1.461570e+00	1.196353e+02
5.510000e-06	1.531457e-07	1.872151e-09	1.136438e+00	1.163200e+02
5.520000e-06	1.093156e-07	1.821865e-09	8.111912e-01	1.129713e+02
5.530000e-06	6.552608e-08	1.766597e-09	4.862451e-01	1.095887e+02
5.540000e-06	2.179118e-08	1.707449e-09	1.617044e-01	1.061718e+02
5.550000e-06	-2.199172e-08	1.651373e-09	-1.631925e-01	1.027208e+02
5.560000e-06	-6.580564e-08	1.598537e-09	-4.883196e-01	9.923593e+01
5.570000e-06	-1.096053e-07	1.543065e-09	-8.133407e-01	9.571768e+01
5.580000e-06	-1.534544e-07	1.484964e-09	-1.138729e+00	9.216691e+01
5.590000e-06	-1.973106e-07	1.429240e-09	-1.464170e+00	8.858467e+01
5.600000e-06	-2.411640e-07	1.376226e-09	-1.789590e+00	8.497224e+01
5.610000e-06	-2.850025e-07	1.319944e-09	-2.114899e+00	8.133102e+01
5.620000e-06	-3.287758e-07	1.260994e-09	-2.439725e+00	7.766255e+01
5.630000e-06	-3.725471e-07	1.199537e-09	-2.764536e+00	7.396843e+01
5.640000e-06	-4.162924e-07	1.141967e-09	-3.089153e+00	7.025026e+01
5.650000e-06	-4.600548e-07	1.086575e-09	-3.413898e+00	6.650962e+01
5.660000e-06	-5.037774e-07	1.024887e-09	-3.738348e+00	6.274798e+01
5.670000e-06	-5.473729e-07	9.604354e-10	-4.061854e+00	5.896666e+01
5.680000e-06	-5.909249e-07	9.018045e-10	-4.385037e+00	5.516682e+01
5.690000e-06	-6.344692e-07	8.451131e-10	-4.708164e+00	5.134937e+01
5.700000e-06	-6.779443e-07	7.837335e-10	-5.030776e+00	4.751497e+01
5.710000e-06	-7.213323e-07	7.180631e-10	-5.352743e+00	4.366401e+01
5.720000e-06	-7.647493e-07	6.536336e-10	-5.674925e+00	3.979659e+01
5.730000e-06	-8.081977e-07	5.929829e-10	-5.997339e+00	3.591253e+01
5.740000e-06	-8.515611e-07	5.345303e-10	-6.319123e+00	3.201134e+01
5.750000e-06	-8.948100e-07	4.723422e-10	-6.640057e+00	2.809232e+01
5.760000e-06	-9.379820e-07	4.059443e-10	-6.960421e+00	2.415449e+01
5.770000e-06	-9.810828e-07	3.425495e-10	-7.280256e+00	2.019672e+01
5.780000e-06	-1.024109e-06	2.812377e-10	-7.599537e+00	1.621771e+01
5.790000e-06	-1.067018e-06	2.184990e-10	-7.917950e+00	1.221606e+01
5.800000e-06	-1.109816e-06	1.523862e-10	-8.235540e+00	8.190369e+00
5.810000e-06	-1.152519e-06	8.645720e-11	-8.552424e+00	4.139227e+00
5.820000e-06	-1.195114e-06	2.235835e-11	-8.868504e+00	6.132393e-02
5.830000e-06	-1.237650e-06	-4.208947e-11	-9.184149e+00	-4.044505e+00
5.840000e-06	-1.280178e-06	-1.075790e-10	-9.499729e+00	-8.179223e+00
5.850000e-06	-1.322595e-06	-1.738850e-10	-9.814493e+00	-1.234353e+01
5.860000e-06	-1.364876e-06	-2.408899e-10	-1.012825e+01	-1.653784e+01
5.870000e-06	-1.407118e-06	-3.075395e-10	-1.044171e+01	-2.076219e+01
5.880000e-06	-1.449296e-06	-3.772506e-10	-1.075469e+01	-2.501629e+01
5.890000e-06	-1.491357e-06	-4.465996e-10	-1.106682e+01	-2.929943e+01
5.900000e-06	-1.533365e-06	-5.146979e-10	-1.137854e+01	-3.361050e+01
5.910000e-06	-1.575339e-06	-5.824415e-10	-1.169001e+01	-3.794800e+01
5.920000e-06	-1.617089e-06	-6.500436e-10	-1.199982e+01	-4.231004e+01
5.930000e-06	-1.658663e-06	-7.166714e-10	-1.230833e+01	-4.669437e+01
5.940000e-06	-1.700242e-06	-7.833549e-10	-1.261687e+01	-5.109843e+01
5.950000e-06	-1.741719e-06	-8.523450e-10	-1.292466e+01	-5.551934e+01
5.960000e-06	-1.782987e-06	-9.231128e-10	-1.323089e+01	-5.995402e+01
5.970000e-06	-1.824095e-06	-9.930942e-10	-1.353594e+01	-6.439918e+01
5.980000e-06	-1.865054e-06	-1.060939e-09	-1.383988e+01	-6.885144e+01
5.990000e-06	-1.905847e-06	-1.130778e-09	-1.414259e+01	-7.330733e+01
6.000000e-06	-1.946492e-06	-1.201273e-09	-1.444421e+01	-7.776343e+01
6.010000e-06	-1.987040e-06	-1.269396e-09	-1.474510e+01	-8.221634e+01
6.020000e-06	-2.027511e-06	-1.335617e-09	-1.504542e+01	-8.666282e+01
6.030000e-06	-2.067848e-06	-1.405172e-09	-1.534474e+01	-9.109977e+01
6.040000e-06	-2.108094e-06	-1.477648e-09	-1.564339e+01	-9.552435e+01
6.050000e-06	-2.148276e-06	-1.547087e-09	-1.594157e+01	-9.993395e+01
6.060000e-06	-2.188373e-06	-1.614236e-09	-1.623911e+01	-1.043263e+02
6.070000e-06	-2.228451e-06	-1.682054e-09	-1.653652e+01	-1.086992e+02
6.080000e-06	-2.268416e-06	-1.752608e-09	-1.683309e+01	-1.130512e+02
6.090000e-06	-2.308187e-06	-1.823121e-09	-1.712821e+01	-1.173808e+02
6.100000e-06	-2.347901e-06	-1.890749e-09	-1.742292e+01	-1.216869e+02
6.110000e-06	-2.387482e-06	-1.958246e-09	-1.771663e+01	-1.259686e+02
6.120000e-06	-2.426849e-06	-2.026259e-09	-1.800876e+01	-1.302254e+02
6.130000e-06	-2.466028e-06	-2.092425e-09	-1.829949e+01	-1.344568e+02
6.140000e-06	-2.504892e-06	-2.157862e-09	-1.858789e+01	-1.386626e+02
6.150000e-06	-2.543479e-06	-2.225241e-09	-1.887423e+01	-1.428427e+02
6.160000e-06	-2.581741e-06	-2.293883e-09	-1.915816e+01	-1.469970e+02
6.170000e-06	-2.619575e-06	-2.359347e-09	-1.943890e+01	-1.511253e+02
6.180000e-06	-2.657115e-06	-2.421952e-09	-1.971748e+01	-1.552275e+02
6.190000e-06	-2.694440e-06	-2.486118e-09	-1.999445e+01	-1.593033e+02
6.200000e-06	-2.731524e-06	-2.552351e-09	-2.026964e+01	-1.633524e+02
6.210000e-06	-2.768373e-06	-2.617342e-09	-2.054308e+01	-1.673741e+02
6.220000e-06	-2.804965e-06	-2.679640e-09	-2.081462e+01	-1.713677e+02
6.230000e-06	-2.841369e-06	-2.742743e-09	-2.108476e+01	-1.753320e+02
6.240000e-06	-2.877647e-06	-2.807866e-09	-2.135397e+01	-1.792659e+02
6.250000e-06	-2.913805e-06	-2.873021e-09	-2.162228e+01	-1.831678e+02
6.260000e-06	-2.949800e-06	-2.934007e-09	-2.188938e+01	-1.870360e+02
6.270000e-06	-2.985678e-06	-2.992604e-09	-2.215562e+01	-1.908684e+02
6.280000e-06	-3.021477e-06	-3.051983e-09	-2.242127e+01	-1.946631e+02
6.290000e-06	-3.056991e-06	-3.112828e-09	-2.268481e+01	-1.984177e+02
6.300000e-06	-3.092374e-06	-3.171698e-09	-2.294738e+01	-2.021299e+02
6.310000e-06	-3.127576e-06	-3.227233e-09	-2.320859e+01	-2.057972e+02
6.320000e-06	-3.162495e-06	-3.280477e-09	-2.346772e+01	-2.094174e+02
6.330000e-06	-3.197273e-06	-3.338680e-09	-2.372579e+01	-2.129881e+02
6.340000e-06	-3.231761e-06	-3.398778e-09	-2.398172e+01	-2.165071e+02
6.350000e-06	-3.265928e-06	-3.457356e-09	-2.423526e+01	-2.199725e+02
6.360000e-06	-3.299817e-06	-3.513025e-09	-2.448674e+01	-2.233826e+02
6.370000e-06	-3.333427e-06	-3.565668e-09	-2.473614e+01	-2.267359e+02
6.380000e-06	-3.366790e-06	-3.619872e-09	-2.498372e+01	-2.300314e+02
6.390000e-06	-3.400057e-06	-3.671619e-09	-2.523058e+01	-2.332684e+02
6.400000e-06	-3.433105e-06	-3.720961e-09	-2.547582e+01	-2.364464e+02
6.410000e-06	-3.465801e-06	-3.767621e-09	-2.571844e+01	-2.395656e+02
6.420000e-06	-3.498294e-06	-3.813286e-09	-2.595956e+01	-2.426265e+02
6.430000e-06	-3.530639e-06	-3.859639e-09	-2.619958e+01	-2.456299e+02
6.440000e-06	-3.562847e-06	-3.908059e-09	-2.643858e+01	-2.485770e+02
6.450000e-06	-3.594896e-06	-3.956856e-09	-2.667641e+01	-2.514693e+02
6.460000e-06	-3.626754e-06	-4.002872e-09	-2.691281e+01	-2.543088e+02
6.470000e-06	-3.658380e-06	-4.048568e-09	-2.714750e+01	-2.570974e+02
6.480000e-06	-3.689651e-06	-4.095710e-09	-2.737955e+01	-2.598373e+02
6.490000e-06	-3.720523e-06	-4.139846e-09	-2.760864e+01	-2.625311e+02
6.500000e-06	-3.751023e-06	-4.181526e-09	-2.783496e+01	-2.651809e+02
6.510000e-06	-3.781170e-06	-4.219039e-09	-2.805868e+01	-2.677892e+02
6.520000e-06	-3.810854e-06	-4.256418e-09	-2.827895e+01	-2.703582e+02
6.530000e-06	-3.840095e-06	-4.296038e-09	-2.849594e+01	-2.728900e+02
6.540000e-06	-3.868938e-06	-4.335621e-09	-2.870997e+01	-2.753866e+02
6.550000e-06	-3.897481e-06	-4.375359e-09	-2.892178e+01	-2.778495e+02
6.560000e-06	-3.925834e-06	-4.415086e-09	-2.913218e+01	-2.802800e+02
6.570000e-06	-3.954004e-06	-4.455034e-09	-2.934121e+01	-2.826792e+02
6.580000e-06	-3.982070e-06	-4.494303e-09	-2.954948e+01	-2.850475e+02
6.590000e-06	-4.009938e-06	-4.532411e-09	-2.975628e+01	-2.873852e+02
6.600000e-06	-4.037505e-06	-4.565978e-09	-2.996085e+01	-2.896923e+02
6.610000e-06	-4.064885e-06	-4.596081e-09	-3.016402e+01	-2.919681e+02
6.620000e-06	-4.091986e-06	-4.628468e-09	-3.036513e+01	-2.942118e+02
6.630000e-06	-4.118689e-06	-4.664629e-09	-3.056328e+01	-2.964224e+02
6.640000e-06	-4.145126e-06	-4.699821e-09	-3.075946e+01	-2.985985e+02
6.650000e-06	-4.171305e-06	-4.729825e-09	-3.095372e+01	-3.007386e+02
6.660000e-06	-4.197194e-06	-4.759924e-09	-3.114584e+01	-3.028410e+02
6.670000e-06	-4.222697e-06	-4.793849e-09	-3.133509e+01	-3.049040e+02
6.680000e-06	-4.247880e-06	-4.825591e-09	-3.152196e+01	-3.069259e+02
6.690000e-06	-4.272847e-06	-4.852630e-09	-3.170723e+01	-3.089051e+02
6.700000e-06	-4.297522e-06	-4.877261e-09	-3.189034e+01	-3.108402e+02
6.710000e-06	-4.321978e-06	-4.904214e-09	-3.207181e+01	-3.127299e+02
6.720000e-06	-4.346255e-06	-4.932836e-09	-3.225197e+01	-3.145731e+02
6.730000e-06	-4.370281e-06	-4.960053e-09	-3.243025e+01	-3.163693e+02
6.740000e-06	-4.394065e-06	-4.982658e-09	-3.260674e+01	-3.181181e+02
6.750000e-06	-4.417540e-06	-5.004572e-09	-3.278095e+01	-3.198194e+02
6.760000e-06	-4.440643e-06	-5.030273e-09	-3.295239e+01	-3.214738e+02
6.770000e-06	-4.463261e-06	-5.057183e-09	-3.312023e+01	-3.230820e+02
6.780000e-06	-4.485454e-06	-5.083342e-09	-3.328491e+01	-3.246451e+02
6.790000e-06	-4.507290e-06	-5.108996e-09	-3.344695e+01	-3.261646e+02
6.800000e-06	-4.528604e-06	-5.130478e-09	-3.360511e+01	-3.276424e+02
6.810000e-06	-4.549546e-06	-5.151515e-09	-3.376052e+01	-3.290804e+02
6.820000e-06	-4.570176e-06	-5.173110e-09	-3.391360e+01	-3.304808e+02
6.830000e-06	-4.590445e-06	-5.192949e-09	-3.406401e+01	-3.318461e+02
6.840000e-06	-4.610460e-06	-5.209710e-09	-3.421254e+01	-3.331786e+02
6.850000e-06	-4.630288e-06	-5.229209e-09	-3.435967e+01	-3.344808e+02
6.860000e-06	-4.649914e-06	-5.251943e-09	-3.450531e+01	-3.357549e+02
6.870000e-06	-4.669258e-06	-5.273538e-09	-3.464885e+01	-3.370032e+02
6.880000e-06	-4.688279e-06	-5.292284e-09	-3.479000e+01	-3.382276e+02
6.890000e-06	-4.706977e-06	-5.307950e-09	-3.492875e+01	-3.394299e+02
6.900000e-06	-4.725373e-06	-5.323749e-09	-3.506526e+01	-3.406114e+02
6.910000e-06	-4.743463e-06	-5.338881e-09	-3.519950e+01	-3.417731e+02
6.920000e-06	-4.761169e-06	-5.355467e-09	-3.533089e+01	-3.429156e+02
6.930000e-06	-4.778547e-06	-5.369521e-09	-3.545985e+01	-3.440393e+02
6.940000e-06	-4.795561e-06	-5.381519e-09	-3.558610e+01	-3.451439e+02
6.950000e-06	-4.812244e-06	-5.394191e-09	-3.570990e+01	-3.462289e+02
6.960000e-06	-4.828706e-06	-5.410925e-09	-3.583206e+01	-3.472935e+02
6.970000e-06	-4.844957e-06	-5.428847e-09	-3.595265e+01	-3.483364e+02
6.980000e-06	-4.860870e-06	-5.442746e-09	-3.607073e+01	-3.493561e+02
6.990000e-06	-4.876403e-06	-5.452964e-09	-3.618600e+01	-3.503511e+02
7.000000e-06	-4.891610e-06	-5.465246e-09	-3.629885e+01	-3.513194e+02
7.010000e-06	-4.906337e-06	-5.481073e-09	-3.640813e+01	-3.522593e+02
7.020000e-06	-4.920559e-06	-5.494811e-09	-3.651367e+01	-3.531690e+02
7.030000e-06	-4.934194e-06	-5.501240e-09	-3.661485e+01	-3.540466e+02
7.040000e-06	-4.947309e-06	-5.507572e-09	-3.671217e+01	-3.548907e+02
7.050000e-06	-4.959970e-06	-5.519828e-09	-3.680612e+01	-3.556998e+02
7.060000e-06	-4.972228e-06	-5.534118e-09	-3.689708e+01	-3.564731e+02
7.070000e-06	-4.984175e-06	-5.542897e-09	-3.698573e+01	-3.572098e+02
7.080000e-06	-4.995690e-06	-5.548654e-09	-3.707118e+01	-3.579097e+02
7.090000e-06	-5.006812e-06	-5.557299e-09	-3.715372e+01	-3.585730e+02
7.100000e-06	-5.017731e-06	-5.569028e-09	-3.723474e+01	-3.592002e+02
7.110000e-06	-5.028316e-06	-5.580786e-09	-3.731329e+01	-3.597924e+02
7.120000e-06	-5.038457e-06	-5.589340e-09	-3.738854e+01	-3.603511e+02
7.130000e-06	-5.048304e-06	-5.595838e-09	-3.746162e+01	-3.608782e+02
7.140000e-06	-5.057915e-06	-5.602468e-09	-3.753294e+01	-3.613758e+02
7.150000e-06	-5.067128e-06	-5.612603e-09	-3.760130e+01	-3.618463e+02
7.160000e-06	-5.075971e-06	-5.621169e-09	-3.766693e+01	-3.622925e+02
7.170000e-06	-5.084551e-06	-5.625496e-09	-3.773059e+01	-3.627171e+02
7.180000e-06	-5.092827e-06	-5.628584e-09	-3.779200e+01	-3.631230e+02
7.190000e-06	-5.100882e-06	-5.633448e-09	-3.785178e+01	-3.635129e+02
7.200000e-06	-5.108651e-06	-5.643416e-09	-3.790943e+01	-3.638895e+02
7.210000e-06	-5.116066e-06	-5.651454e-09	-3.796445e+01	-3.642550e+02
7.220000e-06	-5.123018e-06	-5.654239e-09	-3.801604e+01	-3.646115e+02
7.230000e-06	-5.129564e-06	-5.653769e-09	-3.806462e+01	-3.649607e+02
7.240000e-06	-5.135702e-06	-5.657685e-09	-3.811016e+01	-3.653037e+02
7.250000e-06	-5.141234e-06	-5.665506e-09	-3.815122e+01	-3.656411e+02
7.260000e-06	-5.146242e-06	-5.668124e-09	-3.818838e+01	-3.659730e+02
7.270000e-06	-5.150775e-06	-5.666523e-09	-3.822202e+01	-3.662989e+02
7.280000e-06	-5.154958e-06	-5.664966e-09	-3.825306e+01	-3.666177e+02
7.290000e-06	-5.158934e-06	-5.670994e-09	-3.828256e+01	-3.669277e+02
7.300000e-06	-5.162767e-06	-5.680370e-09	-3.831100e+01	-3.672268e+02
7.310000e-06	-5.166431e-06	-5.682730e-09	-3.833819e+01	-3.675123e+02
7.320000e-06	-5.169602e-06	-5.680755e-09	-3.836172e+01	-3.677813e+02
7.330000e-06	-5.172274e-06	-5.680810e-09	-3.838155e+01	-3.680306e+02
7.340000e-06	-5.174668e-06	-5.683900e-09	-3.839932e+01	-3.682565e+02
7.350000e-06	-5.176749e-06	-5.684542e-09	-3.841476e+01	-3.684557e+02
7.360000e-06	-5.178501e-06	-5.679949e-09	-3.842776e+01	-3.686247e+02
7.370000e-06	-5.179822e-06	-5.678609e-09	-3.843756e+01	-3.687602e+02
7.380000e-06	-5.180808e-06	-5.681980e-09	-3.844488e+01	-3.688592e+02
7.390000e-06	-5.181571e-06	-5.685467e-09	-3.845054e+01	-3.689193e+02
