# Temperatura_=_20.0
# Concentracion g/m^3_=_12600.0
# C_Vs_to_Am_M_A/Vsm_=_65563218390.804596
# pendiente_HvsI_1/m_=_3716.3
# ordenada_HvsI_A/m_=_1297.0
# frecuencia_Hz_=_135138.9177315689

Tiempo_(s)	Campo_(V.s)	Magnetizacion_(V.s)	Campo_(kA/m)	Magnetizacion_(A/m)
0.000000e+00	-5.181466e-06	-5.516203e-09	-3.845824e+01	-3.580075e+02
1.000000e-08	-5.181594e-06	-5.517179e-09	-3.845919e+01	-3.578494e+02
2.000000e-08	-5.181432e-06	-5.517755e-09	-3.845799e+01	-3.576279e+02
3.000000e-08	-5.181009e-06	-5.515104e-09	-3.845484e+01	-3.573472e+02
4.000000e-08	-5.180138e-06	-5.509412e-09	-3.844838e+01	-3.570132e+02
5.000000e-08	-5.178578e-06	-5.506597e-09	-3.843680e+01	-3.566336e+02
6.000000e-08	-5.176467e-06	-5.512652e-09	-3.842114e+01	-3.562175e+02
7.000000e-08	-5.173936e-06	-5.498246e-09	-3.840235e+01	-3.557756e+02
8.000000e-08	-5.170884e-06	-5.486150e-09	-3.837970e+01	-3.553198e+02
9.000000e-08	-5.167426e-06	-5.482641e-09	-3.835403e+01	-3.548629e+02
1.000000e-07	-5.163600e-06	-5.492019e-09	-3.832564e+01	-3.544186e+02
1.100000e-07	-5.159396e-06	-5.580235e-09	-3.829443e+01	-3.540010e+02
1.200000e-07	-5.154980e-06	-5.538277e-09	-3.826165e+01	-3.536243e+02
1.300000e-07	-5.150253e-06	-5.424351e-09	-3.822657e+01	-3.533022e+02
1.400000e-07	-5.145119e-06	-5.410516e-09	-3.818846e+01	-3.530482e+02
1.500000e-07	-5.139667e-06	-5.476856e-09	-3.814800e+01	-3.528747e+02
1.600000e-07	-5.133830e-06	-5.660716e-09	-3.810468e+01	-3.527928e+02
1.700000e-07	-5.127648e-06	-5.562149e-09	-3.805879e+01	-3.528121e+02
1.800000e-07	-5.121209e-06	-5.502368e-09	-3.801099e+01	-3.529402e+02
1.900000e-07	-5.114398e-06	-5.374141e-09	-3.796044e+01	-3.531828e+02
2.000000e-07	-5.107236e-06	-5.451309e-09	-3.790728e+01	-3.535432e+02
2.100000e-07	-5.099871e-06	-5.526777e-09	-3.785262e+01	-3.540222e+02
2.200000e-07	-5.092279e-06	-5.531299e-09	-3.779627e+01	-3.546182e+02
2.300000e-07	-5.084309e-06	-5.376092e-09	-3.773712e+01	-3.553270e+02
2.400000e-07	-5.075942e-06	-5.340690e-09	-3.767501e+01	-3.561418e+02
2.500000e-07	-5.067036e-06	-5.451454e-09	-3.760891e+01	-3.570534e+02
2.600000e-07	-5.057640e-06	-5.480284e-09	-3.753917e+01	-3.580503e+02
2.700000e-07	-5.047700e-06	-5.384844e-09	-3.746539e+01	-3.591190e+02
2.800000e-07	-5.037241e-06	-5.434750e-09	-3.738776e+01	-3.602439e+02
2.900000e-07	-5.026476e-06	-5.623917e-09	-3.730786e+01	-3.614080e+02
3.000000e-07	-5.015237e-06	-5.633796e-09	-3.722444e+01	-3.625934e+02
3.100000e-07	-5.003432e-06	-5.556903e-09	-3.713682e+01	-3.637809e+02
3.200000e-07	-4.991349e-06	-5.624245e-09	-3.704714e+01	-3.649512e+02
3.300000e-07	-4.978970e-06	-5.787869e-09	-3.695526e+01	-3.660848e+02
3.400000e-07	-4.966083e-06	-5.687362e-09	-3.685961e+01	-3.671628e+02
3.500000e-07	-4.952843e-06	-5.617974e-09	-3.676134e+01	-3.681668e+02
3.600000e-07	-4.939301e-06	-5.670553e-09	-3.666083e+01	-3.690799e+02
3.700000e-07	-4.925344e-06	-5.839635e-09	-3.655724e+01	-3.698864e+02
3.800000e-07	-4.910860e-06	-5.599976e-09	-3.644973e+01	-3.705726e+02
3.900000e-07	-4.895889e-06	-5.482936e-09	-3.633861e+01	-3.711269e+02
4.000000e-07	-4.880551e-06	-5.630701e-09	-3.622477e+01	-3.715400e+02
4.100000e-07	-4.864606e-06	-5.786937e-09	-3.610642e+01	-3.718052e+02
4.200000e-07	-4.848117e-06	-5.571246e-09	-3.598403e+01	-3.719184e+02
4.300000e-07	-4.831328e-06	-5.468046e-09	-3.585942e+01	-3.718779e+02
4.400000e-07	-4.814223e-06	-5.547074e-09	-3.573246e+01	-3.716849e+02
4.500000e-07	-4.796966e-06	-5.626895e-09	-3.560438e+01	-3.713431e+02
4.600000e-07	-4.779476e-06	-5.569600e-09	-3.547456e+01	-3.708586e+02
4.700000e-07	-4.761664e-06	-5.513069e-09	-3.534236e+01	-3.702397e+02
4.800000e-07	-4.743523e-06	-5.441149e-09	-3.520771e+01	-3.694967e+02
4.900000e-07	-4.725011e-06	-5.445445e-09	-3.507031e+01	-3.686416e+02
5.000000e-07	-4.706139e-06	-5.557168e-09	-3.493023e+01	-3.676877e+02
5.100000e-07	-4.686945e-06	-5.566161e-09	-3.478777e+01	-3.666494e+02
5.200000e-07	-4.667433e-06	-5.424186e-09	-3.464295e+01	-3.655418e+02
5.300000e-07	-4.647659e-06	-5.349177e-09	-3.449618e+01	-3.643803e+02
5.400000e-07	-4.627703e-06	-5.464767e-09	-3.434806e+01	-3.631800e+02
5.500000e-07	-4.607573e-06	-5.520624e-09	-3.419865e+01	-3.619559e+02
5.600000e-07	-4.587167e-06	-5.438574e-09	-3.404719e+01	-3.607221e+02
5.700000e-07	-4.566359e-06	-5.320889e-09	-3.389275e+01	-3.594914e+02
5.800000e-07	-4.545130e-06	-5.353453e-09	-3.373518e+01	-3.582756e+02
5.900000e-07	-4.523681e-06	-5.422541e-09	-3.357598e+01	-3.570846e+02
6.000000e-07	-4.501948e-06	-5.432441e-09	-3.341467e+01	-3.559270e+02
6.100000e-07	-4.479874e-06	-5.347442e-09	-3.325084e+01	-3.548089e+02
6.200000e-07	-4.457550e-06	-5.306858e-09	-3.308514e+01	-3.537350e+02
6.300000e-07	-4.434932e-06	-5.297737e-09	-3.291726e+01	-3.527076e+02
6.400000e-07	-4.411977e-06	-5.342939e-09	-3.274688e+01	-3.517273e+02
6.500000e-07	-4.388690e-06	-5.344647e-09	-3.257404e+01	-3.507927e+02
6.600000e-07	-4.365152e-06	-5.279725e-09	-3.239934e+01	-3.499007e+02
6.700000e-07	-4.341399e-06	-5.190685e-09	-3.222304e+01	-3.490467e+02
6.800000e-07	-4.317543e-06	-5.228124e-09	-3.204597e+01	-3.482245e+02
6.900000e-07	-4.293430e-06	-5.292911e-09	-3.186699e+01	-3.474270e+02
7.000000e-07	-4.268943e-06	-5.263736e-09	-3.168525e+01	-3.466462e+02
7.100000e-07	-4.244009e-06	-5.154850e-09	-3.150018e+01	-3.458734e+02
7.200000e-07	-4.218618e-06	-5.134711e-09	-3.131172e+01	-3.450997e+02
7.300000e-07	-4.192802e-06	-5.192903e-09	-3.112011e+01	-3.443161e+02
7.400000e-07	-4.166551e-06	-5.209301e-09	-3.092527e+01	-3.435140e+02
7.500000e-07	-4.139826e-06	-5.120881e-09	-3.072690e+01	-3.426851e+02
7.600000e-07	-4.112681e-06	-5.049258e-09	-3.052543e+01	-3.418218e+02
7.700000e-07	-4.085256e-06	-5.074385e-09	-3.032187e+01	-3.409177e+02
7.800000e-07	-4.057613e-06	-5.117442e-09	-3.011670e+01	-3.399672e+02
7.900000e-07	-4.029831e-06	-5.084269e-09	-2.991050e+01	-3.389660e+02
8.000000e-07	-4.001873e-06	-5.014663e-09	-2.970298e+01	-3.379111e+02
8.100000e-07	-3.973697e-06	-5.001234e-09	-2.949385e+01	-3.368010e+02
8.200000e-07	-3.945242e-06	-5.027613e-09	-2.928265e+01	-3.356353e+02
8.300000e-07	-3.916497e-06	-5.020593e-09	-2.906930e+01	-3.344150e+02
8.400000e-07	-3.887464e-06	-4.957946e-09	-2.885381e+01	-3.331424e+02
8.500000e-07	-3.858105e-06	-4.921478e-09	-2.863589e+01	-3.318207e+02
8.600000e-07	-3.828533e-06	-4.925678e-09	-2.841641e+01	-3.304542e+02
8.700000e-07	-3.798812e-06	-4.925852e-09	-2.819581e+01	-3.290481e+02
8.800000e-07	-3.768818e-06	-4.882175e-09	-2.797318e+01	-3.276079e+02
8.900000e-07	-3.738530e-06	-4.850571e-09	-2.774838e+01	-3.261397e+02
9.000000e-07	-3.707972e-06	-4.845827e-09	-2.752157e+01	-3.246499e+02
9.100000e-07	-3.677093e-06	-4.843912e-09	-2.729238e+01	-3.231446e+02
9.200000e-07	-3.646032e-06	-4.808100e-09	-2.706184e+01	-3.216298e+02
9.300000e-07	-3.614759e-06	-4.775291e-09	-2.682972e+01	-3.201112e+02
9.400000e-07	-3.583281e-06	-4.761466e-09	-2.659608e+01	-3.185937e+02
9.500000e-07	-3.551631e-06	-4.753737e-09	-2.636116e+01	-3.170817e+02
9.600000e-07	-3.519781e-06	-4.714699e-09	-2.612476e+01	-3.155785e+02
9.700000e-07	-3.487808e-06	-4.675834e-09	-2.588745e+01	-3.140866e+02
9.800000e-07	-3.455601e-06	-4.662680e-09	-2.564840e+01	-3.126076e+02
9.900000e-07	-3.423223e-06	-4.660348e-09	-2.540808e+01	-3.111418e+02
1.000000e-06	-3.390620e-06	-4.627680e-09	-2.516610e+01	-3.096888e+02
1.010000e-06	-3.357553e-06	-4.585046e-09	-2.492067e+01	-3.082469e+02
1.020000e-06	-3.324069e-06	-4.566626e-09	-2.467214e+01	-3.068138e+02
1.030000e-06	-3.290221e-06	-4.566712e-09	-2.442091e+01	-3.053862e+02
1.040000e-06	-3.256044e-06	-4.541237e-09	-2.416724e+01	-3.039601e+02
1.050000e-06	-3.221488e-06	-4.490893e-09	-2.391075e+01	-3.025312e+02
1.060000e-06	-3.186509e-06	-4.458998e-09	-2.365113e+01	-3.010945e+02
1.070000e-06	-3.151214e-06	-4.456264e-09	-2.338916e+01	-2.996450e+02
1.080000e-06	-3.115685e-06	-4.445017e-09	-2.312546e+01	-2.981775e+02
1.090000e-06	-3.080030e-06	-4.403602e-09	-2.286081e+01	-2.966870e+02
1.100000e-06	-3.044250e-06	-4.364738e-09	-2.259524e+01	-2.951687e+02
1.110000e-06	-3.008360e-06	-4.349861e-09	-2.232886e+01	-2.936182e+02
1.120000e-06	-2.972348e-06	-4.338948e-09	-2.206157e+01	-2.920317e+02
1.130000e-06	-2.936169e-06	-4.305997e-09	-2.179304e+01	-2.904061e+02
1.140000e-06	-2.899890e-06	-4.264784e-09	-2.152377e+01	-2.887388e+02
1.150000e-06	-2.863503e-06	-4.235268e-09	-2.125369e+01	-2.870283e+02
1.160000e-06	-2.826851e-06	-4.218329e-09	-2.098165e+01	-2.852735e+02
1.170000e-06	-2.789886e-06	-4.192247e-09	-2.070728e+01	-2.834747e+02
1.180000e-06	-2.752680e-06	-4.157696e-09	-2.043113e+01	-2.816324e+02
1.190000e-06	-2.715271e-06	-4.125028e-09	-2.015347e+01	-2.797482e+02
1.200000e-06	-2.677684e-06	-4.102038e-09	-1.987450e+01	-2.778244e+02
1.210000e-06	-2.639902e-06	-4.078495e-09	-1.959407e+01	-2.758637e+02
1.220000e-06	-2.601955e-06	-4.051057e-09	-1.931242e+01	-2.738695e+02
1.230000e-06	-2.563861e-06	-4.019710e-09	-1.902967e+01	-2.718452e+02
1.240000e-06	-2.525531e-06	-3.984773e-09	-1.874517e+01	-2.697949e+02
1.250000e-06	-2.487012e-06	-3.951454e-09	-1.845928e+01	-2.677224e+02
1.260000e-06	-2.448415e-06	-3.926052e-09	-1.817280e+01	-2.656316e+02
1.270000e-06	-2.409612e-06	-3.898622e-09	-1.788479e+01	-2.635262e+02
1.280000e-06	-2.370534e-06	-3.867134e-09	-1.759474e+01	-2.614097e+02
1.290000e-06	-2.331356e-06	-3.828090e-09	-1.730396e+01	-2.592849e+02
1.300000e-06	-2.292107e-06	-3.795892e-09	-1.701264e+01	-2.571544e+02
1.310000e-06	-2.252762e-06	-3.772309e-09	-1.672061e+01	-2.550201e+02
1.320000e-06	-2.213291e-06	-3.747524e-09	-1.642764e+01	-2.528831e+02
1.330000e-06	-2.173683e-06	-3.708242e-09	-1.613366e+01	-2.507442e+02
1.340000e-06	-2.133974e-06	-3.664182e-09	-1.583893e+01	-2.486030e+02
1.350000e-06	-2.094153e-06	-3.632244e-09	-1.554337e+01	-2.464590e+02
1.360000e-06	-2.054319e-06	-3.608223e-09	-1.524771e+01	-2.443107e+02
1.370000e-06	-2.014424e-06	-3.572520e-09	-1.495160e+01	-2.421561e+02
1.380000e-06	-1.974364e-06	-3.525879e-09	-1.465426e+01	-2.399927e+02
1.390000e-06	-1.934163e-06	-3.490205e-09	-1.435588e+01	-2.378177e+02
1.400000e-06	-1.893901e-06	-3.467756e-09	-1.405704e+01	-2.356279e+02
1.410000e-06	-1.853524e-06	-3.439755e-09	-1.375736e+01	-2.334199e+02
1.420000e-06	-1.812963e-06	-3.396711e-09	-1.345630e+01	-2.311903e+02
1.430000e-06	-1.772242e-06	-3.354725e-09	-1.315406e+01	-2.289357e+02
1.440000e-06	-1.731321e-06	-3.319909e-09	-1.285033e+01	-2.266527e+02
1.450000e-06	-1.690293e-06	-3.292674e-09	-1.254581e+01	-2.243385e+02
1.460000e-06	-1.649123e-06	-3.255531e-09	-1.224024e+01	-2.219903e+02
1.470000e-06	-1.607626e-06	-3.211431e-09	-1.193224e+01	-2.196060e+02
1.480000e-06	-1.565762e-06	-3.172805e-09	-1.162151e+01	-2.171837e+02
1.490000e-06	-1.523683e-06	-3.143915e-09	-1.130919e+01	-2.147224e+02
1.500000e-06	-1.481565e-06	-3.110675e-09	-1.099658e+01	-2.122213e+02
1.510000e-06	-1.439316e-06	-3.072532e-09	-1.068299e+01	-2.096805e+02
1.520000e-06	-1.396742e-06	-3.036638e-09	-1.036699e+01	-2.071005e+02
1.530000e-06	-1.353984e-06	-3.000385e-09	-1.004963e+01	-2.044822e+02
1.540000e-06	-1.311125e-06	-2.959297e-09	-9.731525e+00	-2.018273e+02
1.550000e-06	-1.268124e-06	-2.916014e-09	-9.412359e+00	-1.991377e+02
1.560000e-06	-1.225035e-06	-2.873299e-09	-9.092539e+00	-1.964155e+02
1.570000e-06	-1.181934e-06	-2.832256e-09	-8.772630e+00	-1.936634e+02
1.580000e-06	-1.138718e-06	-2.792138e-09	-8.451875e+00	-1.908839e+02
1.590000e-06	-1.095272e-06	-2.752597e-09	-8.129407e+00	-1.880798e+02
1.600000e-06	-1.051811e-06	-2.712360e-09	-7.806826e+00	-1.852536e+02
1.610000e-06	-1.008364e-06	-2.672015e-09	-7.484351e+00	-1.824079e+02
1.620000e-06	-9.648278e-07	-2.631317e-09	-7.161213e+00	-1.795448e+02
1.630000e-06	-9.211948e-07	-2.587699e-09	-6.837357e+00	-1.766663e+02
1.640000e-06	-8.774834e-07	-2.543132e-09	-6.512919e+00	-1.737738e+02
1.650000e-06	-8.337768e-07	-2.496929e-09	-6.188516e+00	-1.708684e+02
1.660000e-06	-7.900451e-07	-2.450757e-09	-5.863928e+00	-1.679507e+02
1.670000e-06	-7.462810e-07	-2.400195e-09	-5.539099e+00	-1.650206e+02
1.680000e-06	-7.025139e-07	-2.352699e-09	-5.214248e+00	-1.620779e+02
1.690000e-06	-6.587128e-07	-2.311636e-09	-4.889144e+00	-1.591214e+02
1.700000e-06	-6.149233e-07	-2.270207e-09	-4.564127e+00	-1.561499e+02
1.710000e-06	-5.711711e-07	-2.225519e-09	-4.239386e+00	-1.531615e+02
1.720000e-06	-5.273691e-07	-2.181208e-09	-3.914276e+00	-1.501542e+02
1.730000e-06	-4.835492e-07	-2.137024e-09	-3.589033e+00	-1.471254e+02
1.740000e-06	-4.397175e-07	-2.089679e-09	-3.263702e+00	-1.440728e+02
1.750000e-06	-3.958392e-07	-2.038981e-09	-2.938025e+00	-1.409937e+02
1.760000e-06	-3.519572e-07	-1.987170e-09	-2.612321e+00	-1.378855e+02
1.770000e-06	-3.080786e-07	-1.938667e-09	-2.286642e+00	-1.347457e+02
1.780000e-06	-2.642149e-07	-1.891771e-09	-1.961075e+00	-1.315720e+02
1.790000e-06	-2.202746e-07	-1.844320e-09	-1.634938e+00	-1.283624e+02
1.800000e-06	-1.762908e-07	-1.798808e-09	-1.308478e+00	-1.251153e+02
1.810000e-06	-1.323759e-07	-1.753206e-09	-9.825296e-01	-1.218296e+02
1.820000e-06	-8.843171e-08	-1.705318e-09	-6.563640e-01	-1.185044e+02
1.830000e-06	-4.448236e-08	-1.654801e-09	-3.301601e-01	-1.151395e+02
1.840000e-06	-5.301453e-10	-1.600799e-09	-3.934882e-03	-1.117351e+02
1.850000e-06	4.351059e-08	-1.546616e-09	3.229473e-01	-1.082921e+02
1.860000e-06	8.753444e-08	-1.495661e-09	6.497043e-01	-1.048117e+02
1.870000e-06	1.315084e-07	-1.447536e-09	9.760906e-01	-1.012956e+02
1.880000e-06	1.754568e-07	-1.398849e-09	1.302288e+00	-9.774574e+01
1.890000e-06	2.193762e-07	-1.349333e-09	1.628270e+00	-9.416458e+01
1.900000e-06	2.633334e-07	-1.303501e-09	1.954531e+00	-9.055467e+01
1.910000e-06	3.072776e-07	-1.254662e-09	2.280697e+00	-8.691874e+01
1.920000e-06	3.511624e-07	-1.201323e-09	2.606422e+00	-8.325956e+01
1.930000e-06	3.950501e-07	-1.146473e-09	2.932168e+00	-7.957983e+01
1.940000e-06	4.389234e-07	-1.091314e-09	3.257808e+00	-7.588212e+01
1.950000e-06	4.828133e-07	-1.034966e-09	3.583571e+00	-7.216872e+01
1.960000e-06	5.266865e-07	-9.785378e-10	3.909210e+00	-6.844162e+01
1.970000e-06	5.705034e-07	-9.239062e-10	4.234431e+00	-6.470241e+01
1.980000e-06	6.143408e-07	-8.702297e-10	4.559803e+00	-6.095221e+01
1.990000e-06	6.581296e-07	-8.178283e-10	4.884815e+00	-5.719165e+01
2.000000e-06	7.018658e-07	-7.646434e-10	5.209437e+00	-5.342082e+01
2.010000e-06	7.456156e-07	-7.105206e-10	5.534160e+00	-4.963931e+01
2.020000e-06	7.893434e-07	-6.576237e-10	5.858720e+00	-4.584614e+01
2.030000e-06	8.330723e-07	-6.032832e-10	6.183288e+00	-4.203988e+01
2.040000e-06	8.767863e-07	-5.449054e-10	6.507745e+00	-3.821863e+01
2.050000e-06	9.204695e-07	-4.829486e-10	6.831973e+00	-3.438011e+01
2.060000e-06	9.641054e-07	-4.226124e-10	7.155850e+00	-3.052176e+01
2.070000e-06	1.007641e-06	-3.665149e-10	7.478983e+00	-2.664079e+01
2.080000e-06	1.051045e-06	-3.105072e-10	7.801140e+00	-2.273431e+01
2.090000e-06	1.094332e-06	-2.521417e-10	8.122430e+00	-1.879941e+01
2.100000e-06	1.137588e-06	-1.901335e-10	8.443485e+00	-1.483330e+01
2.110000e-06	1.180802e-06	-1.322676e-10	8.764229e+00	-1.083340e+01
2.120000e-06	1.223895e-06	-7.571296e-11	9.084082e+00	-6.797413e+00
2.130000e-06	1.266859e-06	-1.825550e-11	9.402968e+00	-2.723485e+00
2.140000e-06	1.309680e-06	4.144881e-11	9.720798e+00	1.389765e+00
2.150000e-06	1.352408e-06	1.053561e-10	1.003794e+01	5.543154e+00
2.160000e-06	1.394982e-06	1.700541e-10	1.035393e+01	9.736882e+00
2.170000e-06	1.437311e-06	2.361199e-10	1.066811e+01	1.397050e+01
2.180000e-06	1.479450e-06	3.037919e-10	1.098088e+01	1.824288e+01
2.190000e-06	1.521380e-06	3.680999e-10	1.129209e+01	2.255225e+01
2.200000e-06	1.563181e-06	4.303209e-10	1.160235e+01	2.689617e+01
2.210000e-06	1.604947e-06	4.937951e-10	1.191235e+01	3.127161e+01
2.220000e-06	1.646516e-06	5.566226e-10	1.222089e+01	3.567499e+01
2.230000e-06	1.687755e-06	6.197503e-10	1.252697e+01	4.010226e+01
2.240000e-06	1.728755e-06	6.838021e-10	1.283129e+01	4.454900e+01
2.250000e-06	1.769660e-06	7.499057e-10	1.313489e+01	4.901048e+01
2.260000e-06	1.810400e-06	8.178618e-10	1.343728e+01	5.348183e+01
2.270000e-06	1.850881e-06	8.843606e-10	1.373774e+01	5.795809e+01
2.280000e-06	1.891181e-06	9.501409e-10	1.403686e+01	6.243436e+01
2.290000e-06	1.931341e-06	1.016550e-09	1.433493e+01	6.690588e+01
2.300000e-06	1.971421e-06	1.080736e-09	1.463242e+01	7.136818e+01
2.310000e-06	2.011480e-06	1.142842e-09	1.492975e+01	7.581709e+01
2.320000e-06	2.051433e-06	1.203510e-09	1.522629e+01	8.024892e+01
2.330000e-06	2.091287e-06	1.266123e-09	1.552210e+01	8.466044e+01
2.340000e-06	2.131026e-06	1.332343e-09	1.581705e+01	8.904899e+01
2.350000e-06	2.170650e-06	1.400338e-09	1.611115e+01	9.341246e+01
2.360000e-06	2.210146e-06	1.468737e-09	1.640430e+01	9.774933e+01
2.370000e-06	2.249523e-06	1.534779e-09	1.669656e+01	1.020587e+02
2.380000e-06	2.288838e-06	1.597993e-09	1.698837e+01	1.063400e+02
2.390000e-06	2.328057e-06	1.661925e-09	1.727947e+01	1.105936e+02
2.400000e-06	2.367139e-06	1.722910e-09	1.756954e+01	1.148198e+02
2.410000e-06	2.405991e-06	1.781907e-09	1.785792e+01	1.190197e+02
2.420000e-06	2.444644e-06	1.843125e-09	1.814481e+01	1.231943e+02
2.430000e-06	2.483121e-06	1.905702e-09	1.843040e+01	1.273449e+02
2.440000e-06	2.521360e-06	1.966003e-09	1.871422e+01	1.314731e+02
2.450000e-06	2.559395e-06	2.026550e-09	1.899652e+01	1.355802e+02
2.460000e-06	2.597314e-06	2.090591e-09	1.927796e+01	1.396673e+02
2.470000e-06	2.635109e-06	2.154469e-09	1.955849e+01	1.437357e+02
2.480000e-06	2.672726e-06	2.215663e-09	1.983769e+01	1.477859e+02
2.490000e-06	2.710112e-06	2.275918e-09	2.011518e+01	1.518183e+02
2.500000e-06	2.747290e-06	2.335841e-09	2.039113e+01	1.558328e+02
2.510000e-06	2.784258e-06	2.393781e-09	2.066551e+01	1.598287e+02
2.520000e-06	2.821017e-06	2.448505e-09	2.093835e+01	1.638049e+02
2.530000e-06	2.857592e-06	2.502594e-09	2.120982e+01	1.677597e+02
2.540000e-06	2.893956e-06	2.560732e-09	2.147972e+01	1.716911e+02
2.550000e-06	2.930116e-06	2.620363e-09	2.174811e+01	1.755962e+02
2.560000e-06	2.966143e-06	2.674993e-09	2.201551e+01	1.794722e+02
2.570000e-06	3.002079e-06	2.728373e-09	2.228224e+01	1.833154e+02
2.580000e-06	3.037942e-06	2.787492e-09	2.254842e+01	1.871222e+02
2.590000e-06	3.073702e-06	2.845209e-09	2.281385e+01	1.908888e+02
2.600000e-06	3.109340e-06	2.896752e-09	2.307836e+01	1.946110e+02
2.610000e-06	3.144790e-06	2.944829e-09	2.334148e+01	1.982851e+02
2.620000e-06	3.179917e-06	2.993559e-09	2.360220e+01	2.019070e+02
2.630000e-06	3.214810e-06	3.044262e-09	2.386119e+01	2.054732e+02
2.640000e-06	3.249434e-06	3.092368e-09	2.411818e+01	2.089805e+02
2.650000e-06	3.283623e-06	3.139640e-09	2.437194e+01	2.124261e+02
2.660000e-06	3.317362e-06	3.188884e-09	2.462236e+01	2.158076e+02
2.670000e-06	3.350707e-06	3.241517e-09	2.486985e+01	2.191233e+02
2.680000e-06	3.383666e-06	3.293944e-09	2.511448e+01	2.223722e+02
2.690000e-06	3.416286e-06	3.339259e-09	2.535660e+01	2.255537e+02
2.700000e-06	3.448606e-06	3.380279e-09	2.559649e+01	2.286681e+02
2.710000e-06	3.480693e-06	3.421817e-09	2.583464e+01	2.317163e+02
2.720000e-06	3.512602e-06	3.467121e-09	2.607148e+01	2.346998e+02
2.730000e-06	3.544400e-06	3.510656e-09	2.630749e+01	2.376207e+02
2.740000e-06	3.576085e-06	3.551060e-09	2.654267e+01	2.404816e+02
2.750000e-06	3.607564e-06	3.591264e-09	2.677631e+01	2.432856e+02
2.760000e-06	3.638868e-06	3.635983e-09	2.700866e+01	2.460361e+02
2.770000e-06	3.669930e-06	3.681538e-09	2.723921e+01	2.487366e+02
2.780000e-06	3.700678e-06	3.722727e-09	2.746743e+01	2.513908e+02
2.790000e-06	3.731172e-06	3.760297e-09	2.769376e+01	2.540025e+02
2.800000e-06	3.761431e-06	3.796293e-09	2.791836e+01	2.565754e+02
2.810000e-06	3.791384e-06	3.832215e-09	2.814068e+01	2.591127e+02
2.820000e-06	3.821062e-06	3.869262e-09	2.836095e+01	2.616176e+02
2.830000e-06	3.850472e-06	3.904656e-09	2.857924e+01	2.640927e+02
2.840000e-06	3.879621e-06	3.937770e-09	2.879559e+01	2.665402e+02
2.850000e-06	3.908667e-06	3.972261e-09	2.901118e+01	2.689617e+02
2.860000e-06	3.937437e-06	4.010825e-09	2.922472e+01	2.713582e+02
2.870000e-06	3.965847e-06	4.050937e-09	2.943559e+01	2.737302e+02
2.880000e-06	3.994058e-06	4.087515e-09	2.964498e+01	2.760774e+02
2.890000e-06	4.022004e-06	4.121005e-09	2.985240e+01	2.783992e+02
2.900000e-06	4.049802e-06	4.151671e-09	3.005873e+01	2.806941e+02
2.910000e-06	4.077479e-06	4.182566e-09	3.026415e+01	2.829605e+02
2.920000e-06	4.104873e-06	4.213698e-09	3.046747e+01	2.851962e+02
2.930000e-06	4.131940e-06	4.244347e-09	3.066837e+01	2.873985e+02
2.940000e-06	4.158545e-06	4.272225e-09	3.086585e+01	2.895649e+02
2.950000e-06	4.184656e-06	4.302750e-09	3.105965e+01	2.916925e+02
2.960000e-06	4.210468e-06	4.333683e-09	3.125123e+01	2.937784e+02
2.970000e-06	4.235890e-06	4.367321e-09	3.143992e+01	2.958200e+02
2.980000e-06	4.260756e-06	4.400046e-09	3.162448e+01	2.978148e+02
2.990000e-06	4.285200e-06	4.429904e-09	3.180591e+01	2.997607e+02
3.000000e-06	4.309320e-06	4.457772e-09	3.198493e+01	3.016560e+02
3.010000e-06	4.333201e-06	4.485490e-09	3.216219e+01	3.034993e+02
3.020000e-06	4.356922e-06	4.512600e-09	3.233825e+01	3.052900e+02
3.030000e-06	4.380349e-06	4.535955e-09	3.251213e+01	3.070280e+02
3.040000e-06	4.403586e-06	4.559841e-09	3.268461e+01	3.087139e+02
3.050000e-06	4.426539e-06	4.587425e-09	3.285497e+01	3.103486e+02
3.060000e-06	4.449037e-06	4.616533e-09	3.302196e+01	3.119338e+02
3.070000e-06	4.471259e-06	4.643527e-09	3.318689e+01	3.134718e+02
3.080000e-06	4.493197e-06	4.670418e-09	3.334972e+01	3.149651e+02
3.090000e-06	4.514828e-06	4.695781e-09	3.351027e+01	3.164168e+02
3.100000e-06	4.536186e-06	4.720629e-09	3.366880e+01	3.178302e+02
3.110000e-06	4.557229e-06	4.743559e-09	3.382499e+01	3.192088e+02
3.120000e-06	4.577902e-06	4.765803e-09	3.397842e+01	3.205561e+02
3.130000e-06	4.598254e-06	4.785433e-09	3.412948e+01	3.218755e+02
3.140000e-06	4.618354e-06	4.804600e-09	3.427867e+01	3.231705e+02
3.150000e-06	4.638268e-06	4.826875e-09	3.442648e+01	3.244440e+02
3.160000e-06	4.658041e-06	4.850109e-09	3.457324e+01	3.256987e+02
3.170000e-06	4.677519e-06	4.871885e-09	3.471781e+01	3.269366e+02
3.180000e-06	4.696696e-06	4.892983e-09	3.486015e+01	3.281595e+02
3.190000e-06	4.715625e-06	4.912041e-09	3.500064e+01	3.293683e+02
3.200000e-06	4.734201e-06	4.931983e-09	3.513852e+01	3.305633e+02
3.210000e-06	4.752351e-06	4.949049e-09	3.527323e+01	3.317443e+02
3.220000e-06	4.770010e-06	4.962642e-09	3.540430e+01	3.329103e+02
3.230000e-06	4.787372e-06	4.977168e-09	3.553317e+01	3.340597e+02
3.240000e-06	4.804524e-06	4.994770e-09	3.566047e+01	3.351905e+02
3.250000e-06	4.821464e-06	5.010644e-09	3.578621e+01	3.363000e+02
3.260000e-06	4.838048e-06	5.024948e-09	3.590930e+01	3.373852e+02
3.270000e-06	4.854138e-06	5.040869e-09	3.602872e+01	3.384431e+02
3.280000e-06	4.869875e-06	5.057372e-09	3.614552e+01	3.394701e+02
3.290000e-06	4.885235e-06	5.072980e-09	3.625953e+01	3.404629e+02
3.300000e-06	4.900146e-06	5.087562e-09	3.637021e+01	3.414184e+02
3.310000e-06	4.914532e-06	5.099314e-09	3.647698e+01	3.423335e+02
3.320000e-06	4.928474e-06	5.107331e-09	3.658046e+01	3.432056e+02
3.330000e-06	4.942176e-06	5.118682e-09	3.668216e+01	3.440327e+02
3.340000e-06	4.955546e-06	5.133421e-09	3.678140e+01	3.448133e+02
3.350000e-06	4.968540e-06	5.150194e-09	3.687785e+01	3.455466e+02
3.360000e-06	4.981175e-06	5.163556e-09	3.697163e+01	3.462327e+02
3.370000e-06	4.993430e-06	5.175663e-09	3.706259e+01	3.468723e+02
3.380000e-06	5.005383e-06	5.188258e-09	3.715131e+01	3.474669e+02
3.390000e-06	5.016967e-06	5.201179e-09	3.723728e+01	3.480191e+02
3.400000e-06	5.028124e-06	5.210387e-09	3.732010e+01	3.485318e+02
3.410000e-06	5.038866e-06	5.217427e-09	3.739983e+01	3.490088e+02
3.420000e-06	5.049049e-06	5.225160e-09	3.747540e+01	3.494544e+02
3.430000e-06	5.058607e-06	5.234211e-09	3.754635e+01	3.498734e+02
3.440000e-06	5.067606e-06	5.243585e-09	3.761314e+01	3.502708e+02
3.450000e-06	5.076092e-06	5.251535e-09	3.767612e+01	3.506518e+02
3.460000e-06	5.084197e-06	5.259481e-09	3.773628e+01	3.510215e+02
3.470000e-06	5.092085e-06	5.267609e-09	3.779483e+01	3.513848e+02
3.480000e-06	5.099746e-06	5.277239e-09	3.785169e+01	3.517464e+02
3.490000e-06	5.107152e-06	5.286044e-09	3.790666e+01	3.521101e+02
3.500000e-06	5.114312e-06	5.293290e-09	3.795980e+01	3.524794e+02
3.510000e-06	5.121123e-06	5.299457e-09	3.801036e+01	3.528567e+02
3.520000e-06	5.127582e-06	5.304591e-09	3.805830e+01	3.532436e+02
3.530000e-06	5.133640e-06	5.311181e-09	3.810326e+01	3.536404e+02
3.540000e-06	5.139279e-06	5.317535e-09	3.814511e+01	3.540468e+02
3.550000e-06	5.144531e-06	5.320618e-09	3.818410e+01	3.544609e+02
3.560000e-06	5.149425e-06	5.324041e-09	3.822042e+01	3.548800e+02
3.570000e-06	5.154076e-06	5.329002e-09	3.825495e+01	3.553003e+02
3.580000e-06	5.158508e-06	5.334475e-09	3.828784e+01	3.557170e+02
3.590000e-06	5.162651e-06	5.339017e-09	3.831859e+01	3.561245e+02
3.600000e-06	5.166436e-06	5.342605e-09	3.834668e+01	3.565166e+02
3.610000e-06	5.169967e-06	5.344534e-09	3.837289e+01	3.568866e+02
3.620000e-06	5.173159e-06	5.345670e-09	3.839658e+01	3.572275e+02
3.630000e-06	5.175845e-06	5.345993e-09	3.841652e+01	3.575323e+02
3.640000e-06	5.178041e-06	5.346813e-09	3.843282e+01	3.577941e+02
3.650000e-06	5.179670e-06	5.348811e-09	3.844491e+01	3.580065e+02
3.660000e-06	5.180763e-06	5.353449e-09	3.845302e+01	3.581640e+02
3.670000e-06	5.181413e-06	5.357458e-09	3.845784e+01	3.582616e+02
3.680000e-06	5.181703e-06	5.358547e-09	3.846000e+01	3.582958e+02
3.690000e-06	5.181677e-06	5.357525e-09	3.845981e+01	3.582643e+02
3.700000e-06	5.181407e-06	5.355307e-09	3.845780e+01	3.581663e+02
3.710000e-06	5.180918e-06	5.354544e-09	3.845417e+01	3.580027e+02
3.720000e-06	5.180149e-06	5.354851e-09	3.844846e+01	3.577761e+02
3.730000e-06	5.178999e-06	5.349619e-09	3.843993e+01	3.574906e+02
3.740000e-06	5.177500e-06	5.342933e-09	3.842880e+01	3.571525e+02
3.750000e-06	5.175667e-06	5.328253e-09	3.841520e+01	3.567694e+02
3.760000e-06	5.173496e-06	5.334439e-09	3.839908e+01	3.563507e+02
3.770000e-06	5.171044e-06	5.353268e-09	3.838088e+01	3.559071e+02
3.780000e-06	5.168158e-06	5.356300e-09	3.835946e+01	3.554507e+02
3.790000e-06	5.164760e-06	5.373205e-09	3.833425e+01	3.549943e+02
3.800000e-06	5.160998e-06	5.264057e-09	3.830632e+01	3.545517e+02
3.810000e-06	5.156984e-06	5.243970e-09	3.827653e+01	3.541369e+02
3.820000e-06	5.152744e-06	5.399316e-09	3.824506e+01	3.537641e+02
3.830000e-06	5.148214e-06	5.428068e-09	3.821144e+01	3.534472e+02
3.840000e-06	5.143273e-06	5.404181e-09	3.817476e+01	3.531994e+02
3.850000e-06	5.138077e-06	5.209491e-09	3.813619e+01	3.530331e+02
3.860000e-06	5.132426e-06	5.254494e-09	3.809425e+01	3.529592e+02
3.870000e-06	5.126213e-06	5.353613e-09	3.804814e+01	3.529872e+02
3.880000e-06	5.119727e-06	5.427103e-09	3.800000e+01	3.531247e+02
3.890000e-06	5.112705e-06	5.359258e-09	3.794787e+01	3.533769e+02
3.900000e-06	5.105085e-06	5.220112e-09	3.789132e+01	3.537471e+02
3.910000e-06	5.097062e-06	5.264358e-09	3.783177e+01	3.542360e+02
3.920000e-06	5.088748e-06	5.322945e-09	3.777006e+01	3.548416e+02
3.930000e-06	5.080270e-06	5.445610e-09	3.770714e+01	3.555594e+02
3.940000e-06	5.071565e-06	5.270282e-09	3.764253e+01	3.563827e+02
3.950000e-06	5.062468e-06	5.142781e-09	3.757500e+01	3.573018e+02
3.960000e-06	5.053043e-06	5.164642e-09	3.750505e+01	3.583052e+02
3.970000e-06	5.043321e-06	5.373390e-09	3.743289e+01	3.593791e+02
3.980000e-06	5.033217e-06	5.294928e-09	3.735790e+01	3.605078e+02
3.990000e-06	5.022668e-06	5.174489e-09	3.727960e+01	3.616745e+02
4.000000e-06	5.011762e-06	5.315041e-09	3.719865e+01	3.628607e+02
4.010000e-06	5.000493e-06	5.529289e-09	3.711501e+01	3.640475e+02
4.020000e-06	4.988743e-06	5.434458e-09	3.702779e+01	3.652154e+02
4.030000e-06	4.976703e-06	5.500804e-09	3.693843e+01	3.663451e+02
4.040000e-06	4.964352e-06	5.819492e-09	3.684676e+01	3.674175e+02
4.050000e-06	4.951528e-06	5.880304e-09	3.675158e+01	3.684146e+02
4.060000e-06	4.938073e-06	5.615944e-09	3.665171e+01	3.693193e+02
4.070000e-06	4.924080e-06	5.693607e-09	3.654785e+01	3.701162e+02
4.080000e-06	4.909639e-06	6.055635e-09	3.644067e+01	3.707917e+02
4.090000e-06	4.894537e-06	5.942942e-09	3.632858e+01	3.713346e+02
4.100000e-06	4.878903e-06	5.640643e-09	3.621254e+01	3.717356e+02
4.110000e-06	4.863002e-06	5.742873e-09	3.609451e+01	3.719882e+02
4.120000e-06	4.846934e-06	5.995447e-09	3.597525e+01	3.720885e+02
4.130000e-06	4.830678e-06	5.787207e-09	3.585459e+01	3.720352e+02
4.140000e-06	4.814155e-06	5.563600e-09	3.573196e+01	3.718296e+02
4.150000e-06	4.797383e-06	5.647380e-09	3.560747e+01	3.714756e+02
4.160000e-06	4.780164e-06	5.773698e-09	3.547967e+01	3.709795e+02
4.170000e-06	4.762455e-06	5.661251e-09	3.534823e+01	3.703498e+02
4.180000e-06	4.744502e-06	5.698023e-09	3.521498e+01	3.695969e+02
4.190000e-06	4.726414e-06	5.664359e-09	3.508072e+01	3.687330e+02
4.200000e-06	4.707971e-06	5.558783e-09	3.494383e+01	3.677714e+02
4.210000e-06	4.689073e-06	5.574775e-09	3.480357e+01	3.667268e+02
4.220000e-06	4.669900e-06	5.730735e-09	3.466126e+01	3.656140e+02
4.230000e-06	4.650441e-06	5.654994e-09	3.451683e+01	3.644487e+02
4.240000e-06	4.630611e-06	5.507516e-09	3.436964e+01	3.632458e+02
4.250000e-06	4.610610e-06	5.513633e-09	3.422120e+01	3.620203e+02
4.260000e-06	4.590445e-06	5.630373e-09	3.407152e+01	3.607862e+02
4.270000e-06	4.569982e-06	5.626932e-09	3.391964e+01	3.595563e+02
4.280000e-06	4.549245e-06	5.519374e-09	3.376573e+01	3.583422e+02
4.290000e-06	4.528167e-06	5.457094e-09	3.360928e+01	3.571537e+02
4.300000e-06	4.506623e-06	5.509255e-09	3.344937e+01	3.559990e+02
4.310000e-06	4.484638e-06	5.548867e-09	3.328619e+01	3.548845e+02
4.320000e-06	4.462159e-06	5.506015e-09	3.311935e+01	3.538143e+02
4.330000e-06	4.439029e-06	5.459987e-09	3.294767e+01	3.527908e+02
4.340000e-06	4.415465e-06	5.410700e-09	3.277278e+01	3.518143e+02
4.350000e-06	4.391642e-06	5.407504e-09	3.259595e+01	3.508834e+02
4.360000e-06	4.367608e-06	5.474611e-09	3.241756e+01	3.499947e+02
4.370000e-06	4.343378e-06	5.483275e-09	3.223773e+01	3.491435e+02
4.380000e-06	4.318885e-06	5.346401e-09	3.205593e+01	3.483236e+02
4.390000e-06	4.294020e-06	5.314114e-09	3.187138e+01	3.475278e+02
4.400000e-06	4.268910e-06	5.417877e-09	3.168500e+01	3.467480e+02
4.410000e-06	4.243615e-06	5.452216e-09	3.149725e+01	3.459754e+02
4.420000e-06	4.218002e-06	5.325517e-09	3.130715e+01	3.452012e+02
4.430000e-06	4.192080e-06	5.252778e-09	3.111475e+01	3.444164e+02
4.440000e-06	4.165894e-06	5.303490e-09	3.092039e+01	3.436123e+02
4.450000e-06	4.139517e-06	5.370913e-09	3.072462e+01	3.427807e+02
4.460000e-06	4.112877e-06	5.302332e-09	3.052688e+01	3.419142e+02
4.470000e-06	4.085853e-06	5.207818e-09	3.032630e+01	3.410064e+02
4.480000e-06	4.058533e-06	5.213772e-09	3.012353e+01	3.400517e+02
4.490000e-06	4.030954e-06	5.280247e-09	2.991883e+01	3.390461e+02
4.500000e-06	4.003114e-06	5.256096e-09	2.971219e+01	3.379867e+02
4.510000e-06	3.975041e-06	5.187216e-09	2.950383e+01	3.368719e+02
4.520000e-06	3.946767e-06	5.155611e-09	2.929397e+01	3.357016e+02
4.530000e-06	3.918403e-06	5.179435e-09	2.908344e+01	3.344768e+02
4.540000e-06	3.889750e-06	5.179286e-09	2.887077e+01	3.331998e+02
4.550000e-06	3.860719e-06	5.132119e-09	2.865530e+01	3.318742e+02
4.560000e-06	3.831424e-06	5.091887e-09	2.843786e+01	3.305042e+02
4.570000e-06	3.801641e-06	5.096813e-09	2.821681e+01	3.290949e+02
4.580000e-06	3.771362e-06	5.090874e-09	2.799207e+01	3.276521e+02
4.590000e-06	3.740863e-06	5.053523e-09	2.776569e+01	3.261819e+02
4.600000e-06	3.709938e-06	5.025538e-09	2.753616e+01	3.246905e+02
4.610000e-06	3.678580e-06	5.021291e-09	2.730341e+01	3.231841e+02
4.620000e-06	3.646983e-06	5.007894e-09	2.706889e+01	3.216688e+02
4.630000e-06	3.615100e-06	4.964998e-09	2.683225e+01	3.201500e+02
4.640000e-06	3.583042e-06	4.933133e-09	2.659431e+01	3.186328e+02
4.650000e-06	3.550861e-06	4.927993e-09	2.635545e+01	3.171213e+02
4.660000e-06	3.518542e-06	4.922690e-09	2.611557e+01	3.156189e+02
4.670000e-06	3.486005e-06	4.879723e-09	2.587407e+01	3.141280e+02
4.680000e-06	3.453180e-06	4.844607e-09	2.563043e+01	3.126501e+02
4.690000e-06	3.420195e-06	4.841605e-09	2.538561e+01	3.111853e+02
4.700000e-06	3.387030e-06	4.848971e-09	2.513945e+01	3.097333e+02
4.710000e-06	3.353619e-06	4.817056e-09	2.489146e+01	3.082922e+02
4.720000e-06	3.319929e-06	4.767992e-09	2.464141e+01	3.068596e+02
4.730000e-06	3.285969e-06	4.743183e-09	2.438935e+01	3.054323e+02
4.740000e-06	3.251828e-06	4.749648e-09	2.413594e+01	3.040061e+02
4.750000e-06	3.217540e-06	4.732549e-09	2.388145e+01	3.025767e+02
4.760000e-06	3.183013e-06	4.686399e-09	2.362518e+01	3.011391e+02
4.770000e-06	3.148203e-06	4.651731e-09	2.336681e+01	2.996882e+02
4.780000e-06	3.113154e-06	4.650522e-09	2.310667e+01	2.982189e+02
4.790000e-06	3.077767e-06	4.645738e-09	2.284402e+01	2.967262e+02
4.800000e-06	3.042105e-06	4.614135e-09	2.257932e+01	2.952054e+02
4.810000e-06	3.006307e-06	4.575974e-09	2.231362e+01	2.936520e+02
4.820000e-06	2.970396e-06	4.558639e-09	2.204708e+01	2.920623e+02
4.830000e-06	2.934367e-06	4.541755e-09	2.177966e+01	2.904332e+02
4.840000e-06	2.898238e-06	4.508006e-09	2.151150e+01	2.887624e+02
4.850000e-06	2.862021e-06	4.469830e-09	2.124270e+01	2.870481e+02
4.860000e-06	2.825781e-06	4.443520e-09	2.097371e+01	2.852897e+02
4.870000e-06	2.789477e-06	4.420006e-09	2.070425e+01	2.834871e+02
4.880000e-06	2.753004e-06	4.390281e-09	2.043354e+01	2.816412e+02
4.890000e-06	2.716246e-06	4.364646e-09	2.016071e+01	2.797536e+02
4.900000e-06	2.679100e-06	4.344600e-09	1.988500e+01	2.778266e+02
4.910000e-06	2.641643e-06	4.319792e-09	1.960699e+01	2.758629e+02
4.920000e-06	2.603877e-06	4.284425e-09	1.932668e+01	2.738659e+02
4.930000e-06	2.565718e-06	4.254807e-09	1.904345e+01	2.718393e+02
4.940000e-06	2.527199e-06	4.234590e-09	1.875755e+01	2.697870e+02
4.950000e-06	2.488439e-06	4.206208e-09	1.846987e+01	2.677127e+02
4.960000e-06	2.449383e-06	4.162021e-09	1.817999e+01	2.656206e+02
4.970000e-06	2.410019e-06	4.125559e-09	1.788781e+01	2.635141e+02
4.980000e-06	2.370492e-06	4.106649e-09	1.759443e+01	2.613967e+02
4.990000e-06	2.330769e-06	4.089467e-09	1.729960e+01	2.592713e+02
5.000000e-06	2.290886e-06	4.053233e-09	1.700357e+01	2.571404e+02
5.010000e-06	2.250928e-06	4.010562e-09	1.670699e+01	2.550058e+02
5.020000e-06	2.210931e-06	3.982396e-09	1.641013e+01	2.528686e+02
5.030000e-06	2.170848e-06	3.964540e-09	1.611262e+01	2.507294e+02
5.040000e-06	2.130616e-06	3.926713e-09	1.581400e+01	2.485881e+02
5.050000e-06	2.090319e-06	3.873996e-09	1.551491e+01	2.464437e+02
5.060000e-06	2.049886e-06	3.833841e-09	1.521480e+01	2.442949e+02
5.070000e-06	2.009299e-06	3.814022e-09	1.491356e+01	2.421396e+02
5.080000e-06	1.968724e-06	3.787305e-09	1.461240e+01	2.399753e+02
5.090000e-06	1.928123e-06	3.742009e-09	1.431105e+01	2.377992e+02
5.100000e-06	1.887321e-06	3.696090e-09	1.400821e+01	2.356079e+02
5.110000e-06	1.846309e-06	3.665854e-09	1.370380e+01	2.333982e+02
5.120000e-06	1.805110e-06	3.640051e-09	1.339801e+01	2.311666e+02
5.130000e-06	1.763808e-06	3.602981e-09	1.309146e+01	2.289097e+02
5.140000e-06	1.722425e-06	3.556705e-09	1.278430e+01	2.266242e+02
5.150000e-06	1.680884e-06	3.513692e-09	1.247598e+01	2.243072e+02
5.160000e-06	1.639168e-06	3.479760e-09	1.216635e+01	2.219561e+02
5.170000e-06	1.597369e-06	3.444067e-09	1.185610e+01	2.195686e+02
5.180000e-06	1.555563e-06	3.405332e-09	1.154581e+01	2.171431e+02
5.190000e-06	1.513643e-06	3.366809e-09	1.123467e+01	2.146784e+02
5.200000e-06	1.471623e-06	3.331869e-09	1.092279e+01	2.121740e+02
5.210000e-06	1.429443e-06	3.298729e-09	1.060971e+01	2.096298e+02
5.220000e-06	1.387188e-06	3.258504e-09	1.029608e+01	2.070465e+02
5.230000e-06	1.344930e-06	3.217792e-09	9.982436e+00	2.044251e+02
5.240000e-06	1.302560e-06	3.175963e-09	9.667954e+00	2.017672e+02
5.250000e-06	1.260036e-06	3.134112e-09	9.352329e+00	1.990747e+02
5.260000e-06	1.217405e-06	3.093126e-09	9.035910e+00	1.963499e+02
5.270000e-06	1.174775e-06	3.055483e-09	8.719494e+00	1.935953e+02
5.280000e-06	1.132098e-06	3.015691e-09	8.402738e+00	1.908136e+02
5.290000e-06	1.089344e-06	2.970161e-09	8.085404e+00	1.880075e+02
5.300000e-06	1.046488e-06	2.929579e-09	7.767317e+00	1.851796e+02
5.310000e-06	1.003509e-06	2.892892e-09	7.448314e+00	1.823323e+02
5.320000e-06	9.603705e-07	2.854586e-09	7.128129e+00	1.794678e+02
5.330000e-06	9.171774e-07	2.810035e-09	6.807538e+00	1.765880e+02
5.340000e-06	8.739835e-07	2.761691e-09	6.486941e+00	1.736944e+02
5.350000e-06	8.306624e-07	2.715800e-09	6.165401e+00	1.707879e+02
5.360000e-06	7.872531e-07	2.675786e-09	5.843205e+00	1.678691e+02
5.370000e-06	7.438768e-07	2.634274e-09	5.521254e+00	1.649380e+02
5.380000e-06	7.005053e-07	2.586807e-09	5.199339e+00	1.619941e+02
5.390000e-06	6.570850e-07	2.537044e-09	4.877063e+00	1.590364e+02
5.400000e-06	6.136270e-07	2.495222e-09	4.554505e+00	1.560635e+02
5.410000e-06	5.700831e-07	2.453205e-09	4.231311e+00	1.530736e+02
5.420000e-06	5.264896e-07	2.404550e-09	3.907748e+00	1.500645e+02
5.430000e-06	4.828261e-07	2.353740e-09	3.583666e+00	1.470338e+02
5.440000e-06	4.390865e-07	2.306292e-09	3.259018e+00	1.439791e+02
5.450000e-06	3.953759e-07	2.257931e-09	2.934586e+00	1.408976e+02
5.460000e-06	3.516470e-07	2.205226e-09	2.610019e+00	1.377868e+02
5.470000e-06	3.079195e-07	2.151135e-09	2.285462e+00	1.346442e+02
5.480000e-06	2.642088e-07	2.100086e-09	1.961029e+00	1.314675e+02
5.490000e-06	2.204346e-07	2.051820e-09	1.636125e+00	1.282548e+02
5.500000e-06	1.766350e-07	2.001380e-09	1.311032e+00	1.250046e+02
5.510000e-06	1.328464e-07	1.950484e-09	9.860218e-01	1.217155e+02
5.520000e-06	8.904179e-08	1.897889e-09	6.608922e-01	1.183869e+02
5.530000e-06	4.525431e-08	1.841817e-09	3.358897e-01	1.150187e+02
5.540000e-06	1.436728e-09	1.785385e-09	1.066378e-02	1.116110e+02
5.550000e-06	-4.247690e-08	1.728246e-09	-3.152750e-01	1.081648e+02
5.560000e-06	-8.631376e-08	1.672261e-09	-6.406440e-01	1.046813e+02
5.570000e-06	-1.301671e-07	1.619865e-09	-9.661356e-01	1.011622e+02
5.580000e-06	-1.740894e-07	1.565994e-09	-1.292138e+00	9.760965e+01
5.590000e-06	-2.179702e-07	1.512432e-09	-1.617834e+00	9.402594e+01
5.600000e-06	-2.617154e-07	1.458158e-09	-1.942522e+00	9.041371e+01
5.610000e-06	-3.054759e-07	1.403932e-09	-2.267324e+00	8.677570e+01
5.620000e-06	-3.493159e-07	1.347785e-09	-2.592717e+00	8.311466e+01
5.630000e-06	-3.929873e-07	1.287477e-09	-2.916858e+00	7.943329e+01
5.640000e-06	-4.366798e-07	1.225538e-09	-3.241156e+00	7.573414e+01
5.650000e-06	-4.804051e-07	1.163937e-09	-3.565696e+00	7.201948e+01
5.660000e-06	-5.240735e-07	1.105938e-09	-3.889815e+00	6.829128e+01
5.670000e-06	-5.677214e-07	1.048416e-09	-4.213781e+00	6.455107e+01
5.680000e-06	-6.113992e-07	9.879425e-10	-4.537970e+00	6.079995e+01
5.690000e-06	-6.550080e-07	9.260027e-10	-4.861646e+00	5.703849e+01
5.700000e-06	-6.984356e-07	8.673325e-10	-5.183977e+00	5.326676e+01
5.710000e-06	-7.418788e-07	8.082202e-10	-5.506424e+00	4.948427e+01
5.720000e-06	-7.853490e-07	7.466739e-10	-5.829072e+00	4.569003e+01
5.730000e-06	-8.286944e-07	6.858217e-10	-6.150794e+00	4.188255e+01
5.740000e-06	-8.719247e-07	6.231038e-10	-6.471660e+00	3.805991e+01
5.750000e-06	-9.151753e-07	5.569371e-10	-6.792678e+00	3.421980e+01
5.760000e-06	-9.583760e-07	4.925665e-10	-7.113325e+00	3.035963e+01
5.770000e-06	-1.001408e-06	4.312749e-10	-7.432723e+00	2.647660e+01
5.780000e-06	-1.044292e-06	3.691517e-10	-7.751014e+00	2.256781e+01
5.790000e-06	-1.087068e-06	3.053027e-10	-8.068514e+00	1.863038e+01
5.800000e-06	-1.129769e-06	2.436118e-10	-8.385453e+00	1.466150e+01
5.810000e-06	-1.172410e-06	1.810421e-10	-8.701947e+00	1.065863e+01
5.820000e-06	-1.214961e-06	1.172711e-10	-9.017766e+00	6.619501e+00
5.830000e-06	-1.257419e-06	5.180742e-11	-9.332906e+00	2.542297e+00
5.840000e-06	-1.299846e-06	-1.370711e-11	-9.647811e+00	-1.574319e+00
5.850000e-06	-1.342219e-06	-8.053565e-11	-9.962310e+00	-5.731115e+00
5.860000e-06	-1.384475e-06	-1.482203e-10	-1.027594e+01	-9.928237e+00
5.870000e-06	-1.426648e-06	-2.180299e-10	-1.058897e+01	-1.416518e+01
5.880000e-06	-1.468786e-06	-2.891713e-10	-1.090173e+01	-1.844077e+01
5.890000e-06	-1.510887e-06	-3.587383e-10	-1.121421e+01	-2.275316e+01
5.900000e-06	-1.552906e-06	-4.264434e-10	-1.152609e+01	-2.709988e+01
5.910000e-06	-1.594747e-06	-4.898139e-10	-1.183664e+01	-3.147783e+01
5.920000e-06	-1.636524e-06	-5.555977e-10	-1.214672e+01	-3.588341e+01
5.930000e-06	-1.678247e-06	-6.244137e-10	-1.245640e+01	-4.031252e+01
5.940000e-06	-1.719743e-06	-6.941335e-10	-1.276440e+01	-4.476071e+01
5.950000e-06	-1.761083e-06	-7.616511e-10	-1.307123e+01	-4.922325e+01
5.960000e-06	-1.802311e-06	-8.298679e-10	-1.337724e+01	-5.369524e+01
5.970000e-06	-1.843373e-06	-9.018150e-10	-1.368201e+01	-5.817173e+01
5.980000e-06	-1.884250e-06	-9.745522e-10	-1.398542e+01	-6.264783e+01
5.990000e-06	-1.924971e-06	-1.041624e-09	-1.428765e+01	-6.711879e+01
6.000000e-06	-1.965598e-06	-1.108642e-09	-1.458920e+01	-7.158017e+01
6.010000e-06	-2.006147e-06	-1.176923e-09	-1.489017e+01	-7.602784e+01
6.020000e-06	-2.046524e-06	-1.243915e-09	-1.518985e+01	-8.045814e+01
6.030000e-06	-2.086776e-06	-1.310020e-09	-1.548862e+01	-8.486788e+01
6.040000e-06	-2.127008e-06	-1.377751e-09	-1.578723e+01	-8.925446e+01
6.050000e-06	-2.167159e-06	-1.448636e-09	-1.608524e+01	-9.361580e+01
6.060000e-06	-2.207232e-06	-1.520296e-09	-1.638267e+01	-9.795045e+01
6.070000e-06	-2.247243e-06	-1.590126e-09	-1.667964e+01	-1.022575e+02
6.080000e-06	-2.287142e-06	-1.659167e-09	-1.697578e+01	-1.065366e+02
6.090000e-06	-2.326977e-06	-1.728098e-09	-1.727145e+01	-1.107879e+02
6.100000e-06	-2.366726e-06	-1.795490e-09	-1.756648e+01	-1.150119e+02
6.110000e-06	-2.406229e-06	-1.861584e-09	-1.785968e+01	-1.192097e+02
6.120000e-06	-2.445627e-06	-1.925760e-09	-1.815210e+01	-1.233823e+02
6.130000e-06	-2.484835e-06	-1.992353e-09	-1.844312e+01	-1.275310e+02
6.140000e-06	-2.523649e-06	-2.061618e-09	-1.873120e+01	-1.316574e+02
6.150000e-06	-2.562138e-06	-2.131715e-09	-1.901688e+01	-1.357628e+02
6.160000e-06	-2.600290e-06	-2.197287e-09	-1.930006e+01	-1.398485e+02
6.170000e-06	-2.638128e-06	-2.259142e-09	-1.958090e+01	-1.439153e+02
6.180000e-06	-2.675635e-06	-2.324045e-09	-1.985929e+01	-1.479641e+02
6.190000e-06	-2.712797e-06	-2.391129e-09	-2.013511e+01	-1.519951e+02
6.200000e-06	-2.749614e-06	-2.451580e-09	-2.040837e+01	-1.560081e+02
6.210000e-06	-2.786265e-06	-2.510553e-09	-2.068041e+01	-1.600024e+02
6.220000e-06	-2.822775e-06	-2.573372e-09	-2.095140e+01	-1.639770e+02
6.230000e-06	-2.859024e-06	-2.641500e-09	-2.122045e+01	-1.679300e+02
6.240000e-06	-2.895112e-06	-2.705802e-09	-2.148830e+01	-1.718593e+02
6.250000e-06	-2.931163e-06	-2.766850e-09	-2.175589e+01	-1.757622e+02
6.260000e-06	-2.967140e-06	-2.826267e-09	-2.202292e+01	-1.796356e+02
6.270000e-06	-3.002983e-06	-2.884074e-09	-2.228895e+01	-1.834760e+02
6.280000e-06	-3.038681e-06	-2.942200e-09	-2.255391e+01	-1.872796e+02
6.290000e-06	-3.074216e-06	-2.998281e-09	-2.281766e+01	-1.910427e+02
6.300000e-06	-3.109489e-06	-3.054943e-09	-2.307946e+01	-1.947611e+02
6.310000e-06	-3.144434e-06	-3.108195e-09	-2.333884e+01	-1.984310e+02
6.320000e-06	-3.179130e-06	-3.164183e-09	-2.359636e+01	-2.020484e+02
6.330000e-06	-3.213596e-06	-3.222865e-09	-2.385218e+01	-2.056099e+02
6.340000e-06	-3.247869e-06	-3.279100e-09	-2.410656e+01	-2.091123e+02
6.350000e-06	-3.281933e-06	-3.333670e-09	-2.435939e+01	-2.125526e+02
6.360000e-06	-3.315851e-06	-3.386973e-09	-2.461114e+01	-2.159287e+02
6.370000e-06	-3.349555e-06	-3.440999e-09	-2.486130e+01	-2.192389e+02
6.380000e-06	-3.382929e-06	-3.496337e-09	-2.510901e+01	-2.224822e+02
6.390000e-06	-3.416077e-06	-3.548917e-09	-2.535505e+01	-2.256582e+02
6.400000e-06	-3.449044e-06	-3.597444e-09	-2.559973e+01	-2.287671e+02
6.410000e-06	-3.481725e-06	-3.645271e-09	-2.584230e+01	-2.318098e+02
6.420000e-06	-3.514196e-06	-3.694967e-09	-2.608331e+01	-2.347881e+02
6.430000e-06	-3.546493e-06	-3.743071e-09	-2.632303e+01	-2.377039e+02
6.440000e-06	-3.578581e-06	-3.790554e-09	-2.656119e+01	-2.405601e+02
6.450000e-06	-3.610512e-06	-3.835110e-09	-2.679820e+01	-2.433595e+02
6.460000e-06	-3.642289e-06	-3.879937e-09	-2.703406e+01	-2.461057e+02
6.470000e-06	-3.673821e-06	-3.928967e-09	-2.726809e+01	-2.488022e+02
6.480000e-06	-3.705008e-06	-3.974078e-09	-2.749957e+01	-2.514528e+02
6.490000e-06	-3.735869e-06	-4.013126e-09	-2.772863e+01	-2.540612e+02
6.500000e-06	-3.766303e-06	-4.049023e-09	-2.795452e+01	-2.566310e+02
6.510000e-06	-3.796283e-06	-4.086054e-09	-2.817703e+01	-2.591656e+02
6.520000e-06	-3.825775e-06	-4.122759e-09	-2.839594e+01	-2.616679e+02
6.530000e-06	-3.854791e-06	-4.159368e-09	-2.861130e+01	-2.641407e+02
6.540000e-06	-3.883428e-06	-4.197639e-09	-2.882385e+01	-2.665860e+02
6.550000e-06	-3.911809e-06	-4.237990e-09	-2.903450e+01	-2.690054e+02
6.560000e-06	-3.940024e-06	-4.278565e-09	-2.924392e+01	-2.713999e+02
6.570000e-06	-3.968094e-06	-4.315813e-09	-2.945226e+01	-2.737699e+02
6.580000e-06	-3.996037e-06	-4.352079e-09	-2.965966e+01	-2.761151e+02
6.590000e-06	-4.023754e-06	-4.388202e-09	-2.986539e+01	-2.784348e+02
6.600000e-06	-4.051250e-06	-4.420742e-09	-3.006947e+01	-2.807275e+02
6.610000e-06	-4.078546e-06	-4.450639e-09	-3.027207e+01	-2.829914e+02
6.620000e-06	-4.105403e-06	-4.481116e-09	-3.047141e+01	-2.852244e+02
6.630000e-06	-4.131868e-06	-4.514508e-09	-3.066784e+01	-2.874240e+02
6.640000e-06	-4.158114e-06	-4.545680e-09	-3.086264e+01	-2.895872e+02
6.650000e-06	-4.184065e-06	-4.573257e-09	-3.105526e+01	-2.917115e+02
6.660000e-06	-4.209759e-06	-4.604260e-09	-3.124597e+01	-2.937939e+02
6.670000e-06	-4.235197e-06	-4.637896e-09	-3.143477e+01	-2.958317e+02
6.680000e-06	-4.260300e-06	-4.670131e-09	-3.162109e+01	-2.978226e+02
6.690000e-06	-4.285101e-06	-4.696489e-09	-3.180518e+01	-2.997644e+02
6.700000e-06	-4.309664e-06	-4.723075e-09	-3.198749e+01	-3.016553e+02
6.710000e-06	-4.333964e-06	-4.750726e-09	-3.216785e+01	-3.034943e+02
6.720000e-06	-4.358043e-06	-4.778615e-09	-3.234657e+01	-3.052807e+02
6.730000e-06	-4.381976e-06	-4.804737e-09	-3.252421e+01	-3.070144e+02
6.740000e-06	-4.405669e-06	-4.828887e-09	-3.270007e+01	-3.086960e+02
6.750000e-06	-4.429095e-06	-4.854084e-09	-3.287394e+01	-3.103265e+02
6.760000e-06	-4.452186e-06	-4.881315e-09	-3.304533e+01	-3.119078e+02
6.770000e-06	-4.474759e-06	-4.908330e-09	-3.321287e+01	-3.134420e+02
6.780000e-06	-4.496866e-06	-4.932601e-09	-3.337696e+01	-3.149318e+02
6.790000e-06	-4.518426e-06	-4.954798e-09	-3.353698e+01	-3.163802e+02
6.800000e-06	-4.539446e-06	-4.977290e-09	-3.369300e+01	-3.177906e+02
6.810000e-06	-4.560091e-06	-4.999313e-09	-3.384623e+01	-3.191665e+02
6.820000e-06	-4.580483e-06	-5.016404e-09	-3.399758e+01	-3.205113e+02
6.830000e-06	-4.600632e-06	-5.031683e-09	-3.414713e+01	-3.218287e+02
6.840000e-06	-4.620577e-06	-5.053026e-09	-3.429517e+01	-3.231218e+02
6.850000e-06	-4.640379e-06	-5.078702e-09	-3.444215e+01	-3.243937e+02
6.860000e-06	-4.659799e-06	-5.100901e-09	-3.458628e+01	-3.256469e+02
6.870000e-06	-4.678781e-06	-5.120527e-09	-3.472718e+01	-3.268836e+02
6.880000e-06	-4.697449e-06	-5.139251e-09	-3.486574e+01	-3.281053e+02
6.890000e-06	-4.715829e-06	-5.156558e-09	-3.500215e+01	-3.293130e+02
6.900000e-06	-4.734001e-06	-5.172541e-09	-3.513704e+01	-3.305070e+02
6.910000e-06	-4.751905e-06	-5.187805e-09	-3.526992e+01	-3.316868e+02
6.920000e-06	-4.769457e-06	-5.199998e-09	-3.540019e+01	-3.328515e+02
6.930000e-06	-4.786704e-06	-5.209797e-09	-3.552821e+01	-3.339995e+02
6.940000e-06	-4.803597e-06	-5.223454e-09	-3.565359e+01	-3.351286e+02
6.950000e-06	-4.820135e-06	-5.243743e-09	-3.577634e+01	-3.362363e+02
6.960000e-06	-4.836379e-06	-5.263249e-09	-3.589691e+01	-3.373194e+02
6.970000e-06	-4.852424e-06	-5.275447e-09	-3.601600e+01	-3.383748e+02
6.980000e-06	-4.868271e-06	-5.284808e-09	-3.613362e+01	-3.393992e+02
6.990000e-06	-4.883762e-06	-5.297057e-09	-3.624860e+01	-3.403891e+02
7.000000e-06	-4.898713e-06	-5.308968e-09	-3.635957e+01	-3.413413e+02
7.010000e-06	-4.913073e-06	-5.317093e-09	-3.646615e+01	-3.422530e+02
7.020000e-06	-4.926783e-06	-5.322365e-09	-3.656792e+01	-3.431214e+02
7.030000e-06	-4.940045e-06	-5.329587e-09	-3.666635e+01	-3.439447e+02
7.040000e-06	-4.952901e-06	-5.341290e-09	-3.676176e+01	-3.447215e+02
7.050000e-06	-4.965321e-06	-5.356660e-09	-3.685395e+01	-3.454509e+02
7.060000e-06	-4.977473e-06	-5.371025e-09	-3.694415e+01	-3.461331e+02
7.070000e-06	-4.989340e-06	-5.380666e-09	-3.703223e+01	-3.467689e+02
7.080000e-06	-5.000843e-06	-5.390455e-09	-3.711761e+01	-3.473600e+02
7.090000e-06	-5.011985e-06	-5.403552e-09	-3.720031e+01	-3.479088e+02
7.100000e-06	-5.022784e-06	-5.415581e-09	-3.728046e+01	-3.484184e+02
7.110000e-06	-5.033128e-06	-5.422838e-09	-3.735723e+01	-3.488927e+02
7.120000e-06	-5.043127e-06	-5.427507e-09	-3.743145e+01	-3.493359e+02
7.130000e-06	-5.052911e-06	-5.434598e-09	-3.750407e+01	-3.497530e+02
7.140000e-06	-5.062412e-06	-5.443337e-09	-3.757459e+01	-3.501488e+02
7.150000e-06	-5.071475e-06	-5.450308e-09	-3.764186e+01	-3.505287e+02
7.160000e-06	-5.080140e-06	-5.456665e-09	-3.770617e+01	-3.508977e+02
7.170000e-06	-5.088502e-06	-5.462931e-09	-3.776824e+01	-3.512608e+02
7.180000e-06	-5.096631e-06	-5.469126e-09	-3.782857e+01	-3.516225e+02
7.190000e-06	-5.104583e-06	-5.476914e-09	-3.788760e+01	-3.519866e+02
7.200000e-06	-5.112188e-06	-5.483612e-09	-3.794404e+01	-3.523565e+02
7.210000e-06	-5.119411e-06	-5.487265e-09	-3.799765e+01	-3.527346e+02
7.220000e-06	-5.126188e-06	-5.485573e-09	-3.804795e+01	-3.531223e+02
7.230000e-06	-5.132457e-06	-5.485401e-09	-3.809448e+01	-3.535201e+02
7.240000e-06	-5.138126e-06	-5.491588e-09	-3.813656e+01	-3.539272e+02
7.250000e-06	-5.143255e-06	-5.498015e-09	-3.817462e+01	-3.543419e+02
7.260000e-06	-5.147957e-06	-5.501345e-09	-3.820952e+01	-3.547613e+02
7.270000e-06	-5.152280e-06	-5.502692e-09	-3.824161e+01	-3.551815e+02
7.280000e-06	-5.156377e-06	-5.507680e-09	-3.827202e+01	-3.555977e+02
7.290000e-06	-5.160247e-06	-5.514585e-09	-3.830075e+01	-3.560042e+02
7.300000e-06	-5.163915e-06	-5.516892e-09	-3.832797e+01	-3.563948e+02
7.310000e-06	-5.167284e-06	-5.513592e-09	-3.835297e+01	-3.567627e+02
7.320000e-06	-5.170263e-06	-5.510310e-09	-3.837509e+01	-3.571009e+02
7.330000e-06	-5.172827e-06	-5.511065e-09	-3.839412e+01	-3.574024e+02
7.340000e-06	-5.175055e-06	-5.513538e-09	-3.841065e+01	-3.576604e+02
7.350000e-06	-5.177039e-06	-5.513389e-09	-3.842538e+01	-3.578685e+02
7.360000e-06	-5.178711e-06	-5.513928e-09	-3.843779e+01	-3.580211e+02
7.370000e-06	-5.179877e-06	-5.516158e-09	-3.844645e+01	-3.581136e+02
7.380000e-06	-5.180610e-06	-5.518318e-09	-3.845188e+01	-3.581425e+02
7.390000e-06	-5.181124e-06	-5.518569e-09	-3.845570e+01	-3.581055e+02
