# Temperatura_=_20.0
# Concentracion g/m^3_=_12600.0
# C_Vs_to_Am_M_A/Vsm_=_65563218390.804596
# pendiente_HvsI_1/m_=_3716.3
# ordenada_HvsI_A/m_=_1297.0
# frecuencia_Hz_=_135137.52749736005

Tiempo_(s)	Campo_(V.s)	Magnetizacion_(V.s)	Campo_(kA/m)	Magnetizacion_(A/m)
0.000000e+00	-5.179168e-06	-5.309396e-09	-3.846231e+01	-3.436881e+02
1.000000e-08	-5.179259e-06	-5.306006e-09	-3.846298e+01	-3.434728e+02
2.000000e-08	-5.179140e-06	-5.308403e-09	-3.846210e+01	-3.431851e+02
3.000000e-08	-5.178722e-06	-5.310750e-09	-3.845900e+01	-3.428309e+02
4.000000e-08	-5.177915e-06	-5.310737e-09	-3.845300e+01	-3.424181e+02
5.000000e-08	-5.176606e-06	-5.302046e-09	-3.844328e+01	-3.419569e+02
6.000000e-08	-5.174718e-06	-5.286911e-09	-3.842926e+01	-3.414589e+02
7.000000e-08	-5.172217e-06	-5.292511e-09	-3.841069e+01	-3.409378e+02
8.000000e-08	-5.169090e-06	-5.322649e-09	-3.838747e+01	-3.404085e+02
9.000000e-08	-5.165442e-06	-5.357086e-09	-3.836037e+01	-3.398868e+02
1.000000e-07	-5.161495e-06	-5.307953e-09	-3.833106e+01	-3.393897e+02
1.100000e-07	-5.157405e-06	-5.202337e-09	-3.830069e+01	-3.389342e+02
1.200000e-07	-5.153051e-06	-5.217448e-09	-3.826836e+01	-3.385374e+02
1.300000e-07	-5.148404e-06	-5.274416e-09	-3.823385e+01	-3.382162e+02
1.400000e-07	-5.143409e-06	-5.294641e-09	-3.819675e+01	-3.379864e+02
1.500000e-07	-5.138003e-06	-5.256066e-09	-3.815661e+01	-3.378627e+02
1.600000e-07	-5.132241e-06	-5.233863e-09	-3.811381e+01	-3.378583e+02
1.700000e-07	-5.126123e-06	-5.280839e-09	-3.806838e+01	-3.379841e+02
1.800000e-07	-5.119687e-06	-5.210032e-09	-3.802058e+01	-3.382491e+02
1.900000e-07	-5.112983e-06	-5.250622e-09	-3.797080e+01	-3.386595e+02
2.000000e-07	-5.105968e-06	-5.261630e-09	-3.791870e+01	-3.392190e+02
2.100000e-07	-5.098585e-06	-5.322627e-09	-3.786387e+01	-3.399281e+02
2.200000e-07	-5.090919e-06	-5.224902e-09	-3.780694e+01	-3.407844e+02
2.300000e-07	-5.083040e-06	-5.176922e-09	-3.774843e+01	-3.417827e+02
2.400000e-07	-5.074753e-06	-5.109359e-09	-3.768689e+01	-3.429144e+02
2.500000e-07	-5.065860e-06	-5.082742e-09	-3.762085e+01	-3.441684e+02
2.600000e-07	-5.056409e-06	-5.107574e-09	-3.755066e+01	-3.455309e+02
2.700000e-07	-5.046641e-06	-5.272438e-09	-3.747812e+01	-3.469855e+02
2.800000e-07	-5.036484e-06	-5.348038e-09	-3.740269e+01	-3.485139e+02
2.900000e-07	-5.025737e-06	-5.268491e-09	-3.732288e+01	-3.500959e+02
3.000000e-07	-5.014531e-06	-5.307622e-09	-3.723966e+01	-3.517101e+02
3.100000e-07	-5.002933e-06	-5.549829e-09	-3.715352e+01	-3.533342e+02
3.200000e-07	-4.990919e-06	-5.689721e-09	-3.706430e+01	-3.549453e+02
3.300000e-07	-4.978551e-06	-5.598040e-09	-3.697245e+01	-3.565207e+02
3.400000e-07	-4.965807e-06	-5.528656e-09	-3.687781e+01	-3.580381e+02
3.500000e-07	-4.952670e-06	-5.555308e-09	-3.678026e+01	-3.594762e+02
3.600000e-07	-4.939173e-06	-5.656691e-09	-3.668002e+01	-3.608149e+02
3.700000e-07	-4.925327e-06	-5.611273e-09	-3.657720e+01	-3.620360e+02
3.800000e-07	-4.911062e-06	-5.551417e-09	-3.647126e+01	-3.631235e+02
3.900000e-07	-4.896265e-06	-5.412457e-09	-3.636138e+01	-3.640638e+02
4.000000e-07	-4.880990e-06	-5.539044e-09	-3.624794e+01	-3.648457e+02
4.100000e-07	-4.865318e-06	-5.631575e-09	-3.613155e+01	-3.654612e+02
4.200000e-07	-4.849030e-06	-5.539205e-09	-3.601059e+01	-3.659051e+02
4.300000e-07	-4.832257e-06	-5.344823e-09	-3.588603e+01	-3.661751e+02
4.400000e-07	-4.815330e-06	-5.473051e-09	-3.576032e+01	-3.662721e+02
4.500000e-07	-4.798077e-06	-5.601391e-09	-3.563219e+01	-3.661997e+02
4.600000e-07	-4.780519e-06	-5.527451e-09	-3.550181e+01	-3.659642e+02
4.700000e-07	-4.762665e-06	-5.368113e-09	-3.536922e+01	-3.655744e+02
4.800000e-07	-4.744537e-06	-5.398391e-09	-3.523459e+01	-3.650414e+02
4.900000e-07	-4.726117e-06	-5.462939e-09	-3.509780e+01	-3.643782e+02
5.000000e-07	-4.707253e-06	-5.471215e-09	-3.495770e+01	-3.635992e+02
5.100000e-07	-4.687990e-06	-5.419344e-09	-3.481465e+01	-3.627199e+02
5.200000e-07	-4.668471e-06	-5.361178e-09	-3.466969e+01	-3.617568e+02
5.300000e-07	-4.648736e-06	-5.352700e-09	-3.452313e+01	-3.607265e+02
5.400000e-07	-4.628793e-06	-5.405303e-09	-3.437503e+01	-3.596456e+02
5.500000e-07	-4.608637e-06	-5.423512e-09	-3.422534e+01	-3.585302e+02
5.600000e-07	-4.588172e-06	-5.343866e-09	-3.407336e+01	-3.573957e+02
5.700000e-07	-4.567440e-06	-5.290130e-09	-3.391941e+01	-3.562563e+02
5.800000e-07	-4.546397e-06	-5.303226e-09	-3.376313e+01	-3.551245e+02
5.900000e-07	-4.525016e-06	-5.352364e-09	-3.360435e+01	-3.540116e+02
6.000000e-07	-4.503358e-06	-5.329148e-09	-3.344351e+01	-3.529266e+02
6.100000e-07	-4.481396e-06	-5.270007e-09	-3.328041e+01	-3.518766e+02
6.200000e-07	-4.459179e-06	-5.222240e-09	-3.311542e+01	-3.508668e+02
6.300000e-07	-4.436651e-06	-5.261782e-09	-3.294812e+01	-3.499001e+02
6.400000e-07	-4.413734e-06	-5.292376e-09	-3.277793e+01	-3.489773e+02
6.500000e-07	-4.390492e-06	-5.270647e-09	-3.260533e+01	-3.480974e+02
6.600000e-07	-4.366973e-06	-5.183072e-09	-3.243066e+01	-3.472575e+02
6.700000e-07	-4.343245e-06	-5.161717e-09	-3.225445e+01	-3.464530e+02
6.800000e-07	-4.319325e-06	-5.203533e-09	-3.207682e+01	-3.456780e+02
6.900000e-07	-4.295189e-06	-5.239767e-09	-3.189757e+01	-3.449254e+02
7.000000e-07	-4.270741e-06	-5.162437e-09	-3.171602e+01	-3.441871e+02
7.100000e-07	-4.245842e-06	-5.084702e-09	-3.153110e+01	-3.434548e+02
7.200000e-07	-4.220637e-06	-5.099143e-09	-3.134392e+01	-3.427194e+02
7.300000e-07	-4.195111e-06	-5.172611e-09	-3.115436e+01	-3.419721e+02
7.400000e-07	-4.168961e-06	-5.143256e-09	-3.096016e+01	-3.412044e+02
7.500000e-07	-4.142244e-06	-5.045657e-09	-3.076175e+01	-3.404083e+02
7.600000e-07	-4.115200e-06	-5.008243e-09	-3.056091e+01	-3.395765e+02
7.700000e-07	-4.087855e-06	-5.070845e-09	-3.035784e+01	-3.387028e+02
7.800000e-07	-4.060208e-06	-5.089634e-09	-3.015252e+01	-3.377820e+02
7.900000e-07	-4.032341e-06	-5.009519e-09	-2.994557e+01	-3.368103e+02
8.000000e-07	-4.004325e-06	-4.937979e-09	-2.973752e+01	-3.357851e+02
8.100000e-07	-3.976149e-06	-4.965249e-09	-2.952827e+01	-3.347052e+02
8.200000e-07	-3.947730e-06	-5.008879e-09	-2.931722e+01	-3.335708e+02
8.300000e-07	-3.919042e-06	-4.968728e-09	-2.910418e+01	-3.323834e+02
8.400000e-07	-3.890090e-06	-4.891270e-09	-2.888917e+01	-3.311456e+02
8.500000e-07	-3.860767e-06	-4.870910e-09	-2.867140e+01	-3.298612e+02
8.600000e-07	-3.831125e-06	-4.906137e-09	-2.845127e+01	-3.285348e+02
8.700000e-07	-3.801332e-06	-4.899991e-09	-2.823002e+01	-3.271719e+02
8.800000e-07	-3.771386e-06	-4.841275e-09	-2.800763e+01	-3.257783e+02
8.900000e-07	-3.741155e-06	-4.798045e-09	-2.778313e+01	-3.243602e+02
9.000000e-07	-3.710669e-06	-4.809510e-09	-2.755673e+01	-3.229240e+02
9.100000e-07	-3.679908e-06	-4.808518e-09	-2.732828e+01	-3.214760e+02
9.200000e-07	-3.648818e-06	-4.770560e-09	-2.709740e+01	-3.200221e+02
9.300000e-07	-3.617524e-06	-4.729201e-09	-2.686500e+01	-3.185675e+02
9.400000e-07	-3.586037e-06	-4.724009e-09	-2.663116e+01	-3.171172e+02
9.500000e-07	-3.554330e-06	-4.714631e-09	-2.639570e+01	-3.156751e+02
9.600000e-07	-3.522457e-06	-4.687979e-09	-2.615900e+01	-3.142441e+02
9.700000e-07	-3.490457e-06	-4.659704e-09	-2.592135e+01	-3.128264e+02
9.800000e-07	-3.458265e-06	-4.651337e-09	-2.568228e+01	-3.114228e+02
9.900000e-07	-3.425860e-06	-4.630972e-09	-2.544163e+01	-3.100334e+02
1.000000e-06	-3.393218e-06	-4.597495e-09	-2.519922e+01	-3.086571e+02
1.010000e-06	-3.360191e-06	-4.572054e-09	-2.495395e+01	-3.072919e+02
1.020000e-06	-3.326898e-06	-4.565518e-09	-2.470670e+01	-3.059348e+02
1.030000e-06	-3.293271e-06	-4.541907e-09	-2.445698e+01	-3.045821e+02
1.040000e-06	-3.259166e-06	-4.500154e-09	-2.420370e+01	-3.032296e+02
1.050000e-06	-3.224670e-06	-4.469317e-09	-2.394753e+01	-3.018724e+02
1.060000e-06	-3.189762e-06	-4.466845e-09	-2.368829e+01	-3.005055e+02
1.070000e-06	-3.154554e-06	-4.454982e-09	-2.342682e+01	-2.991236e+02
1.080000e-06	-3.119100e-06	-4.411695e-09	-2.316352e+01	-2.977215e+02
1.090000e-06	-3.083445e-06	-4.367389e-09	-2.289874e+01	-2.962942e+02
1.100000e-06	-3.047648e-06	-4.355090e-09	-2.263290e+01	-2.948369e+02
1.110000e-06	-3.011701e-06	-4.351188e-09	-2.236595e+01	-2.933455e+02
1.120000e-06	-2.975645e-06	-4.315982e-09	-2.209818e+01	-2.918164e+02
1.130000e-06	-2.939493e-06	-4.266975e-09	-2.182970e+01	-2.902466e+02
1.140000e-06	-2.903208e-06	-4.240907e-09	-2.156024e+01	-2.886341e+02
1.150000e-06	-2.866729e-06	-4.238327e-09	-2.128933e+01	-2.869775e+02
1.160000e-06	-2.830112e-06	-4.218937e-09	-2.101740e+01	-2.852763e+02
1.170000e-06	-2.793339e-06	-4.176385e-09	-2.074431e+01	-2.835309e+02
1.180000e-06	-2.756371e-06	-4.140265e-09	-2.046977e+01	-2.817425e+02
1.190000e-06	-2.719119e-06	-4.125203e-09	-2.019313e+01	-2.799127e+02
1.200000e-06	-2.681588e-06	-4.107711e-09	-1.991441e+01	-2.780442e+02
1.210000e-06	-2.643818e-06	-4.072213e-09	-1.963392e+01	-2.761400e+02
1.220000e-06	-2.605873e-06	-4.034813e-09	-1.935213e+01	-2.742033e+02
1.230000e-06	-2.567841e-06	-4.011961e-09	-1.906969e+01	-2.722380e+02
1.240000e-06	-2.529603e-06	-3.991246e-09	-1.878572e+01	-2.702478e+02
1.250000e-06	-2.491154e-06	-3.960821e-09	-1.850018e+01	-2.682366e+02
1.260000e-06	-2.452616e-06	-3.927507e-09	-1.821398e+01	-2.662081e+02
1.270000e-06	-2.413880e-06	-3.900389e-09	-1.792632e+01	-2.641657e+02
1.280000e-06	-2.374902e-06	-3.870780e-09	-1.763685e+01	-2.621125e+02
1.290000e-06	-2.335905e-06	-3.839097e-09	-1.734725e+01	-2.600510e+02
1.300000e-06	-2.296792e-06	-3.809304e-09	-1.705678e+01	-2.579834e+02
1.310000e-06	-2.257486e-06	-3.784867e-09	-1.676488e+01	-2.559110e+02
1.320000e-06	-2.218035e-06	-3.750973e-09	-1.647190e+01	-2.538345e+02
1.330000e-06	-2.178407e-06	-3.709895e-09	-1.617761e+01	-2.517542e+02
1.340000e-06	-2.138658e-06	-3.671548e-09	-1.588242e+01	-2.496694e+02
1.350000e-06	-2.098824e-06	-3.646735e-09	-1.558660e+01	-2.475790e+02
1.360000e-06	-2.058920e-06	-3.621023e-09	-1.529026e+01	-2.454812e+02
1.370000e-06	-2.018967e-06	-3.582574e-09	-1.499355e+01	-2.433737e+02
1.380000e-06	-1.978912e-06	-3.539622e-09	-1.469609e+01	-2.412541e+02
1.390000e-06	-1.938754e-06	-3.508046e-09	-1.439787e+01	-2.391192e+02
1.400000e-06	-1.898552e-06	-3.481579e-09	-1.409931e+01	-2.369659e+02
1.410000e-06	-1.858211e-06	-3.444984e-09	-1.379972e+01	-2.347912e+02
1.420000e-06	-1.817644e-06	-3.399918e-09	-1.349846e+01	-2.325916e+02
1.430000e-06	-1.776819e-06	-3.363419e-09	-1.319528e+01	-2.303643e+02
1.440000e-06	-1.735883e-06	-3.339104e-09	-1.289127e+01	-2.281065e+02
1.450000e-06	-1.694920e-06	-3.310388e-09	-1.258706e+01	-2.258158e+02
1.460000e-06	-1.653831e-06	-3.271943e-09	-1.228193e+01	-2.234901e+02
1.470000e-06	-1.612469e-06	-3.231384e-09	-1.197476e+01	-2.211280e+02
1.480000e-06	-1.570875e-06	-3.197779e-09	-1.166587e+01	-2.187286e+02
1.490000e-06	-1.529012e-06	-3.166012e-09	-1.135497e+01	-2.162914e+02
1.500000e-06	-1.486926e-06	-3.130260e-09	-1.104243e+01	-2.138168e+02
1.510000e-06	-1.444681e-06	-3.089605e-09	-1.072871e+01	-2.113055e+02
1.520000e-06	-1.402149e-06	-3.051731e-09	-1.041285e+01	-2.087588e+02
1.530000e-06	-1.359373e-06	-3.014388e-09	-1.009517e+01	-2.061784e+02
1.540000e-06	-1.316550e-06	-2.975459e-09	-9.777163e+00	-2.035665e+02
1.550000e-06	-1.273690e-06	-2.934326e-09	-9.458867e+00	-2.009255e+02
1.560000e-06	-1.230648e-06	-2.893773e-09	-9.139220e+00	-1.982581e+02
1.570000e-06	-1.187589e-06	-2.852274e-09	-8.819447e+00	-1.955672e+02
1.580000e-06	-1.144433e-06	-2.812994e-09	-8.498961e+00	-1.928554e+02
1.590000e-06	-1.101102e-06	-2.774636e-09	-8.177166e+00	-1.901255e+02
1.600000e-06	-1.057732e-06	-2.735195e-09	-7.855084e+00	-1.873799e+02
1.610000e-06	-1.014246e-06	-2.689029e-09	-7.532147e+00	-1.846207e+02
1.620000e-06	-9.706115e-07	-2.643126e-09	-7.208100e+00	-1.818498e+02
1.630000e-06	-9.269410e-07	-2.604302e-09	-6.883787e+00	-1.790685e+02
1.640000e-06	-8.832178e-07	-2.569685e-09	-6.559084e+00	-1.762775e+02
1.650000e-06	-8.394747e-07	-2.527986e-09	-6.234232e+00	-1.734771e+02
1.660000e-06	-7.956988e-07	-2.477101e-09	-5.909137e+00	-1.706669e+02
1.670000e-06	-7.519309e-07	-2.430516e-09	-5.584101e+00	-1.678462e+02
1.680000e-06	-7.081856e-07	-2.394449e-09	-5.259233e+00	-1.650135e+02
1.690000e-06	-6.643820e-07	-2.358664e-09	-4.933933e+00	-1.621669e+02
1.700000e-06	-6.205521e-07	-2.310854e-09	-4.608436e+00	-1.593041e+02
1.710000e-06	-5.766635e-07	-2.261117e-09	-4.282504e+00	-1.564224e+02
1.720000e-06	-5.327392e-07	-2.221037e-09	-3.956307e+00	-1.535188e+02
1.730000e-06	-4.888308e-07	-2.184464e-09	-3.630228e+00	-1.505903e+02
1.740000e-06	-4.449402e-07	-2.138821e-09	-3.304282e+00	-1.476338e+02
1.750000e-06	-4.010547e-07	-2.085718e-09	-2.978372e+00	-1.446460e+02
1.760000e-06	-3.570939e-07	-2.035194e-09	-2.651904e+00	-1.416241e+02
1.770000e-06	-3.130908e-07	-1.993600e-09	-2.325121e+00	-1.385654e+02
1.780000e-06	-2.691315e-07	-1.951498e-09	-1.998664e+00	-1.354675e+02
1.790000e-06	-2.251730e-07	-1.901928e-09	-1.672214e+00	-1.323287e+02
1.800000e-06	-1.811847e-07	-1.849204e-09	-1.345541e+00	-1.291474e+02
1.810000e-06	-1.372378e-07	-1.801911e-09	-1.019176e+00	-1.259230e+02
1.820000e-06	-9.332484e-08	-1.756901e-09	-6.930628e-01	-1.226552e+02
1.830000e-06	-4.934171e-08	-1.709687e-09	-3.664287e-01	-1.193445e+02
1.840000e-06	-5.315971e-09	-1.657943e-09	-3.947825e-02	-1.159917e+02
1.850000e-06	3.863839e-08	-1.606610e-09	2.869422e-01	-1.125985e+02
1.860000e-06	8.258882e-08	-1.560283e-09	6.133334e-01	-1.091670e+02
1.870000e-06	1.265600e-07	-1.516739e-09	9.398787e-01	-1.056996e+02
1.880000e-06	1.705089e-07	-1.470102e-09	1.266259e+00	-1.021994e+02
1.890000e-06	2.144622e-07	-1.419001e-09	1.592671e+00	-9.866941e+01
1.900000e-06	2.584496e-07	-1.368931e-09	1.919337e+00	-9.511309e+01
1.910000e-06	3.024127e-07	-1.319397e-09	2.245822e+00	-9.153384e+01
1.920000e-06	3.463173e-07	-1.270177e-09	2.571873e+00	-8.793502e+01
1.930000e-06	3.902343e-07	-1.218945e-09	2.898016e+00	-8.431984e+01
1.940000e-06	4.341805e-07	-1.164636e-09	3.224376e+00	-8.069120e+01
1.950000e-06	4.781282e-07	-1.111973e-09	3.550747e+00	-7.705166e+01
1.960000e-06	5.220677e-07	-1.063410e-09	3.877057e+00	-7.340329e+01
1.970000e-06	5.659343e-07	-1.014835e-09	4.202826e+00	-6.974765e+01
1.980000e-06	6.097349e-07	-9.634934e-10	4.528104e+00	-6.608567e+01
1.990000e-06	6.535419e-07	-9.086266e-10	4.853431e+00	-6.241769e+01
2.000000e-06	6.973636e-07	-8.517580e-10	5.178865e+00	-5.874339e+01
2.010000e-06	7.411991e-07	-7.989740e-10	5.504403e+00	-5.506181e+01
2.020000e-06	7.849944e-07	-7.475530e-10	5.829642e+00	-5.137140e+01
2.030000e-06	8.287443e-07	-6.916419e-10	6.154545e+00	-4.767005e+01
2.040000e-06	8.724254e-07	-6.340929e-10	6.478935e+00	-4.395515e+01
2.050000e-06	9.160324e-07	-5.768233e-10	6.802776e+00	-4.022371e+01
2.060000e-06	9.596087e-07	-5.227841e-10	7.126389e+00	-3.647243e+01
2.070000e-06	1.003108e-06	-4.694908e-10	7.449427e+00	-3.269781e+01
2.080000e-06	1.046570e-06	-4.136261e-10	7.772195e+00	-2.889631e+01
2.090000e-06	1.090016e-06	-3.549927e-10	8.094842e+00	-2.506444e+01
2.100000e-06	1.133219e-06	-2.956128e-10	8.415680e+00	-2.119888e+01
2.110000e-06	1.176271e-06	-2.386324e-10	8.735397e+00	-1.729664e+01
2.120000e-06	1.219337e-06	-1.822224e-10	9.055219e+00	-1.335513e+01
2.130000e-06	1.262281e-06	-1.231553e-10	9.374141e+00	-9.372272e+00
2.140000e-06	1.305127e-06	-6.243163e-11	9.692329e+00	-5.346621e+00
2.150000e-06	1.347883e-06	-4.001098e-12	1.000985e+01	-1.277394e+00
2.160000e-06	1.390521e-06	5.378064e-11	1.032650e+01	2.835459e+00
2.170000e-06	1.432968e-06	1.106034e-10	1.064172e+01	6.991232e+00
2.180000e-06	1.475246e-06	1.705320e-10	1.095569e+01	1.118845e+01
2.190000e-06	1.517163e-06	2.334441e-10	1.126698e+01	1.542490e+01
2.200000e-06	1.558809e-06	2.983618e-10	1.157626e+01	1.969765e+01
2.210000e-06	1.600442e-06	3.603295e-10	1.188544e+01	2.400310e+01
2.220000e-06	1.641811e-06	4.213084e-10	1.219266e+01	2.833711e+01
2.230000e-06	1.682905e-06	4.843218e-10	1.249784e+01	3.269503e+01
2.240000e-06	1.723747e-06	5.494423e-10	1.280115e+01	3.707184e+01
2.250000e-06	1.764448e-06	6.132922e-10	1.310341e+01	4.146226e+01
2.260000e-06	1.805079e-06	6.759283e-10	1.340515e+01	4.586090e+01
2.270000e-06	1.845535e-06	7.377594e-10	1.370559e+01	5.026234e+01
2.280000e-06	1.885844e-06	7.995862e-10	1.400494e+01	5.466128e+01
2.290000e-06	1.926057e-06	8.656590e-10	1.430357e+01	5.905266e+01
2.300000e-06	1.966160e-06	9.325487e-10	1.460139e+01	6.343177e+01
2.310000e-06	2.006091e-06	9.955342e-10	1.489793e+01	6.779434e+01
2.320000e-06	2.045951e-06	1.056992e-09	1.519394e+01	7.213662e+01
2.330000e-06	2.085796e-06	1.122023e-09	1.548985e+01	7.645546e+01
2.340000e-06	2.125597e-06	1.187207e-09	1.578543e+01	8.074832e+01
2.350000e-06	2.165353e-06	1.251855e-09	1.608067e+01	8.501334e+01
2.360000e-06	2.204973e-06	1.315040e-09	1.637490e+01	8.924928e+01
2.370000e-06	2.244478e-06	1.377791e-09	1.666828e+01	9.345556e+01
2.380000e-06	2.283849e-06	1.439003e-09	1.696066e+01	9.763218e+01
2.390000e-06	2.322996e-06	1.500189e-09	1.725138e+01	1.017797e+02
2.400000e-06	2.361982e-06	1.560884e-09	1.754090e+01	1.058990e+02
2.410000e-06	2.400752e-06	1.623376e-09	1.782883e+01	1.099914e+02
2.420000e-06	2.439343e-06	1.685718e-09	1.811541e+01	1.140586e+02
2.430000e-06	2.477742e-06	1.746902e-09	1.840058e+01	1.181023e+02
2.440000e-06	2.515888e-06	1.807187e-09	1.868387e+01	1.221243e+02
2.450000e-06	2.553898e-06	1.865868e-09	1.896614e+01	1.261262e+02
2.460000e-06	2.591827e-06	1.923262e-09	1.924781e+01	1.301094e+02
2.470000e-06	2.629596e-06	1.981426e-09	1.952830e+01	1.340754e+02
2.480000e-06	2.667229e-06	2.038896e-09	1.980778e+01	1.380247e+02
2.490000e-06	2.704757e-06	2.095200e-09	2.008647e+01	1.419579e+02
2.500000e-06	2.742052e-06	2.150995e-09	2.036343e+01	1.458748e+02
2.510000e-06	2.779073e-06	2.208240e-09	2.063836e+01	1.497747e+02
2.520000e-06	2.815776e-06	2.265939e-09	2.091094e+01	1.536563e+02
2.530000e-06	2.852233e-06	2.321952e-09	2.118168e+01	1.575179e+02
2.540000e-06	2.888563e-06	2.377986e-09	2.145147e+01	1.613571e+02
2.550000e-06	2.924699e-06	2.433325e-09	2.171983e+01	1.651712e+02
2.560000e-06	2.960710e-06	2.483694e-09	2.198726e+01	1.689568e+02
2.570000e-06	2.996660e-06	2.532492e-09	2.225425e+01	1.727103e+02
2.580000e-06	3.032500e-06	2.584956e-09	2.252041e+01	1.764280e+02
2.590000e-06	3.068235e-06	2.638512e-09	2.278578e+01	1.801058e+02
2.600000e-06	3.103845e-06	2.690430e-09	2.305024e+01	1.837397e+02
2.610000e-06	3.139359e-06	2.739237e-09	2.331397e+01	1.873258e+02
2.620000e-06	3.174622e-06	2.790014e-09	2.357585e+01	1.908603e+02
2.630000e-06	3.209459e-06	2.842826e-09	2.383457e+01	1.943397e+02
2.640000e-06	3.243877e-06	2.895235e-09	2.409016e+01	1.977611e+02
2.650000e-06	3.277938e-06	2.943977e-09	2.434311e+01	2.011219e+02
2.660000e-06	3.311553e-06	2.990364e-09	2.459275e+01	2.044202e+02
2.670000e-06	3.344725e-06	3.035996e-09	2.483909e+01	2.076544e+02
2.680000e-06	3.377605e-06	3.082050e-09	2.508327e+01	2.108241e+02
2.690000e-06	3.410120e-06	3.128313e-09	2.532474e+01	2.139292e+02
2.700000e-06	3.442398e-06	3.172489e-09	2.556445e+01	2.169704e+02
2.710000e-06	3.474562e-06	3.214915e-09	2.580331e+01	2.199489e+02
2.720000e-06	3.506555e-06	3.257199e-09	2.604090e+01	2.228668e+02
2.730000e-06	3.538430e-06	3.300263e-09	2.627762e+01	2.257264e+02
2.740000e-06	3.570159e-06	3.343793e-09	2.651325e+01	2.285306e+02
2.750000e-06	3.601701e-06	3.387419e-09	2.674749e+01	2.312827e+02
2.760000e-06	3.633045e-06	3.427691e-09	2.698026e+01	2.339862e+02
2.770000e-06	3.664128e-06	3.464277e-09	2.721110e+01	2.366447e+02
2.780000e-06	3.694873e-06	3.502708e-09	2.743942e+01	2.392617e+02
2.790000e-06	3.725272e-06	3.544387e-09	2.766517e+01	2.418408e+02
2.800000e-06	3.755414e-06	3.584686e-09	2.788902e+01	2.443852e+02
2.810000e-06	3.785365e-06	3.621321e-09	2.811144e+01	2.468977e+02
2.820000e-06	3.815173e-06	3.658601e-09	2.833281e+01	2.493809e+02
2.830000e-06	3.844762e-06	3.698223e-09	2.855255e+01	2.518366e+02
2.840000e-06	3.874085e-06	3.737109e-09	2.877031e+01	2.542663e+02
2.850000e-06	3.903101e-06	3.771388e-09	2.898579e+01	2.566705e+02
2.860000e-06	3.931730e-06	3.803977e-09	2.919840e+01	2.590495e+02
2.870000e-06	3.960085e-06	3.840109e-09	2.940897e+01	2.614026e+02
2.880000e-06	3.988316e-06	3.878368e-09	2.961862e+01	2.637288e+02
2.890000e-06	4.016397e-06	3.914219e-09	2.982717e+01	2.660261e+02
2.900000e-06	4.044243e-06	3.943902e-09	3.003396e+01	2.682924e+02
2.910000e-06	4.071973e-06	3.972151e-09	3.023989e+01	2.705251e+02
2.920000e-06	4.099432e-06	4.002028e-09	3.044382e+01	2.727212e+02
2.930000e-06	4.126560e-06	4.034189e-09	3.064527e+01	2.748776e+02
2.940000e-06	4.153307e-06	4.064170e-09	3.084391e+01	2.769910e+02
2.950000e-06	4.179495e-06	4.092407e-09	3.103839e+01	2.790583e+02
2.960000e-06	4.205208e-06	4.123796e-09	3.122934e+01	2.810765e+02
2.970000e-06	4.230421e-06	4.156138e-09	3.141658e+01	2.830429e+02
2.980000e-06	4.255161e-06	4.186841e-09	3.160031e+01	2.849552e+02
2.990000e-06	4.279546e-06	4.214439e-09	3.178140e+01	2.868117e+02
3.000000e-06	4.303668e-06	4.239561e-09	3.196054e+01	2.886111e+02
3.010000e-06	4.327665e-06	4.264806e-09	3.213875e+01	2.903531e+02
3.020000e-06	4.351426e-06	4.290410e-09	3.231521e+01	2.920378e+02
3.030000e-06	4.374916e-06	4.317732e-09	3.248965e+01	2.936660e+02
3.040000e-06	4.398189e-06	4.343400e-09	3.266249e+01	2.952394e+02
3.050000e-06	4.421084e-06	4.368359e-09	3.283251e+01	2.967603e+02
3.060000e-06	4.443547e-06	4.393298e-09	3.299933e+01	2.982315e+02
3.070000e-06	4.465710e-06	4.417611e-09	3.316392e+01	2.996566e+02
3.080000e-06	4.487637e-06	4.442370e-09	3.332676e+01	3.010393e+02
3.090000e-06	4.509280e-06	4.464401e-09	3.348748e+01	3.023840e+02
3.100000e-06	4.530667e-06	4.485542e-09	3.364632e+01	3.036949e+02
3.110000e-06	4.551754e-06	4.507613e-09	3.380291e+01	3.049767e+02
3.120000e-06	4.572457e-06	4.533149e-09	3.395666e+01	3.062338e+02
3.130000e-06	4.592834e-06	4.557304e-09	3.410799e+01	3.074702e+02
3.140000e-06	4.612966e-06	4.580949e-09	3.425750e+01	3.086900e+02
3.150000e-06	4.632920e-06	4.601126e-09	3.440568e+01	3.098964e+02
3.160000e-06	4.652667e-06	4.620360e-09	3.455233e+01	3.110922e+02
3.170000e-06	4.672270e-06	4.638601e-09	3.469791e+01	3.122796e+02
3.180000e-06	4.691677e-06	4.655736e-09	3.484203e+01	3.134599e+02
3.190000e-06	4.710614e-06	4.671865e-09	3.498266e+01	3.146338e+02
3.200000e-06	4.729144e-06	4.689407e-09	3.512027e+01	3.158009e+02
3.210000e-06	4.747255e-06	4.707688e-09	3.525477e+01	3.169602e+02
3.220000e-06	4.764935e-06	4.723732e-09	3.538607e+01	3.181099e+02
3.230000e-06	4.782375e-06	4.740382e-09	3.551559e+01	3.192476e+02
3.240000e-06	4.799561e-06	4.755361e-09	3.564321e+01	3.203701e+02
3.250000e-06	4.816413e-06	4.768659e-09	3.576836e+01	3.214737e+02
3.260000e-06	4.832932e-06	4.781180e-09	3.589104e+01	3.225545e+02
3.270000e-06	4.849159e-06	4.796546e-09	3.601155e+01	3.236083e+02
3.280000e-06	4.864958e-06	4.812074e-09	3.612888e+01	3.246308e+02
3.290000e-06	4.880155e-06	4.826039e-09	3.624174e+01	3.256177e+02
3.300000e-06	4.894846e-06	4.838641e-09	3.635084e+01	3.265652e+02
3.310000e-06	4.909195e-06	4.853500e-09	3.645739e+01	3.274698e+02
3.320000e-06	4.923207e-06	4.868755e-09	3.656145e+01	3.283285e+02
3.330000e-06	4.936858e-06	4.882622e-09	3.666283e+01	3.291390e+02
3.340000e-06	4.950240e-06	4.895480e-09	3.676221e+01	3.298999e+02
3.350000e-06	4.963282e-06	4.908911e-09	3.685906e+01	3.306107e+02
3.360000e-06	4.975923e-06	4.921299e-09	3.695294e+01	3.312717e+02
3.370000e-06	4.988221e-06	4.932766e-09	3.704427e+01	3.318842e+02
3.380000e-06	5.000219e-06	4.944242e-09	3.713337e+01	3.324506e+02
3.390000e-06	5.011892e-06	4.956091e-09	3.722006e+01	3.329741e+02
3.400000e-06	5.023206e-06	4.966879e-09	3.730408e+01	3.334586e+02
3.410000e-06	5.034064e-06	4.977507e-09	3.738472e+01	3.339091e+02
3.420000e-06	5.044314e-06	4.988751e-09	3.746083e+01	3.343307e+02
3.430000e-06	5.053967e-06	5.000162e-09	3.753252e+01	3.347294e+02
3.440000e-06	5.063070e-06	5.008947e-09	3.760012e+01	3.351112e+02
3.450000e-06	5.071692e-06	5.015921e-09	3.766415e+01	3.354821e+02
3.460000e-06	5.079938e-06	5.022354e-09	3.772539e+01	3.358482e+02
3.470000e-06	5.087930e-06	5.029283e-09	3.778474e+01	3.362149e+02
3.480000e-06	5.095675e-06	5.038603e-09	3.784226e+01	3.365874e+02
3.490000e-06	5.103155e-06	5.045934e-09	3.789781e+01	3.369698e+02
3.500000e-06	5.110326e-06	5.052402e-09	3.795106e+01	3.373656e+02
3.510000e-06	5.117168e-06	5.059997e-09	3.800188e+01	3.377771e+02
3.520000e-06	5.123625e-06	5.067836e-09	3.804983e+01	3.382052e+02
3.530000e-06	5.129710e-06	5.073521e-09	3.809502e+01	3.386499e+02
3.540000e-06	5.135500e-06	5.080070e-09	3.813801e+01	3.391095e+02
3.550000e-06	5.140931e-06	5.085660e-09	3.817835e+01	3.395814e+02
3.560000e-06	5.145997e-06	5.089631e-09	3.821597e+01	3.400615e+02
3.570000e-06	5.150654e-06	5.093724e-09	3.825056e+01	3.405443e+02
3.580000e-06	5.154926e-06	5.097888e-09	3.828228e+01	3.410236e+02
3.590000e-06	5.158950e-06	5.103238e-09	3.831216e+01	3.414922e+02
3.600000e-06	5.162802e-06	5.110386e-09	3.834077e+01	3.419420e+02
3.610000e-06	5.166527e-06	5.117310e-09	3.836843e+01	3.423647e+02
3.620000e-06	5.169939e-06	5.122119e-09	3.839377e+01	3.427517e+02
3.630000e-06	5.172794e-06	5.123896e-09	3.841497e+01	3.430944e+02
3.640000e-06	5.175051e-06	5.124883e-09	3.843173e+01	3.433847e+02
3.650000e-06	5.176747e-06	5.129889e-09	3.844433e+01	3.436151e+02
3.660000e-06	5.177871e-06	5.134254e-09	3.845268e+01	3.437791e+02
3.670000e-06	5.178497e-06	5.134911e-09	3.845733e+01	3.438714e+02
3.680000e-06	5.178787e-06	5.133104e-09	3.845948e+01	3.438881e+02
3.690000e-06	5.178857e-06	5.132421e-09	3.846000e+01	3.438271e+02
3.700000e-06	5.178730e-06	5.133781e-09	3.845906e+01	3.436881e+02
3.710000e-06	5.178327e-06	5.135027e-09	3.845606e+01	3.434728e+02
3.720000e-06	5.177587e-06	5.136357e-09	3.845056e+01	3.431851e+02
3.730000e-06	5.176558e-06	5.134416e-09	3.844293e+01	3.428309e+02
3.740000e-06	5.175139e-06	5.132804e-09	3.843239e+01	3.424181e+02
3.750000e-06	5.173250e-06	5.139012e-09	3.841836e+01	3.419569e+02
3.760000e-06	5.171114e-06	5.142334e-09	3.840250e+01	3.414589e+02
3.770000e-06	5.168656e-06	5.122921e-09	3.838424e+01	3.409378e+02
3.780000e-06	5.165768e-06	5.065236e-09	3.836279e+01	3.404085e+02
3.790000e-06	5.162436e-06	5.060824e-09	3.833805e+01	3.398868e+02
3.800000e-06	5.158681e-06	5.161585e-09	3.831016e+01	3.393897e+02
3.810000e-06	5.154669e-06	5.190653e-09	3.828037e+01	3.389342e+02
3.820000e-06	5.150502e-06	5.144064e-09	3.824942e+01	3.385374e+02
3.830000e-06	5.146074e-06	5.098858e-09	3.821654e+01	3.382162e+02
3.840000e-06	5.141099e-06	5.113118e-09	3.817959e+01	3.379864e+02
3.850000e-06	5.135691e-06	5.228583e-09	3.813943e+01	3.378627e+02
3.860000e-06	5.130163e-06	5.179772e-09	3.809838e+01	3.378583e+02
3.870000e-06	5.124393e-06	5.144206e-09	3.805553e+01	3.379841e+02
3.880000e-06	5.117930e-06	5.088833e-09	3.800753e+01	3.382491e+02
3.890000e-06	5.110784e-06	5.158459e-09	3.795447e+01	3.386595e+02
3.900000e-06	5.103259e-06	5.218103e-09	3.789858e+01	3.392190e+02
3.910000e-06	5.095411e-06	5.129178e-09	3.784030e+01	3.399281e+02
3.920000e-06	5.087226e-06	5.002900e-09	3.777952e+01	3.407844e+02
3.930000e-06	5.078679e-06	4.970908e-09	3.771604e+01	3.417827e+02
3.940000e-06	5.069938e-06	5.138854e-09	3.765113e+01	3.429144e+02
3.950000e-06	5.060934e-06	5.110039e-09	3.758426e+01	3.441684e+02
3.960000e-06	5.051406e-06	5.043685e-09	3.751350e+01	3.455309e+02
3.970000e-06	5.041496e-06	5.047769e-09	3.743991e+01	3.469855e+02
3.980000e-06	5.031372e-06	5.226555e-09	3.736473e+01	3.485139e+02
3.990000e-06	5.020929e-06	5.291187e-09	3.728717e+01	3.500959e+02
4.000000e-06	5.010049e-06	5.291652e-09	3.720637e+01	3.517101e+02
4.010000e-06	4.998874e-06	5.314962e-09	3.712339e+01	3.533342e+02
4.020000e-06	4.987372e-06	5.478696e-09	3.703797e+01	3.549453e+02
4.030000e-06	4.975418e-06	5.575329e-09	3.694919e+01	3.565207e+02
4.040000e-06	4.963126e-06	5.568029e-09	3.685791e+01	3.580381e+02
4.050000e-06	4.950423e-06	5.515772e-09	3.676357e+01	3.594762e+02
4.060000e-06	4.937226e-06	5.579997e-09	3.666556e+01	3.608149e+02
4.070000e-06	4.923282e-06	5.604883e-09	3.656201e+01	3.620360e+02
4.080000e-06	4.908773e-06	5.671292e-09	3.645426e+01	3.631235e+02
4.090000e-06	4.893776e-06	5.726869e-09	3.634289e+01	3.640638e+02
4.100000e-06	4.878265e-06	5.591119e-09	3.622770e+01	3.648457e+02
4.110000e-06	4.862500e-06	5.503720e-09	3.611062e+01	3.654612e+02
4.120000e-06	4.846486e-06	5.650361e-09	3.599170e+01	3.659051e+02
4.130000e-06	4.830266e-06	5.767913e-09	3.587124e+01	3.661751e+02
4.140000e-06	4.813778e-06	5.571236e-09	3.574880e+01	3.662721e+02
4.150000e-06	4.796916e-06	5.542427e-09	3.562357e+01	3.661997e+02
4.160000e-06	4.779690e-06	5.699018e-09	3.549564e+01	3.659642e+02
4.170000e-06	4.762163e-06	5.708530e-09	3.536548e+01	3.655744e+02
4.180000e-06	4.744357e-06	5.546437e-09	3.523325e+01	3.650414e+02
4.190000e-06	4.726299e-06	5.585902e-09	3.509915e+01	3.643782e+02
4.200000e-06	4.707929e-06	5.618187e-09	3.496272e+01	3.635992e+02
4.210000e-06	4.689151e-06	5.595039e-09	3.482327e+01	3.627199e+02
4.220000e-06	4.670080e-06	5.571320e-09	3.468164e+01	3.617568e+02
4.230000e-06	4.650727e-06	5.595332e-09	3.453792e+01	3.607265e+02
4.240000e-06	4.630986e-06	5.523260e-09	3.439132e+01	3.596456e+02
4.250000e-06	4.611036e-06	5.500102e-09	3.424316e+01	3.585302e+02
4.260000e-06	4.590960e-06	5.542086e-09	3.409407e+01	3.573957e+02
4.270000e-06	4.570719e-06	5.576749e-09	3.394375e+01	3.562563e+02
4.280000e-06	4.550258e-06	5.507592e-09	3.379181e+01	3.551245e+02
4.290000e-06	4.529394e-06	5.440505e-09	3.363686e+01	3.540116e+02
4.300000e-06	4.507917e-06	5.464370e-09	3.347737e+01	3.529266e+02
4.310000e-06	4.485969e-06	5.540708e-09	3.331437e+01	3.518766e+02
4.320000e-06	4.463626e-06	5.513760e-09	3.314844e+01	3.508668e+02
4.330000e-06	4.440709e-06	5.407768e-09	3.297825e+01	3.499001e+02
4.340000e-06	4.417343e-06	5.385202e-09	3.280473e+01	3.489773e+02
4.350000e-06	4.393628e-06	5.451898e-09	3.262862e+01	3.480974e+02
4.360000e-06	4.369605e-06	5.486447e-09	3.245022e+01	3.472575e+02
4.370000e-06	4.345408e-06	5.412448e-09	3.227052e+01	3.464530e+02
4.380000e-06	4.321046e-06	5.324800e-09	3.208960e+01	3.456780e+02
4.390000e-06	4.296429e-06	5.337291e-09	3.190678e+01	3.449254e+02
4.400000e-06	4.271510e-06	5.431289e-09	3.172172e+01	3.441871e+02
4.410000e-06	4.246298e-06	5.410026e-09	3.153449e+01	3.434548e+02
4.420000e-06	4.220819e-06	5.289439e-09	3.134527e+01	3.427194e+02
4.430000e-06	4.195035e-06	5.246409e-09	3.115380e+01	3.419721e+02
4.440000e-06	4.168950e-06	5.341131e-09	3.096008e+01	3.412044e+02
4.450000e-06	4.142624e-06	5.371375e-09	3.076457e+01	3.404083e+02
4.460000e-06	4.115986e-06	5.277389e-09	3.056675e+01	3.395765e+02
4.470000e-06	4.088969e-06	5.186693e-09	3.036611e+01	3.387028e+02
4.480000e-06	4.061653e-06	5.236231e-09	3.016325e+01	3.377820e+02
4.490000e-06	4.034067e-06	5.296556e-09	2.995839e+01	3.368103e+02
4.500000e-06	4.006270e-06	5.248178e-09	2.975196e+01	3.357851e+02
4.510000e-06	3.978322e-06	5.153556e-09	2.954441e+01	3.347052e+02
4.520000e-06	3.950131e-06	5.154916e-09	2.933505e+01	3.335708e+02
4.530000e-06	3.921755e-06	5.194366e-09	2.912432e+01	3.323834e+02
4.540000e-06	3.893146e-06	5.182874e-09	2.891186e+01	3.311456e+02
4.550000e-06	3.864263e-06	5.119634e-09	2.869736e+01	3.298612e+02
4.560000e-06	3.835036e-06	5.088166e-09	2.848032e+01	3.285348e+02
4.570000e-06	3.805324e-06	5.095944e-09	2.825966e+01	3.271719e+02
4.580000e-06	3.775140e-06	5.093169e-09	2.803551e+01	3.257783e+02
4.590000e-06	3.744574e-06	5.056104e-09	2.780851e+01	3.243602e+02
4.600000e-06	3.713651e-06	5.027323e-09	2.757887e+01	3.229240e+02
4.610000e-06	3.682337e-06	5.019275e-09	2.734632e+01	3.214760e+02
4.620000e-06	3.650733e-06	5.001330e-09	2.711162e+01	3.200221e+02
4.630000e-06	3.618898e-06	4.968932e-09	2.687520e+01	3.185675e+02
4.640000e-06	3.586905e-06	4.954645e-09	2.663761e+01	3.171172e+02
4.650000e-06	3.554778e-06	4.954155e-09	2.639902e+01	3.156751e+02
4.660000e-06	3.522481e-06	4.925432e-09	2.615918e+01	3.142441e+02
4.670000e-06	3.489940e-06	4.880937e-09	2.591751e+01	3.128264e+02
4.680000e-06	3.457158e-06	4.868144e-09	2.567406e+01	3.114228e+02
4.690000e-06	3.424162e-06	4.884435e-09	2.542902e+01	3.100334e+02
4.700000e-06	3.390951e-06	4.861056e-09	2.518239e+01	3.086571e+02
4.710000e-06	3.357491e-06	4.803079e-09	2.493390e+01	3.072919e+02
4.720000e-06	3.323767e-06	4.775250e-09	2.468346e+01	3.059348e+02
4.730000e-06	3.289864e-06	4.794767e-09	2.443168e+01	3.045821e+02
4.740000e-06	3.255778e-06	4.787266e-09	2.417855e+01	3.032296e+02
4.750000e-06	3.221426e-06	4.732938e-09	2.392343e+01	3.018724e+02
4.760000e-06	3.186842e-06	4.686245e-09	2.366660e+01	3.005055e+02
4.770000e-06	3.151971e-06	4.689903e-09	2.340763e+01	2.991236e+02
4.780000e-06	3.116857e-06	4.693250e-09	2.314687e+01	2.977215e+02
4.790000e-06	3.081619e-06	4.652276e-09	2.288518e+01	2.962942e+02
4.800000e-06	3.046136e-06	4.596889e-09	2.262167e+01	2.948369e+02
4.810000e-06	3.010434e-06	4.583235e-09	2.235653e+01	2.933455e+02
4.820000e-06	2.974586e-06	4.588392e-09	2.209032e+01	2.918164e+02
4.830000e-06	2.938625e-06	4.564940e-09	2.182326e+01	2.902466e+02
4.840000e-06	2.902539e-06	4.515834e-09	2.155527e+01	2.886341e+02
4.850000e-06	2.866389e-06	4.487309e-09	2.128680e+01	2.869775e+02
4.860000e-06	2.830126e-06	4.480097e-09	2.101751e+01	2.852763e+02
4.870000e-06	2.793720e-06	4.460579e-09	2.074714e+01	2.835309e+02
4.880000e-06	2.757151e-06	4.420440e-09	2.047556e+01	2.817425e+02
4.890000e-06	2.720379e-06	4.387297e-09	2.020248e+01	2.799127e+02
4.900000e-06	2.683290e-06	4.369291e-09	1.992705e+01	2.780442e+02
4.910000e-06	2.645805e-06	4.346904e-09	1.964867e+01	2.761400e+02
4.920000e-06	2.608049e-06	4.312500e-09	1.936828e+01	2.742033e+02
4.930000e-06	2.569918e-06	4.282894e-09	1.908511e+01	2.722380e+02
4.940000e-06	2.531360e-06	4.261874e-09	1.879876e+01	2.702478e+02
4.950000e-06	2.492483e-06	4.233593e-09	1.851005e+01	2.682366e+02
4.960000e-06	2.453390e-06	4.196004e-09	1.821973e+01	2.662081e+02
4.970000e-06	2.414084e-06	4.167231e-09	1.792783e+01	2.641657e+02
4.980000e-06	2.374563e-06	4.147754e-09	1.763433e+01	2.621125e+02
4.990000e-06	2.334897e-06	4.117014e-09	1.733976e+01	2.600510e+02
5.000000e-06	2.295072e-06	4.076662e-09	1.704400e+01	2.579834e+02
5.010000e-06	2.255118e-06	4.040800e-09	1.674729e+01	2.559110e+02
5.020000e-06	2.215124e-06	4.017913e-09	1.645028e+01	2.538345e+02
5.030000e-06	2.175085e-06	3.991599e-09	1.615294e+01	2.517542e+02
5.040000e-06	2.134951e-06	3.952316e-09	1.585489e+01	2.496694e+02
5.050000e-06	2.094706e-06	3.910431e-09	1.555602e+01	2.475790e+02
5.060000e-06	2.054359e-06	3.884665e-09	1.525639e+01	2.454812e+02
5.070000e-06	2.013920e-06	3.863982e-09	1.495607e+01	2.433737e+02
5.080000e-06	1.973330e-06	3.829395e-09	1.465464e+01	2.412541e+02
5.090000e-06	1.932540e-06	3.780494e-09	1.435172e+01	2.391192e+02
5.100000e-06	1.891664e-06	3.741294e-09	1.404816e+01	2.369659e+02
5.110000e-06	1.850761e-06	3.717260e-09	1.374440e+01	2.347912e+02
5.120000e-06	1.809728e-06	3.689254e-09	1.343967e+01	2.325916e+02
5.130000e-06	1.768476e-06	3.643910e-09	1.313332e+01	2.303643e+02
5.140000e-06	1.727049e-06	3.599453e-09	1.282567e+01	2.281065e+02
5.150000e-06	1.685572e-06	3.568642e-09	1.251764e+01	2.258158e+02
5.160000e-06	1.644001e-06	3.537393e-09	1.220893e+01	2.234901e+02
5.170000e-06	1.602267e-06	3.499594e-09	1.189900e+01	2.211280e+02
5.180000e-06	1.560492e-06	3.459945e-09	1.158876e+01	2.187286e+02
5.190000e-06	1.518621e-06	3.424008e-09	1.127781e+01	2.162914e+02
5.200000e-06	1.476620e-06	3.384877e-09	1.096590e+01	2.138168e+02
5.210000e-06	1.434547e-06	3.345952e-09	1.065344e+01	2.113055e+02
5.220000e-06	1.392382e-06	3.308334e-09	1.034032e+01	2.087588e+02
5.230000e-06	1.350110e-06	3.268338e-09	1.002639e+01	2.061784e+02
5.240000e-06	1.307722e-06	3.226840e-09	9.711602e+00	2.035665e+02
5.250000e-06	1.265271e-06	3.185787e-09	9.396346e+00	2.009255e+02
5.260000e-06	1.222693e-06	3.151116e-09	9.080143e+00	1.982581e+02
5.270000e-06	1.180000e-06	3.113053e-09	8.763092e+00	1.955672e+02
5.280000e-06	1.137334e-06	3.068949e-09	8.446236e+00	1.928554e+02
5.290000e-06	1.094546e-06	3.021227e-09	8.128478e+00	1.901255e+02
5.300000e-06	1.051582e-06	2.982808e-09	7.809416e+00	1.873799e+02
5.310000e-06	1.008625e-06	2.949904e-09	7.490399e+00	1.846207e+02
5.320000e-06	9.655897e-07	2.910562e-09	7.170806e+00	1.818498e+02
5.330000e-06	9.224969e-07	2.861931e-09	6.850784e+00	1.790685e+02
5.340000e-06	8.793078e-07	2.815312e-09	6.530046e+00	1.762775e+02
5.350000e-06	8.359806e-07	2.779064e-09	6.208284e+00	1.734771e+02
5.360000e-06	7.927040e-07	2.744544e-09	5.886897e+00	1.706669e+02
5.370000e-06	7.493523e-07	2.699774e-09	5.564952e+00	1.678462e+02
5.380000e-06	7.058582e-07	2.649259e-09	5.241949e+00	1.650135e+02
5.390000e-06	6.623210e-07	2.604947e-09	4.918627e+00	1.621669e+02
5.400000e-06	6.187888e-07	2.566739e-09	4.595342e+00	1.593041e+02
5.410000e-06	5.752113e-07	2.524078e-09	4.271720e+00	1.564224e+02
5.420000e-06	5.315488e-07	2.471615e-09	3.947467e+00	1.535188e+02
5.430000e-06	4.878672e-07	2.421850e-09	3.623072e+00	1.505903e+02
5.440000e-06	4.442250e-07	2.377041e-09	3.298970e+00	1.476338e+02
5.450000e-06	4.005330e-07	2.331732e-09	2.974498e+00	1.446460e+02
5.460000e-06	3.567337e-07	2.280181e-09	2.649229e+00	1.416241e+02
5.470000e-06	3.130016e-07	2.227865e-09	2.324459e+00	1.385654e+02
5.480000e-06	2.692594e-07	2.176773e-09	1.999614e+00	1.354675e+02
5.490000e-06	2.254156e-07	2.127317e-09	1.674015e+00	1.323287e+02
5.500000e-06	1.815365e-07	2.076284e-09	1.348153e+00	1.291474e+02
5.510000e-06	1.376629e-07	2.023096e-09	1.022333e+00	1.259230e+02
5.520000e-06	9.383855e-08	1.966226e-09	6.968778e-01	1.226552e+02
5.530000e-06	5.005776e-08	1.909750e-09	3.717464e-01	1.193445e+02
5.540000e-06	6.270509e-09	1.854936e-09	4.656699e-02	1.159917e+02
5.550000e-06	-3.756300e-08	1.800648e-09	-2.789559e-01	1.125985e+02
5.560000e-06	-8.139696e-08	1.747728e-09	-6.044822e-01	1.091670e+02
5.570000e-06	-1.251797e-07	1.692156e-09	-9.296283e-01	1.056996e+02
5.580000e-06	-1.689786e-07	1.635175e-09	-1.254894e+00	1.021994e+02
5.590000e-06	-2.128090e-07	1.585177e-09	-1.580394e+00	9.866941e+01
5.600000e-06	-2.566012e-07	1.536999e-09	-1.905610e+00	9.511309e+01
5.610000e-06	-3.003571e-07	1.480617e-09	-2.230557e+00	9.153384e+01
5.620000e-06	-3.440676e-07	1.418084e-09	-2.555166e+00	8.793502e+01
5.630000e-06	-3.877633e-07	1.359162e-09	-2.879666e+00	8.431984e+01
5.640000e-06	-4.314748e-07	1.305725e-09	-3.204283e+00	8.069120e+01
5.650000e-06	-4.751706e-07	1.249911e-09	-3.528783e+00	7.705166e+01
5.660000e-06	-5.188821e-07	1.188762e-09	-3.853400e+00	7.340329e+01
5.670000e-06	-5.625242e-07	1.128588e-09	-4.177501e+00	6.974765e+01
5.680000e-06	-6.060682e-07	1.072633e-09	-4.500874e+00	6.608567e+01
5.690000e-06	-6.496391e-07	1.017253e-09	-4.824447e+00	6.241769e+01
5.700000e-06	-6.931576e-07	9.569613e-10	-5.147630e+00	5.874339e+01
5.710000e-06	-7.365958e-07	8.936468e-10	-5.470217e+00	5.506181e+01
5.720000e-06	-7.800670e-07	8.331207e-10	-5.793050e+00	5.137140e+01
5.730000e-06	-8.234466e-07	7.743890e-10	-6.115202e+00	4.767005e+01
5.740000e-06	-8.667022e-07	7.156691e-10	-6.436433e+00	4.395515e+01
5.750000e-06	-9.099085e-07	6.540890e-10	-6.757298e+00	4.022371e+01
5.760000e-06	-9.530185e-07	5.901939e-10	-7.077448e+00	3.647243e+01
5.770000e-06	-9.960327e-07	5.285810e-10	-7.396886e+00	3.269781e+01
5.780000e-06	-1.038962e-06	4.682207e-10	-7.715691e+00	2.889631e+01
5.790000e-06	-1.081795e-06	4.062926e-10	-8.033784e+00	2.506444e+01
5.800000e-06	-1.124608e-06	3.422229e-10	-8.351732e+00	2.119888e+01
5.810000e-06	-1.167379e-06	2.775159e-10	-8.669364e+00	1.729664e+01
5.820000e-06	-1.210010e-06	2.131062e-10	-8.985960e+00	1.335513e+01
5.830000e-06	-1.252494e-06	1.489250e-10	-9.301455e+00	9.372272e+00
5.840000e-06	-1.294901e-06	8.528055e-11	-9.616390e+00	5.346621e+00
5.850000e-06	-1.337312e-06	1.929836e-11	-9.931349e+00	1.277394e+00
5.860000e-06	-1.379569e-06	-4.788732e-11	-1.024516e+01	-2.835459e+00
5.870000e-06	-1.421720e-06	-1.153754e-10	-1.055819e+01	-6.991232e+00
5.880000e-06	-1.463812e-06	-1.813944e-10	-1.087078e+01	-1.118845e+01
5.890000e-06	-1.505776e-06	-2.475002e-10	-1.118242e+01	-1.542490e+01
5.900000e-06	-1.547670e-06	-3.158253e-10	-1.149354e+01	-1.969765e+01
5.910000e-06	-1.589461e-06	-3.835092e-10	-1.180390e+01	-2.400310e+01
5.920000e-06	-1.631141e-06	-4.494147e-10	-1.211342e+01	-2.833711e+01
5.930000e-06	-1.672796e-06	-5.145258e-10	-1.242277e+01	-3.269503e+01
5.940000e-06	-1.714300e-06	-5.817226e-10	-1.273099e+01	-3.707184e+01
5.950000e-06	-1.755607e-06	-6.516619e-10	-1.303775e+01	-4.146226e+01
5.960000e-06	-1.796763e-06	-7.190872e-10	-1.334339e+01	-4.586090e+01
5.970000e-06	-1.837696e-06	-7.853078e-10	-1.364737e+01	-5.026234e+01
5.980000e-06	-1.878568e-06	-8.543406e-10	-1.395090e+01	-5.466128e+01
5.990000e-06	-1.919306e-06	-9.230468e-10	-1.425344e+01	-5.905266e+01
6.000000e-06	-1.959820e-06	-9.915809e-10	-1.455430e+01	-6.343177e+01
6.010000e-06	-2.000259e-06	-1.058003e-09	-1.485462e+01	-6.779434e+01
6.020000e-06	-2.040624e-06	-1.125213e-09	-1.515439e+01	-7.213662e+01
6.030000e-06	-2.080876e-06	-1.193195e-09	-1.545331e+01	-7.645546e+01
6.040000e-06	-2.121038e-06	-1.262354e-09	-1.575157e+01	-8.074832e+01
6.050000e-06	-2.161131e-06	-1.329766e-09	-1.604931e+01	-8.501334e+01
6.060000e-06	-2.201183e-06	-1.395695e-09	-1.634675e+01	-8.924928e+01
6.070000e-06	-2.241213e-06	-1.464025e-09	-1.664403e+01	-9.345556e+01
6.080000e-06	-2.281152e-06	-1.532357e-09	-1.694063e+01	-9.763218e+01
6.090000e-06	-2.320889e-06	-1.598744e-09	-1.723573e+01	-1.017797e+02
6.100000e-06	-2.360482e-06	-1.665456e-09	-1.752976e+01	-1.058990e+02
6.110000e-06	-2.400007e-06	-1.735383e-09	-1.782329e+01	-1.099914e+02
6.120000e-06	-2.439385e-06	-1.801798e-09	-1.811572e+01	-1.140586e+02
6.130000e-06	-2.478576e-06	-1.864157e-09	-1.840677e+01	-1.181023e+02
6.140000e-06	-2.517386e-06	-1.927252e-09	-1.869499e+01	-1.221243e+02
6.150000e-06	-2.555858e-06	-1.994316e-09	-1.898069e+01	-1.261262e+02
6.160000e-06	-2.594198e-06	-2.059531e-09	-1.926542e+01	-1.301094e+02
6.170000e-06	-2.632188e-06	-2.120681e-09	-1.954755e+01	-1.340754e+02
6.180000e-06	-2.669670e-06	-2.181583e-09	-1.982590e+01	-1.380247e+02
6.190000e-06	-2.706790e-06	-2.247028e-09	-2.010156e+01	-1.419579e+02
6.200000e-06	-2.743582e-06	-2.311933e-09	-2.037480e+01	-1.458748e+02
6.210000e-06	-2.780088e-06	-2.373246e-09	-2.064590e+01	-1.497747e+02
6.220000e-06	-2.816442e-06	-2.432613e-09	-2.091588e+01	-1.536563e+02
6.230000e-06	-2.852663e-06	-2.493891e-09	-2.118487e+01	-1.575179e+02
6.240000e-06	-2.888768e-06	-2.557182e-09	-2.145300e+01	-1.613571e+02
6.250000e-06	-2.924791e-06	-2.617710e-09	-2.172052e+01	-1.651712e+02
6.260000e-06	-2.960734e-06	-2.675038e-09	-2.198744e+01	-1.689568e+02
6.270000e-06	-2.996538e-06	-2.730920e-09	-2.225334e+01	-1.727103e+02
6.280000e-06	-3.032211e-06	-2.789315e-09	-2.251825e+01	-1.764280e+02
6.290000e-06	-3.067687e-06	-2.848532e-09	-2.278171e+01	-1.801058e+02
6.300000e-06	-3.102929e-06	-2.907432e-09	-2.304343e+01	-1.837397e+02
6.310000e-06	-3.137981e-06	-2.962704e-09	-2.330374e+01	-1.873258e+02
6.320000e-06	-3.172748e-06	-3.017576e-09	-2.356193e+01	-1.908603e+02
6.330000e-06	-3.207270e-06	-3.074323e-09	-2.381830e+01	-1.943397e+02
6.340000e-06	-3.241632e-06	-3.129896e-09	-2.407349e+01	-1.977611e+02
6.350000e-06	-3.275709e-06	-3.184827e-09	-2.432656e+01	-2.011219e+02
6.360000e-06	-3.309520e-06	-3.237144e-09	-2.457765e+01	-2.044202e+02
6.370000e-06	-3.343148e-06	-3.288461e-09	-2.482739e+01	-2.076544e+02
6.380000e-06	-3.376545e-06	-3.340551e-09	-2.507540e+01	-2.108241e+02
6.390000e-06	-3.409668e-06	-3.391402e-09	-2.532139e+01	-2.139292e+02
6.400000e-06	-3.442516e-06	-3.439027e-09	-2.556532e+01	-2.169704e+02
6.410000e-06	-3.475123e-06	-3.483668e-09	-2.580748e+01	-2.199489e+02
6.420000e-06	-3.507532e-06	-3.529554e-09	-2.604816e+01	-2.228668e+02
6.430000e-06	-3.539764e-06	-3.577543e-09	-2.628752e+01	-2.257264e+02
6.440000e-06	-3.571865e-06	-3.624541e-09	-2.652592e+01	-2.285306e+02
6.450000e-06	-3.603857e-06	-3.667991e-09	-2.676350e+01	-2.312827e+02
6.460000e-06	-3.635681e-06	-3.709442e-09	-2.699983e+01	-2.339862e+02
6.470000e-06	-3.667250e-06	-3.755584e-09	-2.723428e+01	-2.366447e+02
6.480000e-06	-3.698488e-06	-3.802431e-09	-2.746626e+01	-2.392617e+02
6.490000e-06	-3.729346e-06	-3.843742e-09	-2.769543e+01	-2.418408e+02
6.500000e-06	-3.759869e-06	-3.879941e-09	-2.792210e+01	-2.443852e+02
6.510000e-06	-3.789969e-06	-3.915947e-09	-2.814564e+01	-2.468977e+02
6.520000e-06	-3.819585e-06	-3.956028e-09	-2.836557e+01	-2.493809e+02
6.530000e-06	-3.848728e-06	-3.996925e-09	-2.858200e+01	-2.518366e+02
6.540000e-06	-3.877479e-06	-4.035216e-09	-2.879551e+01	-2.542663e+02
6.550000e-06	-3.905968e-06	-4.071649e-09	-2.900708e+01	-2.566705e+02
6.560000e-06	-3.934182e-06	-4.110057e-09	-2.921661e+01	-2.590495e+02
6.570000e-06	-3.962260e-06	-4.149399e-09	-2.942513e+01	-2.614026e+02
6.580000e-06	-3.990244e-06	-4.187414e-09	-2.963294e+01	-2.637288e+02
6.590000e-06	-4.018046e-06	-4.222876e-09	-2.983941e+01	-2.660261e+02
6.600000e-06	-4.045586e-06	-4.254990e-09	-3.004394e+01	-2.682924e+02
6.610000e-06	-4.072829e-06	-4.285291e-09	-3.024625e+01	-2.705251e+02
6.620000e-06	-4.099719e-06	-4.317654e-09	-3.044594e+01	-2.727212e+02
6.630000e-06	-4.126265e-06	-4.350568e-09	-3.064308e+01	-2.748776e+02
6.640000e-06	-4.152567e-06	-4.380903e-09	-3.083842e+01	-2.769910e+02
6.650000e-06	-4.178607e-06	-4.409382e-09	-3.103179e+01	-2.790583e+02
6.660000e-06	-4.204392e-06	-4.439042e-09	-3.122328e+01	-2.810765e+02
6.670000e-06	-4.229839e-06	-4.467569e-09	-3.141226e+01	-2.830429e+02
6.680000e-06	-4.254940e-06	-4.493180e-09	-3.159867e+01	-2.849552e+02
6.690000e-06	-4.279766e-06	-4.516197e-09	-3.178304e+01	-2.868117e+02
6.700000e-06	-4.304331e-06	-4.539528e-09	-3.196547e+01	-2.886111e+02
6.710000e-06	-4.328616e-06	-4.565585e-09	-3.214582e+01	-2.903531e+02
6.720000e-06	-4.352720e-06	-4.592986e-09	-3.232482e+01	-2.920378e+02
6.730000e-06	-4.376709e-06	-4.619661e-09	-3.250296e+01	-2.936660e+02
6.740000e-06	-4.400406e-06	-4.643107e-09	-3.267895e+01	-2.952394e+02
6.750000e-06	-4.423812e-06	-4.667170e-09	-3.285277e+01	-2.967603e+02
6.760000e-06	-4.446874e-06	-4.691353e-09	-3.302404e+01	-2.982315e+02
6.770000e-06	-4.469433e-06	-4.714817e-09	-3.319157e+01	-2.996566e+02
6.780000e-06	-4.491553e-06	-4.737849e-09	-3.335584e+01	-3.010393e+02
6.790000e-06	-4.513200e-06	-4.759340e-09	-3.351660e+01	-3.023840e+02
6.800000e-06	-4.534306e-06	-4.780547e-09	-3.367334e+01	-3.036949e+02
6.810000e-06	-4.554938e-06	-4.803325e-09	-3.382656e+01	-3.049767e+02
6.820000e-06	-4.575291e-06	-4.822936e-09	-3.397771e+01	-3.062338e+02
6.830000e-06	-4.595475e-06	-4.839786e-09	-3.412760e+01	-3.074702e+02
6.840000e-06	-4.615434e-06	-4.858463e-09	-3.427583e+01	-3.086900e+02
6.850000e-06	-4.635182e-06	-4.881051e-09	-3.442248e+01	-3.098964e+02
6.860000e-06	-4.654708e-06	-4.902314e-09	-3.456748e+01	-3.110922e+02
6.870000e-06	-4.673949e-06	-4.917670e-09	-3.471038e+01	-3.122796e+02
6.880000e-06	-4.692852e-06	-4.931925e-09	-3.485076e+01	-3.134599e+02
6.890000e-06	-4.711379e-06	-4.948425e-09	-3.498834e+01	-3.146338e+02
6.900000e-06	-4.729574e-06	-4.967388e-09	-3.512347e+01	-3.158009e+02
6.910000e-06	-4.747464e-06	-4.983745e-09	-3.525632e+01	-3.169602e+02
6.920000e-06	-4.764983e-06	-4.995434e-09	-3.538643e+01	-3.181099e+02
6.930000e-06	-4.782303e-06	-5.004444e-09	-3.551505e+01	-3.192476e+02
6.940000e-06	-4.799325e-06	-5.019927e-09	-3.564146e+01	-3.203701e+02
6.950000e-06	-4.815894e-06	-5.038397e-09	-3.576451e+01	-3.214737e+02
6.960000e-06	-4.832216e-06	-5.053081e-09	-3.588572e+01	-3.225545e+02
6.970000e-06	-4.848351e-06	-5.061730e-09	-3.600554e+01	-3.236083e+02
6.980000e-06	-4.864162e-06	-5.069980e-09	-3.612297e+01	-3.246308e+02
6.990000e-06	-4.879622e-06	-5.081451e-09	-3.623778e+01	-3.256177e+02
7.000000e-06	-4.894722e-06	-5.095542e-09	-3.634991e+01	-3.265652e+02
7.010000e-06	-4.909312e-06	-5.109318e-09	-3.645827e+01	-3.274698e+02
7.020000e-06	-4.923314e-06	-5.117841e-09	-3.656225e+01	-3.283285e+02
7.030000e-06	-4.936675e-06	-5.125818e-09	-3.666147e+01	-3.291390e+02
7.040000e-06	-4.949492e-06	-5.138793e-09	-3.675666e+01	-3.298999e+02
7.050000e-06	-4.961955e-06	-5.153373e-09	-3.684921e+01	-3.306107e+02
7.060000e-06	-4.974171e-06	-5.163414e-09	-3.693993e+01	-3.312717e+02
7.070000e-06	-4.986082e-06	-5.168813e-09	-3.702839e+01	-3.318842e+02
7.080000e-06	-4.997553e-06	-5.175655e-09	-3.711358e+01	-3.324506e+02
7.090000e-06	-5.008613e-06	-5.187964e-09	-3.719571e+01	-3.329741e+02
7.100000e-06	-5.019327e-06	-5.199663e-09	-3.727527e+01	-3.334586e+02
7.110000e-06	-5.029705e-06	-5.208691e-09	-3.735235e+01	-3.339091e+02
7.120000e-06	-5.039758e-06	-5.215393e-09	-3.742700e+01	-3.343307e+02
7.130000e-06	-5.049568e-06	-5.224870e-09	-3.749985e+01	-3.347294e+02
7.140000e-06	-5.059047e-06	-5.235486e-09	-3.757025e+01	-3.351112e+02
7.150000e-06	-5.068095e-06	-5.244417e-09	-3.763744e+01	-3.354821e+02
7.160000e-06	-5.076808e-06	-5.248579e-09	-3.770215e+01	-3.358482e+02
7.170000e-06	-5.085196e-06	-5.253117e-09	-3.776444e+01	-3.362149e+02
7.180000e-06	-5.093346e-06	-5.259188e-09	-3.782496e+01	-3.365874e+02
7.190000e-06	-5.101269e-06	-5.266147e-09	-3.788381e+01	-3.369698e+02
7.200000e-06	-5.108927e-06	-5.271905e-09	-3.794067e+01	-3.373656e+02
7.210000e-06	-5.116298e-06	-5.275933e-09	-3.799542e+01	-3.377771e+02
7.220000e-06	-5.123213e-06	-5.278869e-09	-3.804677e+01	-3.382052e+02
7.230000e-06	-5.129528e-06	-5.282575e-09	-3.809366e+01	-3.386499e+02
7.240000e-06	-5.135248e-06	-5.288183e-09	-3.813614e+01	-3.391095e+02
7.250000e-06	-5.140380e-06	-5.293283e-09	-3.817425e+01	-3.395814e+02
7.260000e-06	-5.145038e-06	-5.296559e-09	-3.820884e+01	-3.400615e+02
7.270000e-06	-5.149389e-06	-5.298084e-09	-3.824116e+01	-3.405443e+02
7.280000e-06	-5.153526e-06	-5.300683e-09	-3.827189e+01	-3.410236e+02
7.290000e-06	-5.157447e-06	-5.304784e-09	-3.830100e+01	-3.414922e+02
7.300000e-06	-5.161106e-06	-5.309559e-09	-3.832818e+01	-3.419420e+02
7.310000e-06	-5.164494e-06	-5.310377e-09	-3.835334e+01	-3.423647e+02
7.320000e-06	-5.167496e-06	-5.308935e-09	-3.837563e+01	-3.427517e+02
7.330000e-06	-5.170112e-06	-5.309258e-09	-3.839505e+01	-3.430944e+02
7.340000e-06	-5.172393e-06	-5.309835e-09	-3.841200e+01	-3.433847e+02
7.350000e-06	-5.174402e-06	-5.307691e-09	-3.842691e+01	-3.436151e+02
7.360000e-06	-5.176155e-06	-5.304675e-09	-3.843993e+01	-3.437791e+02
7.370000e-06	-5.177417e-06	-5.305987e-09	-3.844931e+01	-3.438714e+02
7.380000e-06	-5.178272e-06	-5.311120e-09	-3.845566e+01	-3.438881e+02
7.390000e-06	-5.178865e-06	-5.312395e-09	-3.846006e+01	-3.438271e+02
