# Temperatura_=_20.0
# Concentracion g/m^3_=_9000.0
# C_Vs_to_Am_M_A/Vsm_=_65563218390.804596
# pendiente_HvsI_1/m_=_3716.3
# ordenada_HvsI_A/m_=_1297.0
# frecuencia_Hz_=_134999.47017505523

Tiempo_(s)	Campo_(V.s)	Magnetizacion_(V.s)	Campo_(kA/m)	Magnetizacion_(A/m)
0.000000e+00	-3.890899e-06	-3.521886e-09	-2.915225e+01	-2.328915e+02
1.000000e-08	-3.891072e-06	-3.518203e-09	-2.915355e+01	-2.329130e+02
2.000000e-08	-3.891157e-06	-3.516911e-09	-2.915418e+01	-2.329249e+02
3.000000e-08	-3.891016e-06	-3.519949e-09	-2.915313e+01	-2.329270e+02
4.000000e-08	-3.890624e-06	-3.524282e-09	-2.915019e+01	-2.329190e+02
5.000000e-08	-3.889906e-06	-3.525515e-09	-2.914481e+01	-2.329010e+02
6.000000e-08	-3.888695e-06	-3.525531e-09	-2.913574e+01	-2.328726e+02
7.000000e-08	-3.886971e-06	-3.518865e-09	-2.912282e+01	-2.328339e+02
8.000000e-08	-3.884684e-06	-3.522718e-09	-2.910568e+01	-2.327847e+02
9.000000e-08	-3.881889e-06	-3.533606e-09	-2.908475e+01	-2.327251e+02
1.000000e-07	-3.878754e-06	-3.571575e-09	-2.906125e+01	-2.326550e+02
1.100000e-07	-3.875407e-06	-3.520815e-09	-2.903618e+01	-2.325746e+02
1.200000e-07	-3.871879e-06	-3.502739e-09	-2.900974e+01	-2.324838e+02
1.300000e-07	-3.868115e-06	-3.541898e-09	-2.898154e+01	-2.323828e+02
1.400000e-07	-3.864227e-06	-3.477638e-09	-2.895242e+01	-2.322717e+02
1.500000e-07	-3.860270e-06	-3.525966e-09	-2.892277e+01	-2.321507e+02
1.600000e-07	-3.856180e-06	-3.554446e-09	-2.889212e+01	-2.320200e+02
1.700000e-07	-3.851807e-06	-3.534154e-09	-2.885936e+01	-2.318798e+02
1.800000e-07	-3.847094e-06	-3.492166e-09	-2.882404e+01	-2.317304e+02
1.900000e-07	-3.842091e-06	-3.493330e-09	-2.878656e+01	-2.315721e+02
2.000000e-07	-3.836752e-06	-3.517810e-09	-2.874656e+01	-2.314051e+02
2.100000e-07	-3.831165e-06	-3.521519e-09	-2.870470e+01	-2.312299e+02
2.200000e-07	-3.825326e-06	-3.521968e-09	-2.866095e+01	-2.310468e+02
2.300000e-07	-3.819282e-06	-3.500583e-09	-2.861566e+01	-2.308560e+02
2.400000e-07	-3.812966e-06	-3.492203e-09	-2.856835e+01	-2.306580e+02
2.500000e-07	-3.806250e-06	-3.484957e-09	-2.851802e+01	-2.304531e+02
2.600000e-07	-3.799284e-06	-3.542095e-09	-2.846583e+01	-2.302417e+02
2.700000e-07	-3.792009e-06	-3.514373e-09	-2.841133e+01	-2.300241e+02
2.800000e-07	-3.784438e-06	-3.438092e-09	-2.835460e+01	-2.298007e+02
2.900000e-07	-3.776726e-06	-3.443815e-09	-2.829682e+01	-2.295718e+02
3.000000e-07	-3.768879e-06	-3.536248e-09	-2.823802e+01	-2.293378e+02
3.100000e-07	-3.760935e-06	-3.504688e-09	-2.817851e+01	-2.290989e+02
3.200000e-07	-3.752843e-06	-3.429860e-09	-2.811788e+01	-2.288554e+02
3.300000e-07	-3.744558e-06	-3.439648e-09	-2.805580e+01	-2.286076e+02
3.400000e-07	-3.735920e-06	-3.501692e-09	-2.799109e+01	-2.283557e+02
3.500000e-07	-3.726885e-06	-3.490476e-09	-2.792339e+01	-2.280998e+02
3.600000e-07	-3.717340e-06	-3.443258e-09	-2.785188e+01	-2.278402e+02
3.700000e-07	-3.707331e-06	-3.434550e-09	-2.777688e+01	-2.275770e+02
3.800000e-07	-3.696936e-06	-3.460830e-09	-2.769900e+01	-2.273102e+02
3.900000e-07	-3.686112e-06	-3.469094e-09	-2.761790e+01	-2.270400e+02
4.000000e-07	-3.674939e-06	-3.444525e-09	-2.753419e+01	-2.267663e+02
4.100000e-07	-3.663417e-06	-3.432192e-09	-2.744786e+01	-2.264890e+02
4.200000e-07	-3.651675e-06	-3.423123e-09	-2.735989e+01	-2.262083e+02
4.300000e-07	-3.639712e-06	-3.429057e-09	-2.727026e+01	-2.259239e+02
4.400000e-07	-3.627518e-06	-3.436911e-09	-2.717889e+01	-2.256357e+02
4.500000e-07	-3.615061e-06	-3.437729e-09	-2.708556e+01	-2.253436e+02
4.600000e-07	-3.602312e-06	-3.398977e-09	-2.699003e+01	-2.250473e+02
4.700000e-07	-3.589262e-06	-3.399177e-09	-2.689226e+01	-2.247468e+02
4.800000e-07	-3.575915e-06	-3.428863e-09	-2.679226e+01	-2.244417e+02
4.900000e-07	-3.562272e-06	-3.423535e-09	-2.669004e+01	-2.241317e+02
5.000000e-07	-3.548347e-06	-3.365199e-09	-2.658571e+01	-2.238167e+02
5.100000e-07	-3.534183e-06	-3.368612e-09	-2.647959e+01	-2.234962e+02
5.200000e-07	-3.519796e-06	-3.407325e-09	-2.637179e+01	-2.231701e+02
5.300000e-07	-3.505090e-06	-3.396654e-09	-2.626161e+01	-2.228380e+02
5.400000e-07	-3.489900e-06	-3.349470e-09	-2.614780e+01	-2.224995e+02
5.500000e-07	-3.474303e-06	-3.363218e-09	-2.603094e+01	-2.221545e+02
5.600000e-07	-3.458450e-06	-3.383978e-09	-2.591216e+01	-2.218025e+02
5.700000e-07	-3.442292e-06	-3.359939e-09	-2.579110e+01	-2.214433e+02
5.800000e-07	-3.425812e-06	-3.334150e-09	-2.566762e+01	-2.210766e+02
5.900000e-07	-3.409135e-06	-3.344507e-09	-2.554267e+01	-2.207022e+02
6.000000e-07	-3.392211e-06	-3.344218e-09	-2.541587e+01	-2.203198e+02
6.100000e-07	-3.375092e-06	-3.328761e-09	-2.528761e+01	-2.199292e+02
6.200000e-07	-3.357804e-06	-3.327311e-09	-2.515808e+01	-2.195302e+02
6.300000e-07	-3.340279e-06	-3.325659e-09	-2.502678e+01	-2.191226e+02
6.400000e-07	-3.322563e-06	-3.311710e-09	-2.489404e+01	-2.187064e+02
6.500000e-07	-3.304636e-06	-3.309565e-09	-2.475972e+01	-2.182813e+02
6.600000e-07	-3.286452e-06	-3.313195e-09	-2.462348e+01	-2.178474e+02
6.700000e-07	-3.267947e-06	-3.293784e-09	-2.448483e+01	-2.174046e+02
6.800000e-07	-3.249119e-06	-3.281723e-09	-2.434377e+01	-2.169528e+02
6.900000e-07	-3.229978e-06	-3.287791e-09	-2.420035e+01	-2.164922e+02
7.000000e-07	-3.210605e-06	-3.290957e-09	-2.405520e+01	-2.160227e+02
7.100000e-07	-3.191102e-06	-3.270528e-09	-2.390908e+01	-2.155445e+02
7.200000e-07	-3.171433e-06	-3.261875e-09	-2.376171e+01	-2.150577e+02
7.300000e-07	-3.151634e-06	-3.265225e-09	-2.361337e+01	-2.145623e+02
7.400000e-07	-3.131755e-06	-3.256468e-09	-2.346443e+01	-2.140587e+02
7.500000e-07	-3.111820e-06	-3.233649e-09	-2.331506e+01	-2.135468e+02
7.600000e-07	-3.091817e-06	-3.225214e-09	-2.316519e+01	-2.130270e+02
7.700000e-07	-3.071620e-06	-3.221108e-09	-2.301387e+01	-2.124995e+02
7.800000e-07	-3.051125e-06	-3.214267e-09	-2.286031e+01	-2.119644e+02
7.900000e-07	-3.030456e-06	-3.199221e-09	-2.270545e+01	-2.114221e+02
8.000000e-07	-3.009584e-06	-3.189286e-09	-2.254907e+01	-2.108726e+02
8.100000e-07	-2.988363e-06	-3.182407e-09	-2.239007e+01	-2.103163e+02
8.200000e-07	-2.966940e-06	-3.179262e-09	-2.222956e+01	-2.097533e+02
8.300000e-07	-2.945390e-06	-3.171947e-09	-2.206810e+01	-2.091838e+02
8.400000e-07	-2.923654e-06	-3.158470e-09	-2.190524e+01	-2.086081e+02
8.500000e-07	-2.901682e-06	-3.142292e-09	-2.174062e+01	-2.080262e+02
8.600000e-07	-2.879511e-06	-3.136280e-09	-2.157450e+01	-2.074383e+02
8.700000e-07	-2.857175e-06	-3.135486e-09	-2.140716e+01	-2.068445e+02
8.800000e-07	-2.834607e-06	-3.124863e-09	-2.123807e+01	-2.062448e+02
8.900000e-07	-2.811809e-06	-3.103206e-09	-2.106725e+01	-2.056393e+02
9.000000e-07	-2.788828e-06	-3.090369e-09	-2.089507e+01	-2.050280e+02
9.100000e-07	-2.765598e-06	-3.090903e-09	-2.072102e+01	-2.044108e+02
9.200000e-07	-2.742139e-06	-3.083399e-09	-2.054526e+01	-2.037876e+02
9.300000e-07	-2.718561e-06	-3.066824e-09	-2.036860e+01	-2.031583e+02
9.400000e-07	-2.694848e-06	-3.054258e-09	-2.019094e+01	-2.025227e+02
9.500000e-07	-2.671016e-06	-3.050411e-09	-2.001237e+01	-2.018805e+02
9.600000e-07	-2.647152e-06	-3.039457e-09	-1.983357e+01	-2.012316e+02
9.700000e-07	-2.623233e-06	-3.026053e-09	-1.965437e+01	-2.005755e+02
9.800000e-07	-2.599193e-06	-3.015721e-09	-1.947425e+01	-1.999120e+02
9.900000e-07	-2.574991e-06	-3.006529e-09	-1.929291e+01	-1.992405e+02
1.000000e-06	-2.550598e-06	-2.995700e-09	-1.911015e+01	-1.985607e+02
1.010000e-06	-2.526038e-06	-2.986988e-09	-1.892614e+01	-1.978721e+02
1.020000e-06	-2.501388e-06	-2.976489e-09	-1.874145e+01	-1.971741e+02
1.030000e-06	-2.476428e-06	-2.965716e-09	-1.855444e+01	-1.964663e+02
1.040000e-06	-2.451002e-06	-2.952399e-09	-1.836394e+01	-1.957481e+02
1.050000e-06	-2.425289e-06	-2.939823e-09	-1.817129e+01	-1.950188e+02
1.060000e-06	-2.399145e-06	-2.923117e-09	-1.797540e+01	-1.942779e+02
1.070000e-06	-2.372664e-06	-2.908851e-09	-1.777700e+01	-1.935248e+02
1.080000e-06	-2.345905e-06	-2.896621e-09	-1.757650e+01	-1.927587e+02
1.090000e-06	-2.318768e-06	-2.882004e-09	-1.737319e+01	-1.919793e+02
1.100000e-06	-2.291453e-06	-2.867171e-09	-1.716853e+01	-1.911857e+02
1.110000e-06	-2.263978e-06	-2.857008e-09	-1.696268e+01	-1.903773e+02
1.120000e-06	-2.236373e-06	-2.849722e-09	-1.675584e+01	-1.895537e+02
1.130000e-06	-2.208676e-06	-2.836937e-09	-1.654833e+01	-1.887142e+02
1.140000e-06	-2.180902e-06	-2.821441e-09	-1.634023e+01	-1.878582e+02
1.150000e-06	-2.153092e-06	-2.808647e-09	-1.613187e+01	-1.869853e+02
1.160000e-06	-2.125250e-06	-2.796809e-09	-1.592327e+01	-1.860948e+02
1.170000e-06	-2.097358e-06	-2.781781e-09	-1.571428e+01	-1.851864e+02
1.180000e-06	-2.069364e-06	-2.764263e-09	-1.550454e+01	-1.842595e+02
1.190000e-06	-2.041248e-06	-2.747204e-09	-1.529389e+01	-1.833139e+02
1.200000e-06	-2.013041e-06	-2.733227e-09	-1.508255e+01	-1.823491e+02
1.210000e-06	-1.984691e-06	-2.718808e-09	-1.487014e+01	-1.813648e+02
1.220000e-06	-1.956139e-06	-2.700566e-09	-1.465622e+01	-1.803607e+02
1.230000e-06	-1.927481e-06	-2.682067e-09	-1.444150e+01	-1.793365e+02
1.240000e-06	-1.898751e-06	-2.667516e-09	-1.422624e+01	-1.782921e+02
1.250000e-06	-1.869849e-06	-2.652567e-09	-1.400969e+01	-1.772273e+02
1.260000e-06	-1.840721e-06	-2.637928e-09	-1.379146e+01	-1.761419e+02
1.270000e-06	-1.811500e-06	-2.619499e-09	-1.357252e+01	-1.750358e+02
1.280000e-06	-1.782153e-06	-2.603154e-09	-1.335264e+01	-1.739089e+02
1.290000e-06	-1.752610e-06	-2.585496e-09	-1.313129e+01	-1.727612e+02
1.300000e-06	-1.723010e-06	-2.567438e-09	-1.290952e+01	-1.715925e+02
1.310000e-06	-1.693255e-06	-2.549551e-09	-1.268658e+01	-1.704029e+02
1.320000e-06	-1.663356e-06	-2.531361e-09	-1.246256e+01	-1.691922e+02
1.330000e-06	-1.633476e-06	-2.513595e-09	-1.223869e+01	-1.679604e+02
1.340000e-06	-1.603580e-06	-2.496648e-09	-1.201469e+01	-1.667076e+02
1.350000e-06	-1.573566e-06	-2.479768e-09	-1.178982e+01	-1.654335e+02
1.360000e-06	-1.543399e-06	-2.463394e-09	-1.156380e+01	-1.641381e+02
1.370000e-06	-1.513144e-06	-2.442885e-09	-1.133711e+01	-1.628213e+02
1.380000e-06	-1.482740e-06	-2.418312e-09	-1.110931e+01	-1.614829e+02
1.390000e-06	-1.452244e-06	-2.395747e-09	-1.088082e+01	-1.601227e+02
1.400000e-06	-1.421689e-06	-2.375172e-09	-1.065189e+01	-1.587404e+02
1.410000e-06	-1.391035e-06	-2.355842e-09	-1.042222e+01	-1.573357e+02
1.420000e-06	-1.360287e-06	-2.336256e-09	-1.019184e+01	-1.559082e+02
1.430000e-06	-1.329338e-06	-2.315957e-09	-9.959961e+00	-1.544575e+02
1.440000e-06	-1.298300e-06	-2.295165e-09	-9.727408e+00	-1.529831e+02
1.450000e-06	-1.267258e-06	-2.274158e-09	-9.494829e+00	-1.514842e+02
1.460000e-06	-1.236093e-06	-2.249582e-09	-9.261330e+00	-1.499603e+02
1.470000e-06	-1.204779e-06	-2.221924e-09	-9.026713e+00	-1.484106e+02
1.480000e-06	-1.173426e-06	-2.191919e-09	-8.791804e+00	-1.468341e+02
1.490000e-06	-1.142005e-06	-2.166454e-09	-8.556379e+00	-1.452300e+02
1.500000e-06	-1.110493e-06	-2.141865e-09	-8.320283e+00	-1.435973e+02
1.510000e-06	-1.078831e-06	-2.115218e-09	-8.083059e+00	-1.419347e+02
1.520000e-06	-1.047055e-06	-2.087337e-09	-7.844974e+00	-1.402412e+02
1.530000e-06	-1.015258e-06	-2.061387e-09	-7.606739e+00	-1.385153e+02
1.540000e-06	-9.834289e-07	-2.034833e-09	-7.368263e+00	-1.367558e+02
1.550000e-06	-9.515949e-07	-2.005831e-09	-7.129749e+00	-1.349612e+02
1.560000e-06	-9.197562e-07	-1.974972e-09	-6.891200e+00	-1.331300e+02
1.570000e-06	-8.879111e-07	-1.946768e-09	-6.652603e+00	-1.312607e+02
1.580000e-06	-8.560386e-07	-1.918331e-09	-6.413801e+00	-1.293516e+02
1.590000e-06	-8.241305e-07	-1.886941e-09	-6.174733e+00	-1.274011e+02
1.600000e-06	-7.922062e-07	-1.855276e-09	-5.935542e+00	-1.254075e+02
1.610000e-06	-7.602672e-07	-1.824519e-09	-5.696241e+00	-1.233692e+02
1.620000e-06	-7.283049e-07	-1.793404e-09	-5.456767e+00	-1.212844e+02
1.630000e-06	-6.963189e-07	-1.759795e-09	-5.217114e+00	-1.191514e+02
1.640000e-06	-6.642770e-07	-1.724855e-09	-4.977042e+00	-1.169687e+02
1.650000e-06	-6.321940e-07	-1.687506e-09	-4.736663e+00	-1.147344e+02
1.660000e-06	-6.000809e-07	-1.650920e-09	-4.496058e+00	-1.124471e+02
1.670000e-06	-5.679748e-07	-1.616185e-09	-4.255506e+00	-1.101052e+02
1.680000e-06	-5.358694e-07	-1.580884e-09	-4.014959e+00	-1.077072e+02
1.690000e-06	-5.037244e-07	-1.542742e-09	-3.774115e+00	-1.052518e+02
1.700000e-06	-4.715159e-07	-1.505804e-09	-3.532795e+00	-1.027376e+02
1.710000e-06	-4.392344e-07	-1.468821e-09	-3.290928e+00	-1.001636e+02
1.720000e-06	-4.070183e-07	-1.429525e-09	-3.049552e+00	-9.752878e+01
1.730000e-06	-3.748204e-07	-1.389616e-09	-2.808312e+00	-9.483215e+01
1.740000e-06	-3.425846e-07	-1.352582e-09	-2.566788e+00	-9.207304e+01
1.750000e-06	-3.102764e-07	-1.314843e-09	-2.324721e+00	-8.925088e+01
1.760000e-06	-2.779228e-07	-1.273981e-09	-2.082314e+00	-8.636529e+01
1.770000e-06	-2.456045e-07	-1.231829e-09	-1.840172e+00	-8.341607e+01
1.780000e-06	-2.132068e-07	-1.188466e-09	-1.597435e+00	-8.040323e+01
1.790000e-06	-1.807649e-07	-1.144261e-09	-1.354366e+00	-7.732695e+01
1.800000e-06	-1.483523e-07	-1.095574e-09	-1.111518e+00	-7.418766e+01
1.810000e-06	-1.159043e-07	-1.047936e-09	-8.684039e-01	-7.098596e+01
1.820000e-06	-8.343675e-08	-1.001246e-09	-6.251432e-01	-6.772271e+01
1.830000e-06	-5.100722e-08	-9.565567e-10	-3.821675e-01	-6.439896e+01
1.840000e-06	-1.860197e-08	-9.085505e-10	-1.393738e-01	-6.101599e+01
1.850000e-06	1.381920e-08	-8.554980e-10	1.035393e-01	-5.757530e+01
1.860000e-06	4.629980e-08	-8.018201e-10	3.468976e-01	-5.407860e+01
1.870000e-06	7.879418e-08	-7.473441e-10	5.903591e-01	-5.052782e+01
1.880000e-06	1.111979e-07	-6.931093e-10	8.331413e-01	-4.692510e+01
1.890000e-06	1.435745e-07	-6.375205e-10	1.075721e+00	-4.327278e+01
1.900000e-06	1.760557e-07	-5.816712e-10	1.319083e+00	-3.957339e+01
1.910000e-06	2.084833e-07	-5.268265e-10	1.562044e+00	-3.582965e+01
1.920000e-06	2.407987e-07	-4.735085e-10	1.804165e+00	-3.204445e+01
1.930000e-06	2.730829e-07	-4.212882e-10	2.046052e+00	-2.822085e+01
1.940000e-06	3.053748e-07	-3.704443e-10	2.287996e+00	-2.436206e+01
1.950000e-06	3.376764e-07	-3.178795e-10	2.530013e+00	-2.047143e+01
1.960000e-06	3.698907e-07	-2.613679e-10	2.771376e+00	-1.655241e+01
1.970000e-06	4.020338e-07	-2.007132e-10	3.012206e+00	-1.260858e+01
1.980000e-06	4.342213e-07	-1.430161e-10	3.253368e+00	-8.643601e+00
1.990000e-06	4.663974e-07	-8.676777e-11	3.494445e+00	-4.661221e+00
2.000000e-06	4.984791e-07	-2.832513e-11	3.734815e+00	-6.652335e-01
2.010000e-06	5.305397e-07	3.095547e-11	3.975026e+00	3.340525e+00
2.020000e-06	5.625924e-07	8.504773e-11	4.215179e+00	7.352194e+00
2.030000e-06	5.946624e-07	1.379239e-10	4.455461e+00	1.136590e+01
2.040000e-06	6.266991e-07	1.979409e-10	4.695493e+00	1.537780e+01
2.050000e-06	6.586675e-07	2.633673e-10	4.935014e+00	1.938406e+01
2.060000e-06	6.906871e-07	3.250438e-10	5.174918e+00	2.338090e+01
2.070000e-06	7.226931e-07	3.806655e-10	5.414721e+00	2.736459e+01
2.080000e-06	7.546504e-07	4.364426e-10	5.654158e+00	3.133150e+01
2.090000e-06	7.866170e-07	4.938059e-10	5.893665e+00	3.527806e+01
2.100000e-06	8.185400e-07	5.493072e-10	6.132845e+00	3.920084e+01
2.110000e-06	8.504070e-07	6.029933e-10	6.371607e+00	4.309649e+01
2.120000e-06	8.822560e-07	6.574313e-10	6.610233e+00	4.696183e+01
2.130000e-06	9.141178e-07	7.130654e-10	6.848955e+00	5.079379e+01
2.140000e-06	9.459370e-07	7.686516e-10	7.087358e+00	5.458947e+01
2.150000e-06	9.777380e-07	8.237849e-10	7.325624e+00	5.834613e+01
2.160000e-06	1.009532e-06	8.789807e-10	7.563836e+00	6.206118e+01
2.170000e-06	1.041219e-06	9.325167e-10	7.801249e+00	6.573222e+01
2.180000e-06	1.072867e-06	9.858675e-10	8.038372e+00	6.935703e+01
2.190000e-06	1.104515e-06	1.038226e-09	8.275492e+00	7.293357e+01
2.200000e-06	1.136077e-06	1.089038e-09	8.511964e+00	7.645997e+01
2.210000e-06	1.167484e-06	1.140212e-09	8.747279e+00	7.993458e+01
2.220000e-06	1.198794e-06	1.191012e-09	8.981867e+00	8.335590e+01
2.230000e-06	1.230071e-06	1.238557e-09	9.216206e+00	8.672264e+01
2.240000e-06	1.261272e-06	1.286747e-09	9.449981e+00	9.003368e+01
2.250000e-06	1.292367e-06	1.336339e-09	9.682960e+00	9.328809e+01
2.260000e-06	1.323279e-06	1.381050e-09	9.914563e+00	9.648511e+01
2.270000e-06	1.354002e-06	1.423159e-09	1.014475e+01	9.962414e+01
2.280000e-06	1.384695e-06	1.467985e-09	1.037472e+01	1.027048e+02
2.290000e-06	1.415318e-06	1.515166e-09	1.060416e+01	1.057267e+02
2.300000e-06	1.445847e-06	1.561859e-09	1.083289e+01	1.086898e+02
2.310000e-06	1.476289e-06	1.603649e-09	1.106098e+01	1.115941e+02
2.320000e-06	1.506487e-06	1.642511e-09	1.128723e+01	1.144398e+02
2.330000e-06	1.536562e-06	1.683240e-09	1.151257e+01	1.172271e+02
2.340000e-06	1.566608e-06	1.726685e-09	1.173768e+01	1.199564e+02
2.350000e-06	1.596596e-06	1.767284e-09	1.196237e+01	1.226282e+02
2.360000e-06	1.626524e-06	1.803469e-09	1.218660e+01	1.252431e+02
2.370000e-06	1.656363e-06	1.839013e-09	1.241017e+01	1.278017e+02
2.380000e-06	1.686127e-06	1.878752e-09	1.263317e+01	1.303048e+02
2.390000e-06	1.715787e-06	1.916764e-09	1.285540e+01	1.327531e+02
2.400000e-06	1.745353e-06	1.951303e-09	1.307692e+01	1.351475e+02
2.410000e-06	1.774830e-06	1.983769e-09	1.329777e+01	1.374889e+02
2.420000e-06	1.804210e-06	2.020140e-09	1.351790e+01	1.397783e+02
2.430000e-06	1.833418e-06	2.064582e-09	1.373674e+01	1.420165e+02
2.440000e-06	1.862459e-06	2.102166e-09	1.395433e+01	1.442047e+02
2.450000e-06	1.891371e-06	2.127909e-09	1.417094e+01	1.463436e+02
2.460000e-06	1.920109e-06	2.159064e-09	1.438626e+01	1.484345e+02
2.470000e-06	1.948699e-06	2.195565e-09	1.460048e+01	1.504781e+02
2.480000e-06	1.977046e-06	2.224204e-09	1.481286e+01	1.524757e+02
2.490000e-06	2.005257e-06	2.246546e-09	1.502423e+01	1.544280e+02
2.500000e-06	2.033490e-06	2.269758e-09	1.523576e+01	1.563361e+02
2.510000e-06	2.061637e-06	2.302754e-09	1.544665e+01	1.582010e+02
2.520000e-06	2.089689e-06	2.336826e-09	1.565683e+01	1.600235e+02
2.530000e-06	2.117662e-06	2.359323e-09	1.586642e+01	1.618046e+02
2.540000e-06	2.145579e-06	2.380383e-09	1.607558e+01	1.635452e+02
2.550000e-06	2.173433e-06	2.408470e-09	1.628427e+01	1.652460e+02
2.560000e-06	2.201207e-06	2.436963e-09	1.649237e+01	1.669080e+02
2.570000e-06	2.228867e-06	2.461968e-09	1.669961e+01	1.685319e+02
2.580000e-06	2.256464e-06	2.480690e-09	1.690638e+01	1.701186e+02
2.590000e-06	2.283985e-06	2.499842e-09	1.711258e+01	1.716688e+02
2.600000e-06	2.311188e-06	2.523262e-09	1.731640e+01	1.731832e+02
2.610000e-06	2.338121e-06	2.548038e-09	1.751819e+01	1.746625e+02
2.620000e-06	2.364808e-06	2.570445e-09	1.771814e+01	1.761075e+02
2.630000e-06	2.391217e-06	2.590522e-09	1.791600e+01	1.775188e+02
2.640000e-06	2.417256e-06	2.608945e-09	1.811109e+01	1.788972e+02
2.650000e-06	2.442879e-06	2.630212e-09	1.830307e+01	1.802432e+02
2.660000e-06	2.468235e-06	2.658339e-09	1.849305e+01	1.815575e+02
2.670000e-06	2.493276e-06	2.684928e-09	1.868067e+01	1.828408e+02
2.680000e-06	2.518001e-06	2.705700e-09	1.886592e+01	1.840937e+02
2.690000e-06	2.542549e-06	2.722598e-09	1.904984e+01	1.853168e+02
2.700000e-06	2.566924e-06	2.741893e-09	1.923247e+01	1.865108e+02
2.710000e-06	2.591122e-06	2.762566e-09	1.941377e+01	1.876764e+02
2.720000e-06	2.615161e-06	2.778908e-09	1.959389e+01	1.888141e+02
2.730000e-06	2.639096e-06	2.794101e-09	1.977322e+01	1.899246e+02
2.740000e-06	2.662990e-06	2.808882e-09	1.995224e+01	1.910086e+02
2.750000e-06	2.686818e-06	2.823469e-09	2.013077e+01	1.920668e+02
2.760000e-06	2.710484e-06	2.841079e-09	2.030808e+01	1.930997e+02
2.770000e-06	2.733991e-06	2.857252e-09	2.048421e+01	1.941081e+02
2.780000e-06	2.757383e-06	2.868738e-09	2.065947e+01	1.950927e+02
2.790000e-06	2.780459e-06	2.880972e-09	2.083237e+01	1.960541e+02
2.800000e-06	2.803225e-06	2.897447e-09	2.100294e+01	1.969930e+02
2.810000e-06	2.825873e-06	2.914634e-09	2.117263e+01	1.979101e+02
2.820000e-06	2.848312e-06	2.932588e-09	2.134075e+01	1.988061e+02
2.830000e-06	2.870445e-06	2.952304e-09	2.150658e+01	1.996817e+02
2.840000e-06	2.892407e-06	2.970335e-09	2.167113e+01	2.005376e+02
2.850000e-06	2.914305e-06	2.988042e-09	2.183520e+01	2.013745e+02
2.860000e-06	2.936056e-06	3.006804e-09	2.199816e+01	2.021930e+02
2.870000e-06	2.957558e-06	3.023830e-09	2.215927e+01	2.029938e+02
2.880000e-06	2.978849e-06	3.034353e-09	2.231879e+01	2.037775e+02
2.890000e-06	2.999854e-06	3.044211e-09	2.247617e+01	2.045448e+02
2.900000e-06	3.020561e-06	3.057686e-09	2.263132e+01	2.052964e+02
2.910000e-06	3.041190e-06	3.070420e-09	2.278587e+01	2.060327e+02
2.920000e-06	3.061683e-06	3.080959e-09	2.293942e+01	2.067545e+02
2.930000e-06	3.081907e-06	3.091445e-09	2.309095e+01	2.074622e+02
2.940000e-06	3.101942e-06	3.104765e-09	2.324105e+01	2.081564e+02
2.950000e-06	3.121857e-06	3.116569e-09	2.339026e+01	2.088375e+02
2.960000e-06	3.141696e-06	3.127399e-09	2.353891e+01	2.095061e+02
2.970000e-06	3.161497e-06	3.140934e-09	2.368726e+01	2.101625e+02
2.980000e-06	3.181177e-06	3.155175e-09	2.383472e+01	2.108072e+02
2.990000e-06	3.200612e-06	3.166441e-09	2.398033e+01	2.114405e+02
3.000000e-06	3.219737e-06	3.177157e-09	2.412362e+01	2.120628e+02
3.010000e-06	3.238526e-06	3.188862e-09	2.426440e+01	2.126743e+02
3.020000e-06	3.257085e-06	3.201286e-09	2.440345e+01	2.132754e+02
3.030000e-06	3.275472e-06	3.212226e-09	2.454121e+01	2.138661e+02
3.040000e-06	3.293652e-06	3.220900e-09	2.467742e+01	2.144468e+02
3.050000e-06	3.311528e-06	3.230408e-09	2.481136e+01	2.150176e+02
3.060000e-06	3.329178e-06	3.239799e-09	2.494360e+01	2.155787e+02
3.070000e-06	3.346557e-06	3.247229e-09	2.507381e+01	2.161300e+02
3.080000e-06	3.363675e-06	3.255510e-09	2.520207e+01	2.166717e+02
3.090000e-06	3.380815e-06	3.265757e-09	2.533048e+01	2.172039e+02
3.100000e-06	3.397786e-06	3.276963e-09	2.545764e+01	2.177265e+02
3.110000e-06	3.414489e-06	3.289467e-09	2.558279e+01	2.182395e+02
3.120000e-06	3.430996e-06	3.300073e-09	2.570646e+01	2.187430e+02
3.130000e-06	3.447166e-06	3.307859e-09	2.582762e+01	2.192370e+02
3.140000e-06	3.462926e-06	3.315973e-09	2.594570e+01	2.197213e+02
3.150000e-06	3.478328e-06	3.324382e-09	2.606109e+01	2.201959e+02
3.160000e-06	3.493353e-06	3.330122e-09	2.617367e+01	2.206608e+02
3.170000e-06	3.508114e-06	3.336980e-09	2.628426e+01	2.211159e+02
3.180000e-06	3.522609e-06	3.345600e-09	2.639287e+01	2.215612e+02
3.190000e-06	3.536730e-06	3.350811e-09	2.649867e+01	2.219966e+02
3.200000e-06	3.550621e-06	3.358151e-09	2.660275e+01	2.224221e+02
3.210000e-06	3.564342e-06	3.366272e-09	2.670555e+01	2.228377e+02
3.220000e-06	3.577826e-06	3.371166e-09	2.680658e+01	2.232433e+02
3.230000e-06	3.591002e-06	3.372556e-09	2.690530e+01	2.236389e+02
3.240000e-06	3.603875e-06	3.388554e-09	2.700174e+01	2.240245e+02
3.250000e-06	3.616488e-06	3.390745e-09	2.709625e+01	2.244002e+02
3.260000e-06	3.628900e-06	3.395307e-09	2.718924e+01	2.247659e+02
3.270000e-06	3.641024e-06	3.413112e-09	2.728008e+01	2.251218e+02
3.280000e-06	3.652877e-06	3.406883e-09	2.736889e+01	2.254680e+02
3.290000e-06	3.664576e-06	3.397820e-09	2.745654e+01	2.258045e+02
3.300000e-06	3.676000e-06	3.394127e-09	2.754214e+01	2.261314e+02
3.310000e-06	3.687169e-06	3.413357e-09	2.762582e+01	2.264489e+02
3.320000e-06	3.697962e-06	3.432575e-09	2.770669e+01	2.267571e+02
3.330000e-06	3.708299e-06	3.430904e-09	2.778413e+01	2.270562e+02
3.340000e-06	3.718192e-06	3.431968e-09	2.785826e+01	2.273464e+02
3.350000e-06	3.727515e-06	3.439727e-09	2.792811e+01	2.276279e+02
3.360000e-06	3.736443e-06	3.452344e-09	2.799500e+01	2.279009e+02
3.370000e-06	3.745128e-06	3.466456e-09	2.806008e+01	2.281656e+02
3.380000e-06	3.753588e-06	3.467876e-09	2.812346e+01	2.284222e+02
3.390000e-06	3.761799e-06	3.457665e-09	2.818498e+01	2.286709e+02
3.400000e-06	3.769833e-06	3.459737e-09	2.824517e+01	2.289120e+02
3.410000e-06	3.777718e-06	3.473915e-09	2.830425e+01	2.291457e+02
3.420000e-06	3.785363e-06	3.480966e-09	2.836153e+01	2.293722e+02
3.430000e-06	3.792755e-06	3.487497e-09	2.841692e+01	2.295917e+02
3.440000e-06	3.799928e-06	3.490189e-09	2.847066e+01	2.298044e+02
3.450000e-06	3.806849e-06	3.487950e-09	2.852252e+01	2.300105e+02
3.460000e-06	3.813430e-06	3.497169e-09	2.857182e+01	2.302102e+02
3.470000e-06	3.819717e-06	3.515458e-09	2.861893e+01	2.304035e+02
3.480000e-06	3.825777e-06	3.519567e-09	2.866433e+01	2.305907e+02
3.490000e-06	3.831653e-06	3.511695e-09	2.870835e+01	2.307718e+02
3.500000e-06	3.837319e-06	3.518910e-09	2.875081e+01	2.309469e+02
3.510000e-06	3.842639e-06	3.531978e-09	2.879066e+01	2.311161e+02
3.520000e-06	3.847666e-06	3.533512e-09	2.882833e+01	2.312794e+02
3.530000e-06	3.852368e-06	3.533276e-09	2.886356e+01	2.314367e+02
3.540000e-06	3.856840e-06	3.541952e-09	2.889707e+01	2.315882e+02
3.550000e-06	3.861138e-06	3.545292e-09	2.892927e+01	2.317336e+02
3.560000e-06	3.865173e-06	3.544381e-09	2.895950e+01	2.318730e+02
3.570000e-06	3.869098e-06	3.547981e-09	2.898891e+01	2.320061e+02
3.580000e-06	3.872936e-06	3.546260e-09	2.901766e+01	2.321330e+02
3.590000e-06	3.876596e-06	3.546107e-09	2.904509e+01	2.322534e+02
3.600000e-06	3.880016e-06	3.549723e-09	2.907071e+01	2.323671e+02
3.610000e-06	3.883089e-06	3.550210e-09	2.909374e+01	2.324739e+02
3.620000e-06	3.885756e-06	3.553455e-09	2.911372e+01	2.325737e+02
3.630000e-06	3.888076e-06	3.566351e-09	2.913110e+01	2.326661e+02
3.640000e-06	3.889955e-06	3.578907e-09	2.914518e+01	2.327510e+02
3.650000e-06	3.891300e-06	3.579151e-09	2.915526e+01	2.328280e+02
3.660000e-06	3.892177e-06	3.580538e-09	2.916183e+01	2.328970e+02
3.670000e-06	3.892718e-06	3.586771e-09	2.916588e+01	2.329576e+02
3.680000e-06	3.893040e-06	3.587624e-09	2.916829e+01	2.330097e+02
3.690000e-06	3.893168e-06	3.584428e-09	2.916925e+01	2.330528e+02
3.700000e-06	3.893112e-06	3.580719e-09	2.916883e+01	2.330869e+02
3.710000e-06	3.892895e-06	3.579451e-09	2.916721e+01	2.331116e+02
3.720000e-06	3.892519e-06	3.578057e-09	2.916439e+01	2.331268e+02
3.730000e-06	3.891918e-06	3.576739e-09	2.915988e+01	2.331322e+02
3.740000e-06	3.891083e-06	3.577548e-09	2.915363e+01	2.331276e+02
3.750000e-06	3.889914e-06	3.580554e-09	2.914487e+01	2.331130e+02
3.760000e-06	3.888343e-06	3.581277e-09	2.913310e+01	2.330881e+02
3.770000e-06	3.886520e-06	3.595234e-09	2.911944e+01	2.330528e+02
3.780000e-06	3.884440e-06	3.586244e-09	2.910385e+01	2.330072e+02
3.790000e-06	3.882040e-06	3.556732e-09	2.908588e+01	2.329511e+02
3.800000e-06	3.879322e-06	3.541057e-09	2.906551e+01	2.328845e+02
3.810000e-06	3.876356e-06	3.582840e-09	2.904329e+01	2.328076e+02
3.820000e-06	3.873234e-06	3.615454e-09	2.901990e+01	2.327202e+02
3.830000e-06	3.869891e-06	3.626095e-09	2.899485e+01	2.326226e+02
3.840000e-06	3.866362e-06	3.618915e-09	2.896841e+01	2.325149e+02
3.850000e-06	3.862602e-06	3.537156e-09	2.894023e+01	2.323972e+02
3.860000e-06	3.858611e-06	3.560426e-09	2.891034e+01	2.322697e+02
3.870000e-06	3.854531e-06	3.599973e-09	2.887977e+01	2.321327e+02
3.880000e-06	3.850341e-06	3.637322e-09	2.884838e+01	2.319864e+02
3.890000e-06	3.845883e-06	3.562814e-09	2.881498e+01	2.318310e+02
3.900000e-06	3.841161e-06	3.552100e-09	2.877959e+01	2.316670e+02
3.910000e-06	3.836234e-06	3.543221e-09	2.874268e+01	2.314945e+02
3.920000e-06	3.830942e-06	3.581878e-09	2.870303e+01	2.313140e+02
3.930000e-06	3.825293e-06	3.591723e-09	2.866070e+01	2.311257e+02
3.940000e-06	3.819045e-06	3.539054e-09	2.861389e+01	2.309301e+02
3.950000e-06	3.812139e-06	3.489896e-09	2.856215e+01	2.307275e+02
3.960000e-06	3.804888e-06	3.516831e-09	2.850782e+01	2.305182e+02
3.970000e-06	3.797407e-06	3.585447e-09	2.845177e+01	2.303027e+02
3.980000e-06	3.789650e-06	3.551674e-09	2.839365e+01	2.300812e+02
3.990000e-06	3.781665e-06	3.475664e-09	2.833382e+01	2.298542e+02
4.000000e-06	3.773522e-06	3.463582e-09	2.827281e+01	2.296218e+02
4.010000e-06	3.765183e-06	3.571930e-09	2.821033e+01	2.293846e+02
4.020000e-06	3.756647e-06	3.569296e-09	2.814638e+01	2.291426e+02
4.030000e-06	3.747900e-06	3.490784e-09	2.808084e+01	2.288962e+02
4.040000e-06	3.738876e-06	3.440581e-09	2.801323e+01	2.286457e+02
4.050000e-06	3.729597e-06	3.540469e-09	2.794371e+01	2.283912e+02
4.060000e-06	3.719968e-06	3.560828e-09	2.787156e+01	2.281328e+02
4.070000e-06	3.710044e-06	3.501044e-09	2.779721e+01	2.278708e+02
4.080000e-06	3.700034e-06	3.444550e-09	2.772221e+01	2.276053e+02
4.090000e-06	3.689782e-06	3.496282e-09	2.764540e+01	2.273362e+02
4.100000e-06	3.679181e-06	3.517555e-09	2.756597e+01	2.270637e+02
4.110000e-06	3.668291e-06	3.480841e-09	2.748438e+01	2.267876e+02
4.120000e-06	3.657164e-06	3.438566e-09	2.740101e+01	2.265081e+02
4.130000e-06	3.645767e-06	3.476902e-09	2.731562e+01	2.262249e+02
4.140000e-06	3.634100e-06	3.490766e-09	2.722820e+01	2.259380e+02
4.150000e-06	3.622267e-06	3.466130e-09	2.713954e+01	2.256473e+02
4.160000e-06	3.610220e-06	3.455185e-09	2.704929e+01	2.253525e+02
4.170000e-06	3.597875e-06	3.474888e-09	2.695679e+01	2.250534e+02
4.180000e-06	3.585304e-06	3.467478e-09	2.686260e+01	2.247499e+02
4.190000e-06	3.572438e-06	3.453130e-09	2.676621e+01	2.244416e+02
4.200000e-06	3.559013e-06	3.466380e-09	2.666562e+01	2.241283e+02
4.210000e-06	3.545039e-06	3.448258e-09	2.656093e+01	2.238097e+02
4.220000e-06	3.530711e-06	3.417384e-09	2.645357e+01	2.234855e+02
4.230000e-06	3.515955e-06	3.439409e-09	2.634301e+01	2.231555e+02
4.240000e-06	3.500710e-06	3.476999e-09	2.622879e+01	2.228192e+02
4.250000e-06	3.485105e-06	3.416291e-09	2.611187e+01	2.224764e+02
4.260000e-06	3.469309e-06	3.385747e-09	2.599352e+01	2.221268e+02
4.270000e-06	3.453446e-06	3.446611e-09	2.587467e+01	2.217701e+02
4.280000e-06	3.437477e-06	3.465986e-09	2.575502e+01	2.214059e+02
4.290000e-06	3.421373e-06	3.378719e-09	2.563436e+01	2.210342e+02
4.300000e-06	3.405125e-06	3.377882e-09	2.551263e+01	2.206545e+02
4.310000e-06	3.388738e-06	3.438580e-09	2.538985e+01	2.202667e+02
4.320000e-06	3.372149e-06	3.421551e-09	2.526556e+01	2.198705e+02
4.330000e-06	3.355248e-06	3.355601e-09	2.513893e+01	2.194658e+02
4.340000e-06	3.338099e-06	3.375315e-09	2.501044e+01	2.190525e+02
4.350000e-06	3.320664e-06	3.398954e-09	2.487981e+01	2.186304e+02
4.360000e-06	3.302905e-06	3.369886e-09	2.474675e+01	2.181995e+02
4.370000e-06	3.284893e-06	3.343536e-09	2.461180e+01	2.177597e+02
4.380000e-06	3.266652e-06	3.355313e-09	2.447513e+01	2.173109e+02
4.390000e-06	3.248238e-06	3.342218e-09	2.433717e+01	2.168533e+02
4.400000e-06	3.229642e-06	3.334613e-09	2.419783e+01	2.163868e+02
4.410000e-06	3.210817e-06	3.342827e-09	2.405679e+01	2.159115e+02
4.420000e-06	3.191771e-06	3.331647e-09	2.391409e+01	2.154275e+02
4.430000e-06	3.172457e-06	3.306972e-09	2.376938e+01	2.149350e+02
4.440000e-06	3.152925e-06	3.317515e-09	2.362304e+01	2.144341e+02
4.450000e-06	3.133204e-06	3.333628e-09	2.347529e+01	2.139250e+02
4.460000e-06	3.113335e-06	3.311504e-09	2.332641e+01	2.134079e+02
4.470000e-06	3.093379e-06	3.289447e-09	2.317690e+01	2.128829e+02
4.480000e-06	3.073342e-06	3.297682e-09	2.302677e+01	2.123504e+02
4.490000e-06	3.053214e-06	3.306013e-09	2.287596e+01	2.118105e+02
4.500000e-06	3.032979e-06	3.281568e-09	2.272435e+01	2.112634e+02
4.510000e-06	3.012557e-06	3.260745e-09	2.257135e+01	2.107093e+02
4.520000e-06	2.991928e-06	3.258229e-09	2.241679e+01	2.101486e+02
4.530000e-06	2.971004e-06	3.258173e-09	2.226001e+01	2.095813e+02
4.540000e-06	2.949739e-06	3.241480e-09	2.210069e+01	2.090076e+02
4.550000e-06	2.928132e-06	3.230780e-09	2.193880e+01	2.084278e+02
4.560000e-06	2.906066e-06	3.221298e-09	2.177346e+01	2.078419e+02
4.570000e-06	2.883614e-06	3.212395e-09	2.160525e+01	2.072501e+02
4.580000e-06	2.860751e-06	3.204890e-09	2.143395e+01	2.066524e+02
4.590000e-06	2.837540e-06	3.203697e-09	2.126004e+01	2.060488e+02
4.600000e-06	2.814143e-06	3.190069e-09	2.108474e+01	2.054395e+02
4.610000e-06	2.790534e-06	3.176247e-09	2.090785e+01	2.048243e+02
4.620000e-06	2.766765e-06	3.173152e-09	2.072977e+01	2.042031e+02
4.630000e-06	2.742867e-06	3.171388e-09	2.055071e+01	2.035759e+02
4.640000e-06	2.718854e-06	3.152351e-09	2.037080e+01	2.029425e+02
4.650000e-06	2.694764e-06	3.137384e-09	2.019030e+01	2.023025e+02
4.660000e-06	2.670599e-06	3.137841e-09	2.000925e+01	2.016559e+02
4.670000e-06	2.646326e-06	3.130920e-09	1.982739e+01	2.010023e+02
4.680000e-06	2.621945e-06	3.113770e-09	1.964471e+01	2.003413e+02
4.690000e-06	2.597395e-06	3.102831e-09	1.946078e+01	1.996725e+02
4.700000e-06	2.572608e-06	3.087728e-09	1.927506e+01	1.989956e+02
4.710000e-06	2.547610e-06	3.069410e-09	1.908777e+01	1.983100e+02
4.720000e-06	2.522416e-06	3.054677e-09	1.889900e+01	1.976153e+02
4.730000e-06	2.497044e-06	3.052173e-09	1.870890e+01	1.969108e+02
4.740000e-06	2.471503e-06	3.047161e-09	1.851754e+01	1.961961e+02
4.750000e-06	2.445780e-06	3.031460e-09	1.832481e+01	1.954706e+02
4.760000e-06	2.419924e-06	3.021634e-09	1.813109e+01	1.947337e+02
4.770000e-06	2.393901e-06	3.015481e-09	1.793611e+01	1.939847e+02
4.780000e-06	2.367697e-06	3.008581e-09	1.773978e+01	1.932231e+02
4.790000e-06	2.341343e-06	2.998022e-09	1.754233e+01	1.924482e+02
4.800000e-06	2.314871e-06	2.983653e-09	1.734399e+01	1.916594e+02
4.810000e-06	2.288258e-06	2.966512e-09	1.714459e+01	1.908561e+02
4.820000e-06	2.261445e-06	2.956764e-09	1.694370e+01	1.900377e+02
4.830000e-06	2.234533e-06	2.947806e-09	1.674206e+01	1.892035e+02
4.840000e-06	2.207382e-06	2.936243e-09	1.653864e+01	1.883531e+02
4.850000e-06	2.179968e-06	2.922857e-09	1.633324e+01	1.874859e+02
4.860000e-06	2.152392e-06	2.909600e-09	1.612663e+01	1.866014e+02
4.870000e-06	2.124634e-06	2.897114e-09	1.591865e+01	1.856990e+02
4.880000e-06	2.096793e-06	2.890205e-09	1.571005e+01	1.847784e+02
4.890000e-06	2.068923e-06	2.880475e-09	1.550124e+01	1.838391e+02
4.900000e-06	2.040970e-06	2.865137e-09	1.529181e+01	1.828807e+02
4.910000e-06	2.012921e-06	2.848927e-09	1.508165e+01	1.819030e+02
4.920000e-06	1.984827e-06	2.834987e-09	1.487116e+01	1.809055e+02
4.930000e-06	1.956698e-06	2.819274e-09	1.466041e+01	1.798881e+02
4.940000e-06	1.928463e-06	2.806624e-09	1.444885e+01	1.788505e+02
4.950000e-06	1.900196e-06	2.797005e-09	1.423707e+01	1.777926e+02
4.960000e-06	1.871937e-06	2.784629e-09	1.402534e+01	1.767141e+02
4.970000e-06	1.843504e-06	2.767985e-09	1.381231e+01	1.756149e+02
4.980000e-06	1.814867e-06	2.750801e-09	1.359775e+01	1.744950e+02
4.990000e-06	1.786050e-06	2.731562e-09	1.338184e+01	1.733542e+02
5.000000e-06	1.756999e-06	2.710535e-09	1.316417e+01	1.721925e+02
5.010000e-06	1.727831e-06	2.691450e-09	1.294564e+01	1.710099e+02
5.020000e-06	1.698607e-06	2.672969e-09	1.272668e+01	1.698063e+02
5.030000e-06	1.669083e-06	2.655601e-09	1.250547e+01	1.685816e+02
5.040000e-06	1.639245e-06	2.639685e-09	1.228192e+01	1.673358e+02
5.050000e-06	1.609159e-06	2.627873e-09	1.205650e+01	1.660688e+02
5.060000e-06	1.578913e-06	2.613807e-09	1.182988e+01	1.647806e+02
5.070000e-06	1.548563e-06	2.595415e-09	1.160248e+01	1.634710e+02
5.080000e-06	1.517964e-06	2.577523e-09	1.137322e+01	1.621398e+02
5.090000e-06	1.487136e-06	2.560116e-09	1.114225e+01	1.607869e+02
5.100000e-06	1.456146e-06	2.537791e-09	1.091006e+01	1.594120e+02
5.110000e-06	1.424991e-06	2.510575e-09	1.067663e+01	1.580149e+02
5.120000e-06	1.393676e-06	2.482365e-09	1.044200e+01	1.565951e+02
5.130000e-06	1.362233e-06	2.455494e-09	1.020642e+01	1.551522e+02
5.140000e-06	1.330681e-06	2.429506e-09	9.970022e+00	1.536857e+02
5.150000e-06	1.299006e-06	2.405618e-09	9.732696e+00	1.521951e+02
5.160000e-06	1.267265e-06	2.380699e-09	9.494885e+00	1.506797e+02
5.170000e-06	1.235503e-06	2.353868e-09	9.256907e+00	1.491387e+02
5.180000e-06	1.203653e-06	2.327363e-09	9.018278e+00	1.475713e+02
5.190000e-06	1.171710e-06	2.304762e-09	8.778947e+00	1.459765e+02
5.200000e-06	1.139741e-06	2.279173e-09	8.539422e+00	1.443535e+02
5.210000e-06	1.107743e-06	2.251189e-09	8.299678e+00	1.427010e+02
5.220000e-06	1.075721e-06	2.226544e-09	8.059754e+00	1.410179e+02
5.230000e-06	1.043714e-06	2.203061e-09	7.819945e+00	1.393030e+02
5.240000e-06	1.011658e-06	2.175251e-09	7.579767e+00	1.375549e+02
5.250000e-06	9.795549e-07	2.144218e-09	7.339237e+00	1.357722e+02
5.260000e-06	9.474366e-07	2.115840e-09	7.098593e+00	1.339534e+02
5.270000e-06	9.153103e-07	2.090388e-09	6.857890e+00	1.320970e+02
5.280000e-06	8.831353e-07	2.063096e-09	6.616821e+00	1.302013e+02
5.290000e-06	8.509508e-07	2.032448e-09	6.375681e+00	1.282649e+02
5.300000e-06	8.187004e-07	2.002436e-09	6.134048e+00	1.262859e+02
5.310000e-06	7.863368e-07	1.976391e-09	5.891566e+00	1.242627e+02
5.320000e-06	7.540135e-07	1.948397e-09	5.649386e+00	1.221936e+02
5.330000e-06	7.217028e-07	1.915372e-09	5.407300e+00	1.200769e+02
5.340000e-06	6.893060e-07	1.879442e-09	5.164571e+00	1.179109e+02
5.350000e-06	6.568076e-07	1.843996e-09	4.921079e+00	1.156941e+02
5.360000e-06	6.242938e-07	1.810776e-09	4.677472e+00	1.134246e+02
5.370000e-06	5.918220e-07	1.774412e-09	4.434179e+00	1.111011e+02
5.380000e-06	5.592578e-07	1.737379e-09	4.190194e+00	1.087220e+02
5.390000e-06	5.266859e-07	1.701559e-09	3.946152e+00	1.062859e+02
5.400000e-06	4.941465e-07	1.664598e-09	3.702353e+00	1.037915e+02
5.410000e-06	4.615442e-07	1.624275e-09	3.458083e+00	1.012376e+02
5.420000e-06	4.289311e-07	1.584156e-09	3.213732e+00	9.862315e+01
5.430000e-06	3.962424e-07	1.543859e-09	2.968815e+00	9.594723e+01
5.440000e-06	3.634809e-07	1.502977e-09	2.723352e+00	9.320904e+01
5.450000e-06	3.306577e-07	1.460394e-09	2.477426e+00	9.040798e+01
5.460000e-06	2.977408e-07	1.417339e-09	2.230799e+00	8.754359e+01
5.470000e-06	2.647596e-07	1.371667e-09	1.983690e+00	8.461562e+01
5.480000e-06	2.318581e-07	1.323642e-09	1.737178e+00	8.162399e+01
5.490000e-06	1.990697e-07	1.274871e-09	1.491514e+00	7.856885e+01
5.500000e-06	1.662190e-07	1.223026e-09	1.245382e+00	7.545053e+01
5.510000e-06	1.333066e-07	1.169828e-09	9.987890e-01	7.226958e+01
5.520000e-06	1.003754e-07	1.119238e-09	7.520548e-01	6.902677e+01
5.530000e-06	6.737485e-08	1.068047e-09	5.048007e-01	6.572308e+01
5.540000e-06	3.438612e-08	1.014168e-09	2.576352e-01	6.235972e+01
5.550000e-06	1.382834e-09	9.594061e-10	1.036078e-02	5.893811e+01
5.560000e-06	-3.165473e-08	9.019425e-10	-2.371705e-01	5.545991e+01
5.570000e-06	-6.464044e-08	8.417965e-10	-4.843133e-01	5.192695e+01
5.580000e-06	-9.756152e-08	7.790898e-10	-7.309719e-01	4.834132e+01
5.590000e-06	-1.304976e-07	7.199078e-10	-9.777427e-01	4.470529e+01
5.600000e-06	-1.634689e-07	6.634296e-10	-1.224778e+00	4.102132e+01
5.610000e-06	-1.963619e-07	6.071189e-10	-1.471226e+00	3.729208e+01
5.620000e-06	-2.292131e-07	5.485554e-10	-1.717361e+00	3.352040e+01
5.630000e-06	-2.621714e-07	4.873523e-10	-1.964298e+00	2.970928e+01
5.640000e-06	-2.951169e-07	4.253082e-10	-2.211140e+00	2.586188e+01
5.650000e-06	-3.279326e-07	3.602261e-10	-2.457009e+00	2.198150e+01
5.660000e-06	-3.607148e-07	2.953464e-10	-2.702627e+00	1.807158e+01
5.670000e-06	-3.934496e-07	2.335944e-10	-2.947890e+00	1.413564e+01
5.680000e-06	-4.261017e-07	1.731143e-10	-3.192533e+00	1.017733e+01
5.690000e-06	-4.588299e-07	1.112773e-10	-3.437747e+00	6.200359e+00
5.700000e-06	-4.915688e-07	4.753432e-11	-3.683040e+00	2.208509e+00
5.710000e-06	-5.242048e-07	-1.595085e-11	-3.927563e+00	-1.794394e+00
5.720000e-06	-5.568052e-07	-7.692944e-11	-4.171819e+00	-5.804496e+00
5.730000e-06	-5.894260e-07	-1.388330e-10	-4.416227e+00	-9.817929e+00
5.740000e-06	-6.220507e-07	-2.044576e-10	-4.660666e+00	-1.383083e+01
5.750000e-06	-6.545504e-07	-2.712813e-10	-4.904167e+00	-1.783937e+01
5.760000e-06	-6.870327e-07	-3.347603e-10	-5.147538e+00	-2.183974e+01
5.770000e-06	-7.194688e-07	-3.989933e-10	-5.390563e+00	-2.582819e+01
5.780000e-06	-7.519099e-07	-4.641326e-10	-5.633625e+00	-2.980107e+01
5.790000e-06	-7.843463e-07	-5.295096e-10	-5.876652e+00	-3.375477e+01
5.800000e-06	-8.165954e-07	-5.921262e-10	-6.118276e+00	-3.768583e+01
5.810000e-06	-8.488080e-07	-6.508318e-10	-6.359626e+00	-4.159086e+01
5.820000e-06	-8.810519e-07	-7.108808e-10	-6.601211e+00	-4.546662e+01
5.830000e-06	-9.132224e-07	-7.726785e-10	-6.842246e+00	-4.931001e+01
5.840000e-06	-9.453261e-07	-8.322698e-10	-7.082781e+00	-5.311807e+01
5.850000e-06	-9.774291e-07	-8.919536e-10	-7.323309e+00	-5.688801e+01
5.860000e-06	-1.009567e-06	-9.545105e-10	-7.564099e+00	-6.061717e+01
5.870000e-06	-1.041651e-06	-1.016048e-09	-7.804488e+00	-6.430311e+01
5.880000e-06	-1.073673e-06	-1.074488e-09	-8.044411e+00	-6.794355e+01
5.890000e-06	-1.105689e-06	-1.131045e-09	-8.284284e+00	-7.153636e+01
5.900000e-06	-1.137659e-06	-1.187834e-09	-8.523819e+00	-7.507965e+01
5.910000e-06	-1.169562e-06	-1.243695e-09	-8.762852e+00	-7.857167e+01
5.920000e-06	-1.201450e-06	-1.297842e-09	-9.001769e+00	-8.201088e+01
5.930000e-06	-1.233228e-06	-1.351882e-09	-9.239859e+00	-8.539592e+01
5.940000e-06	-1.264853e-06	-1.406666e-09	-9.476812e+00	-8.872561e+01
5.950000e-06	-1.296423e-06	-1.464041e-09	-9.713345e+00	-9.199897e+01
5.960000e-06	-1.327973e-06	-1.523201e-09	-9.949729e+00	-9.521516e+01
5.970000e-06	-1.359460e-06	-1.577156e-09	-1.018564e+01	-9.837355e+01
5.980000e-06	-1.390800e-06	-1.628331e-09	-1.042046e+01	-1.014736e+02
5.990000e-06	-1.421946e-06	-1.677858e-09	-1.065381e+01	-1.045151e+02
6.000000e-06	-1.452969e-06	-1.724850e-09	-1.088626e+01	-1.074978e+02
6.010000e-06	-1.483913e-06	-1.768385e-09	-1.111810e+01	-1.104217e+02
6.020000e-06	-1.514542e-06	-1.811904e-09	-1.134759e+01	-1.132869e+02
6.030000e-06	-1.544956e-06	-1.856179e-09	-1.157546e+01	-1.160936e+02
6.040000e-06	-1.575221e-06	-1.901796e-09	-1.180222e+01	-1.188422e+02
6.050000e-06	-1.605266e-06	-1.946015e-09	-1.202733e+01	-1.215330e+02
6.060000e-06	-1.635119e-06	-1.989240e-09	-1.225100e+01	-1.241668e+02
6.070000e-06	-1.664753e-06	-2.030237e-09	-1.247303e+01	-1.267441e+02
6.080000e-06	-1.694156e-06	-2.067618e-09	-1.269333e+01	-1.292655e+02
6.090000e-06	-1.723368e-06	-2.104087e-09	-1.291220e+01	-1.317320e+02
6.100000e-06	-1.752369e-06	-2.139644e-09	-1.312949e+01	-1.341442e+02
6.110000e-06	-1.781074e-06	-2.172338e-09	-1.334456e+01	-1.365032e+02
6.120000e-06	-1.809599e-06	-2.204653e-09	-1.355827e+01	-1.388098e+02
6.130000e-06	-1.837969e-06	-2.239754e-09	-1.377083e+01	-1.410649e+02
6.140000e-06	-1.866222e-06	-2.276109e-09	-1.398252e+01	-1.432696e+02
6.150000e-06	-1.894447e-06	-2.310625e-09	-1.419400e+01	-1.454248e+02
6.160000e-06	-1.922647e-06	-2.342241e-09	-1.440528e+01	-1.475316e+02
6.170000e-06	-1.950794e-06	-2.374892e-09	-1.461617e+01	-1.495908e+02
6.180000e-06	-1.978878e-06	-2.403712e-09	-1.482658e+01	-1.516036e+02
6.190000e-06	-2.006913e-06	-2.430090e-09	-1.503664e+01	-1.535709e+02
6.200000e-06	-2.034859e-06	-2.461626e-09	-1.524602e+01	-1.554936e+02
6.210000e-06	-2.062767e-06	-2.491655e-09	-1.545512e+01	-1.573728e+02
6.220000e-06	-2.090601e-06	-2.517220e-09	-1.566366e+01	-1.592093e+02
6.230000e-06	-2.118310e-06	-2.547821e-09	-1.587127e+01	-1.610041e+02
6.240000e-06	-2.145968e-06	-2.579829e-09	-1.607850e+01	-1.627580e+02
6.250000e-06	-2.173464e-06	-2.603486e-09	-1.628451e+01	-1.644720e+02
6.260000e-06	-2.200746e-06	-2.617782e-09	-1.648891e+01	-1.661468e+02
6.270000e-06	-2.227867e-06	-2.634994e-09	-1.669212e+01	-1.677833e+02
6.280000e-06	-2.254669e-06	-2.660305e-09	-1.689293e+01	-1.693823e+02
6.290000e-06	-2.281193e-06	-2.688131e-09	-1.709166e+01	-1.709445e+02
6.300000e-06	-2.307581e-06	-2.711045e-09	-1.728937e+01	-1.724707e+02
6.310000e-06	-2.333889e-06	-2.729288e-09	-1.748648e+01	-1.739616e+02
6.320000e-06	-2.360101e-06	-2.751070e-09	-1.768287e+01	-1.754180e+02
6.330000e-06	-2.386137e-06	-2.776124e-09	-1.787794e+01	-1.768404e+02
6.340000e-06	-2.412074e-06	-2.799059e-09	-1.807227e+01	-1.782297e+02
6.350000e-06	-2.437881e-06	-2.815725e-09	-1.826563e+01	-1.795863e+02
6.360000e-06	-2.463443e-06	-2.831257e-09	-1.845715e+01	-1.809111e+02
6.370000e-06	-2.488771e-06	-2.849621e-09	-1.864692e+01	-1.822047e+02
6.380000e-06	-2.513907e-06	-2.869836e-09	-1.883525e+01	-1.834676e+02
6.390000e-06	-2.538783e-06	-2.890963e-09	-1.902163e+01	-1.847005e+02
6.400000e-06	-2.563517e-06	-2.910028e-09	-1.920695e+01	-1.859042e+02
6.410000e-06	-2.588183e-06	-2.923452e-09	-1.939176e+01	-1.870791e+02
6.420000e-06	-2.612621e-06	-2.936364e-09	-1.957485e+01	-1.882260e+02
6.430000e-06	-2.636850e-06	-2.954686e-09	-1.975639e+01	-1.893455e+02
6.440000e-06	-2.660988e-06	-2.973480e-09	-1.993724e+01	-1.904382e+02
6.450000e-06	-2.685048e-06	-2.987292e-09	-2.011751e+01	-1.915049e+02
6.460000e-06	-2.709072e-06	-3.001320e-09	-2.029750e+01	-1.925462e+02
6.470000e-06	-2.733039e-06	-3.018493e-09	-2.047708e+01	-1.935626e+02
6.480000e-06	-2.756857e-06	-3.034088e-09	-2.065553e+01	-1.945550e+02
6.490000e-06	-2.780594e-06	-3.050332e-09	-2.083338e+01	-1.955241e+02
6.500000e-06	-2.804174e-06	-3.066929e-09	-2.101005e+01	-1.964704e+02
6.510000e-06	-2.827440e-06	-3.081319e-09	-2.118437e+01	-1.973946e+02
6.520000e-06	-2.850390e-06	-3.094890e-09	-2.135632e+01	-1.982976e+02
6.530000e-06	-2.872984e-06	-3.109979e-09	-2.152560e+01	-1.991799e+02
6.540000e-06	-2.895358e-06	-3.123371e-09	-2.169324e+01	-2.000422e+02
6.550000e-06	-2.917444e-06	-3.133560e-09	-2.185871e+01	-2.008853e+02
6.560000e-06	-2.939003e-06	-3.144313e-09	-2.202025e+01	-2.017099e+02
6.570000e-06	-2.960129e-06	-3.156220e-09	-2.217853e+01	-2.025164e+02
6.580000e-06	-2.980943e-06	-3.165923e-09	-2.233448e+01	-2.033058e+02
6.590000e-06	-3.001477e-06	-3.176365e-09	-2.248833e+01	-2.040785e+02
6.600000e-06	-3.021823e-06	-3.187758e-09	-2.264077e+01	-2.048352e+02
6.610000e-06	-3.042085e-06	-3.196964e-09	-2.279258e+01	-2.055765e+02
6.620000e-06	-3.062265e-06	-3.206968e-09	-2.294378e+01	-2.063031e+02
6.630000e-06	-3.082360e-06	-3.220886e-09	-2.309434e+01	-2.070154e+02
6.640000e-06	-3.102354e-06	-3.233504e-09	-2.324414e+01	-2.077140e+02
6.650000e-06	-3.122217e-06	-3.243575e-09	-2.339296e+01	-2.083994e+02
6.660000e-06	-3.141984e-06	-3.254101e-09	-2.354107e+01	-2.090720e+02
6.670000e-06	-3.161511e-06	-3.264559e-09	-2.368737e+01	-2.097324e+02
6.680000e-06	-3.180686e-06	-3.272308e-09	-2.383103e+01	-2.103810e+02
6.690000e-06	-3.199606e-06	-3.278856e-09	-2.397279e+01	-2.110180e+02
6.700000e-06	-3.218294e-06	-3.288588e-09	-2.411281e+01	-2.116439e+02
6.710000e-06	-3.236751e-06	-3.298034e-09	-2.425110e+01	-2.122590e+02
6.720000e-06	-3.255026e-06	-3.303742e-09	-2.438802e+01	-2.128635e+02
6.730000e-06	-3.273134e-06	-3.307915e-09	-2.452370e+01	-2.134576e+02
6.740000e-06	-3.291077e-06	-3.315195e-09	-2.465813e+01	-2.140416e+02
6.750000e-06	-3.308820e-06	-3.323188e-09	-2.479107e+01	-2.146157e+02
6.760000e-06	-3.326334e-06	-3.327211e-09	-2.492229e+01	-2.151799e+02
6.770000e-06	-3.343541e-06	-3.330220e-09	-2.505122e+01	-2.157344e+02
6.780000e-06	-3.360432e-06	-3.336793e-09	-2.517777e+01	-2.162793e+02
6.790000e-06	-3.377132e-06	-3.346435e-09	-2.530290e+01	-2.168146e+02
6.800000e-06	-3.393635e-06	-3.355676e-09	-2.542654e+01	-2.173404e+02
6.810000e-06	-3.409966e-06	-3.360362e-09	-2.554890e+01	-2.178566e+02
6.820000e-06	-3.426204e-06	-3.366179e-09	-2.567056e+01	-2.183633e+02
6.830000e-06	-3.442307e-06	-3.376672e-09	-2.579121e+01	-2.188604e+02
6.840000e-06	-3.458208e-06	-3.385734e-09	-2.591035e+01	-2.193479e+02
6.850000e-06	-3.473941e-06	-3.390382e-09	-2.602823e+01	-2.198257e+02
6.860000e-06	-3.489440e-06	-3.394420e-09	-2.614435e+01	-2.202938e+02
6.870000e-06	-3.504559e-06	-3.401906e-09	-2.625763e+01	-2.207522e+02
6.880000e-06	-3.519118e-06	-3.409747e-09	-2.636671e+01	-2.212008e+02
6.890000e-06	-3.533204e-06	-3.414614e-09	-2.647225e+01	-2.216394e+02
6.900000e-06	-3.546862e-06	-3.418288e-09	-2.657458e+01	-2.220682e+02
6.910000e-06	-3.560085e-06	-3.421559e-09	-2.667366e+01	-2.224871e+02
6.920000e-06	-3.572960e-06	-3.424960e-09	-2.677012e+01	-2.228960e+02
6.930000e-06	-3.585574e-06	-3.427792e-09	-2.686463e+01	-2.232949e+02
6.940000e-06	-3.597921e-06	-3.429839e-09	-2.695713e+01	-2.236838e+02
6.950000e-06	-3.610066e-06	-3.432591e-09	-2.704813e+01	-2.240627e+02
6.960000e-06	-3.622028e-06	-3.436565e-09	-2.713776e+01	-2.244318e+02
6.970000e-06	-3.633741e-06	-3.440920e-09	-2.722552e+01	-2.247909e+02
6.980000e-06	-3.645218e-06	-3.443820e-09	-2.731151e+01	-2.251403e+02
6.990000e-06	-3.656368e-06	-3.447060e-09	-2.739505e+01	-2.254799e+02
7.000000e-06	-3.667166e-06	-3.450690e-09	-2.747595e+01	-2.258100e+02
7.010000e-06	-3.677690e-06	-3.454653e-09	-2.755480e+01	-2.261306e+02
7.020000e-06	-3.688038e-06	-3.458779e-09	-2.763233e+01	-2.264419e+02
7.030000e-06	-3.698185e-06	-3.461096e-09	-2.770835e+01	-2.267440e+02
7.040000e-06	-3.708119e-06	-3.463320e-09	-2.778279e+01	-2.270371e+02
7.050000e-06	-3.717838e-06	-3.466716e-09	-2.785560e+01	-2.273215e+02
7.060000e-06	-3.727360e-06	-3.470419e-09	-2.792694e+01	-2.275973e+02
7.070000e-06	-3.736594e-06	-3.473875e-09	-2.799613e+01	-2.278646e+02
7.080000e-06	-3.745517e-06	-3.476715e-09	-2.806299e+01	-2.281239e+02
7.090000e-06	-3.754183e-06	-3.480069e-09	-2.812792e+01	-2.283752e+02
7.100000e-06	-3.762610e-06	-3.483975e-09	-2.819105e+01	-2.286188e+02
7.110000e-06	-3.770843e-06	-3.490778e-09	-2.825274e+01	-2.288549e+02
7.120000e-06	-3.778892e-06	-3.495545e-09	-2.831305e+01	-2.290838e+02
7.130000e-06	-3.786761e-06	-3.498055e-09	-2.837201e+01	-2.293055e+02
7.140000e-06	-3.794492e-06	-3.496446e-09	-2.842993e+01	-2.295205e+02
7.150000e-06	-3.802025e-06	-3.493686e-09	-2.848637e+01	-2.297287e+02
7.160000e-06	-3.809223e-06	-3.494060e-09	-2.854030e+01	-2.299305e+02
7.170000e-06	-3.816038e-06	-3.496041e-09	-2.859136e+01	-2.301259e+02
7.180000e-06	-3.822530e-06	-3.499143e-09	-2.864000e+01	-2.303151e+02
7.190000e-06	-3.828620e-06	-3.502835e-09	-2.868563e+01	-2.304982e+02
7.200000e-06	-3.834097e-06	-3.507866e-09	-2.872667e+01	-2.306752e+02
7.210000e-06	-3.839134e-06	-3.513606e-09	-2.876441e+01	-2.308464e+02
7.220000e-06	-3.843844e-06	-3.516602e-09	-2.879969e+01	-2.310116e+02
7.230000e-06	-3.848263e-06	-3.513730e-09	-2.883280e+01	-2.311709e+02
7.240000e-06	-3.852531e-06	-3.509197e-09	-2.886478e+01	-2.313243e+02
7.250000e-06	-3.856648e-06	-3.509197e-09	-2.889563e+01	-2.314717e+02
7.260000e-06	-3.860610e-06	-3.511944e-09	-2.892531e+01	-2.316131e+02
7.270000e-06	-3.864381e-06	-3.514321e-09	-2.895356e+01	-2.317483e+02
7.280000e-06	-3.868030e-06	-3.518212e-09	-2.898091e+01	-2.318772e+02
7.290000e-06	-3.871397e-06	-3.522072e-09	-2.900613e+01	-2.319997e+02
7.300000e-06	-3.874419e-06	-3.527303e-09	-2.902878e+01	-2.321157e+02
7.310000e-06	-3.877138e-06	-3.527311e-09	-2.904915e+01	-2.322248e+02
7.320000e-06	-3.879532e-06	-3.525104e-09	-2.906708e+01	-2.323269e+02
7.330000e-06	-3.881779e-06	-3.521348e-09	-2.908392e+01	-2.324218e+02
7.340000e-06	-3.883884e-06	-3.520968e-09	-2.909969e+01	-2.325092e+02
7.350000e-06	-3.885836e-06	-3.523036e-09	-2.911431e+01	-2.325889e+02
7.360000e-06	-3.887505e-06	-3.524033e-09	-2.912682e+01	-2.326605e+02
7.370000e-06	-3.888702e-06	-3.523757e-09	-2.913579e+01	-2.327239e+02
7.380000e-06	-3.889555e-06	-3.522778e-09	-2.914218e+01	-2.327788e+02
7.390000e-06	-3.890171e-06	-3.523845e-09	-2.914680e+01	-2.328250e+02
7.400000e-06	-3.890604e-06	-3.523855e-09	-2.915004e+01	-2.328621e+02
