# Temperatura_=_20.0
# Concentracion g/m^3_=_9000.0
# C_Vs_to_Am_M_A/Vsm_=_65563218390.804596
# pendiente_HvsI_1/m_=_3716.3
# ordenada_HvsI_A/m_=_1297.0
# frecuencia_Hz_=_301145.03853989934

Tiempo_(s)	Campo_(V.s)	Magnetizacion_(V.s)	Campo_(kA/m)	Magnetizacion_(A/m)
0.000000e+00	-6.757973e-06	-4.872766e-09	-5.668823e+01	-3.176859e+02
1.000000e-08	-6.755664e-06	-4.872455e-09	-5.666886e+01	-3.175821e+02
2.000000e-08	-6.751082e-06	-4.867368e-09	-5.663043e+01	-3.174646e+02
3.000000e-08	-6.744413e-06	-4.862193e-09	-5.657449e+01	-3.173346e+02
4.000000e-08	-6.735486e-06	-4.857758e-09	-5.649961e+01	-3.171906e+02
5.000000e-08	-6.724063e-06	-4.852530e-09	-5.640378e+01	-3.170283e+02
6.000000e-08	-6.710157e-06	-4.844503e-09	-5.628714e+01	-3.168411e+02
7.000000e-08	-6.693877e-06	-4.825847e-09	-5.615058e+01	-3.166206e+02
8.000000e-08	-6.675422e-06	-4.818904e-09	-5.599576e+01	-3.163580e+02
9.000000e-08	-6.654793e-06	-4.863310e-09	-5.582273e+01	-3.160447e+02
1.000000e-07	-6.631626e-06	-4.863737e-09	-5.562839e+01	-3.156733e+02
1.100000e-07	-6.605648e-06	-4.818755e-09	-5.541047e+01	-3.152386e+02
1.200000e-07	-6.577180e-06	-4.800310e-09	-5.517167e+01	-3.147384e+02
1.300000e-07	-6.546676e-06	-4.799922e-09	-5.491580e+01	-3.141729e+02
1.400000e-07	-6.514307e-06	-4.760709e-09	-5.464428e+01	-3.135457e+02
1.500000e-07	-6.480002e-06	-4.804549e-09	-5.435652e+01	-3.128625e+02
1.600000e-07	-6.443662e-06	-4.827170e-09	-5.405168e+01	-3.121312e+02
1.700000e-07	-6.405330e-06	-4.696833e-09	-5.373014e+01	-3.113607e+02
1.800000e-07	-6.364852e-06	-4.746158e-09	-5.339060e+01	-3.105605e+02
1.900000e-07	-6.321849e-06	-4.764494e-09	-5.302987e+01	-3.097395e+02
2.000000e-07	-6.276433e-06	-4.718802e-09	-5.264890e+01	-3.089055e+02
2.100000e-07	-6.228685e-06	-4.716998e-09	-5.224838e+01	-3.080646e+02
2.200000e-07	-6.178247e-06	-4.671382e-09	-5.182529e+01	-3.072211e+02
2.300000e-07	-6.125256e-06	-4.713398e-09	-5.138078e+01	-3.063768e+02
2.400000e-07	-6.069960e-06	-4.688144e-09	-5.091694e+01	-3.055314e+02
2.500000e-07	-6.012404e-06	-4.642497e-09	-5.043414e+01	-3.046824e+02
2.600000e-07	-5.952677e-06	-4.667563e-09	-4.993313e+01	-3.038254e+02
2.700000e-07	-5.890844e-06	-4.621936e-09	-4.941446e+01	-3.029546e+02
2.800000e-07	-5.826965e-06	-4.583769e-09	-4.887861e+01	-3.020629e+02
2.900000e-07	-5.760982e-06	-4.608537e-09	-4.832512e+01	-3.011425e+02
3.000000e-07	-5.692812e-06	-4.621733e-09	-4.775329e+01	-3.001854e+02
3.100000e-07	-5.622503e-06	-4.540876e-09	-4.716352e+01	-2.991837e+02
3.200000e-07	-5.550222e-06	-4.516525e-09	-4.655720e+01	-2.981300e+02
3.300000e-07	-5.475905e-06	-4.575598e-09	-4.593380e+01	-2.970180e+02
3.400000e-07	-5.399266e-06	-4.510003e-09	-4.529093e+01	-2.958427e+02
3.500000e-07	-5.320414e-06	-4.458366e-09	-4.462949e+01	-2.946004e+02
3.600000e-07	-5.239594e-06	-4.474943e-09	-4.395154e+01	-2.932895e+02
3.700000e-07	-5.156906e-06	-4.457205e-09	-4.325792e+01	-2.919094e+02
3.800000e-07	-5.072521e-06	-4.404949e-09	-4.255007e+01	-2.904613e+02
3.900000e-07	-4.986551e-06	-4.387177e-09	-4.182893e+01	-2.889472e+02
4.000000e-07	-4.898887e-06	-4.393106e-09	-4.109357e+01	-2.873696e+02
4.100000e-07	-4.809459e-06	-4.340804e-09	-4.034342e+01	-2.857309e+02
4.200000e-07	-4.718200e-06	-4.307853e-09	-3.957790e+01	-2.840328e+02
4.300000e-07	-4.625235e-06	-4.307204e-09	-3.879808e+01	-2.822757e+02
4.400000e-07	-4.530702e-06	-4.280516e-09	-3.800511e+01	-2.804585e+02
4.500000e-07	-4.434520e-06	-4.228382e-09	-3.719830e+01	-2.785780e+02
4.600000e-07	-4.336693e-06	-4.200659e-09	-3.637769e+01	-2.766292e+02
4.700000e-07	-4.237182e-06	-4.189535e-09	-3.554296e+01	-2.746055e+02
4.800000e-07	-4.136190e-06	-4.140081e-09	-3.469580e+01	-2.724992e+02
4.900000e-07	-4.033824e-06	-4.095886e-09	-3.383713e+01	-2.703023e+02
5.000000e-07	-3.929890e-06	-4.072948e-09	-3.296529e+01	-2.680068e+02
5.100000e-07	-3.824512e-06	-4.039034e-09	-3.208134e+01	-2.656060e+02
5.200000e-07	-3.717787e-06	-3.986678e-09	-3.118610e+01	-2.630945e+02
5.300000e-07	-3.609673e-06	-3.948639e-09	-3.027919e+01	-2.604689e+02
5.400000e-07	-3.500301e-06	-3.919297e-09	-2.936174e+01	-2.577274e+02
5.500000e-07	-3.389782e-06	-3.872270e-09	-2.843468e+01	-2.548698e+02
5.600000e-07	-3.278053e-06	-3.823029e-09	-2.749745e+01	-2.518962e+02
5.700000e-07	-3.164996e-06	-3.779664e-09	-2.654909e+01	-2.488069e+02
5.800000e-07	-3.050616e-06	-3.734006e-09	-2.558963e+01	-2.456008e+02
5.900000e-07	-2.935002e-06	-3.678035e-09	-2.461982e+01	-2.422744e+02
6.000000e-07	-2.818277e-06	-3.626640e-09	-2.364069e+01	-2.388217e+02
6.100000e-07	-2.700566e-06	-3.576705e-09	-2.265328e+01	-2.352330e+02
6.200000e-07	-2.581910e-06	-3.518216e-09	-2.165796e+01	-2.314954e+02
6.300000e-07	-2.462235e-06	-3.452242e-09	-2.065408e+01	-2.275931e+02
6.400000e-07	-2.341584e-06	-3.386961e-09	-1.964203e+01	-2.235077e+02
6.500000e-07	-2.220150e-06	-3.323393e-09	-1.862339e+01	-2.192201e+02
6.600000e-07	-2.098000e-06	-3.248870e-09	-1.759875e+01	-2.147103e+02
6.700000e-07	-1.975068e-06	-3.171814e-09	-1.656755e+01	-2.099591e+02
6.800000e-07	-1.851300e-06	-3.099423e-09	-1.552935e+01	-2.049480e+02
6.900000e-07	-1.726824e-06	-3.021325e-09	-1.448520e+01	-1.996591e+02
7.000000e-07	-1.601806e-06	-2.929841e-09	-1.343651e+01	-1.940740e+02
7.100000e-07	-1.476335e-06	-2.838742e-09	-1.238401e+01	-1.881730e+02
7.200000e-07	-1.350376e-06	-2.749051e-09	-1.132743e+01	-1.819322e+02
7.300000e-07	-1.223910e-06	-2.647044e-09	-1.026658e+01	-1.753222e+02
7.400000e-07	-1.097004e-06	-2.535318e-09	-9.202056e+00	-1.683055e+02
7.500000e-07	-9.696915e-07	-2.420782e-09	-8.134110e+00	-1.608354e+02
7.600000e-07	-8.420088e-07	-2.298079e-09	-7.063063e+00	-1.528551e+02
7.700000e-07	-7.139359e-07	-2.162287e-09	-5.988743e+00	-1.442990e+02
7.800000e-07	-5.855739e-07	-2.020396e-09	-4.911998e+00	-1.350944e+02
7.900000e-07	-4.569885e-07	-1.869057e-09	-3.833379e+00	-1.251660e+02
8.000000e-07	-3.281923e-07	-1.702724e-09	-2.752992e+00	-1.144409e+02
8.100000e-07	-1.993031e-07	-1.525212e-09	-1.671824e+00	-1.028550e+02
8.200000e-07	-7.036160e-08	-1.337568e-09	-5.902176e-01	-9.036097e+01
8.300000e-07	5.861736e-08	-1.132407e-09	4.917029e-01	-7.693445e+01
8.400000e-07	1.875805e-07	-9.078794e-10	1.573490e+00	-6.258120e+01
8.500000e-07	3.164457e-07	-6.718954e-10	2.654457e+00	-4.734183e+01
8.600000e-07	4.451813e-07	-4.300231e-10	3.734336e+00	-3.129472e+01
8.700000e-07	5.737837e-07	-1.796005e-10	4.813098e+00	-1.455633e+01
8.800000e-07	7.022304e-07	8.283238e-11	5.890553e+00	2.721324e+00
8.900000e-07	8.304353e-07	3.514866e-10	6.965981e+00	2.035608e+01
9.000000e-07	9.582656e-07	6.209658e-10	8.038266e+00	3.814351e+01
9.100000e-07	1.085600e-06	8.900728e-10	9.106391e+00	5.586679e+01
9.200000e-07	1.212399e-06	1.156898e-09	1.017003e+01	7.330782e+01
9.300000e-07	1.338734e-06	1.416896e-09	1.122977e+01	9.025854e+01
9.400000e-07	1.464676e-06	1.665195e-09	1.228621e+01	1.065317e+02
9.500000e-07	1.590265e-06	1.899850e-09	1.333970e+01	1.219701e+02
9.600000e-07	1.715439e-06	2.116158e-09	1.438970e+01	1.364532e+02
9.700000e-07	1.840006e-06	2.314442e-09	1.543461e+01	1.499015e+02
9.800000e-07	1.963887e-06	2.499067e-09	1.647376e+01	1.622775e+02
9.900000e-07	2.087071e-06	2.669283e-09	1.750708e+01	1.735834e+02
1.000000e-06	2.209482e-06	2.824000e-09	1.853391e+01	1.838568e+02
1.010000e-06	2.331169e-06	2.966108e-09	1.955466e+01	1.931636e+02
1.020000e-06	2.452075e-06	3.095879e-09	2.056886e+01	2.015903e+02
1.030000e-06	2.571974e-06	3.213033e-09	2.157462e+01	2.092350e+02
1.040000e-06	2.690817e-06	3.319428e-09	2.257151e+01	2.161991e+02
1.050000e-06	2.808745e-06	3.417849e-09	2.356073e+01	2.225804e+02
1.060000e-06	2.925710e-06	3.509513e-09	2.454187e+01	2.284671e+02
1.070000e-06	3.041540e-06	3.592572e-09	2.551349e+01	2.339337e+02
1.080000e-06	3.156205e-06	3.667806e-09	2.647535e+01	2.390401e+02
1.090000e-06	3.269630e-06	3.738171e-09	2.742680e+01	2.438308e+02
1.100000e-06	3.381682e-06	3.804097e-09	2.836673e+01	2.483371e+02
1.110000e-06	3.492410e-06	3.865841e-09	2.929556e+01	2.525796e+02
1.120000e-06	3.602042e-06	3.925001e-09	3.021518e+01	2.565718e+02
1.130000e-06	3.710593e-06	3.979875e-09	3.112575e+01	2.603230e+02
1.140000e-06	3.817847e-06	4.031360e-09	3.202543e+01	2.638418e+02
1.150000e-06	3.923768e-06	4.080273e-09	3.291394e+01	2.671380e+02
1.160000e-06	4.028238e-06	4.126706e-09	3.379026e+01	2.702240e+02
1.170000e-06	4.131100e-06	4.168554e-09	3.465311e+01	2.731151e+02
1.180000e-06	4.232525e-06	4.205760e-09	3.550389e+01	2.758290e+02
1.190000e-06	4.332532e-06	4.241063e-09	3.634279e+01	2.783844e+02
1.200000e-06	4.431038e-06	4.275153e-09	3.716909e+01	2.808003e+02
1.210000e-06	4.527877e-06	4.307094e-09	3.798141e+01	2.830936e+02
1.220000e-06	4.622936e-06	4.337176e-09	3.877880e+01	2.852786e+02
1.230000e-06	4.716401e-06	4.366501e-09	3.956281e+01	2.873657e+02
1.240000e-06	4.808295e-06	4.395397e-09	4.033365e+01	2.893617e+02
1.250000e-06	4.898579e-06	4.422338e-09	4.109099e+01	2.912697e+02
1.260000e-06	4.987086e-06	4.447243e-09	4.183341e+01	2.930905e+02
1.270000e-06	5.073743e-06	4.471140e-09	4.256033e+01	2.948229e+02
1.280000e-06	5.158686e-06	4.493317e-09	4.327285e+01	2.964659e+02
1.290000e-06	5.241915e-06	4.514793e-09	4.397101e+01	2.980190e+02
1.300000e-06	5.323315e-06	4.534987e-09	4.465382e+01	2.994835e+02
1.310000e-06	5.402732e-06	4.554430e-09	4.532000e+01	3.008629e+02
1.320000e-06	5.480172e-06	4.572675e-09	4.596959e+01	3.021627e+02
1.330000e-06	5.555604e-06	4.591120e-09	4.660234e+01	3.033899e+02
1.340000e-06	5.628885e-06	4.610244e-09	4.721705e+01	3.045525e+02
1.350000e-06	5.700028e-06	4.625530e-09	4.781382e+01	3.056582e+02
1.360000e-06	5.769211e-06	4.639847e-09	4.839415e+01	3.067137e+02
1.370000e-06	5.836435e-06	4.656025e-09	4.895805e+01	3.077241e+02
1.380000e-06	5.901493e-06	4.673069e-09	4.950378e+01	3.086920e+02
1.390000e-06	5.964447e-06	4.686914e-09	5.003186e+01	3.096177e+02
1.400000e-06	6.025418e-06	4.697479e-09	5.054330e+01	3.104996e+02
1.410000e-06	6.084348e-06	4.708009e-09	5.103763e+01	3.113348e+02
1.420000e-06	6.141106e-06	4.717659e-09	5.151373e+01	3.121197e+02
1.430000e-06	6.195620e-06	4.728235e-09	5.197102e+01	3.128514e+02
1.440000e-06	6.247793e-06	4.739317e-09	5.240867e+01	3.135283e+02
1.450000e-06	6.297323e-06	4.750658e-09	5.282414e+01	3.141504e+02
1.460000e-06	6.344336e-06	4.761772e-09	5.321850e+01	3.147204e+02
1.470000e-06	6.389206e-06	4.772837e-09	5.359489e+01	3.152428e+02
1.480000e-06	6.431912e-06	4.782953e-09	5.395312e+01	3.157237e+02
1.490000e-06	6.472210e-06	4.789930e-09	5.429116e+01	3.161702e+02
1.500000e-06	6.510181e-06	4.795134e-09	5.460966e+01	3.165891e+02
1.510000e-06	6.546012e-06	4.801304e-09	5.491023e+01	3.169866e+02
1.520000e-06	6.579543e-06	4.808888e-09	5.519150e+01	3.173665e+02
1.530000e-06	6.610686e-06	4.814359e-09	5.545274e+01	3.177307e+02
1.540000e-06	6.639606e-06	4.818486e-09	5.569533e+01	3.180781e+02
1.550000e-06	6.666289e-06	4.825208e-09	5.591916e+01	3.184054e+02
1.560000e-06	6.690504e-06	4.833926e-09	5.612228e+01	3.187074e+02
1.570000e-06	6.712316e-06	4.840658e-09	5.630524e+01	3.189779e+02
1.580000e-06	6.731937e-06	4.844713e-09	5.646983e+01	3.192105e+02
1.590000e-06	6.749203e-06	4.847865e-09	5.661466e+01	3.194000e+02
1.600000e-06	6.763981e-06	4.849107e-09	5.673863e+01	3.195426e+02
1.610000e-06	6.776274e-06	4.849759e-09	5.684175e+01	3.196373e+02
1.620000e-06	6.785909e-06	4.852143e-09	5.692257e+01	3.196853e+02
1.630000e-06	6.792940e-06	4.855101e-09	5.698155e+01	3.196906e+02
1.640000e-06	6.797681e-06	4.856645e-09	5.702132e+01	3.196588e+02
1.650000e-06	6.800087e-06	4.859638e-09	5.704150e+01	3.195965e+02
1.660000e-06	6.800035e-06	4.863523e-09	5.704107e+01	3.195106e+02
1.670000e-06	6.797722e-06	4.860514e-09	5.702166e+01	3.194069e+02
1.680000e-06	6.793315e-06	4.858702e-09	5.698470e+01	3.192893e+02
1.690000e-06	6.786636e-06	4.857555e-09	5.692867e+01	3.191592e+02
1.700000e-06	6.777673e-06	4.857272e-09	5.685348e+01	3.190152e+02
1.710000e-06	6.766574e-06	4.856082e-09	5.676038e+01	3.188531e+02
1.720000e-06	6.753137e-06	4.860169e-09	5.664767e+01	3.186664e+02
1.730000e-06	6.737319e-06	4.878913e-09	5.651498e+01	3.184468e+02
1.740000e-06	6.719340e-06	4.839704e-09	5.636416e+01	3.181853e+02
1.750000e-06	6.698837e-06	4.795456e-09	5.619218e+01	3.178733e+02
1.760000e-06	6.675154e-06	4.825444e-09	5.599352e+01	3.175036e+02
1.770000e-06	6.648544e-06	4.835014e-09	5.577031e+01	3.170707e+02
1.780000e-06	6.619726e-06	4.827867e-09	5.552857e+01	3.165723e+02
1.790000e-06	6.588949e-06	4.884053e-09	5.527040e+01	3.160086e+02
1.800000e-06	6.556508e-06	4.792085e-09	5.499827e+01	3.153829e+02
1.810000e-06	6.522363e-06	4.736938e-09	5.471186e+01	3.147011e+02
1.820000e-06	6.485852e-06	4.862189e-09	5.440559e+01	3.139708e+02
1.830000e-06	6.447019e-06	4.768275e-09	5.407984e+01	3.132011e+02
1.840000e-06	6.406052e-06	4.742286e-09	5.373620e+01	3.124012e+02
1.850000e-06	6.362845e-06	4.731443e-09	5.337377e+01	3.115803e+02
1.860000e-06	6.317495e-06	4.664037e-09	5.299335e+01	3.107461e+02
1.870000e-06	6.269858e-06	4.767624e-09	5.259375e+01	3.099049e+02
1.880000e-06	6.219879e-06	4.690128e-09	5.217452e+01	3.090608e+02
1.890000e-06	6.167520e-06	4.674354e-09	5.173531e+01	3.082160e+02
1.900000e-06	6.112591e-06	4.682480e-09	5.127455e+01	3.073701e+02
1.910000e-06	6.055331e-06	4.615502e-09	5.079423e+01	3.065208e+02
1.920000e-06	5.995924e-06	4.716186e-09	5.029590e+01	3.056636e+02
1.930000e-06	5.934377e-06	4.658192e-09	4.977962e+01	3.047929e+02
1.940000e-06	5.870609e-06	4.589210e-09	4.924471e+01	3.039015e+02
1.950000e-06	5.804680e-06	4.588295e-09	4.869168e+01	3.029818e+02
1.960000e-06	5.736707e-06	4.619572e-09	4.812150e+01	3.020256e+02
1.970000e-06	5.666434e-06	4.627139e-09	4.753202e+01	3.010251e+02
1.980000e-06	5.593973e-06	4.518166e-09	4.692419e+01	2.999728e+02
1.990000e-06	5.519488e-06	4.565027e-09	4.629939e+01	2.988625e+02
2.000000e-06	5.442894e-06	4.546659e-09	4.565689e+01	2.976889e+02
2.010000e-06	5.364210e-06	4.516732e-09	4.499686e+01	2.964486e+02
2.020000e-06	5.283504e-06	4.523950e-09	4.431987e+01	2.951396e+02
2.030000e-06	5.200988e-06	4.477729e-09	4.362770e+01	2.937615e+02
2.040000e-06	5.116643e-06	4.465436e-09	4.292018e+01	2.923152e+02
2.050000e-06	5.030471e-06	4.431332e-09	4.219735e+01	2.908029e+02
2.060000e-06	4.942467e-06	4.449343e-09	4.145914e+01	2.892270e+02
2.070000e-06	4.852721e-06	4.395586e-09	4.070632e+01	2.875898e+02
2.080000e-06	4.761328e-06	4.344290e-09	3.993967e+01	2.858933e+02
2.090000e-06	4.668222e-06	4.339810e-09	3.915867e+01	2.841378e+02
2.100000e-06	4.573472e-06	4.328921e-09	3.836388e+01	2.823223e+02
2.110000e-06	4.477012e-06	4.296496e-09	3.755474e+01	2.804435e+02
2.120000e-06	4.379068e-06	4.238745e-09	3.673315e+01	2.784968e+02
2.130000e-06	4.279705e-06	4.231728e-09	3.589965e+01	2.764753e+02
2.140000e-06	4.178732e-06	4.202599e-09	3.505266e+01	2.743716e+02
2.150000e-06	4.076184e-06	4.165484e-09	3.419246e+01	2.721775e+02
2.160000e-06	3.972125e-06	4.126589e-09	3.331957e+01	2.698852e+02
2.170000e-06	3.866651e-06	4.098734e-09	3.243481e+01	2.674877e+02
2.180000e-06	3.759894e-06	4.059416e-09	3.153930e+01	2.649797e+02
2.190000e-06	3.651896e-06	4.012157e-09	3.063338e+01	2.623577e+02
2.200000e-06	3.542633e-06	3.977652e-09	2.971684e+01	2.596198e+02
2.210000e-06	3.432169e-06	3.934321e-09	2.879023e+01	2.567657e+02
2.220000e-06	3.320387e-06	3.887482e-09	2.785256e+01	2.537958e+02
2.230000e-06	3.207304e-06	3.837371e-09	2.690398e+01	2.507101e+02
2.240000e-06	3.093067e-06	3.794221e-09	2.594572e+01	2.475076e+02
2.250000e-06	2.977607e-06	3.740517e-09	2.497721e+01	2.441852e+02
2.260000e-06	2.860904e-06	3.686952e-09	2.399826e+01	2.407366e+02
2.270000e-06	2.743101e-06	3.637619e-09	2.301009e+01	2.371524e+02
2.280000e-06	2.624309e-06	3.584381e-09	2.201362e+01	2.334199e+02
2.290000e-06	2.504413e-06	3.517391e-09	2.100789e+01	2.295231e+02
2.300000e-06	2.383473e-06	3.453296e-09	1.999340e+01	2.254441e+02
2.310000e-06	2.261758e-06	3.399470e-09	1.897242e+01	2.211635e+02
2.320000e-06	2.139450e-06	3.331770e-09	1.794645e+01	2.166614e+02
2.330000e-06	2.016537e-06	3.249243e-09	1.691542e+01	2.119187e+02
2.340000e-06	1.892857e-06	3.171594e-09	1.587794e+01	2.069166e+02
2.350000e-06	1.768293e-06	3.101315e-09	1.483305e+01	2.016374e+02
2.360000e-06	1.643069e-06	3.022013e-09	1.378264e+01	1.960627e+02
2.370000e-06	1.517357e-06	2.932911e-09	1.272812e+01	1.901728e+02
2.380000e-06	1.391149e-06	2.837960e-09	1.166945e+01	1.839441e+02
2.390000e-06	1.264475e-06	2.736691e-09	1.060686e+01	1.773473e+02
2.400000e-06	1.137381e-06	2.630180e-09	9.540751e+00	1.703454e+02
2.410000e-06	1.009914e-06	2.518266e-09	8.471512e+00	1.628918e+02
2.420000e-06	8.820670e-07	2.394733e-09	7.399086e+00	1.549303e+02
2.430000e-06	7.538809e-07	2.258900e-09	6.323816e+00	1.463955e+02
2.440000e-06	6.254340e-07	2.119201e-09	5.246358e+00	1.372148e+02
2.450000e-06	4.967949e-07	1.974962e-09	4.167289e+00	1.273130e+02
2.460000e-06	3.679484e-07	1.814396e-09	3.086479e+00	1.166170e+02
2.470000e-06	2.389201e-07	1.636895e-09	2.004145e+00	1.050623e+02
2.480000e-06	1.097970e-07	1.449813e-09	9.210156e-01	9.260068e+01
2.490000e-06	-1.931694e-08	1.251666e-09	-1.620372e-01	7.920703e+01
2.500000e-06	-1.484050e-07	1.034722e-09	-1.244873e+00	6.488586e+01
2.510000e-06	-2.774508e-07	8.005787e-10	-2.327354e+00	4.967648e+01
2.520000e-06	-4.063434e-07	5.553444e-10	-3.408550e+00	3.365590e+01
2.530000e-06	-5.350636e-07	3.007372e-10	-4.488300e+00	1.693925e+01
2.540000e-06	-6.636072e-07	3.715508e-11	-5.566568e+00	-3.226621e-01
2.550000e-06	-7.919175e-07	-2.333471e-10	-6.642880e+00	-1.794862e+01
2.560000e-06	-9.199327e-07	-5.062947e-10	-7.716716e+00	-3.573482e+01
2.570000e-06	-1.047557e-06	-7.795675e-10	-8.787271e+00	-5.346471e+01
2.580000e-06	-1.174748e-06	-1.048888e-09	-9.854193e+00	-7.092002e+01
2.590000e-06	-1.301546e-06	-1.309603e-09	-1.091782e+01	-8.789217e+01
2.600000e-06	-1.427937e-06	-1.560661e-09	-1.197803e+01	-1.041930e+02
2.610000e-06	-1.553921e-06	-1.800717e-09	-1.303483e+01	-1.196640e+02
2.620000e-06	-1.679373e-06	-2.024759e-09	-1.408717e+01	-1.341834e+02
2.630000e-06	-1.804023e-06	-2.229846e-09	-1.513278e+01	-1.476701e+02
2.640000e-06	-1.927806e-06	-2.419932e-09	-1.617111e+01	-1.600851e+02
2.650000e-06	-2.050856e-06	-2.594857e-09	-1.720330e+01	-1.714293e+02
2.660000e-06	-2.173281e-06	-2.751733e-09	-1.823024e+01	-1.817391e+02
2.670000e-06	-2.295011e-06	-2.891666e-09	-1.925135e+01	-1.910796e+02
2.680000e-06	-2.415840e-06	-3.021093e-09	-2.026491e+01	-1.995366e+02
2.690000e-06	-2.535720e-06	-3.140825e-09	-2.127050e+01	-2.072080e+02
2.700000e-06	-2.654693e-06	-3.249233e-09	-2.226849e+01	-2.141953e+02
2.710000e-06	-2.772717e-06	-3.347256e-09	-2.325851e+01	-2.205963e+02
2.720000e-06	-2.889586e-06	-3.438455e-09	-2.423886e+01	-2.264998e+02
2.730000e-06	-3.005165e-06	-3.525819e-09	-2.520837e+01	-2.319809e+02
2.740000e-06	-3.119612e-06	-3.605829e-09	-2.616840e+01	-2.370998e+02
2.750000e-06	-3.232876e-06	-3.678665e-09	-2.711849e+01	-2.419017e+02
2.760000e-06	-3.344708e-06	-3.747582e-09	-2.805658e+01	-2.464183e+02
2.770000e-06	-3.455125e-06	-3.813169e-09	-2.898279e+01	-2.506705e+02
2.780000e-06	-3.564343e-06	-3.873567e-09	-2.989895e+01	-2.546719e+02
2.790000e-06	-3.672439e-06	-3.930274e-09	-3.080570e+01	-2.584321e+02
2.800000e-06	-3.779412e-06	-3.985278e-09	-3.170302e+01	-2.619596e+02
2.810000e-06	-3.885133e-06	-4.039059e-09	-3.258985e+01	-2.652641e+02
2.820000e-06	-3.989395e-06	-4.090427e-09	-3.346443e+01	-2.683580e+02
2.830000e-06	-4.092200e-06	-4.138348e-09	-3.432680e+01	-2.712563e+02
2.840000e-06	-4.193452e-06	-4.183675e-09	-3.517614e+01	-2.739766e+02
2.850000e-06	-4.293184e-06	-4.226723e-09	-3.601272e+01	-2.765380e+02
2.860000e-06	-4.391536e-06	-4.267301e-09	-3.683774e+01	-2.789590e+02
2.870000e-06	-4.488339e-06	-4.303723e-09	-3.764975e+01	-2.812570e+02
2.880000e-06	-4.583577e-06	-4.338048e-09	-3.844864e+01	-2.834461e+02
2.890000e-06	-4.677191e-06	-4.371342e-09	-3.923391e+01	-2.855372e+02
2.900000e-06	-4.769128e-06	-4.403198e-09	-4.000511e+01	-2.875369e+02
2.910000e-06	-4.859509e-06	-4.434658e-09	-4.076326e+01	-2.894486e+02
2.920000e-06	-4.948175e-06	-4.464774e-09	-4.150702e+01	-2.912730e+02
2.930000e-06	-5.035002e-06	-4.492455e-09	-4.223536e+01	-2.930091e+02
2.940000e-06	-5.119911e-06	-4.520274e-09	-4.294760e+01	-2.946558e+02
2.950000e-06	-5.203007e-06	-4.548110e-09	-4.364464e+01	-2.962127e+02
2.960000e-06	-5.284430e-06	-4.572433e-09	-4.432764e+01	-2.976809e+02
2.970000e-06	-5.363931e-06	-4.592938e-09	-4.499452e+01	-2.990638e+02
2.980000e-06	-5.441296e-06	-4.612878e-09	-4.564349e+01	-3.003668e+02
2.990000e-06	-5.516553e-06	-4.633306e-09	-4.627477e+01	-3.015970e+02
3.000000e-06	-5.589746e-06	-4.653459e-09	-4.688874e+01	-3.027623e+02
3.010000e-06	-5.660900e-06	-4.672869e-09	-4.748560e+01	-3.038704e+02
3.020000e-06	-5.729938e-06	-4.690133e-09	-4.806472e+01	-3.049282e+02
3.030000e-06	-5.796886e-06	-4.706476e-09	-4.862630e+01	-3.059407e+02
3.040000e-06	-5.861861e-06	-4.722647e-09	-4.917133e+01	-3.069106e+02
3.050000e-06	-5.924783e-06	-4.737277e-09	-4.969915e+01	-3.078383e+02
3.060000e-06	-5.985498e-06	-4.750528e-09	-5.020845e+01	-3.087224e+02
3.070000e-06	-6.044050e-06	-4.762233e-09	-5.069960e+01	-3.095598e+02
3.080000e-06	-6.100504e-06	-4.773525e-09	-5.117315e+01	-3.103471e+02
3.090000e-06	-6.154691e-06	-4.784190e-09	-5.162770e+01	-3.110813e+02
3.100000e-06	-6.206378e-06	-4.794120e-09	-5.206126e+01	-3.117607e+02
3.110000e-06	-6.255428e-06	-4.803300e-09	-5.247271e+01	-3.123853e+02
3.120000e-06	-6.302110e-06	-4.813090e-09	-5.286430e+01	-3.129577e+02
3.130000e-06	-6.346760e-06	-4.824566e-09	-5.323883e+01	-3.134822e+02
3.140000e-06	-6.389367e-06	-4.833444e-09	-5.359623e+01	-3.139649e+02
3.150000e-06	-6.429881e-06	-4.838953e-09	-5.393608e+01	-3.144130e+02
3.160000e-06	-6.468117e-06	-4.843424e-09	-5.425682e+01	-3.148334e+02
3.170000e-06	-6.503996e-06	-4.850169e-09	-5.455778e+01	-3.152321e+02
3.180000e-06	-6.537650e-06	-4.856071e-09	-5.484009e+01	-3.156131e+02
3.190000e-06	-6.569000e-06	-4.859434e-09	-5.510306e+01	-3.159784e+02
3.200000e-06	-6.597951e-06	-4.860501e-09	-5.534591e+01	-3.163270e+02
3.210000e-06	-6.624592e-06	-4.864550e-09	-5.556939e+01	-3.166556e+02
3.220000e-06	-6.648918e-06	-4.871784e-09	-5.577344e+01	-3.169592e+02
3.230000e-06	-6.670792e-06	-4.876038e-09	-5.595693e+01	-3.172315e+02
3.240000e-06	-6.690321e-06	-4.876028e-09	-5.612074e+01	-3.174661e+02
3.250000e-06	-6.707602e-06	-4.875934e-09	-5.626570e+01	-3.176576e+02
3.260000e-06	-6.722340e-06	-4.878816e-09	-5.638933e+01	-3.178025e+02
3.270000e-06	-6.734390e-06	-4.881715e-09	-5.649041e+01	-3.178994e+02
3.280000e-06	-6.744037e-06	-4.881264e-09	-5.657133e+01	-3.179497e+02
3.290000e-06	-6.751335e-06	-4.878304e-09	-5.663255e+01	-3.179569e+02
3.300000e-06	-6.756180e-06	-4.877308e-09	-5.667320e+01	-3.179268e+02
3.310000e-06	-6.758722e-06	-4.875570e-09	-5.669451e+01	-3.178660e+02
3.320000e-06	-6.758986e-06	-4.873561e-09	-5.669673e+01	-3.177814e+02
