# Temperatura_=_20.0
# Concentracion g/m^3_=_12600.0
# C_Vs_to_Am_M_A/Vsm_=_65563218390.804596
# pendiente_HvsI_1/m_=_3716.3
# ordenada_HvsI_A/m_=_1297.0
# frecuencia_Hz_=_213246.08834701977

Tiempo_(s)	Campo_(V.s)	Magnetizacion_(V.s)	Campo_(kA/m)	Magnetizacion_(A/m)
0.000000e+00	-8.144691e-06	-5.395823e-09	-5.702683e+01	-3.519413e+02
1.000000e-08	-8.143234e-06	-5.394572e-09	-5.701663e+01	-3.518648e+02
2.000000e-08	-8.140219e-06	-5.393013e-09	-5.699552e+01	-3.517255e+02
3.000000e-08	-8.135958e-06	-5.393106e-09	-5.696569e+01	-3.515255e+02
4.000000e-08	-8.130422e-06	-5.391730e-09	-5.692692e+01	-3.512697e+02
5.000000e-08	-8.123561e-06	-5.385399e-09	-5.687888e+01	-3.509653e+02
6.000000e-08	-8.115464e-06	-5.377397e-09	-5.682219e+01	-3.506223e+02
7.000000e-08	-8.105881e-06	-5.356853e-09	-5.675510e+01	-3.502520e+02
8.000000e-08	-8.094618e-06	-5.355146e-09	-5.667623e+01	-3.498675e+02
9.000000e-08	-8.081562e-06	-5.418093e-09	-5.658482e+01	-3.494820e+02
1.000000e-07	-8.066435e-06	-5.437337e-09	-5.647890e+01	-3.491085e+02
1.100000e-07	-8.049451e-06	-5.403472e-09	-5.635998e+01	-3.487593e+02
1.200000e-07	-8.031064e-06	-5.359805e-09	-5.623125e+01	-3.484444e+02
1.300000e-07	-8.011568e-06	-5.232428e-09	-5.609474e+01	-3.481718e+02
1.400000e-07	-7.991159e-06	-5.306720e-09	-5.595184e+01	-3.479460e+02
1.500000e-07	-7.969632e-06	-5.481702e-09	-5.580112e+01	-3.477686e+02
1.600000e-07	-7.946869e-06	-5.328928e-09	-5.564174e+01	-3.476371e+02
1.700000e-07	-7.922852e-06	-5.295163e-09	-5.547357e+01	-3.475459e+02
1.800000e-07	-7.897107e-06	-5.314816e-09	-5.529331e+01	-3.474857e+02
1.900000e-07	-7.869753e-06	-5.220658e-09	-5.510179e+01	-3.474446e+02
2.000000e-07	-7.841296e-06	-5.389193e-09	-5.490254e+01	-3.474080e+02
2.100000e-07	-7.811605e-06	-5.382073e-09	-5.469466e+01	-3.473602e+02
2.200000e-07	-7.780498e-06	-5.180218e-09	-5.447685e+01	-3.472844e+02
2.300000e-07	-7.747962e-06	-5.244264e-09	-5.424904e+01	-3.471639e+02
2.400000e-07	-7.713932e-06	-5.309754e-09	-5.401077e+01	-3.469833e+02
2.500000e-07	-7.678499e-06	-5.300120e-09	-5.376268e+01	-3.467285e+02
2.600000e-07	-7.641678e-06	-5.262514e-09	-5.350487e+01	-3.463880e+02
2.700000e-07	-7.603404e-06	-5.175229e-09	-5.323689e+01	-3.459533e+02
2.800000e-07	-7.563905e-06	-5.216346e-09	-5.296033e+01	-3.454189e+02
2.900000e-07	-7.523255e-06	-5.252730e-09	-5.267571e+01	-3.447830e+02
3.000000e-07	-7.481095e-06	-5.197593e-09	-5.238051e+01	-3.440470e+02
3.100000e-07	-7.437318e-06	-5.149799e-09	-5.207400e+01	-3.432153e+02
3.200000e-07	-7.392180e-06	-5.168280e-09	-5.175796e+01	-3.422950e+02
3.300000e-07	-7.345800e-06	-5.163205e-09	-5.143322e+01	-3.412956e+02
3.400000e-07	-7.298118e-06	-5.101297e-09	-5.109937e+01	-3.402276e+02
3.500000e-07	-7.248944e-06	-5.109350e-09	-5.075506e+01	-3.391027e+02
3.600000e-07	-7.198053e-06	-5.114969e-09	-5.039874e+01	-3.379322e+02
3.700000e-07	-7.145562e-06	-5.076035e-09	-5.003121e+01	-3.367270e+02
3.800000e-07	-7.091803e-06	-5.047595e-09	-4.965480e+01	-3.354967e+02
3.900000e-07	-7.036913e-06	-5.017608e-09	-4.927048e+01	-3.342490e+02
4.000000e-07	-6.980835e-06	-5.038376e-09	-4.887784e+01	-3.329898e+02
4.100000e-07	-6.923388e-06	-5.052516e-09	-4.847561e+01	-3.317222e+02
4.200000e-07	-6.864506e-06	-5.000343e-09	-4.806334e+01	-3.304475e+02
4.300000e-07	-6.804407e-06	-4.939312e-09	-4.764254e+01	-3.291642e+02
4.400000e-07	-6.743209e-06	-4.937399e-09	-4.721404e+01	-3.278694e+02
4.500000e-07	-6.680877e-06	-4.976077e-09	-4.677762e+01	-3.265581e+02
4.600000e-07	-6.617450e-06	-4.954751e-09	-4.633352e+01	-3.252244e+02
4.700000e-07	-6.552882e-06	-4.873845e-09	-4.588143e+01	-3.238617e+02
4.800000e-07	-6.487026e-06	-4.820474e-09	-4.542033e+01	-3.224633e+02
4.900000e-07	-6.419850e-06	-4.856379e-09	-4.494998e+01	-3.210226e+02
5.000000e-07	-6.351560e-06	-4.890103e-09	-4.447183e+01	-3.195342e+02
5.100000e-07	-6.282256e-06	-4.826252e-09	-4.398658e+01	-3.179933e+02
5.200000e-07	-6.211907e-06	-4.740208e-09	-4.349402e+01	-3.163968e+02
5.300000e-07	-6.140490e-06	-4.730186e-09	-4.299398e+01	-3.147429e+02
5.400000e-07	-6.067960e-06	-4.768292e-09	-4.248614e+01	-3.130312e+02
5.500000e-07	-5.994191e-06	-4.752084e-09	-4.196963e+01	-3.112629e+02
5.600000e-07	-5.919056e-06	-4.671406e-09	-4.144356e+01	-3.094401e+02
5.700000e-07	-5.842658e-06	-4.607129e-09	-4.090864e+01	-3.075660e+02
5.800000e-07	-5.765189e-06	-4.607515e-09	-4.036623e+01	-3.056443e+02
5.900000e-07	-5.686589e-06	-4.630511e-09	-3.981589e+01	-3.036787e+02
6.000000e-07	-5.606774e-06	-4.599655e-09	-3.925705e+01	-3.016732e+02
6.100000e-07	-5.525871e-06	-4.524034e-09	-3.869059e+01	-2.996308e+02
6.200000e-07	-5.444009e-06	-4.475786e-09	-3.811741e+01	-2.975541e+02
6.300000e-07	-5.361259e-06	-4.478000e-09	-3.753802e+01	-2.954448e+02
6.400000e-07	-5.277665e-06	-4.477724e-09	-3.695272e+01	-2.933033e+02
6.500000e-07	-5.193226e-06	-4.432581e-09	-3.636150e+01	-2.911291e+02
6.600000e-07	-5.107987e-06	-4.364589e-09	-3.576468e+01	-2.889204e+02
6.700000e-07	-5.021943e-06	-4.322673e-09	-3.516223e+01	-2.866748e+02
6.800000e-07	-4.935104e-06	-4.316448e-09	-3.455420e+01	-2.843888e+02
6.900000e-07	-4.847491e-06	-4.305565e-09	-3.394077e+01	-2.820586e+02
7.000000e-07	-4.758972e-06	-4.258945e-09	-3.332098e+01	-2.796800e+02
7.100000e-07	-4.669541e-06	-4.194174e-09	-3.269481e+01	-2.772486e+02
7.200000e-07	-4.579166e-06	-4.153402e-09	-3.206203e+01	-2.747605e+02
7.300000e-07	-4.487903e-06	-4.142483e-09	-3.142303e+01	-2.722120e+02
7.400000e-07	-4.395906e-06	-4.119507e-09	-3.077889e+01	-2.696002e+02
7.500000e-07	-4.303191e-06	-4.058840e-09	-3.012973e+01	-2.669226e+02
7.600000e-07	-4.209780e-06	-3.987982e-09	-2.947569e+01	-2.641777e+02
7.700000e-07	-4.115634e-06	-3.946311e-09	-2.881651e+01	-2.613646e+02
7.800000e-07	-4.020759e-06	-3.932179e-09	-2.815222e+01	-2.584831e+02
7.900000e-07	-3.925182e-06	-3.900579e-09	-2.748302e+01	-2.555338e+02
8.000000e-07	-3.828881e-06	-3.833094e-09	-2.680875e+01	-2.525173e+02
8.100000e-07	-3.731873e-06	-3.765429e-09	-2.612952e+01	-2.494349e+02
8.200000e-07	-3.634183e-06	-3.730545e-09	-2.544553e+01	-2.462877e+02
8.300000e-07	-3.535818e-06	-3.712750e-09	-2.475680e+01	-2.430767e+02
8.400000e-07	-3.436713e-06	-3.665386e-09	-2.406289e+01	-2.398030e+02
8.500000e-07	-3.336886e-06	-3.585214e-09	-2.336394e+01	-2.364668e+02
8.600000e-07	-3.236473e-06	-3.518376e-09	-2.266087e+01	-2.330684e+02
8.700000e-07	-3.135567e-06	-3.484869e-09	-2.195435e+01	-2.296071e+02
8.800000e-07	-3.034249e-06	-3.451307e-09	-2.124496e+01	-2.260819e+02
8.900000e-07	-2.932510e-06	-3.383725e-09	-2.053261e+01	-2.224912e+02
9.000000e-07	-2.830286e-06	-3.302666e-09	-1.981686e+01	-2.188329e+02
9.100000e-07	-2.727505e-06	-3.248743e-09	-1.909722e+01	-2.151046e+02
9.200000e-07	-2.624152e-06	-3.215023e-09	-1.837357e+01	-2.113034e+02
9.300000e-07	-2.520277e-06	-3.165841e-09	-1.764627e+01	-2.074264e+02
9.400000e-07	-2.415911e-06	-3.089509e-09	-1.691553e+01	-2.034705e+02
9.500000e-07	-2.311068e-06	-3.012053e-09	-1.618145e+01	-1.994326e+02
9.600000e-07	-2.205833e-06	-2.953969e-09	-1.544462e+01	-1.953096e+02
9.700000e-07	-2.100300e-06	-2.900417e-09	-1.470571e+01	-1.910987e+02
9.800000e-07	-1.994464e-06	-2.832111e-09	-1.396467e+01	-1.867973e+02
9.900000e-07	-1.888221e-06	-2.751619e-09	-1.322079e+01	-1.824029e+02
1.000000e-06	-1.781511e-06	-2.678076e-09	-1.247363e+01	-1.779134e+02
1.010000e-06	-1.674400e-06	-2.617162e-09	-1.172368e+01	-1.733271e+02
1.020000e-06	-1.566985e-06	-2.555938e-09	-1.097159e+01	-1.686423e+02
1.030000e-06	-1.459310e-06	-2.482854e-09	-1.021768e+01	-1.638578e+02
1.040000e-06	-1.351346e-06	-2.401539e-09	-9.461742e+00	-1.589724e+02
1.050000e-06	-1.243151e-06	-2.322489e-09	-8.704195e+00	-1.539853e+02
1.060000e-06	-1.134746e-06	-2.249680e-09	-7.945171e+00	-1.488957e+02
1.070000e-06	-1.026121e-06	-2.175589e-09	-7.184611e+00	-1.437029e+02
1.080000e-06	-9.173641e-07	-2.093223e-09	-6.423125e+00	-1.384065e+02
1.090000e-06	-8.085299e-07	-2.004791e-09	-5.661098e+00	-1.330057e+02
1.100000e-06	-6.996194e-07	-1.917566e-09	-4.898538e+00	-1.274999e+02
1.110000e-06	-5.906154e-07	-1.837861e-09	-4.135322e+00	-1.218882e+02
1.120000e-06	-4.814768e-07	-1.759361e-09	-3.371165e+00	-1.161695e+02
1.130000e-06	-3.722578e-07	-1.669274e-09	-2.606444e+00	-1.103423e+02
1.140000e-06	-2.629856e-07	-1.570589e-09	-1.841351e+00	-1.044049e+02
1.150000e-06	-1.536825e-07	-1.476986e-09	-1.076042e+00	-9.835484e+01
1.160000e-06	-4.440469e-08	-1.388752e-09	-3.109091e-01	-9.218927e+01
1.170000e-06	6.485802e-08	-1.295561e-09	4.541176e-01	-8.590470e+01
1.180000e-06	1.741325e-07	-1.193210e-09	1.219226e+00	-7.949706e+01
1.190000e-06	2.833966e-07	-1.089066e-09	1.984263e+00	-7.296170e+01
1.200000e-06	3.926064e-07	-9.884923e-10	2.748919e+00	-6.629351e+01
1.210000e-06	5.017536e-07	-8.901031e-10	3.513137e+00	-5.948707e+01
1.220000e-06	6.108460e-07	-7.877312e-10	4.276971e+00	-5.253685e+01
1.230000e-06	7.198951e-07	-6.783583e-10	5.040503e+00	-4.543749e+01
1.240000e-06	8.288646e-07	-5.645580e-10	5.803476e+00	-3.818418e+01
1.250000e-06	9.377024e-07	-4.523351e-10	6.565528e+00	-3.077297e+01
1.260000e-06	1.046373e-06	-3.413380e-10	7.326412e+00	-2.320127e+01
1.270000e-06	1.154871e-06	-2.259485e-10	8.086078e+00	-1.546829e+01
1.280000e-06	1.263131e-06	-1.041805e-10	8.844087e+00	-7.575422e+00
1.290000e-06	1.371141e-06	2.118152e-11	9.600345e+00	4.732534e-01
1.300000e-06	1.478936e-06	1.462058e-10	1.035509e+01	8.670672e+00
1.310000e-06	1.586451e-06	2.690767e-10	1.110788e+01	1.700648e+01
1.320000e-06	1.693622e-06	3.942372e-10	1.185826e+01	2.546685e+01
1.330000e-06	1.800365e-06	5.259619e-10	1.260565e+01	3.403446e+01
1.340000e-06	1.906714e-06	6.620920e-10	1.335027e+01	4.268856e+01
1.350000e-06	2.012693e-06	7.959737e-10	1.409231e+01	5.140522e+01
1.360000e-06	2.118215e-06	9.264579e-10	1.483114e+01	6.015772e+01
1.370000e-06	2.223363e-06	1.058977e-09	1.556736e+01	6.891712e+01
1.380000e-06	2.328183e-06	1.195114e-09	1.630128e+01	7.765285e+01
1.390000e-06	2.432561e-06	1.330470e-09	1.703210e+01	8.633354e+01
1.400000e-06	2.536505e-06	1.459940e-09	1.775989e+01	9.492781e+01
1.410000e-06	2.639991e-06	1.585570e-09	1.848447e+01	1.034052e+02
1.420000e-06	2.742922e-06	1.711171e-09	1.920517e+01	1.117368e+02
1.430000e-06	2.845381e-06	1.837155e-09	1.992255e+01	1.198964e+02
1.440000e-06	2.947372e-06	1.958921e-09	2.063667e+01	1.278610e+02
1.450000e-06	3.048850e-06	2.074987e-09	2.134718e+01	1.356114e+02
1.460000e-06	3.149881e-06	2.186499e-09	2.205458e+01	1.431326e+02
1.470000e-06	3.250394e-06	2.295999e-09	2.275834e+01	1.504141e+02
1.480000e-06	3.350327e-06	2.402633e-09	2.345805e+01	1.574500e+02
1.490000e-06	3.449673e-06	2.506254e-09	2.415364e+01	1.642389e+02
1.500000e-06	3.548303e-06	2.606307e-09	2.484422e+01	1.707835e+02
1.510000e-06	3.646183e-06	2.700157e-09	2.552955e+01	1.770899e+02
1.520000e-06	3.743384e-06	2.789895e-09	2.621012e+01	1.831677e+02
1.530000e-06	3.839887e-06	2.879413e-09	2.688581e+01	1.890283e+02
1.540000e-06	3.935634e-06	2.967466e-09	2.755620e+01	1.946850e+02
1.550000e-06	4.030662e-06	3.050382e-09	2.822156e+01	2.001519e+02
1.560000e-06	4.124981e-06	3.128040e-09	2.888195e+01	2.054429e+02
1.570000e-06	4.218625e-06	3.206439e-09	2.953762e+01	2.105714e+02
1.580000e-06	4.311619e-06	3.286970e-09	3.018874e+01	2.155497e+02
1.590000e-06	4.403918e-06	3.363355e-09	3.083499e+01	2.203883e+02
1.600000e-06	4.495449e-06	3.433695e-09	3.147586e+01	2.250958e+02
1.610000e-06	4.586096e-06	3.500630e-09	3.211055e+01	2.296789e+02
1.620000e-06	4.675877e-06	3.568660e-09	3.273917e+01	2.341422e+02
1.630000e-06	4.764850e-06	3.636421e-09	3.336213e+01	2.384883e+02
1.640000e-06	4.852881e-06	3.700076e-09	3.397850e+01	2.427186e+02
1.650000e-06	4.939949e-06	3.757775e-09	3.458813e+01	2.468331e+02
1.660000e-06	5.026185e-06	3.814061e-09	3.519193e+01	2.508312e+02
1.670000e-06	5.111629e-06	3.874425e-09	3.579018e+01	2.547118e+02
1.680000e-06	5.196270e-06	3.932472e-09	3.638282e+01	2.584743e+02
1.690000e-06	5.280118e-06	3.985393e-09	3.696990e+01	2.621184e+02
1.700000e-06	5.363079e-06	4.036404e-09	3.755076e+01	2.656448e+02
1.710000e-06	5.445068e-06	4.087779e-09	3.812483e+01	2.690551e+02
1.720000e-06	5.526089e-06	4.138980e-09	3.869212e+01	2.723522e+02
1.730000e-06	5.606096e-06	4.187653e-09	3.925230e+01	2.755400e+02
1.740000e-06	5.685123e-06	4.234152e-09	3.980563e+01	2.786234e+02
1.750000e-06	5.763131e-06	4.276595e-09	4.035181e+01	2.816080e+02
1.760000e-06	5.840090e-06	4.319955e-09	4.089066e+01	2.844999e+02
1.770000e-06	5.915996e-06	4.364182e-09	4.142214e+01	2.873053e+02
1.780000e-06	5.990671e-06	4.404440e-09	4.194499e+01	2.900302e+02
1.790000e-06	6.064070e-06	4.443617e-09	4.245891e+01	2.926797e+02
1.800000e-06	6.136300e-06	4.481513e-09	4.296464e+01	2.952583e+02
1.810000e-06	6.207385e-06	4.518713e-09	4.346236e+01	2.977692e+02
1.820000e-06	6.277393e-06	4.554460e-09	4.395254e+01	3.002146e+02
1.830000e-06	6.346389e-06	4.588324e-09	4.443563e+01	3.025951e+02
1.840000e-06	6.414391e-06	4.621264e-09	4.491176e+01	3.049103e+02
1.850000e-06	6.481275e-06	4.652696e-09	4.538006e+01	3.071588e+02
1.860000e-06	6.546818e-06	4.683739e-09	4.583898e+01	3.093384e+02
1.870000e-06	6.611056e-06	4.713813e-09	4.628875e+01	3.114465e+02
1.880000e-06	6.674127e-06	4.742723e-09	4.673036e+01	3.134805e+02
1.890000e-06	6.736122e-06	4.771155e-09	4.716442e+01	3.154379e+02
1.900000e-06	6.797118e-06	4.796828e-09	4.759150e+01	3.173172e+02
1.910000e-06	6.857110e-06	4.820078e-09	4.801155e+01	3.191175e+02
1.920000e-06	6.915886e-06	4.843887e-09	4.842308e+01	3.208393e+02
1.930000e-06	6.973215e-06	4.868269e-09	4.882449e+01	3.224841e+02
1.940000e-06	7.029204e-06	4.891506e-09	4.921650e+01	3.240551e+02
1.950000e-06	7.084018e-06	4.913305e-09	4.960029e+01	3.255562e+02
1.960000e-06	7.137603e-06	4.935046e-09	4.997549e+01	3.269927e+02
1.970000e-06	7.189823e-06	4.957267e-09	5.034111e+01	3.283703e+02
1.980000e-06	7.240482e-06	4.980060e-09	5.069581e+01	3.296952e+02
1.990000e-06	7.289494e-06	5.000796e-09	5.103898e+01	3.309735e+02
2.000000e-06	7.337031e-06	5.019151e-09	5.137182e+01	3.322109e+02
2.010000e-06	7.383308e-06	5.037815e-09	5.169584e+01	3.334123e+02
2.020000e-06	7.428368e-06	5.056034e-09	5.201134e+01	3.345814e+02
2.030000e-06	7.472279e-06	5.073281e-09	5.231879e+01	3.357208e+02
2.040000e-06	7.514912e-06	5.089654e-09	5.261729e+01	3.368314e+02
2.050000e-06	7.556010e-06	5.104427e-09	5.290505e+01	3.379127e+02
2.060000e-06	7.595685e-06	5.118665e-09	5.318284e+01	3.389629e+02
2.070000e-06	7.634082e-06	5.133709e-09	5.345169e+01	3.399790e+02
2.080000e-06	7.671220e-06	5.148550e-09	5.371172e+01	3.409571e+02
2.090000e-06	7.707179e-06	5.162322e-09	5.396349e+01	3.418929e+02
2.100000e-06	7.741758e-06	5.173690e-09	5.420560e+01	3.427821e+02
2.110000e-06	7.774779e-06	5.183444e-09	5.443681e+01	3.436206e+02
2.120000e-06	7.806440e-06	5.194495e-09	5.465849e+01	3.444053e+02
2.130000e-06	7.836860e-06	5.206227e-09	5.487148e+01	3.451340e+02
2.140000e-06	7.865992e-06	5.215878e-09	5.507546e+01	3.458060e+02
2.150000e-06	7.893867e-06	5.224784e-09	5.527063e+01	3.464221e+02
2.160000e-06	7.920257e-06	5.236138e-09	5.545541e+01	3.469846e+02
2.170000e-06	7.944969e-06	5.249110e-09	5.562843e+01	3.474972e+02
2.180000e-06	7.968247e-06	5.260503e-09	5.579142e+01	3.479648e+02
2.190000e-06	7.990200e-06	5.269318e-09	5.594513e+01	3.483932e+02
2.200000e-06	8.010877e-06	5.276269e-09	5.608990e+01	3.487886e+02
2.210000e-06	8.030317e-06	5.281687e-09	5.622601e+01	3.491571e+02
2.220000e-06	8.048319e-06	5.286658e-09	5.635206e+01	3.495044e+02
2.230000e-06	8.064791e-06	5.291569e-09	5.646739e+01	3.498350e+02
2.240000e-06	8.079753e-06	5.294361e-09	5.657215e+01	3.501523e+02
2.250000e-06	8.093218e-06	5.297508e-09	5.666643e+01	3.504577e+02
2.260000e-06	8.105252e-06	5.302037e-09	5.675069e+01	3.507509e+02
2.270000e-06	8.115595e-06	5.306803e-09	5.682310e+01	3.510297e+02
2.280000e-06	8.124183e-06	5.311556e-09	5.688324e+01	3.512900e+02
2.290000e-06	8.131371e-06	5.316124e-09	5.693357e+01	3.515264e+02
2.300000e-06	8.137252e-06	5.320306e-09	5.697474e+01	3.517322e+02
2.310000e-06	8.141826e-06	5.322772e-09	5.700677e+01	3.519000e+02
2.320000e-06	8.145108e-06	5.323698e-09	5.702975e+01	3.520226e+02
2.330000e-06	8.146780e-06	5.323696e-09	5.704145e+01	3.520932e+02
2.340000e-06	8.146786e-06	5.324516e-09	5.704150e+01	3.521063e+02
2.350000e-06	8.145474e-06	5.321460e-09	5.703231e+01	3.520580e+02
2.360000e-06	8.142907e-06	5.317291e-09	5.701433e+01	3.519469e+02
2.370000e-06	8.139155e-06	5.317233e-09	5.698807e+01	3.517737e+02
2.380000e-06	8.134184e-06	5.318391e-09	5.695326e+01	3.515422e+02
2.390000e-06	8.127649e-06	5.319065e-09	5.690751e+01	3.512586e+02
2.400000e-06	8.119666e-06	5.320708e-09	5.685161e+01	3.509316e+02
2.410000e-06	8.110476e-06	5.345688e-09	5.678727e+01	3.505721e+02
2.420000e-06	8.100046e-06	5.335250e-09	5.671424e+01	3.501924e+02
2.430000e-06	8.088130e-06	5.245613e-09	5.663080e+01	3.498056e+02
2.440000e-06	8.074157e-06	5.228495e-09	5.653297e+01	3.494252e+02
2.450000e-06	8.057967e-06	5.239732e-09	5.641961e+01	3.490636e+02
2.460000e-06	8.040028e-06	5.336566e-09	5.629401e+01	3.487322e+02
2.470000e-06	8.020949e-06	5.443786e-09	5.616042e+01	3.484397e+02
2.480000e-06	8.001207e-06	5.208421e-09	5.602219e+01	3.481925e+02
2.490000e-06	7.980276e-06	5.169837e-09	5.587564e+01	3.479934e+02
2.500000e-06	7.957486e-06	5.278357e-09	5.571607e+01	3.478417e+02
2.510000e-06	7.933418e-06	5.155108e-09	5.554756e+01	3.477333e+02
2.520000e-06	7.908264e-06	5.307031e-09	5.537144e+01	3.476605e+02
2.530000e-06	7.881567e-06	5.322314e-09	5.518451e+01	3.476124e+02
2.540000e-06	7.853500e-06	5.113966e-09	5.498799e+01	3.475757e+02
2.550000e-06	7.824094e-06	5.331244e-09	5.478210e+01	3.475350e+02
2.560000e-06	7.793122e-06	5.429489e-09	5.456524e+01	3.474738e+02
2.570000e-06	7.760717e-06	5.301906e-09	5.433835e+01	3.473755e+02
2.580000e-06	7.726860e-06	5.336353e-09	5.410129e+01	3.472238e+02
2.590000e-06	7.691728e-06	5.284731e-09	5.385531e+01	3.470039e+02
2.600000e-06	7.655487e-06	5.353403e-09	5.360156e+01	3.467032e+02
2.610000e-06	7.617712e-06	5.371184e-09	5.333707e+01	3.463117e+02
2.620000e-06	7.578290e-06	5.258119e-09	5.306105e+01	3.458227e+02
2.630000e-06	7.537462e-06	5.378795e-09	5.277518e+01	3.452325e+02
2.640000e-06	7.495446e-06	5.368472e-09	5.248100e+01	3.445411e+02
2.650000e-06	7.452259e-06	5.266553e-09	5.217861e+01	3.437517e+02
2.660000e-06	7.407861e-06	5.215320e-09	5.186776e+01	3.428703e+02
2.670000e-06	7.362259e-06	5.242480e-09	5.154846e+01	3.419052e+02
2.680000e-06	7.315178e-06	5.341386e-09	5.121881e+01	3.408667e+02
2.690000e-06	7.266649e-06	5.201144e-09	5.087902e+01	3.397659e+02
2.700000e-06	7.216858e-06	5.139814e-09	5.053040e+01	3.386145e+02
2.710000e-06	7.165738e-06	5.190126e-09	5.017248e+01	3.374237e+02
2.720000e-06	7.113171e-06	5.212669e-09	4.980442e+01	3.362036e+02
2.730000e-06	7.058990e-06	5.223283e-09	4.942506e+01	3.349629e+02
2.740000e-06	7.003356e-06	5.084028e-09	4.903552e+01	3.337083e+02
2.750000e-06	6.946525e-06	5.061337e-09	4.863761e+01	3.324442e+02
2.760000e-06	6.888468e-06	5.115653e-09	4.823111e+01	3.311727e+02
2.770000e-06	6.829209e-06	5.136891e-09	4.781620e+01	3.298935e+02
2.780000e-06	6.768879e-06	5.086609e-09	4.739378e+01	3.286044e+02
2.790000e-06	6.707403e-06	4.962273e-09	4.696334e+01	3.273012e+02
2.800000e-06	6.644552e-06	4.978406e-09	4.652328e+01	3.259783e+02
2.810000e-06	6.580394e-06	5.042051e-09	4.607406e+01	3.246295e+02
2.820000e-06	6.515121e-06	5.034180e-09	4.561704e+01	3.232480e+02
2.830000e-06	6.448695e-06	4.918596e-09	4.515194e+01	3.218271e+02
2.840000e-06	6.381134e-06	4.852146e-09	4.467890e+01	3.203608e+02
2.850000e-06	6.312493e-06	4.904131e-09	4.419830e+01	3.188440e+02
2.860000e-06	6.242682e-06	4.920969e-09	4.370950e+01	3.172728e+02
2.870000e-06	6.171546e-06	4.864469e-09	4.321142e+01	3.156449e+02
2.880000e-06	6.099178e-06	4.773788e-09	4.270472e+01	3.139591e+02
2.890000e-06	6.025795e-06	4.757293e-09	4.219091e+01	3.122161e+02
2.900000e-06	5.951398e-06	4.784209e-09	4.167001e+01	3.104175e+02
2.910000e-06	5.875905e-06	4.778774e-09	4.114143e+01	3.085660e+02
2.920000e-06	5.799166e-06	4.712986e-09	4.060413e+01	3.066653e+02
2.930000e-06	5.721141e-06	4.633859e-09	4.005781e+01	3.047189e+02
2.940000e-06	5.641982e-06	4.620383e-09	3.950357e+01	3.027309e+02
2.950000e-06	5.561813e-06	4.640204e-09	3.894224e+01	3.007047e+02
2.960000e-06	5.480726e-06	4.624923e-09	3.837450e+01	2.986432e+02
2.970000e-06	5.398766e-06	4.548369e-09	3.780064e+01	2.965485e+02
2.980000e-06	5.315853e-06	4.477835e-09	3.722011e+01	2.944215e+02
2.990000e-06	5.231970e-06	4.465629e-09	3.663278e+01	2.922621e+02
3.000000e-06	5.147205e-06	4.481878e-09	3.603928e+01	2.900692e+02
3.010000e-06	5.061534e-06	4.450492e-09	3.543943e+01	2.878406e+02
3.020000e-06	4.974875e-06	4.367816e-09	3.483267e+01	2.855732e+02
3.030000e-06	4.887160e-06	4.305298e-09	3.421851e+01	2.832634e+02
3.040000e-06	4.798532e-06	4.304863e-09	3.359797e+01	2.809071e+02
3.050000e-06	4.709189e-06	4.314377e-09	3.297241e+01	2.784999e+02
3.060000e-06	4.619129e-06	4.260165e-09	3.234184e+01	2.760378e+02
3.070000e-06	4.528309e-06	4.171857e-09	3.170594e+01	2.735169e+02
3.080000e-06	4.436733e-06	4.120120e-09	3.106475e+01	2.709339e+02
3.090000e-06	4.344430e-06	4.121626e-09	3.041848e+01	2.682862e+02
3.100000e-06	4.251391e-06	4.111106e-09	2.976704e+01	2.655717e+02
3.110000e-06	4.157640e-06	4.043657e-09	2.911062e+01	2.627893e+02
3.120000e-06	4.063055e-06	3.955972e-09	2.844837e+01	2.599386e+02
3.130000e-06	3.967563e-06	3.916707e-09	2.777976e+01	2.570197e+02
3.140000e-06	3.871305e-06	3.919314e-09	2.710579e+01	2.540334e+02
3.150000e-06	3.774379e-06	3.890447e-09	2.642713e+01	2.509805e+02
3.160000e-06	3.676879e-06	3.805535e-09	2.574447e+01	2.478622e+02
3.170000e-06	3.578813e-06	3.723150e-09	2.505784e+01	2.446798e+02
3.180000e-06	3.480137e-06	3.697229e-09	2.436694e+01	2.414342e+02
3.190000e-06	3.380868e-06	3.687452e-09	2.367188e+01	2.381261e+02
3.200000e-06	3.281060e-06	3.630698e-09	2.297306e+01	2.347558e+02
3.210000e-06	3.180702e-06	3.538965e-09	2.227038e+01	2.313228e+02
3.220000e-06	3.079729e-06	3.476075e-09	2.156340e+01	2.278265e+02
3.230000e-06	2.978166e-06	3.455148e-09	2.085228e+01	2.242655e+02
3.240000e-06	2.876047e-06	3.421154e-09	2.013727e+01	2.206379e+02
3.250000e-06	2.773399e-06	3.345246e-09	1.941856e+01	2.169414e+02
3.260000e-06	2.670171e-06	3.263623e-09	1.869578e+01	2.131734e+02
3.270000e-06	2.566318e-06	3.212291e-09	1.796864e+01	2.093309e+02
3.280000e-06	2.461885e-06	3.174617e-09	1.723743e+01	2.054109e+02
3.290000e-06	2.357095e-06	3.115050e-09	1.650371e+01	2.014103e+02
3.300000e-06	2.252066e-06	3.036551e-09	1.576833e+01	1.973259e+02
3.310000e-06	2.146681e-06	2.964379e-09	1.503045e+01	1.931549e+02
3.320000e-06	2.040885e-06	2.907353e-09	1.428970e+01	1.888945e+02
3.330000e-06	1.934737e-06	2.851560e-09	1.354649e+01	1.845422e+02
3.340000e-06	1.828270e-06	2.784564e-09	1.280103e+01	1.800958e+02
3.350000e-06	1.721492e-06	2.708665e-09	1.205340e+01	1.755533e+02
3.360000e-06	1.614436e-06	2.631686e-09	1.130383e+01	1.709130e+02
3.370000e-06	1.507140e-06	2.559379e-09	1.055257e+01	1.661734e+02
3.380000e-06	1.399645e-06	2.490994e-09	9.799919e+00	1.613336e+02
3.390000e-06	1.291963e-06	2.419316e-09	9.045961e+00	1.563923e+02
3.400000e-06	1.184084e-06	2.338277e-09	8.290625e+00	1.513489e+02
3.410000e-06	1.075965e-06	2.250273e-09	7.533603e+00	1.462027e+02
3.420000e-06	9.676405e-07	2.169733e-09	6.775146e+00	1.409530e+02
3.430000e-06	8.592143e-07	2.098853e-09	6.015976e+00	1.355992e+02
3.440000e-06	7.506792e-07	2.018938e-09	5.256044e+00	1.301408e+02
3.450000e-06	6.419775e-07	1.924956e-09	4.494945e+00	1.245768e+02
3.460000e-06	5.331525e-07	1.830427e-09	3.732983e+00	1.189064e+02
3.470000e-06	4.242686e-07	1.747739e-09	2.970609e+00	1.131282e+02
3.480000e-06	3.153131e-07	1.665552e-09	2.207733e+00	1.072407e+02
3.490000e-06	2.062602e-07	1.570203e-09	1.444176e+00	1.012416e+02
3.500000e-06	9.718717e-08	1.468061e-09	6.804771e-01	9.512841e+01
3.510000e-06	-1.184421e-08	1.371344e-09	-8.292985e-02	8.889785e+01
3.520000e-06	-1.208589e-07	1.280813e-09	-8.462199e-01	8.254613e+01
3.530000e-06	-2.298561e-07	1.184922e-09	-1.609388e+00	7.606884e+01
3.540000e-06	-3.388344e-07	1.078856e-09	-2.372423e+00	6.946107e+01
3.550000e-06	-4.477166e-07	9.696279e-10	-3.134786e+00	6.271752e+01
3.560000e-06	-5.564969e-07	8.636136e-10	-3.896435e+00	5.583268e+01
3.570000e-06	-6.652123e-07	7.575232e-10	-4.657629e+00	4.880106e+01
3.580000e-06	-7.738410e-07	6.466420e-10	-5.418216e+00	4.161757e+01
3.590000e-06	-8.823394e-07	5.326073e-10	-6.177891e+00	3.427782e+01
3.600000e-06	-9.906137e-07	4.199668e-10	-6.935998e+00	2.677855e+01
3.610000e-06	-1.098728e-06	3.078348e-10	-7.692982e+00	1.911811e+01
3.620000e-06	-1.206655e-06	1.926833e-10	-8.448657e+00	1.129685e+01
3.630000e-06	-1.314324e-06	7.162768e-11	-9.202526e+00	3.317591e+00
3.640000e-06	-1.421771e-06	-5.344855e-11	-9.954842e+00	-4.813980e+00
3.650000e-06	-1.528964e-06	-1.814676e-10	-1.070537e+01	-1.308902e+01
3.660000e-06	-1.635876e-06	-3.132681e-10	-1.145394e+01	-2.149528e+01
3.670000e-06	-1.742530e-06	-4.446684e-10	-1.220071e+01	-3.001701e+01
3.680000e-06	-1.848898e-06	-5.745916e-10	-1.294546e+01	-3.863497e+01
3.690000e-06	-1.954959e-06	-7.073585e-10	-1.368807e+01	-4.732663e+01
3.700000e-06	-2.060722e-06	-8.447002e-10	-1.442859e+01	-5.606648e+01
3.710000e-06	-2.166185e-06	-9.810208e-10	-1.516701e+01	-6.482648e+01
3.720000e-06	-2.271326e-06	-1.111468e-09	-1.590318e+01	-7.357672e+01
3.730000e-06	-2.376069e-06	-1.241133e-09	-1.663656e+01	-8.228609e+01
3.740000e-06	-2.480360e-06	-1.376696e-09	-1.736678e+01	-9.092311e+01
3.750000e-06	-2.584162e-06	-1.512395e-09	-1.809357e+01	-9.945676e+01
3.760000e-06	-2.687404e-06	-1.640690e-09	-1.881644e+01	-1.078574e+02
3.770000e-06	-2.790075e-06	-1.761972e-09	-1.953532e+01	-1.160975e+02
3.780000e-06	-2.892190e-06	-1.884627e-09	-2.025030e+01	-1.241525e+02
3.790000e-06	-2.993740e-06	-2.006452e-09	-2.096132e+01	-1.320014e+02
3.800000e-06	-3.094744e-06	-2.121463e-09	-2.166852e+01	-1.396273e+02
3.810000e-06	-3.195207e-06	-2.228452e-09	-2.237194e+01	-1.470176e+02
3.820000e-06	-3.295098e-06	-2.331435e-09	-2.307134e+01	-1.541645e+02
3.830000e-06	-3.394386e-06	-2.435429e-09	-2.376653e+01	-1.610645e+02
3.840000e-06	-3.493050e-06	-2.538378e-09	-2.445735e+01	-1.677185e+02
3.850000e-06	-3.591126e-06	-2.638956e-09	-2.514405e+01	-1.741311e+02
3.860000e-06	-3.688686e-06	-2.737050e-09	-2.582714e+01	-1.803104e+02
3.870000e-06	-3.785733e-06	-2.831170e-09	-2.650664e+01	-1.862672e+02
3.880000e-06	-3.882254e-06	-2.922136e-09	-2.718245e+01	-1.920140e+02
3.890000e-06	-3.978099e-06	-3.010238e-09	-2.785353e+01	-1.975645e+02
3.900000e-06	-4.073105e-06	-3.095567e-09	-2.851874e+01	-2.029330e+02
3.910000e-06	-4.167288e-06	-3.177363e-09	-2.917818e+01	-2.081330e+02
3.920000e-06	-4.260743e-06	-3.255298e-09	-2.983252e+01	-2.131775e+02
3.930000e-06	-4.353469e-06	-3.330202e-09	-3.048176e+01	-2.180778e+02
3.940000e-06	-4.445351e-06	-3.404612e-09	-3.112509e+01	-2.228434e+02
3.950000e-06	-4.536340e-06	-3.476641e-09	-3.176217e+01	-2.274818e+02
3.960000e-06	-4.626507e-06	-3.543889e-09	-3.239350e+01	-2.319985e+02
3.970000e-06	-4.715931e-06	-3.608736e-09	-3.301962e+01	-2.363971e+02
3.980000e-06	-4.804651e-06	-3.673911e-09	-3.364081e+01	-2.406795e+02
3.990000e-06	-4.892574e-06	-3.740569e-09	-3.425642e+01	-2.448462e+02
4.000000e-06	-4.979577e-06	-3.803140e-09	-3.486559e+01	-2.488968e+02
4.010000e-06	-5.065613e-06	-3.860457e-09	-3.546799e+01	-2.528304e+02
4.020000e-06	-5.150690e-06	-3.916276e-09	-3.606368e+01	-2.566461e+02
4.030000e-06	-5.234863e-06	-3.976252e-09	-3.665303e+01	-2.603435e+02
4.040000e-06	-5.318120e-06	-4.037047e-09	-3.723598e+01	-2.639227e+02
4.050000e-06	-5.400463e-06	-4.092438e-09	-3.781252e+01	-2.673850e+02
4.060000e-06	-5.481936e-06	-4.142636e-09	-3.838297e+01	-2.707326e+02
4.070000e-06	-5.562525e-06	-4.193974e-09	-3.894723e+01	-2.739690e+02
4.080000e-06	-5.642127e-06	-4.245397e-09	-3.950458e+01	-2.770987e+02
4.090000e-06	-5.720657e-06	-4.292089e-09	-4.005443e+01	-2.801270e+02
4.100000e-06	-5.798009e-06	-4.335710e-09	-4.059602e+01	-2.830599e+02
4.110000e-06	-5.874120e-06	-4.379164e-09	-4.112893e+01	-2.859035e+02
4.120000e-06	-5.949064e-06	-4.423379e-09	-4.165367e+01	-2.886639e+02
4.130000e-06	-6.022966e-06	-4.468757e-09	-4.217111e+01	-2.913467e+02
4.140000e-06	-6.095864e-06	-4.513372e-09	-4.268152e+01	-2.939568e+02
4.150000e-06	-6.167697e-06	-4.554227e-09	-4.318448e+01	-2.964978e+02
4.160000e-06	-6.238369e-06	-4.592513e-09	-4.367930e+01	-2.989725e+02
4.170000e-06	-6.307816e-06	-4.630143e-09	-4.416555e+01	-3.013822e+02
4.180000e-06	-6.376099e-06	-4.667414e-09	-4.464365e+01	-3.037269e+02
4.190000e-06	-6.443255e-06	-4.702641e-09	-4.511385e+01	-3.060057e+02
4.200000e-06	-6.509303e-06	-4.735759e-09	-4.557630e+01	-3.082166e+02
4.210000e-06	-6.574324e-06	-4.768405e-09	-4.603156e+01	-3.103572e+02
4.220000e-06	-6.638320e-06	-4.801402e-09	-4.647965e+01	-3.124249e+02
4.230000e-06	-6.701033e-06	-4.836570e-09	-4.691874e+01	-3.144171e+02
4.240000e-06	-6.762360e-06	-4.868964e-09	-4.734814e+01	-3.163317e+02
4.250000e-06	-6.822516e-06	-4.896398e-09	-4.776933e+01	-3.181675e+02
4.260000e-06	-6.881554e-06	-4.923640e-09	-4.818270e+01	-3.199245e+02
4.270000e-06	-6.939393e-06	-4.952018e-09	-4.858767e+01	-3.216037e+02
4.280000e-06	-6.996077e-06	-4.978496e-09	-4.898455e+01	-3.232075e+02
4.290000e-06	-7.051560e-06	-4.998834e-09	-4.937303e+01	-3.247395e+02
4.300000e-06	-7.105531e-06	-5.015925e-09	-4.975092e+01	-3.262044e+02
4.310000e-06	-7.157967e-06	-5.035581e-09	-5.011806e+01	-3.276077e+02
4.320000e-06	-7.209055e-06	-5.058408e-09	-5.047577e+01	-3.289556e+02
4.330000e-06	-7.258696e-06	-5.081475e-09	-5.082334e+01	-3.302541e+02
4.340000e-06	-7.306697e-06	-5.101536e-09	-5.115943e+01	-3.315092e+02
4.350000e-06	-7.353231e-06	-5.120475e-09	-5.148525e+01	-3.327263e+02
4.360000e-06	-7.398584e-06	-5.140848e-09	-5.180280e+01	-3.339096e+02
4.370000e-06	-7.442908e-06	-5.160777e-09	-5.211314e+01	-3.350622e+02
4.380000e-06	-7.486189e-06	-5.178750e-09	-5.241618e+01	-3.361857e+02
4.390000e-06	-7.528215e-06	-5.193930e-09	-5.271044e+01	-3.372803e+02
4.400000e-06	-7.569023e-06	-5.207987e-09	-5.299616e+01	-3.383448e+02
4.410000e-06	-7.608646e-06	-5.223087e-09	-5.327360e+01	-3.393767e+02
4.420000e-06	-7.646742e-06	-5.237595e-09	-5.354033e+01	-3.403724e+02
4.430000e-06	-7.683302e-06	-5.250771e-09	-5.379631e+01	-3.413279e+02
4.440000e-06	-7.718570e-06	-5.264164e-09	-5.404325e+01	-3.422386e+02
4.450000e-06	-7.752540e-06	-5.276679e-09	-5.428110e+01	-3.431004e+02
4.460000e-06	-7.785281e-06	-5.288220e-09	-5.451034e+01	-3.439096e+02
4.470000e-06	-7.816722e-06	-5.299349e-09	-5.473048e+01	-3.446637e+02
4.480000e-06	-7.846606e-06	-5.309590e-09	-5.493972e+01	-3.453612e+02
4.490000e-06	-7.874997e-06	-5.317668e-09	-5.513851e+01	-3.460023e+02
4.500000e-06	-7.902066e-06	-5.325563e-09	-5.532804e+01	-3.465885e+02
4.510000e-06	-7.927737e-06	-5.333886e-09	-5.550778e+01	-3.471230e+02
4.520000e-06	-7.952105e-06	-5.340337e-09	-5.567840e+01	-3.476102e+02
4.530000e-06	-7.975121e-06	-5.346355e-09	-5.583955e+01	-3.480555e+02
4.540000e-06	-7.996576e-06	-5.353937e-09	-5.598977e+01	-3.484650e+02
4.550000e-06	-8.016628e-06	-5.361561e-09	-5.613017e+01	-3.488449e+02
4.560000e-06	-8.035354e-06	-5.367398e-09	-5.626128e+01	-3.492011e+02
4.570000e-06	-8.052753e-06	-5.373525e-09	-5.638311e+01	-3.495387e+02
4.580000e-06	-8.068752e-06	-5.380322e-09	-5.649512e+01	-3.498617e+02
4.590000e-06	-8.083105e-06	-5.384696e-09	-5.659562e+01	-3.501723e+02
4.600000e-06	-8.095766e-06	-5.385832e-09	-5.668427e+01	-3.504712e+02
4.610000e-06	-8.106849e-06	-5.385470e-09	-5.676187e+01	-3.507569e+02
4.620000e-06	-8.116472e-06	-5.386321e-09	-5.682925e+01	-3.510261e+02
4.630000e-06	-8.124857e-06	-5.389070e-09	-5.688796e+01	-3.512741e+02
4.640000e-06	-8.131775e-06	-5.391880e-09	-5.693639e+01	-3.514945e+02
4.650000e-06	-8.137009e-06	-5.394213e-09	-5.697304e+01	-3.516803e+02
4.660000e-06	-8.140873e-06	-5.396504e-09	-5.700010e+01	-3.518242e+02
4.670000e-06	-8.143450e-06	-5.398144e-09	-5.701814e+01	-3.519189e+02
4.680000e-06	-8.144693e-06	-5.398089e-09	-5.702684e+01	-3.519585e+02
