# Temperatura_=_20.0
# Concentracion g/m^3_=_10000.0
# C_Vs_to_Am_M_A/Vsm_=_65563218390.804596
# pendiente_HvsI_1/m_=_3716.3
# ordenada_HvsI_A/m_=_1297.0
# frecuencia_Hz_=_135487.1936187962

Tiempo_(s)	Campo_(V.s)	Magnetizacion_(V.s)	Campo_(kA/m)	Magnetizacion_(A/m)
0.000000e+00	-7.797019e-06	-1.695262e-09	-5.691054e+01	-1.122077e+02
1.000000e-08	-7.797311e-06	-1.695392e-09	-5.691267e+01	-1.121605e+02
2.000000e-08	-7.797289e-06	-1.697119e-09	-5.691251e+01	-1.120726e+02
3.000000e-08	-7.796739e-06	-1.696694e-09	-5.690849e+01	-1.119414e+02
4.000000e-08	-7.795480e-06	-1.695003e-09	-5.689930e+01	-1.117647e+02
5.000000e-08	-7.793448e-06	-1.694621e-09	-5.688447e+01	-1.115403e+02
6.000000e-08	-7.790614e-06	-1.696658e-09	-5.686378e+01	-1.112665e+02
7.000000e-08	-7.787186e-06	-1.699321e-09	-5.683876e+01	-1.109418e+02
8.000000e-08	-7.783393e-06	-1.702190e-09	-5.681108e+01	-1.105650e+02
9.000000e-08	-7.779200e-06	-1.703957e-09	-5.678047e+01	-1.101352e+02
1.000000e-07	-7.774404e-06	-1.689827e-09	-5.674547e+01	-1.096519e+02
1.100000e-07	-7.768822e-06	-1.691994e-09	-5.670472e+01	-1.091150e+02
1.200000e-07	-7.762382e-06	-1.703568e-09	-5.665772e+01	-1.085247e+02
1.300000e-07	-7.755206e-06	-1.724963e-09	-5.660534e+01	-1.078814e+02
1.400000e-07	-7.747587e-06	-1.648970e-09	-5.654973e+01	-1.071862e+02
1.500000e-07	-7.739782e-06	-1.592555e-09	-5.649276e+01	-1.064403e+02
1.600000e-07	-7.731774e-06	-1.650468e-09	-5.643431e+01	-1.056455e+02
1.700000e-07	-7.723352e-06	-1.774507e-09	-5.637284e+01	-1.048036e+02
1.800000e-07	-7.714220e-06	-1.710390e-09	-5.630618e+01	-1.039170e+02
1.900000e-07	-7.704221e-06	-1.631532e-09	-5.623320e+01	-1.029884e+02
2.000000e-07	-7.693385e-06	-1.637770e-09	-5.615411e+01	-1.020208e+02
2.100000e-07	-7.681926e-06	-1.680231e-09	-5.607047e+01	-1.010174e+02
2.200000e-07	-7.669978e-06	-1.733860e-09	-5.598326e+01	-9.998157e+01
2.300000e-07	-7.657480e-06	-1.730014e-09	-5.589204e+01	-9.891718e+01
2.400000e-07	-7.644406e-06	-1.623323e-09	-5.579661e+01	-9.782812e+01
2.500000e-07	-7.630685e-06	-1.514739e-09	-5.569646e+01	-9.671847e+01
2.600000e-07	-7.616395e-06	-1.561424e-09	-5.559216e+01	-9.559247e+01
2.700000e-07	-7.601187e-06	-1.591507e-09	-5.548115e+01	-9.445445e+01
2.800000e-07	-7.584979e-06	-1.456452e-09	-5.536285e+01	-9.330882e+01
2.900000e-07	-7.568260e-06	-1.332734e-09	-5.524082e+01	-9.216001e+01
3.000000e-07	-7.551155e-06	-1.358295e-09	-5.511597e+01	-9.101245e+01
3.100000e-07	-7.533642e-06	-1.307126e-09	-5.498815e+01	-8.987054e+01
3.200000e-07	-7.515615e-06	-1.157660e-09	-5.485656e+01	-8.873860e+01
3.300000e-07	-7.496959e-06	-1.146710e-09	-5.472040e+01	-8.762085e+01
3.400000e-07	-7.477781e-06	-1.216683e-09	-5.458041e+01	-8.652135e+01
3.500000e-07	-7.458204e-06	-1.195619e-09	-5.443752e+01	-8.544400e+01
3.600000e-07	-7.438305e-06	-1.255184e-09	-5.429228e+01	-8.439250e+01
3.700000e-07	-7.418072e-06	-1.197092e-09	-5.414459e+01	-8.337029e+01
3.800000e-07	-7.397309e-06	-1.114477e-09	-5.399305e+01	-8.238059e+01
3.900000e-07	-7.375967e-06	-1.179953e-09	-5.383727e+01	-8.142631e+01
4.000000e-07	-7.354084e-06	-1.306273e-09	-5.367754e+01	-8.051005e+01
4.100000e-07	-7.331535e-06	-1.203332e-09	-5.351296e+01	-7.963410e+01
4.200000e-07	-7.308424e-06	-1.075766e-09	-5.334428e+01	-7.880041e+01
4.300000e-07	-7.284965e-06	-1.147393e-09	-5.317305e+01	-7.801058e+01
4.400000e-07	-7.261117e-06	-1.244715e-09	-5.299898e+01	-7.726585e+01
4.500000e-07	-7.236876e-06	-1.154018e-09	-5.282204e+01	-7.656710e+01
4.600000e-07	-7.212083e-06	-1.044822e-09	-5.264108e+01	-7.591482e+01
4.700000e-07	-7.186538e-06	-1.096144e-09	-5.245463e+01	-7.530918e+01
4.800000e-07	-7.160199e-06	-1.166691e-09	-5.226238e+01	-7.474995e+01
4.900000e-07	-7.133156e-06	-1.138234e-09	-5.206499e+01	-7.423656e+01
5.000000e-07	-7.105657e-06	-1.093085e-09	-5.186427e+01	-7.376811e+01
5.100000e-07	-7.077889e-06	-1.089540e-09	-5.166160e+01	-7.334336e+01
5.200000e-07	-7.049750e-06	-1.088189e-09	-5.145621e+01	-7.296077e+01
5.300000e-07	-7.021096e-06	-1.123214e-09	-5.124707e+01	-7.261850e+01
5.400000e-07	-6.991996e-06	-1.123442e-09	-5.103466e+01	-7.231445e+01
5.500000e-07	-6.962396e-06	-1.063682e-09	-5.081861e+01	-7.204628e+01
5.600000e-07	-6.932245e-06	-1.047835e-09	-5.059854e+01	-7.181142e+01
5.700000e-07	-6.901637e-06	-1.123984e-09	-5.037513e+01	-7.160711e+01
5.800000e-07	-6.870529e-06	-1.124967e-09	-5.014807e+01	-7.143046e+01
5.900000e-07	-6.838928e-06	-1.058097e-09	-4.991741e+01	-7.127841e+01
6.000000e-07	-6.806962e-06	-1.039231e-09	-4.968409e+01	-7.114781e+01
6.100000e-07	-6.774718e-06	-1.089668e-09	-4.944875e+01	-7.103547e+01
6.200000e-07	-6.742046e-06	-1.094744e-09	-4.921027e+01	-7.093814e+01
6.300000e-07	-6.708613e-06	-1.053840e-09	-4.896625e+01	-7.085255e+01
6.400000e-07	-6.674417e-06	-1.026405e-09	-4.871665e+01	-7.077549e+01
6.500000e-07	-6.639672e-06	-1.047646e-09	-4.846304e+01	-7.070378e+01
6.600000e-07	-6.604469e-06	-1.063879e-09	-4.820610e+01	-7.063432e+01
6.700000e-07	-6.568809e-06	-1.044972e-09	-4.794582e+01	-7.056413e+01
6.800000e-07	-6.532760e-06	-1.020405e-09	-4.768269e+01	-7.049037e+01
6.900000e-07	-6.496272e-06	-1.027867e-09	-4.741636e+01	-7.041035e+01
7.000000e-07	-6.459251e-06	-1.037720e-09	-4.714615e+01	-7.032155e+01
7.100000e-07	-6.421724e-06	-1.032334e-09	-4.687224e+01	-7.022166e+01
7.200000e-07	-6.383826e-06	-1.015505e-09	-4.659562e+01	-7.010858e+01
7.300000e-07	-6.345570e-06	-9.989614e-10	-4.631639e+01	-6.998043e+01
7.400000e-07	-6.306831e-06	-1.000819e-09	-4.603364e+01	-6.983560e+01
7.500000e-07	-6.267680e-06	-1.015528e-09	-4.574787e+01	-6.967268e+01
7.600000e-07	-6.228231e-06	-1.004456e-09	-4.545993e+01	-6.949054e+01
7.700000e-07	-6.188494e-06	-9.766202e-10	-4.516989e+01	-6.928831e+01
7.800000e-07	-6.148366e-06	-9.811351e-10	-4.487700e+01	-6.906535e+01
7.900000e-07	-6.107714e-06	-9.969664e-10	-4.458028e+01	-6.882129e+01
8.000000e-07	-6.066412e-06	-9.835844e-10	-4.427881e+01	-6.855601e+01
8.100000e-07	-6.024419e-06	-9.576926e-10	-4.397231e+01	-6.826960e+01
8.200000e-07	-5.981782e-06	-9.611963e-10	-4.366110e+01	-6.796241e+01
8.300000e-07	-5.938656e-06	-9.707623e-10	-4.334632e+01	-6.763498e+01
8.400000e-07	-5.895239e-06	-9.649498e-10	-4.302942e+01	-6.728806e+01
8.500000e-07	-5.851494e-06	-9.491156e-10	-4.271013e+01	-6.692258e+01
8.600000e-07	-5.807301e-06	-9.449553e-10	-4.238756e+01	-6.653962e+01
8.700000e-07	-5.762677e-06	-9.452358e-10	-4.206185e+01	-6.614044e+01
8.800000e-07	-5.717741e-06	-9.448815e-10	-4.173386e+01	-6.572637e+01
8.900000e-07	-5.672457e-06	-9.327298e-10	-4.140333e+01	-6.529890e+01
9.000000e-07	-5.626785e-06	-9.182113e-10	-4.106997e+01	-6.485954e+01
9.100000e-07	-5.580760e-06	-9.129818e-10	-4.073403e+01	-6.440991e+01
9.200000e-07	-5.534331e-06	-9.188451e-10	-4.039515e+01	-6.395163e+01
9.300000e-07	-5.487530e-06	-9.138881e-10	-4.005355e+01	-6.348635e+01
9.400000e-07	-5.440329e-06	-8.956982e-10	-3.970902e+01	-6.301568e+01
9.500000e-07	-5.392651e-06	-8.830940e-10	-3.936102e+01	-6.254124e+01
9.600000e-07	-5.344554e-06	-8.900175e-10	-3.900997e+01	-6.206456e+01
9.700000e-07	-5.296013e-06	-8.900473e-10	-3.865566e+01	-6.158713e+01
9.800000e-07	-5.247026e-06	-8.727563e-10	-3.829811e+01	-6.111032e+01
9.900000e-07	-5.197532e-06	-8.552690e-10	-3.793685e+01	-6.063542e+01
1.000000e-06	-5.147446e-06	-8.562627e-10	-3.757127e+01	-6.016359e+01
1.010000e-06	-5.096836e-06	-8.599899e-10	-3.720187e+01	-5.969585e+01
1.020000e-06	-5.045819e-06	-8.500148e-10	-3.682950e+01	-5.923309e+01
1.030000e-06	-4.994348e-06	-8.355484e-10	-3.645380e+01	-5.877604e+01
1.040000e-06	-4.942421e-06	-8.268134e-10	-3.607479e+01	-5.832528e+01
1.050000e-06	-4.890208e-06	-8.260002e-10	-3.569369e+01	-5.788121e+01
1.060000e-06	-4.837709e-06	-8.234923e-10	-3.531049e+01	-5.744408e+01
1.070000e-06	-4.784791e-06	-8.113097e-10	-3.492425e+01	-5.701399e+01
1.080000e-06	-4.731423e-06	-7.958149e-10	-3.453471e+01	-5.659083e+01
1.090000e-06	-4.677743e-06	-7.915252e-10	-3.414290e+01	-5.617439e+01
1.100000e-06	-4.623813e-06	-7.917073e-10	-3.374926e+01	-5.576427e+01
1.110000e-06	-4.569572e-06	-7.824156e-10	-3.335336e+01	-5.535993e+01
1.120000e-06	-4.514947e-06	-7.663775e-10	-3.295465e+01	-5.496071e+01
1.130000e-06	-4.459993e-06	-7.598740e-10	-3.255354e+01	-5.456582e+01
1.140000e-06	-4.404745e-06	-7.581262e-10	-3.215028e+01	-5.417435e+01
1.150000e-06	-4.349143e-06	-7.523259e-10	-3.174445e+01	-5.378532e+01
1.160000e-06	-4.293399e-06	-7.395662e-10	-3.133757e+01	-5.339765e+01
1.170000e-06	-4.237524e-06	-7.296674e-10	-3.092974e+01	-5.301019e+01
1.180000e-06	-4.181398e-06	-7.232358e-10	-3.052008e+01	-5.262175e+01
1.190000e-06	-4.125002e-06	-7.193914e-10	-3.010844e+01	-5.223111e+01
1.200000e-06	-4.068230e-06	-7.089705e-10	-2.969406e+01	-5.183703e+01
1.210000e-06	-4.011031e-06	-6.995263e-10	-2.927656e+01	-5.143827e+01
1.220000e-06	-3.953369e-06	-6.946142e-10	-2.885569e+01	-5.103361e+01
1.230000e-06	-3.895346e-06	-6.922001e-10	-2.843218e+01	-5.062187e+01
1.240000e-06	-3.836892e-06	-6.839788e-10	-2.800552e+01	-5.020190e+01
1.250000e-06	-3.777971e-06	-6.723101e-10	-2.757545e+01	-4.977264e+01
1.260000e-06	-3.718810e-06	-6.625676e-10	-2.714364e+01	-4.933308e+01
1.270000e-06	-3.659474e-06	-6.540346e-10	-2.671054e+01	-4.888233e+01
1.280000e-06	-3.599882e-06	-6.456860e-10	-2.627558e+01	-4.841956e+01
1.290000e-06	-3.540015e-06	-6.334045e-10	-2.583861e+01	-4.794408e+01
1.300000e-06	-3.479965e-06	-6.220641e-10	-2.540030e+01	-4.745531e+01
1.310000e-06	-3.419809e-06	-6.159663e-10	-2.496122e+01	-4.695278e+01
1.320000e-06	-3.359572e-06	-6.120245e-10	-2.452155e+01	-4.643617e+01
1.330000e-06	-3.299156e-06	-6.015556e-10	-2.408058e+01	-4.590527e+01
1.340000e-06	-3.238481e-06	-5.907257e-10	-2.363771e+01	-4.536001e+01
1.350000e-06	-3.177572e-06	-5.846845e-10	-2.319314e+01	-4.480044e+01
1.360000e-06	-3.116454e-06	-5.780656e-10	-2.274703e+01	-4.422674e+01
1.370000e-06	-3.055117e-06	-5.680154e-10	-2.229934e+01	-4.363923e+01
1.380000e-06	-2.993550e-06	-5.578041e-10	-2.184995e+01	-4.303831e+01
1.390000e-06	-2.931726e-06	-5.482734e-10	-2.139870e+01	-4.242452e+01
1.400000e-06	-2.869661e-06	-5.405303e-10	-2.094569e+01	-4.179849e+01
1.410000e-06	-2.807397e-06	-5.328734e-10	-2.049123e+01	-4.116094e+01
1.420000e-06	-2.745008e-06	-5.254949e-10	-2.003585e+01	-4.051266e+01
1.430000e-06	-2.682479e-06	-5.167459e-10	-1.957945e+01	-3.985451e+01
1.440000e-06	-2.619746e-06	-5.090527e-10	-1.912156e+01	-3.918740e+01
1.450000e-06	-2.556906e-06	-5.000391e-10	-1.866289e+01	-3.851229e+01
1.460000e-06	-2.494002e-06	-4.892330e-10	-1.820375e+01	-3.783015e+01
1.470000e-06	-2.430920e-06	-4.790431e-10	-1.774332e+01	-3.714196e+01
1.480000e-06	-2.367637e-06	-4.727172e-10	-1.728141e+01	-3.644871e+01
1.490000e-06	-2.304220e-06	-4.646298e-10	-1.681853e+01	-3.575135e+01
1.500000e-06	-2.240679e-06	-4.531584e-10	-1.635475e+01	-3.505080e+01
1.510000e-06	-2.176996e-06	-4.437796e-10	-1.588992e+01	-3.434795e+01
1.520000e-06	-2.113090e-06	-4.374608e-10	-1.542347e+01	-3.364361e+01
1.530000e-06	-2.049005e-06	-4.293399e-10	-1.495571e+01	-3.293852e+01
1.540000e-06	-1.984842e-06	-4.176552e-10	-1.448739e+01	-3.223334e+01
1.550000e-06	-1.920517e-06	-4.053357e-10	-1.401788e+01	-3.152863e+01
1.560000e-06	-1.855924e-06	-3.968711e-10	-1.354641e+01	-3.082484e+01
1.570000e-06	-1.791181e-06	-3.904788e-10	-1.307385e+01	-3.012232e+01
1.580000e-06	-1.726418e-06	-3.788788e-10	-1.260115e+01	-2.942131e+01
1.590000e-06	-1.661563e-06	-3.671143e-10	-1.212777e+01	-2.872190e+01
1.600000e-06	-1.596515e-06	-3.566518e-10	-1.165298e+01	-2.802407e+01
1.610000e-06	-1.531309e-06	-3.467396e-10	-1.117704e+01	-2.732766e+01
1.620000e-06	-1.466013e-06	-3.342760e-10	-1.070045e+01	-2.663242e+01
1.630000e-06	-1.400625e-06	-3.206936e-10	-1.022318e+01	-2.593792e+01
1.640000e-06	-1.335082e-06	-3.100390e-10	-9.744780e+00	-2.524363e+01
1.650000e-06	-1.269440e-06	-3.010549e-10	-9.265656e+00	-2.454892e+01
1.660000e-06	-1.203712e-06	-2.922642e-10	-8.785909e+00	-2.385302e+01
1.670000e-06	-1.137774e-06	-2.832560e-10	-8.304629e+00	-2.315507e+01
1.680000e-06	-1.071679e-06	-2.730042e-10	-7.822200e+00	-2.245410e+01
1.690000e-06	-1.005517e-06	-2.607582e-10	-7.339281e+00	-2.174907e+01
1.700000e-06	-9.393617e-07	-2.493444e-10	-6.856412e+00	-2.103885e+01
1.710000e-06	-8.731901e-07	-2.371217e-10	-6.373425e+00	-2.032225e+01
1.720000e-06	-8.069328e-07	-2.225668e-10	-5.889812e+00	-1.959803e+01
1.730000e-06	-7.406766e-07	-2.090013e-10	-5.406208e+00	-1.886491e+01
1.740000e-06	-6.743647e-07	-1.990250e-10	-4.922196e+00	-1.812160e+01
1.750000e-06	-6.079398e-07	-1.895676e-10	-4.437360e+00	-1.736676e+01
1.760000e-06	-5.414572e-07	-1.760779e-10	-3.952102e+00	-1.659910e+01
1.770000e-06	-4.749365e-07	-1.624998e-10	-3.466567e+00	-1.581732e+01
1.780000e-06	-4.084362e-07	-1.504387e-10	-2.981181e+00	-1.502016e+01
1.790000e-06	-3.418286e-07	-1.374404e-10	-2.495011e+00	-1.420639e+01
1.800000e-06	-2.750850e-07	-1.220021e-10	-2.007849e+00	-1.337485e+01
1.810000e-06	-2.084186e-07	-1.064574e-10	-1.521250e+00	-1.252445e+01
1.820000e-06	-1.418212e-07	-9.140639e-11	-1.035155e+00	-1.165417e+01
1.830000e-06	-7.524097e-08	-7.763578e-11	-5.491848e-01	-1.076309e+01
1.840000e-06	-8.711287e-09	-6.427085e-11	-6.358379e-02	-9.850381e+00
1.850000e-06	5.790700e-08	-5.328005e-11	4.226639e-01	-8.915334e+00
1.860000e-06	1.245844e-07	-4.180473e-11	9.093434e-01	-7.957343e+00
1.870000e-06	1.911802e-07	-2.891072e-11	1.395427e+00	-6.975927e+00
1.880000e-06	2.577682e-07	-1.604633e-11	1.881453e+00	-5.970729e+00
1.890000e-06	3.242928e-07	-1.005238e-12	2.367017e+00	-4.941519e+00
1.900000e-06	3.907745e-07	1.445799e-11	2.852268e+00	-3.888200e+00
1.910000e-06	4.572842e-07	2.891639e-11	3.337723e+00	-2.810799e+00
1.920000e-06	5.237721e-07	4.471511e-11	3.823019e+00	-1.709477e+00
1.930000e-06	5.902271e-07	5.961185e-11	4.308075e+00	-5.845156e-01
1.940000e-06	6.566396e-07	7.349349e-11	4.792820e+00	5.636766e-01
1.950000e-06	7.230202e-07	8.738985e-11	5.277333e+00	1.734576e+00
1.960000e-06	7.893135e-07	1.004041e-10	5.761208e+00	2.927547e+00
1.970000e-06	8.555692e-07	1.150182e-10	6.244810e+00	4.141848e+00
1.980000e-06	9.218134e-07	1.310327e-10	6.728327e+00	5.376642e+00
1.990000e-06	9.878334e-07	1.480493e-10	7.210208e+00	6.631003e+00
2.000000e-06	1.053632e-06	1.654370e-10	7.690474e+00	7.903926e+00
2.010000e-06	1.119486e-06	1.841761e-10	8.171145e+00	9.194336e+00
2.020000e-06	1.185334e-06	2.015601e-10	8.651769e+00	1.050110e+01
2.030000e-06	1.251070e-06	2.174703e-10	9.131574e+00	1.182303e+01
2.040000e-06	1.316735e-06	2.327146e-10	9.610862e+00	1.315892e+01
2.050000e-06	1.382316e-06	2.492491e-10	1.008954e+01	1.450750e+01
2.060000e-06	1.447735e-06	2.651543e-10	1.056703e+01	1.586752e+01
2.070000e-06	1.512933e-06	2.821436e-10	1.104291e+01	1.723770e+01
2.080000e-06	1.578041e-06	3.020842e-10	1.151814e+01	1.861676e+01
2.090000e-06	1.643026e-06	3.201569e-10	1.199246e+01	2.000345e+01
2.100000e-06	1.707897e-06	3.377321e-10	1.246596e+01	2.139652e+01
2.110000e-06	1.772702e-06	3.586757e-10	1.293897e+01	2.279475e+01
2.120000e-06	1.837317e-06	3.815821e-10	1.341060e+01	2.419696e+01
2.130000e-06	1.901676e-06	4.022275e-10	1.388035e+01	2.560202e+01
2.140000e-06	1.965779e-06	4.198886e-10	1.434824e+01	2.700882e+01
2.150000e-06	2.029726e-06	4.379768e-10	1.481500e+01	2.841631e+01
2.160000e-06	2.093600e-06	4.586690e-10	1.528121e+01	2.982350e+01
2.170000e-06	2.157350e-06	4.828321e-10	1.574653e+01	3.122945e+01
2.180000e-06	2.220992e-06	5.050259e-10	1.621105e+01	3.263326e+01
2.190000e-06	2.284448e-06	5.225791e-10	1.667421e+01	3.403411e+01
2.200000e-06	2.347708e-06	5.403923e-10	1.713595e+01	3.543123e+01
2.210000e-06	2.410917e-06	5.621705e-10	1.759731e+01	3.682388e+01
2.220000e-06	2.474013e-06	5.830933e-10	1.805785e+01	3.821139e+01
2.230000e-06	2.536927e-06	5.995137e-10	1.851706e+01	3.959314e+01
2.240000e-06	2.599667e-06	6.179496e-10	1.897500e+01	4.096854e+01
2.250000e-06	2.662301e-06	6.397420e-10	1.943217e+01	4.233705e+01
2.260000e-06	2.724767e-06	6.590487e-10	1.988810e+01	4.369816e+01
2.270000e-06	2.787011e-06	6.744522e-10	2.034243e+01	4.505138e+01
2.280000e-06	2.849074e-06	6.924426e-10	2.079543e+01	4.639626e+01
2.290000e-06	2.910914e-06	7.141731e-10	2.124680e+01	4.773235e+01
2.300000e-06	2.972534e-06	7.343657e-10	2.169656e+01	4.905921e+01
2.310000e-06	3.034021e-06	7.536915e-10	2.214535e+01	5.037643e+01
2.320000e-06	3.095361e-06	7.753230e-10	2.259308e+01	5.168357e+01
2.330000e-06	3.156459e-06	7.970676e-10	2.303903e+01	5.298019e+01
2.340000e-06	3.217388e-06	8.145895e-10	2.348375e+01	5.426587e+01
2.350000e-06	3.278158e-06	8.282028e-10	2.392732e+01	5.554013e+01
2.360000e-06	3.338713e-06	8.444114e-10	2.436931e+01	5.680250e+01
2.370000e-06	3.399009e-06	8.611227e-10	2.480940e+01	5.805247e+01
2.380000e-06	3.459069e-06	8.753175e-10	2.524778e+01	5.928954e+01
2.390000e-06	3.518892e-06	8.889545e-10	2.568444e+01	6.051315e+01
2.400000e-06	3.578413e-06	9.056761e-10	2.611888e+01	6.172274e+01
2.410000e-06	3.637695e-06	9.227655e-10	2.655158e+01	6.291769e+01
2.420000e-06	3.696744e-06	9.408774e-10	2.698258e+01	6.409739e+01
2.430000e-06	3.755463e-06	9.603045e-10	2.741117e+01	6.526120e+01
2.440000e-06	3.813842e-06	9.774712e-10	2.783728e+01	6.640845e+01
2.450000e-06	3.871957e-06	9.914721e-10	2.826146e+01	6.753847e+01
2.460000e-06	3.929894e-06	1.005935e-09	2.868434e+01	6.865057e+01
2.470000e-06	3.987580e-06	1.019692e-09	2.910539e+01	6.974404e+01
2.480000e-06	4.044834e-06	1.029746e-09	2.952329e+01	7.081821e+01
2.490000e-06	4.101683e-06	1.040618e-09	2.993823e+01	7.187239e+01
2.500000e-06	4.158127e-06	1.052162e-09	3.035022e+01	7.290590e+01
2.510000e-06	4.214182e-06	1.062817e-09	3.075936e+01	7.391810e+01
2.520000e-06	4.269967e-06	1.075906e-09	3.116654e+01	7.490837e+01
2.530000e-06	4.325431e-06	1.092482e-09	3.157137e+01	7.587614e+01
2.540000e-06	4.380610e-06	1.107467e-09	3.197412e+01	7.682086e+01
2.550000e-06	4.435573e-06	1.116666e-09	3.237530e+01	7.774207e+01
2.560000e-06	4.490344e-06	1.124123e-09	3.277507e+01	7.863935e+01
2.570000e-06	4.544824e-06	1.134294e-09	3.317273e+01	7.951234e+01
2.580000e-06	4.598931e-06	1.144358e-09	3.356765e+01	8.036079e+01
2.590000e-06	4.652724e-06	1.152248e-09	3.396029e+01	8.118452e+01
2.600000e-06	4.706226e-06	1.160000e-09	3.435080e+01	8.198341e+01
2.610000e-06	4.759416e-06	1.171927e-09	3.473903e+01	8.275748e+01
2.620000e-06	4.812235e-06	1.186029e-09	3.512456e+01	8.350681e+01
2.630000e-06	4.864734e-06	1.197815e-09	3.550775e+01	8.423161e+01
2.640000e-06	4.916910e-06	1.207649e-09	3.588858e+01	8.493217e+01
2.650000e-06	4.968614e-06	1.217157e-09	3.626597e+01	8.560891e+01
2.660000e-06	5.019758e-06	1.229293e-09	3.663928e+01	8.626233e+01
2.670000e-06	5.070405e-06	1.240208e-09	3.700895e+01	8.689303e+01
2.680000e-06	5.120640e-06	1.250841e-09	3.737561e+01	8.750174e+01
2.690000e-06	5.170508e-06	1.258963e-09	3.773960e+01	8.808925e+01
2.700000e-06	5.219953e-06	1.267736e-09	3.810050e+01	8.865646e+01
2.710000e-06	5.268894e-06	1.280138e-09	3.845772e+01	8.920435e+01
2.720000e-06	5.317289e-06	1.288118e-09	3.881096e+01	8.973396e+01
2.730000e-06	5.365168e-06	1.295603e-09	3.916043e+01	9.024643e+01
2.740000e-06	5.412697e-06	1.307580e-09	3.950734e+01	9.074293e+01
2.750000e-06	5.459889e-06	1.318760e-09	3.985179e+01	9.122468e+01
2.760000e-06	5.506693e-06	1.326375e-09	4.019342e+01	9.169295e+01
2.770000e-06	5.553173e-06	1.333840e-09	4.053267e+01	9.214901e+01
2.780000e-06	5.599274e-06	1.345185e-09	4.086917e+01	9.259417e+01
2.790000e-06	5.644914e-06	1.355006e-09	4.120230e+01	9.302970e+01
2.800000e-06	5.690139e-06	1.360673e-09	4.153239e+01	9.345690e+01
2.810000e-06	5.735073e-06	1.367508e-09	4.186037e+01	9.387701e+01
2.820000e-06	5.779696e-06	1.375214e-09	4.218607e+01	9.429122e+01
2.830000e-06	5.823884e-06	1.382686e-09	4.250860e+01	9.470071e+01
2.840000e-06	5.867668e-06	1.387589e-09	4.282818e+01	9.510654e+01
2.850000e-06	5.911163e-06	1.394220e-09	4.314565e+01	9.550972e+01
2.860000e-06	5.954363e-06	1.401700e-09	4.346096e+01	9.591117e+01
2.870000e-06	5.997157e-06	1.410800e-09	4.377332e+01	9.631171e+01
2.880000e-06	6.039400e-06	1.419135e-09	4.408166e+01	9.671203e+01
2.890000e-06	6.081041e-06	1.425319e-09	4.438559e+01	9.711272e+01
2.900000e-06	6.122090e-06	1.429194e-09	4.468521e+01	9.751426e+01
2.910000e-06	6.162528e-06	1.436189e-09	4.498036e+01	9.791697e+01
2.920000e-06	6.202462e-06	1.444540e-09	4.527185e+01	9.832104e+01
2.930000e-06	6.242049e-06	1.450074e-09	4.556079e+01	9.872656e+01
2.940000e-06	6.281296e-06	1.458376e-09	4.584725e+01	9.913344e+01
2.950000e-06	6.320182e-06	1.469742e-09	4.613109e+01	9.954148e+01
2.960000e-06	6.358669e-06	1.479437e-09	4.641200e+01	9.995035e+01
2.970000e-06	6.396700e-06	1.482686e-09	4.668959e+01	1.003596e+02
2.980000e-06	6.434243e-06	1.482845e-09	4.696362e+01	1.007685e+02
2.990000e-06	6.471318e-06	1.487487e-09	4.723423e+01	1.011766e+02
3.000000e-06	6.508067e-06	1.494812e-09	4.750246e+01	1.015829e+02
3.010000e-06	6.544387e-06	1.498030e-09	4.776756e+01	1.019866e+02
3.020000e-06	6.580258e-06	1.500894e-09	4.802938e+01	1.023866e+02
3.030000e-06	6.615808e-06	1.509245e-09	4.828886e+01	1.027820e+02
3.040000e-06	6.650944e-06	1.520116e-09	4.854532e+01	1.031715e+02
3.050000e-06	6.685583e-06	1.525598e-09	4.879815e+01	1.035542e+02
3.060000e-06	6.719681e-06	1.526965e-09	4.904703e+01	1.039287e+02
3.070000e-06	6.753103e-06	1.531589e-09	4.929098e+01	1.042939e+02
3.080000e-06	6.785796e-06	1.537876e-09	4.952961e+01	1.046487e+02
3.090000e-06	6.817935e-06	1.543714e-09	4.976419e+01	1.049919e+02
3.100000e-06	6.849653e-06	1.548261e-09	4.999570e+01	1.053224e+02
3.110000e-06	6.881005e-06	1.555183e-09	5.022454e+01	1.056392e+02
3.120000e-06	6.911968e-06	1.566218e-09	5.045054e+01	1.059412e+02
3.130000e-06	6.942463e-06	1.577131e-09	5.067312e+01	1.062277e+02
3.140000e-06	6.972504e-06	1.580660e-09	5.089239e+01	1.064978e+02
3.150000e-06	7.002174e-06	1.582278e-09	5.110895e+01	1.067509e+02
3.160000e-06	7.031270e-06	1.588018e-09	5.132132e+01	1.069865e+02
3.170000e-06	7.059808e-06	1.592486e-09	5.152963e+01	1.072041e+02
3.180000e-06	7.088014e-06	1.594115e-09	5.173550e+01	1.074036e+02
3.190000e-06	7.115816e-06	1.595884e-09	5.193842e+01	1.075850e+02
3.200000e-06	7.143249e-06	1.600978e-09	5.213866e+01	1.077482e+02
3.210000e-06	7.170271e-06	1.605215e-09	5.233589e+01	1.078935e+02
3.220000e-06	7.196651e-06	1.609218e-09	5.252844e+01	1.080214e+02
3.230000e-06	7.222313e-06	1.617113e-09	5.271575e+01	1.081324e+02
3.240000e-06	7.247203e-06	1.625519e-09	5.289742e+01	1.082274e+02
3.250000e-06	7.271377e-06	1.631908e-09	5.307387e+01	1.083071e+02
3.260000e-06	7.295085e-06	1.632784e-09	5.324691e+01	1.083728e+02
3.270000e-06	7.318439e-06	1.629249e-09	5.341738e+01	1.084255e+02
3.280000e-06	7.341341e-06	1.628461e-09	5.358453e+01	1.084666e+02
3.290000e-06	7.363731e-06	1.631420e-09	5.374796e+01	1.084975e+02
3.300000e-06	7.385604e-06	1.633955e-09	5.390761e+01	1.085199e+02
3.310000e-06	7.406959e-06	1.636875e-09	5.406348e+01	1.085353e+02
3.320000e-06	7.427790e-06	1.644280e-09	5.421552e+01	1.085455e+02
3.330000e-06	7.448116e-06	1.653543e-09	5.436389e+01	1.085521e+02
3.340000e-06	7.468009e-06	1.658094e-09	5.450909e+01	1.085570e+02
3.350000e-06	7.487477e-06	1.657848e-09	5.465118e+01	1.085620e+02
3.360000e-06	7.506528e-06	1.658515e-09	5.479024e+01	1.085687e+02
3.370000e-06	7.525149e-06	1.657996e-09	5.492615e+01	1.085790e+02
3.380000e-06	7.543228e-06	1.657619e-09	5.505811e+01	1.085944e+02
3.390000e-06	7.560627e-06	1.657908e-09	5.518510e+01	1.086166e+02
3.400000e-06	7.577484e-06	1.657850e-09	5.530814e+01	1.086470e+02
3.410000e-06	7.593942e-06	1.660380e-09	5.542827e+01	1.086868e+02
3.420000e-06	7.609833e-06	1.663853e-09	5.554426e+01	1.087374e+02
3.430000e-06	7.625118e-06	1.667162e-09	5.565583e+01	1.087998e+02
3.440000e-06	7.639812e-06	1.671554e-09	5.576308e+01	1.088746e+02
3.450000e-06	7.653858e-06	1.676973e-09	5.586560e+01	1.089625e+02
3.460000e-06	7.667346e-06	1.677609e-09	5.596405e+01	1.090640e+02
3.470000e-06	7.680217e-06	1.671448e-09	5.605799e+01	1.091792e+02
3.480000e-06	7.692522e-06	1.666263e-09	5.614781e+01	1.093079e+02
3.490000e-06	7.704282e-06	1.664381e-09	5.623365e+01	1.094499e+02
3.500000e-06	7.715417e-06	1.663051e-09	5.631492e+01	1.096046e+02
3.510000e-06	7.725941e-06	1.662162e-09	5.639174e+01	1.097711e+02
3.520000e-06	7.735650e-06	1.663519e-09	5.646260e+01	1.099483e+02
3.530000e-06	7.744528e-06	1.666918e-09	5.652740e+01	1.101348e+02
3.540000e-06	7.752764e-06	1.671574e-09	5.658752e+01	1.103290e+02
3.550000e-06	7.760501e-06	1.674666e-09	5.664399e+01	1.105291e+02
3.560000e-06	7.767845e-06	1.676892e-09	5.669759e+01	1.107329e+02
3.570000e-06	7.774736e-06	1.676437e-09	5.674789e+01	1.109382e+02
3.580000e-06	7.781044e-06	1.676168e-09	5.679393e+01	1.111425e+02
3.590000e-06	7.786820e-06	1.677433e-09	5.683609e+01	1.113431e+02
3.600000e-06	7.792121e-06	1.678371e-09	5.687479e+01	1.115371e+02
3.610000e-06	7.796867e-06	1.683069e-09	5.690943e+01	1.117215e+02
3.620000e-06	7.801065e-06	1.689306e-09	5.694006e+01	1.118933e+02
3.630000e-06	7.804857e-06	1.693020e-09	5.696774e+01	1.120493e+02
3.640000e-06	7.808297e-06	1.695464e-09	5.699285e+01	1.121863e+02
3.650000e-06	7.811186e-06	1.698904e-09	5.701394e+01	1.123011e+02
3.660000e-06	7.813215e-06	1.699675e-09	5.702875e+01	1.123903e+02
3.670000e-06	7.814429e-06	1.699050e-09	5.703761e+01	1.124508e+02
3.680000e-06	7.814962e-06	1.696895e-09	5.704150e+01	1.124795e+02
3.690000e-06	7.814913e-06	1.694540e-09	5.704115e+01	1.124733e+02
3.700000e-06	7.814453e-06	1.693788e-09	5.703778e+01	1.124294e+02
3.710000e-06	7.813573e-06	1.695641e-09	5.703136e+01	1.123449e+02
3.720000e-06	7.812238e-06	1.697636e-09	5.702162e+01	1.122174e+02
3.730000e-06	7.810478e-06	1.695309e-09	5.700877e+01	1.120445e+02
3.740000e-06	7.808206e-06	1.700908e-09	5.699219e+01	1.118241e+02
3.750000e-06	7.805439e-06	1.708098e-09	5.697199e+01	1.115544e+02
3.760000e-06	7.802230e-06	1.704884e-09	5.694857e+01	1.112340e+02
3.770000e-06	7.798552e-06	1.689565e-09	5.692173e+01	1.108615e+02
3.780000e-06	7.794430e-06	1.701672e-09	5.689164e+01	1.104361e+02
3.790000e-06	7.789649e-06	1.695973e-09	5.685674e+01	1.099572e+02
3.800000e-06	7.783960e-06	1.670869e-09	5.681521e+01	1.094247e+02
3.810000e-06	7.777145e-06	1.616988e-09	5.676547e+01	1.088387e+02
3.820000e-06	7.769415e-06	1.686796e-09	5.670905e+01	1.081998e+02
3.830000e-06	7.761409e-06	1.781638e-09	5.665062e+01	1.075088e+02
3.840000e-06	7.753229e-06	1.780042e-09	5.659091e+01	1.067671e+02
3.850000e-06	7.744633e-06	1.614172e-09	5.652817e+01	1.059761e+02
3.860000e-06	7.735463e-06	1.561692e-09	5.646124e+01	1.051380e+02
3.870000e-06	7.725867e-06	1.614916e-09	5.639120e+01	1.042550e+02
3.880000e-06	7.716013e-06	1.587665e-09	5.631927e+01	1.033298e+02
3.890000e-06	7.705585e-06	1.570024e-09	5.624316e+01	1.023653e+02
3.900000e-06	7.694411e-06	1.467744e-09	5.616159e+01	1.013646e+02
3.910000e-06	7.682768e-06	1.497443e-09	5.607662e+01	1.003313e+02
3.920000e-06	7.670643e-06	1.588159e-09	5.598812e+01	9.926911e+01
3.930000e-06	7.657640e-06	1.750545e-09	5.589320e+01	9.818190e+01
3.940000e-06	7.643626e-06	1.650817e-09	5.579092e+01	9.707375e+01
3.950000e-06	7.629084e-06	1.461379e-09	5.568478e+01	9.594889e+01
3.960000e-06	7.614272e-06	1.533477e-09	5.557666e+01	9.481165e+01
3.970000e-06	7.598663e-06	1.536842e-09	5.546273e+01	9.366643e+01
3.980000e-06	7.582257e-06	1.255164e-09	5.534298e+01	9.251766e+01
3.990000e-06	7.565489e-06	1.093000e-09	5.522059e+01	9.136977e+01
4.000000e-06	7.548222e-06	1.196430e-09	5.509456e+01	9.022717e+01
4.010000e-06	7.530264e-06	1.150474e-09	5.496349e+01	8.909418e+01
4.020000e-06	7.511827e-06	1.029890e-09	5.482892e+01	8.797503e+01
4.030000e-06	7.492993e-06	1.187202e-09	5.469145e+01	8.687381e+01
4.040000e-06	7.473654e-06	1.304431e-09	5.455029e+01	8.579441e+01
4.050000e-06	7.453827e-06	1.274204e-09	5.440557e+01	8.474057e+01
4.060000e-06	7.433655e-06	1.373516e-09	5.425833e+01	8.371574e+01
4.070000e-06	7.413088e-06	1.391061e-09	5.410822e+01	8.272316e+01
4.080000e-06	7.391908e-06	1.185582e-09	5.395362e+01	8.176576e+01
4.090000e-06	7.369966e-06	1.137674e-09	5.379347e+01	8.084619e+01
4.100000e-06	7.347379e-06	1.280008e-09	5.362861e+01	7.996675e+01
4.110000e-06	7.324162e-06	1.179213e-09	5.345914e+01	7.912942e+01
4.120000e-06	7.300246e-06	1.030397e-09	5.328458e+01	7.833582e+01
4.130000e-06	7.275797e-06	1.099369e-09	5.310613e+01	7.758724e+01
4.140000e-06	7.250952e-06	1.228387e-09	5.292478e+01	7.688458e+01
4.150000e-06	7.225648e-06	1.159599e-09	5.274009e+01	7.622837e+01
4.160000e-06	7.199874e-06	1.072649e-09	5.255196e+01	7.561879e+01
4.170000e-06	7.173662e-06	1.107965e-09	5.236065e+01	7.505565e+01
4.180000e-06	7.146956e-06	1.172290e-09	5.216572e+01	7.453842e+01
4.190000e-06	7.119673e-06	1.130336e-09	5.196657e+01	7.406621e+01
4.200000e-06	7.091779e-06	1.119556e-09	5.176298e+01	7.363782e+01
4.210000e-06	7.063555e-06	1.144510e-09	5.155697e+01	7.325173e+01
4.220000e-06	7.035128e-06	1.107565e-09	5.134948e+01	7.290612e+01
4.230000e-06	7.006218e-06	1.112598e-09	5.113847e+01	7.259892e+01
4.240000e-06	6.976559e-06	1.170578e-09	5.092199e+01	7.232780e+01
4.250000e-06	6.946025e-06	1.130788e-09	5.069912e+01	7.209021e+01
4.260000e-06	6.914856e-06	1.078372e-09	5.047161e+01	7.188341e+01
4.270000e-06	6.883227e-06	1.129236e-09	5.024076e+01	7.170451e+01
4.280000e-06	6.851072e-06	1.165421e-09	5.000605e+01	7.155047e+01
4.290000e-06	6.818514e-06	1.115652e-09	4.976841e+01	7.141816e+01
4.300000e-06	6.785595e-06	1.078005e-09	4.952814e+01	7.130437e+01
4.310000e-06	6.752235e-06	1.115223e-09	4.928465e+01	7.120585e+01
4.320000e-06	6.718478e-06	1.133063e-09	4.903825e+01	7.111935e+01
4.330000e-06	6.684287e-06	1.093623e-09	4.878869e+01	7.104165e+01
4.340000e-06	6.649551e-06	1.072722e-09	4.853516e+01	7.096955e+01
4.350000e-06	6.614387e-06	1.108417e-09	4.827849e+01	7.089997e+01
4.360000e-06	6.578807e-06	1.114305e-09	4.801879e+01	7.082990e+01
4.370000e-06	6.542755e-06	1.092901e-09	4.775565e+01	7.075649e+01
4.380000e-06	6.506317e-06	1.085667e-09	4.748969e+01	7.067703e+01
4.390000e-06	6.469491e-06	1.093732e-09	4.722089e+01	7.058899e+01
4.400000e-06	6.432085e-06	1.083906e-09	4.694786e+01	7.049006e+01
4.410000e-06	6.394009e-06	1.083081e-09	4.666995e+01	7.037809e+01
4.420000e-06	6.355376e-06	1.084115e-09	4.638797e+01	7.025122e+01
4.430000e-06	6.316170e-06	1.067270e-09	4.610180e+01	7.010777e+01
4.440000e-06	6.276490e-06	1.055558e-09	4.581217e+01	6.994635e+01
4.450000e-06	6.236424e-06	1.081725e-09	4.551973e+01	6.976580e+01
4.460000e-06	6.196028e-06	1.077691e-09	4.522488e+01	6.956521e+01
4.470000e-06	6.155306e-06	1.042291e-09	4.492765e+01	6.934395e+01
4.480000e-06	6.114117e-06	1.041636e-09	4.462701e+01	6.910160e+01
4.490000e-06	6.072560e-06	1.072405e-09	4.432369e+01	6.883803e+01
4.500000e-06	6.030562e-06	1.063821e-09	4.401714e+01	6.855332e+01
4.510000e-06	5.988064e-06	1.032875e-09	4.370695e+01	6.824779e+01
4.520000e-06	5.945162e-06	1.032574e-09	4.339381e+01	6.792197e+01
4.530000e-06	5.901830e-06	1.049333e-09	4.307753e+01	6.757658e+01
4.540000e-06	5.858118e-06	1.044011e-09	4.275847e+01	6.721255e+01
4.550000e-06	5.814067e-06	1.025915e-09	4.243694e+01	6.683095e+01
4.560000e-06	5.769733e-06	1.016752e-09	4.211335e+01	6.643301e+01
4.570000e-06	5.725137e-06	1.017419e-09	4.178785e+01	6.602008e+01
4.580000e-06	5.680199e-06	1.021591e-09	4.145984e+01	6.559361e+01
4.590000e-06	5.634926e-06	1.014953e-09	4.112939e+01	6.515513e+01
4.600000e-06	5.589227e-06	1.000580e-09	4.079584e+01	6.470624e+01
4.610000e-06	5.543037e-06	9.918907e-10	4.045869e+01	6.424856e+01
4.620000e-06	5.496395e-06	1.000702e-09	4.011825e+01	6.378374e+01
4.630000e-06	5.449421e-06	1.005354e-09	3.977539e+01	6.331341e+01
4.640000e-06	5.402071e-06	9.860757e-10	3.942978e+01	6.283917e+01
4.650000e-06	5.354250e-06	9.662948e-10	3.908074e+01	6.236257e+01
4.660000e-06	5.306088e-06	9.745217e-10	3.872920e+01	6.188509e+01
4.670000e-06	5.257539e-06	9.816155e-10	3.837484e+01	6.140812e+01
4.680000e-06	5.208466e-06	9.674091e-10	3.801666e+01	6.093296e+01
4.690000e-06	5.159001e-06	9.502380e-10	3.765561e+01	6.046078e+01
4.700000e-06	5.109148e-06	9.536517e-10	3.729173e+01	5.999261e+01
4.710000e-06	5.058834e-06	9.592479e-10	3.692449e+01	5.952935e+01
4.720000e-06	5.008242e-06	9.528512e-10	3.655522e+01	5.907174e+01
4.730000e-06	4.957212e-06	9.389789e-10	3.618275e+01	5.862038e+01
4.740000e-06	4.905677e-06	9.312779e-10	3.580660e+01	5.817569e+01
4.750000e-06	4.853768e-06	9.282123e-10	3.542771e+01	5.773792e+01
4.760000e-06	4.801536e-06	9.267139e-10	3.504647e+01	5.730719e+01
4.770000e-06	4.749031e-06	9.188250e-10	3.466324e+01	5.688341e+01
4.780000e-06	4.696090e-06	9.074079e-10	3.427682e+01	5.646636e+01
4.790000e-06	4.642674e-06	9.014129e-10	3.388693e+01	5.605568e+01
4.800000e-06	4.588800e-06	9.016757e-10	3.349370e+01	5.565082e+01
4.810000e-06	4.534402e-06	8.941830e-10	3.309666e+01	5.525115e+01
4.820000e-06	4.479614e-06	8.791789e-10	3.269676e+01	5.485588e+01
4.830000e-06	4.424396e-06	8.743318e-10	3.229372e+01	5.446411e+01
4.840000e-06	4.368756e-06	8.766678e-10	3.188760e+01	5.407486e+01
4.850000e-06	4.312880e-06	8.700610e-10	3.147976e+01	5.368706e+01
4.860000e-06	4.256711e-06	8.561446e-10	3.106978e+01	5.329958e+01
4.870000e-06	4.200246e-06	8.500421e-10	3.065765e+01	5.291121e+01
4.880000e-06	4.143589e-06	8.493725e-10	3.024411e+01	5.252075e+01
4.890000e-06	4.086731e-06	8.427543e-10	2.982910e+01	5.212695e+01
4.900000e-06	4.029574e-06	8.326301e-10	2.941191e+01	5.172857e+01
4.910000e-06	3.972131e-06	8.266076e-10	2.899263e+01	5.132439e+01
4.920000e-06	3.914466e-06	8.226244e-10	2.857174e+01	5.091323e+01
4.930000e-06	3.856546e-06	8.171838e-10	2.814898e+01	5.049394e+01
4.940000e-06	3.798314e-06	8.078791e-10	2.772394e+01	5.006543e+01
4.950000e-06	3.739822e-06	7.995969e-10	2.729701e+01	4.962671e+01
4.960000e-06	3.681078e-06	7.944495e-10	2.686823e+01	4.917687e+01
4.970000e-06	3.622083e-06	7.898796e-10	2.643762e+01	4.871507e+01
4.980000e-06	3.562872e-06	7.820080e-10	2.600545e+01	4.824062e+01
4.990000e-06	3.503416e-06	7.736593e-10	2.557147e+01	4.775293e+01
5.000000e-06	3.443777e-06	7.664868e-10	2.513617e+01	4.725151e+01
5.010000e-06	3.383964e-06	7.620229e-10	2.469960e+01	4.673603e+01
5.020000e-06	3.323947e-06	7.561256e-10	2.426153e+01	4.620627e+01
5.030000e-06	3.263782e-06	7.459301e-10	2.382238e+01	4.566214e+01
5.040000e-06	3.203343e-06	7.363423e-10	2.338124e+01	4.510370e+01
5.050000e-06	3.142596e-06	7.310338e-10	2.293784e+01	4.453112e+01
5.060000e-06	3.081605e-06	7.231914e-10	2.249267e+01	4.394469e+01
5.070000e-06	3.020346e-06	7.131532e-10	2.204554e+01	4.334481e+01
5.080000e-06	2.958895e-06	7.047608e-10	2.159701e+01	4.273202e+01
5.090000e-06	2.897229e-06	6.966624e-10	2.114691e+01	4.210693e+01
5.100000e-06	2.835236e-06	6.870799e-10	2.069442e+01	4.147025e+01
5.110000e-06	2.772966e-06	6.781359e-10	2.023992e+01	4.082278e+01
5.120000e-06	2.710474e-06	6.704890e-10	1.978378e+01	4.016536e+01
5.130000e-06	2.647755e-06	6.619814e-10	1.932599e+01	3.949891e+01
5.140000e-06	2.584861e-06	6.517317e-10	1.886693e+01	3.882437e+01
5.150000e-06	2.521713e-06	6.412297e-10	1.840601e+01	3.814273e+01
5.160000e-06	2.458346e-06	6.321213e-10	1.794350e+01	3.745495e+01
5.170000e-06	2.394811e-06	6.241581e-10	1.747975e+01	3.676203e+01
5.180000e-06	2.331080e-06	6.148823e-10	1.701458e+01	3.606492e+01
5.190000e-06	2.267171e-06	6.065579e-10	1.654810e+01	3.536455e+01
5.200000e-06	2.203001e-06	5.985792e-10	1.607973e+01	3.466181e+01
5.210000e-06	2.138608e-06	5.888107e-10	1.560973e+01	3.395751e+01
5.220000e-06	2.074097e-06	5.770117e-10	1.513886e+01	3.325240e+01
5.230000e-06	2.009465e-06	5.663193e-10	1.466711e+01	3.254714e+01
5.240000e-06	1.944721e-06	5.548917e-10	1.419454e+01	3.184232e+01
5.250000e-06	1.879926e-06	5.419962e-10	1.372160e+01	3.113838e+01
5.260000e-06	1.815028e-06	5.306102e-10	1.324791e+01	3.043570e+01
5.270000e-06	1.750052e-06	5.230194e-10	1.277365e+01	2.973450e+01
5.280000e-06	1.685052e-06	5.180806e-10	1.229921e+01	2.903490e+01
5.290000e-06	1.620010e-06	5.087002e-10	1.182447e+01	2.833688e+01
5.300000e-06	1.554840e-06	4.981331e-10	1.134879e+01	2.764032e+01
5.310000e-06	1.489413e-06	4.817387e-10	1.087125e+01	2.694493e+01
5.320000e-06	1.423896e-06	4.679726e-10	1.039304e+01	2.625033e+01
5.330000e-06	1.358363e-06	4.569306e-10	9.914710e+00	2.555600e+01
5.340000e-06	1.292745e-06	4.409819e-10	9.435760e+00	2.486130e+01
5.350000e-06	1.227022e-06	4.261903e-10	8.956048e+00	2.416547e+01
5.360000e-06	1.161228e-06	4.178596e-10	8.475820e+00	2.346767e+01
5.370000e-06	1.095343e-06	4.109902e-10	7.994921e+00	2.276694e+01
5.380000e-06	1.029357e-06	4.017505e-10	7.513287e+00	2.206223e+01
5.390000e-06	9.633443e-07	3.858511e-10	7.031462e+00	2.135243e+01
5.400000e-06	8.972793e-07	3.711921e-10	6.549252e+00	2.063636e+01
5.410000e-06	8.312557e-07	3.609719e-10	6.067346e+00	1.991277e+01
5.420000e-06	7.651938e-07	3.489486e-10	5.585158e+00	1.918039e+01
5.430000e-06	6.989861e-07	3.307448e-10	5.101908e+00	1.843791e+01
5.440000e-06	6.326468e-07	3.121358e-10	4.617697e+00	1.768404e+01
5.450000e-06	5.662509e-07	2.995828e-10	4.133072e+00	1.691744e+01
5.460000e-06	4.998385e-07	2.885259e-10	3.648327e+00	1.613683e+01
5.470000e-06	4.333061e-07	2.743592e-10	3.162706e+00	1.534094e+01
5.480000e-06	3.667318e-07	2.589772e-10	2.676780e+00	1.452854e+01
5.490000e-06	3.001854e-07	2.479128e-10	2.191057e+00	1.369847e+01
5.500000e-06	2.336207e-07	2.375745e-10	1.705200e+00	1.284963e+01
5.510000e-06	1.670351e-07	2.223343e-10	1.219191e+00	1.198099e+01
5.520000e-06	1.004908e-07	2.030092e-10	7.334832e-01	1.109162e+01
5.530000e-06	3.392460e-08	1.866222e-10	2.476161e-01	1.018069e+01
5.540000e-06	-3.261835e-08	1.722062e-10	-2.380817e-01	9.247475e+00
5.550000e-06	-9.908518e-08	1.567724e-10	-7.232239e-01	8.291361e+00
5.560000e-06	-1.655122e-07	1.391940e-10	-1.208075e+00	7.311857e+00
5.570000e-06	-2.319477e-07	1.233684e-10	-1.692989e+00	6.308597e+00
5.580000e-06	-2.983657e-07	1.097779e-10	-2.177775e+00	5.281339e+00
5.590000e-06	-3.647829e-07	9.490549e-11	-2.662555e+00	4.229975e+00
5.600000e-06	-4.313360e-07	7.465809e-11	-3.148327e+00	3.154522e+00
5.610000e-06	-4.978794e-07	5.543939e-11	-3.634028e+00	2.055129e+00
5.620000e-06	-5.642974e-07	3.871461e-11	-4.118814e+00	9.320690e-01
5.630000e-06	-6.305863e-07	2.104128e-11	-4.602657e+00	-2.142606e-01
5.640000e-06	-6.968171e-07	-4.071991e-13	-5.086076e+00	-1.383345e+00
5.650000e-06	-7.630190e-07	-2.457938e-11	-5.569285e+00	-2.574558e+00
5.660000e-06	-8.290760e-07	-4.416540e-11	-6.051435e+00	-3.787167e+00
5.670000e-06	-8.950128e-07	-6.112410e-11	-6.532709e+00	-5.020343e+00
5.680000e-06	-9.608991e-07	-8.126410e-11	-7.013614e+00	-6.273165e+00
5.690000e-06	-1.026780e-06	-1.022358e-10	-7.494478e+00	-7.544636e+00
5.700000e-06	-1.092660e-06	-1.207193e-10	-7.975335e+00	-8.833687e+00
5.710000e-06	-1.158451e-06	-1.377599e-10	-8.455549e+00	-1.013919e+01
5.720000e-06	-1.224133e-06	-1.583140e-10	-8.934964e+00	-1.145996e+01
5.730000e-06	-1.289729e-06	-1.822942e-10	-9.413750e+00	-1.279478e+01
5.740000e-06	-1.355264e-06	-2.050922e-10	-9.892092e+00	-1.414241e+01
5.750000e-06	-1.420740e-06	-2.248520e-10	-1.037000e+01	-1.550158e+01
5.760000e-06	-1.486073e-06	-2.430867e-10	-1.084686e+01	-1.687102e+01
5.770000e-06	-1.551311e-06	-2.640703e-10	-1.132304e+01	-1.824944e+01
5.780000e-06	-1.616485e-06	-2.884479e-10	-1.179874e+01	-1.963559e+01
5.790000e-06	-1.681573e-06	-3.100896e-10	-1.227382e+01	-2.102823e+01
5.800000e-06	-1.746608e-06	-3.304858e-10	-1.274851e+01	-2.242613e+01
5.810000e-06	-1.811507e-06	-3.550970e-10	-1.322221e+01	-2.382812e+01
5.820000e-06	-1.876229e-06	-3.806007e-10	-1.369462e+01	-2.523303e+01
5.830000e-06	-1.940809e-06	-4.043674e-10	-1.416599e+01	-2.663978e+01
5.840000e-06	-2.005238e-06	-4.271980e-10	-1.463626e+01	-2.804731e+01
5.850000e-06	-2.069566e-06	-4.521581e-10	-1.510579e+01	-2.945462e+01
5.860000e-06	-2.133763e-06	-4.785117e-10	-1.557436e+01	-3.086076e+01
5.870000e-06	-2.197778e-06	-5.015183e-10	-1.604161e+01	-3.226484e+01
5.880000e-06	-2.261641e-06	-5.233459e-10	-1.650774e+01	-3.366602e+01
5.890000e-06	-2.325320e-06	-5.500366e-10	-1.697254e+01	-3.506353e+01
5.900000e-06	-2.388821e-06	-5.789319e-10	-1.743603e+01	-3.645663e+01
5.910000e-06	-2.452152e-06	-6.062376e-10	-1.789829e+01	-3.784465e+01
5.920000e-06	-2.515316e-06	-6.309923e-10	-1.835932e+01	-3.922696e+01
5.930000e-06	-2.578258e-06	-6.551243e-10	-1.881874e+01	-4.060296e+01
5.940000e-06	-2.640962e-06	-6.794454e-10	-1.927641e+01	-4.197212e+01
5.950000e-06	-2.703388e-06	-7.013532e-10	-1.973206e+01	-4.333392e+01
5.960000e-06	-2.765455e-06	-7.231000e-10	-2.018509e+01	-4.468788e+01
5.970000e-06	-2.827354e-06	-7.481215e-10	-2.063689e+01	-4.603352e+01
5.980000e-06	-2.889202e-06	-7.752536e-10	-2.108832e+01	-4.737041e+01
5.990000e-06	-2.950873e-06	-8.000044e-10	-2.153846e+01	-4.869812e+01
6.000000e-06	-3.012305e-06	-8.237466e-10	-2.198685e+01	-5.001621e+01
6.010000e-06	-3.073493e-06	-8.498218e-10	-2.243346e+01	-5.132426e+01
6.020000e-06	-3.134348e-06	-8.764858e-10	-2.287765e+01	-5.262183e+01
6.030000e-06	-3.194846e-06	-8.990373e-10	-2.331922e+01	-5.390849e+01
6.040000e-06	-3.255090e-06	-9.162976e-10	-2.375894e+01	-5.518377e+01
6.050000e-06	-3.315083e-06	-9.364361e-10	-2.419683e+01	-5.644721e+01
6.060000e-06	-3.374933e-06	-9.597430e-10	-2.463367e+01	-5.769829e+01
6.070000e-06	-3.434670e-06	-9.822737e-10	-2.506970e+01	-5.893651e+01
6.080000e-06	-3.494191e-06	-1.003104e-09	-2.550414e+01	-6.016132e+01
6.090000e-06	-3.553518e-06	-1.025651e-09	-2.593717e+01	-6.137215e+01
6.100000e-06	-3.612611e-06	-1.049503e-09	-2.636849e+01	-6.256840e+01
6.110000e-06	-3.671457e-06	-1.069832e-09	-2.679801e+01	-6.374945e+01
6.120000e-06	-3.730045e-06	-1.086569e-09	-2.722564e+01	-6.491467e+01
6.130000e-06	-3.788311e-06	-1.103527e-09	-2.765093e+01	-6.606338e+01
6.140000e-06	-3.846311e-06	-1.121670e-09	-2.807427e+01	-6.719491e+01
6.150000e-06	-3.904012e-06	-1.136828e-09	-2.849543e+01	-6.830858e+01
6.160000e-06	-3.961365e-06	-1.149846e-09	-2.891405e+01	-6.940370e+01
6.170000e-06	-4.018540e-06	-1.165351e-09	-2.933137e+01	-7.047956e+01
6.180000e-06	-4.075551e-06	-1.184296e-09	-2.974749e+01	-7.153548e+01
6.190000e-06	-4.132237e-06	-1.200466e-09	-3.016125e+01	-7.257079e+01
6.200000e-06	-4.188641e-06	-1.213414e-09	-3.057294e+01	-7.358485e+01
6.210000e-06	-4.244820e-06	-1.226005e-09	-3.098299e+01	-7.457702e+01
6.220000e-06	-4.300644e-06	-1.241690e-09	-3.139045e+01	-7.554674e+01
6.230000e-06	-4.356167e-06	-1.258740e-09	-3.179572e+01	-7.649346e+01
6.240000e-06	-4.411409e-06	-1.268905e-09	-3.219893e+01	-7.741670e+01
6.250000e-06	-4.466263e-06	-1.278593e-09	-3.259931e+01	-7.831604e+01
6.260000e-06	-4.520729e-06	-1.290718e-09	-3.299686e+01	-7.919112e+01
6.270000e-06	-4.574739e-06	-1.304370e-09	-3.339108e+01	-8.004168e+01
6.280000e-06	-4.628327e-06	-1.315923e-09	-3.378221e+01	-8.086752e+01
6.290000e-06	-4.681459e-06	-1.325840e-09	-3.417003e+01	-8.166854e+01
6.300000e-06	-4.734065e-06	-1.338690e-09	-3.455400e+01	-8.244473e+01
6.310000e-06	-4.786298e-06	-1.354052e-09	-3.493525e+01	-8.319617e+01
6.320000e-06	-4.838151e-06	-1.368237e-09	-3.531372e+01	-8.392306e+01
6.330000e-06	-4.889650e-06	-1.378182e-09	-3.568961e+01	-8.462569e+01
6.340000e-06	-4.940788e-06	-1.388532e-09	-3.606287e+01	-8.530445e+01
6.350000e-06	-4.991497e-06	-1.401337e-09	-3.643300e+01	-8.595984e+01
6.360000e-06	-5.041885e-06	-1.411982e-09	-3.680078e+01	-8.659247e+01
6.370000e-06	-5.091847e-06	-1.418877e-09	-3.716545e+01	-8.720303e+01
6.380000e-06	-5.141327e-06	-1.426848e-09	-3.752660e+01	-8.779233e+01
6.390000e-06	-5.190390e-06	-1.438554e-09	-3.788472e+01	-8.836125e+01
6.400000e-06	-5.238941e-06	-1.449286e-09	-3.823909e+01	-8.891076e+01
6.410000e-06	-5.287041e-06	-1.457414e-09	-3.859018e+01	-8.944192e+01
6.420000e-06	-5.334789e-06	-1.466440e-09	-3.893869e+01	-8.995583e+01
6.430000e-06	-5.382135e-06	-1.474952e-09	-3.928427e+01	-9.045366e+01
6.440000e-06	-5.429010e-06	-1.481043e-09	-3.962641e+01	-9.093665e+01
6.450000e-06	-5.475518e-06	-1.486726e-09	-3.996587e+01	-9.140605e+01
6.460000e-06	-5.521720e-06	-1.493924e-09	-4.030310e+01	-9.186313e+01
6.470000e-06	-5.567525e-06	-1.501076e-09	-4.063743e+01	-9.230920e+01
6.480000e-06	-5.612940e-06	-1.508725e-09	-4.096891e+01	-9.274555e+01
6.490000e-06	-5.658019e-06	-1.517191e-09	-4.129795e+01	-9.317344e+01
6.500000e-06	-5.702752e-06	-1.525791e-09	-4.162445e+01	-9.359415e+01
6.510000e-06	-5.747076e-06	-1.534521e-09	-4.194798e+01	-9.400887e+01
6.520000e-06	-5.791058e-06	-1.543763e-09	-4.226900e+01	-9.441876e+01
6.530000e-06	-5.834792e-06	-1.548449e-09	-4.258822e+01	-9.482491e+01
6.540000e-06	-5.878278e-06	-1.550180e-09	-4.290562e+01	-9.522833e+01
6.550000e-06	-5.921431e-06	-1.557016e-09	-4.322060e+01	-9.562995e+01
6.560000e-06	-5.964145e-06	-1.565707e-09	-4.353237e+01	-9.603058e+01
6.570000e-06	-6.006444e-06	-1.568273e-09	-4.384111e+01	-9.643095e+01
6.580000e-06	-6.048399e-06	-1.569609e-09	-4.414734e+01	-9.683166e+01
6.590000e-06	-6.089979e-06	-1.575074e-09	-4.445083e+01	-9.723316e+01
6.600000e-06	-6.131054e-06	-1.583772e-09	-4.475064e+01	-9.763581e+01
6.610000e-06	-6.171700e-06	-1.592234e-09	-4.504731e+01	-9.803983e+01
6.620000e-06	-6.212000e-06	-1.597259e-09	-4.534147e+01	-9.844528e+01
6.630000e-06	-6.251944e-06	-1.598572e-09	-4.563302e+01	-9.885211e+01
6.640000e-06	-6.291512e-06	-1.604408e-09	-4.592182e+01	-9.926012e+01
6.650000e-06	-6.330482e-06	-1.612965e-09	-4.620626e+01	-9.966899e+01
6.660000e-06	-6.368763e-06	-1.614241e-09	-4.648568e+01	-1.000783e+02
6.670000e-06	-6.406526e-06	-1.613103e-09	-4.676131e+01	-1.004873e+02
6.680000e-06	-6.443778e-06	-1.615760e-09	-4.703321e+01	-1.008955e+02
6.690000e-06	-6.480450e-06	-1.621498e-09	-4.730088e+01	-1.013021e+02
6.700000e-06	-6.516747e-06	-1.625869e-09	-4.756581e+01	-1.017061e+02
6.710000e-06	-6.552695e-06	-1.629798e-09	-4.782820e+01	-1.021065e+02
6.720000e-06	-6.588265e-06	-1.634633e-09	-4.808782e+01	-1.025023e+02
6.730000e-06	-6.623360e-06	-1.640342e-09	-4.834398e+01	-1.028925e+02
6.740000e-06	-6.657965e-06	-1.647437e-09	-4.859656e+01	-1.032758e+02
6.750000e-06	-6.692173e-06	-1.651964e-09	-4.884625e+01	-1.036511e+02
6.760000e-06	-6.725901e-06	-1.652274e-09	-4.909243e+01	-1.040172e+02
6.770000e-06	-6.759103e-06	-1.653980e-09	-4.933477e+01	-1.043730e+02
6.780000e-06	-6.791862e-06	-1.658363e-09	-4.957388e+01	-1.047172e+02
6.790000e-06	-6.824286e-06	-1.661612e-09	-4.981054e+01	-1.050489e+02
6.800000e-06	-6.856332e-06	-1.662858e-09	-5.004445e+01	-1.053669e+02
6.810000e-06	-6.887933e-06	-1.665765e-09	-5.027511e+01	-1.056702e+02
6.820000e-06	-6.918890e-06	-1.669532e-09	-5.050106e+01	-1.059581e+02
6.830000e-06	-6.949092e-06	-1.672432e-09	-5.072150e+01	-1.062296e+02
6.840000e-06	-6.978626e-06	-1.674142e-09	-5.093707e+01	-1.064842e+02
6.850000e-06	-7.007544e-06	-1.676135e-09	-5.114815e+01	-1.067213e+02
6.860000e-06	-7.035939e-06	-1.679762e-09	-5.135540e+01	-1.069406e+02
6.870000e-06	-7.063965e-06	-1.681438e-09	-5.155996e+01	-1.071417e+02
6.880000e-06	-7.091635e-06	-1.681709e-09	-5.176193e+01	-1.073245e+02
6.890000e-06	-7.118839e-06	-1.683716e-09	-5.196049e+01	-1.074893e+02
6.900000e-06	-7.145485e-06	-1.687309e-09	-5.215498e+01	-1.076362e+02
6.910000e-06	-7.171588e-06	-1.685601e-09	-5.234551e+01	-1.077655e+02
6.920000e-06	-7.197243e-06	-1.685486e-09	-5.253276e+01	-1.078780e+02
6.930000e-06	-7.222403e-06	-1.690114e-09	-5.271641e+01	-1.079743e+02
6.940000e-06	-7.247085e-06	-1.693149e-09	-5.289656e+01	-1.080554e+02
6.950000e-06	-7.271398e-06	-1.694835e-09	-5.307402e+01	-1.081222e+02
6.960000e-06	-7.295344e-06	-1.696219e-09	-5.324881e+01	-1.081760e+02
6.970000e-06	-7.318823e-06	-1.698427e-09	-5.342018e+01	-1.082180e+02
6.980000e-06	-7.341586e-06	-1.700482e-09	-5.358632e+01	-1.082498e+02
6.990000e-06	-7.363554e-06	-1.700779e-09	-5.374667e+01	-1.082729e+02
7.000000e-06	-7.384843e-06	-1.699615e-09	-5.390206e+01	-1.082889e+02
7.010000e-06	-7.405531e-06	-1.697926e-09	-5.405306e+01	-1.082995e+02
7.020000e-06	-7.425751e-06	-1.698330e-09	-5.420065e+01	-1.083064e+02
7.030000e-06	-7.445606e-06	-1.698422e-09	-5.434557e+01	-1.083114e+02
7.040000e-06	-7.465082e-06	-1.696801e-09	-5.448772e+01	-1.083164e+02
7.050000e-06	-7.484085e-06	-1.698396e-09	-5.462643e+01	-1.083230e+02
7.060000e-06	-7.502531e-06	-1.702519e-09	-5.476106e+01	-1.083329e+02
7.070000e-06	-7.520439e-06	-1.706229e-09	-5.489177e+01	-1.083479e+02
7.080000e-06	-7.537760e-06	-1.704923e-09	-5.501820e+01	-1.083695e+02
7.090000e-06	-7.554584e-06	-1.702491e-09	-5.514100e+01	-1.083992e+02
7.100000e-06	-7.571060e-06	-1.701802e-09	-5.526126e+01	-1.084383e+02
7.110000e-06	-7.587181e-06	-1.701808e-09	-5.537893e+01	-1.084880e+02
7.120000e-06	-7.602806e-06	-1.700189e-09	-5.549297e+01	-1.085494e+02
7.130000e-06	-7.617658e-06	-1.697289e-09	-5.560138e+01	-1.086232e+02
7.140000e-06	-7.631624e-06	-1.698103e-09	-5.570332e+01	-1.087101e+02
7.150000e-06	-7.644783e-06	-1.702680e-09	-5.579936e+01	-1.088105e+02
7.160000e-06	-7.657357e-06	-1.705345e-09	-5.589114e+01	-1.089246e+02
7.170000e-06	-7.669407e-06	-1.705270e-09	-5.597909e+01	-1.090523e+02
7.180000e-06	-7.680890e-06	-1.707020e-09	-5.606291e+01	-1.091932e+02
7.190000e-06	-7.691801e-06	-1.707857e-09	-5.614255e+01	-1.093469e+02
7.200000e-06	-7.702145e-06	-1.706068e-09	-5.621804e+01	-1.095125e+02
7.210000e-06	-7.712036e-06	-1.704286e-09	-5.629024e+01	-1.096889e+02
7.220000e-06	-7.721450e-06	-1.704379e-09	-5.635896e+01	-1.098748e+02
7.230000e-06	-7.730327e-06	-1.705154e-09	-5.642375e+01	-1.100685e+02
7.240000e-06	-7.738774e-06	-1.705734e-09	-5.648540e+01	-1.102682e+02
7.250000e-06	-7.746830e-06	-1.705923e-09	-5.654420e+01	-1.104719e+02
7.260000e-06	-7.754426e-06	-1.706623e-09	-5.659965e+01	-1.106772e+02
7.270000e-06	-7.761258e-06	-1.706451e-09	-5.664951e+01	-1.108817e+02
7.280000e-06	-7.767083e-06	-1.705441e-09	-5.669203e+01	-1.110827e+02
7.290000e-06	-7.772167e-06	-1.702331e-09	-5.672914e+01	-1.112775e+02
7.300000e-06	-7.776771e-06	-1.698190e-09	-5.676274e+01	-1.114629e+02
7.310000e-06	-7.780967e-06	-1.695982e-09	-5.679337e+01	-1.116359e+02
7.320000e-06	-7.784800e-06	-1.694794e-09	-5.682135e+01	-1.117934e+02
7.330000e-06	-7.788102e-06	-1.694487e-09	-5.684545e+01	-1.119322e+02
7.340000e-06	-7.790799e-06	-1.693593e-09	-5.686514e+01	-1.120490e+02
7.350000e-06	-7.793041e-06	-1.693889e-09	-5.688150e+01	-1.121405e+02
7.360000e-06	-7.794838e-06	-1.695873e-09	-5.689462e+01	-1.122036e+02
7.370000e-06	-7.795995e-06	-1.697740e-09	-5.690306e+01	-1.122351e+02
7.380000e-06	-7.796592e-06	-1.697036e-09	-5.690741e+01	-1.122320e+02
