# Temperatura_=_20.0
# Concentracion g/m^3_=_10000.0
# C_Vs_to_Am_M_A/Vsm_=_65563218390.804596
# pendiente_HvsI_1/m_=_3716.3
# ordenada_HvsI_A/m_=_1297.0
# frecuencia_Hz_=_135487.86657413188

Tiempo_(s)	Campo_(V.s)	Magnetizacion_(V.s)	Campo_(kA/m)	Magnetizacion_(A/m)
0.000000e+00	-7.838931e-06	-1.706203e-09	-5.690528e+01	-1.150502e+02
1.000000e-08	-7.839054e-06	-1.701963e-09	-5.690617e+01	-1.149230e+02
2.000000e-08	-7.838753e-06	-1.702954e-09	-5.690399e+01	-1.147495e+02
3.000000e-08	-7.837788e-06	-1.706957e-09	-5.689698e+01	-1.145274e+02
4.000000e-08	-7.836009e-06	-1.705772e-09	-5.688406e+01	-1.142552e+02
5.000000e-08	-7.833415e-06	-1.701395e-09	-5.686524e+01	-1.139314e+02
6.000000e-08	-7.830137e-06	-1.697798e-09	-5.684144e+01	-1.135549e+02
7.000000e-08	-7.826477e-06	-1.692279e-09	-5.681487e+01	-1.131250e+02
8.000000e-08	-7.822498e-06	-1.677669e-09	-5.678599e+01	-1.126412e+02
9.000000e-08	-7.818021e-06	-1.680112e-09	-5.675348e+01	-1.121036e+02
1.000000e-07	-7.812876e-06	-1.729594e-09	-5.671614e+01	-1.115125e+02
1.100000e-07	-7.806824e-06	-1.787465e-09	-5.667220e+01	-1.108685e+02
1.200000e-07	-7.799908e-06	-1.752723e-09	-5.662200e+01	-1.101729e+02
1.300000e-07	-7.792466e-06	-1.585965e-09	-5.656797e+01	-1.094270e+02
1.400000e-07	-7.784785e-06	-1.532124e-09	-5.651222e+01	-1.086327e+02
1.500000e-07	-7.776842e-06	-1.724822e-09	-5.645456e+01	-1.077921e+02
1.600000e-07	-7.768433e-06	-1.836356e-09	-5.639351e+01	-1.069077e+02
1.700000e-07	-7.759519e-06	-1.678218e-09	-5.632880e+01	-1.059824e+02
1.800000e-07	-7.749833e-06	-1.537323e-09	-5.625849e+01	-1.050193e+02
1.900000e-07	-7.739173e-06	-1.601763e-09	-5.618111e+01	-1.040218e+02
2.000000e-07	-7.727872e-06	-1.722549e-09	-5.609907e+01	-1.029934e+02
2.100000e-07	-7.716236e-06	-1.753038e-09	-5.601459e+01	-1.019381e+02
2.200000e-07	-7.704071e-06	-1.641336e-09	-5.592629e+01	-1.008600e+02
2.300000e-07	-7.691154e-06	-1.489109e-09	-5.583252e+01	-9.976316e+01
2.400000e-07	-7.677643e-06	-1.563734e-09	-5.573444e+01	-9.865196e+01
2.500000e-07	-7.663663e-06	-1.709007e-09	-5.563295e+01	-9.753082e+01
2.600000e-07	-7.648808e-06	-1.552342e-09	-5.552512e+01	-9.640419e+01
2.700000e-07	-7.632921e-06	-1.272972e-09	-5.540979e+01	-9.527655e+01
2.800000e-07	-7.616423e-06	-1.335666e-09	-5.529002e+01	-9.415235e+01
2.900000e-07	-7.599616e-06	-1.488947e-09	-5.516802e+01	-9.303599e+01
3.000000e-07	-7.582239e-06	-1.310316e-09	-5.504187e+01	-9.193176e+01
3.100000e-07	-7.564200e-06	-1.099708e-09	-5.491092e+01	-9.084385e+01
3.200000e-07	-7.545706e-06	-1.206707e-09	-5.477666e+01	-8.977625e+01
3.300000e-07	-7.526742e-06	-1.337516e-09	-5.463900e+01	-8.873279e+01
3.400000e-07	-7.507324e-06	-1.302798e-09	-5.449804e+01	-8.771704e+01
3.500000e-07	-7.487530e-06	-1.277170e-09	-5.435435e+01	-8.673236e+01
3.600000e-07	-7.467385e-06	-1.221269e-09	-5.420811e+01	-8.578178e+01
3.700000e-07	-7.446772e-06	-1.173057e-09	-5.405847e+01	-8.486808e+01
3.800000e-07	-7.425630e-06	-1.297178e-09	-5.390499e+01	-8.399368e+01
3.900000e-07	-7.403967e-06	-1.376243e-09	-5.374774e+01	-8.316068e+01
4.000000e-07	-7.381776e-06	-1.199180e-09	-5.358664e+01	-8.237083e+01
4.100000e-07	-7.358990e-06	-1.098996e-09	-5.342124e+01	-8.162551e+01
4.200000e-07	-7.335678e-06	-1.268879e-09	-5.325201e+01	-8.092574e+01
4.300000e-07	-7.311940e-06	-1.350289e-09	-5.307968e+01	-8.027216e+01
4.400000e-07	-7.287686e-06	-1.169768e-09	-5.290362e+01	-7.966504e+01
4.500000e-07	-7.262959e-06	-1.081785e-09	-5.272411e+01	-7.910429e+01
4.600000e-07	-7.237678e-06	-1.218897e-09	-5.254059e+01	-7.858943e+01
4.700000e-07	-7.211717e-06	-1.289111e-09	-5.235214e+01	-7.811967e+01
4.800000e-07	-7.184994e-06	-1.161272e-09	-5.215814e+01	-7.769385e+01
4.900000e-07	-7.157602e-06	-1.100189e-09	-5.195930e+01	-7.731050e+01
5.000000e-07	-7.129854e-06	-1.166634e-09	-5.175787e+01	-7.696785e+01
5.100000e-07	-7.101769e-06	-1.203532e-09	-5.155399e+01	-7.666383e+01
5.200000e-07	-7.073221e-06	-1.172310e-09	-5.134675e+01	-7.639614e+01
5.300000e-07	-7.044138e-06	-1.142162e-09	-5.113562e+01	-7.616222e+01
5.400000e-07	-7.014576e-06	-1.117389e-09	-5.092103e+01	-7.595934e+01
5.500000e-07	-6.984543e-06	-1.146478e-09	-5.070301e+01	-7.578457e+01
5.600000e-07	-6.954039e-06	-1.200104e-09	-5.048157e+01	-7.563484e+01
5.700000e-07	-6.923098e-06	-1.164543e-09	-5.025696e+01	-7.550697e+01
5.800000e-07	-6.891749e-06	-1.084554e-09	-5.002939e+01	-7.539770e+01
5.900000e-07	-6.860020e-06	-1.104159e-09	-4.979905e+01	-7.530373e+01
6.000000e-07	-6.827853e-06	-1.169458e-09	-4.956555e+01	-7.522174e+01
6.100000e-07	-6.795105e-06	-1.144505e-09	-4.932782e+01	-7.514841e+01
6.200000e-07	-6.761638e-06	-1.068883e-09	-4.908487e+01	-7.508047e+01
6.300000e-07	-6.727406e-06	-1.070296e-09	-4.883637e+01	-7.501476e+01
6.400000e-07	-6.692614e-06	-1.132429e-09	-4.858380e+01	-7.494817e+01
6.500000e-07	-6.657403e-06	-1.133139e-09	-4.832819e+01	-7.487775e+01
6.600000e-07	-6.621735e-06	-1.076590e-09	-4.806927e+01	-7.480071e+01
6.700000e-07	-6.585697e-06	-1.064918e-09	-4.780766e+01	-7.471443e+01
6.800000e-07	-6.549263e-06	-1.106348e-09	-4.754317e+01	-7.461647e+01
6.900000e-07	-6.512325e-06	-1.106166e-09	-4.727502e+01	-7.450463e+01
7.000000e-07	-6.474898e-06	-1.070562e-09	-4.700333e+01	-7.437694e+01
7.100000e-07	-6.437011e-06	-1.052947e-09	-4.672830e+01	-7.423166e+01
7.200000e-07	-6.398606e-06	-1.060063e-09	-4.644951e+01	-7.406730e+01
7.300000e-07	-6.359807e-06	-1.066914e-09	-4.616785e+01	-7.388265e+01
7.400000e-07	-6.320715e-06	-1.069836e-09	-4.588407e+01	-7.367674e+01
7.500000e-07	-6.281337e-06	-1.048988e-09	-4.559821e+01	-7.344887e+01
7.600000e-07	-6.241594e-06	-1.032382e-09	-4.530971e+01	-7.319861e+01
7.700000e-07	-6.201442e-06	-1.050911e-09	-4.501823e+01	-7.292579e+01
7.800000e-07	-6.160849e-06	-1.062870e-09	-4.472355e+01	-7.263047e+01
7.900000e-07	-6.119644e-06	-1.027170e-09	-4.442443e+01	-7.231296e+01
8.000000e-07	-6.077776e-06	-1.004468e-09	-4.412050e+01	-7.197381e+01
8.100000e-07	-6.035258e-06	-1.025275e-09	-4.381184e+01	-7.161376e+01
8.200000e-07	-5.992198e-06	-1.038738e-09	-4.349926e+01	-7.123377e+01
8.300000e-07	-5.948677e-06	-1.011723e-09	-4.318333e+01	-7.083495e+01
8.400000e-07	-5.904777e-06	-9.899684e-10	-4.286464e+01	-7.041858e+01
8.500000e-07	-5.860586e-06	-1.002673e-09	-4.254385e+01	-6.998610e+01
8.600000e-07	-5.816022e-06	-1.016921e-09	-4.222034e+01	-6.953903e+01
8.700000e-07	-5.770994e-06	-1.002591e-09	-4.189347e+01	-6.907900e+01
8.800000e-07	-5.725566e-06	-9.786209e-10	-4.156369e+01	-6.860770e+01
8.900000e-07	-5.679782e-06	-9.747916e-10	-4.123133e+01	-6.812688e+01
9.000000e-07	-5.633627e-06	-9.821777e-10	-4.089628e+01	-6.763829e+01
9.100000e-07	-5.587149e-06	-9.775467e-10	-4.055888e+01	-6.714370e+01
9.200000e-07	-5.540389e-06	-9.564183e-10	-4.021943e+01	-6.664484e+01
9.300000e-07	-5.493158e-06	-9.391736e-10	-3.987657e+01	-6.614340e+01
9.400000e-07	-5.445346e-06	-9.393581e-10	-3.952949e+01	-6.564101e+01
9.500000e-07	-5.397126e-06	-9.488721e-10	-3.917944e+01	-6.513921e+01
9.600000e-07	-5.348484e-06	-9.418918e-10	-3.882633e+01	-6.463943e+01
9.700000e-07	-5.299264e-06	-9.216309e-10	-3.846903e+01	-6.414299e+01
9.800000e-07	-5.249483e-06	-9.135924e-10	-3.810766e+01	-6.365108e+01
9.900000e-07	-5.199160e-06	-9.219148e-10	-3.774235e+01	-6.316474e+01
1.000000e-06	-5.148367e-06	-9.172933e-10	-3.737362e+01	-6.268485e+01
1.010000e-06	-5.097195e-06	-8.959525e-10	-3.700215e+01	-6.221214e+01
1.020000e-06	-5.045566e-06	-8.818826e-10	-3.662736e+01	-6.174716e+01
1.030000e-06	-4.993582e-06	-8.865570e-10	-3.624999e+01	-6.129028e+01
1.040000e-06	-4.941279e-06	-8.865692e-10	-3.587031e+01	-6.084172e+01
1.050000e-06	-4.888587e-06	-8.743885e-10	-3.548780e+01	-6.040151e+01
1.060000e-06	-4.835534e-06	-8.631904e-10	-3.510267e+01	-5.996951e+01
1.070000e-06	-4.782045e-06	-8.607684e-10	-3.471437e+01	-5.954543e+01
1.080000e-06	-4.728226e-06	-8.597064e-10	-3.432369e+01	-5.912882e+01
1.090000e-06	-4.674118e-06	-8.524408e-10	-3.393090e+01	-5.871906e+01
1.100000e-06	-4.619659e-06	-8.379037e-10	-3.353556e+01	-5.831542e+01
1.110000e-06	-4.564900e-06	-8.264215e-10	-3.313805e+01	-5.791703e+01
1.120000e-06	-4.509854e-06	-8.236909e-10	-3.273845e+01	-5.752291e+01
1.130000e-06	-4.454578e-06	-8.201717e-10	-3.233719e+01	-5.713199e+01
1.140000e-06	-4.399104e-06	-8.090209e-10	-3.193449e+01	-5.674311e+01
1.150000e-06	-4.343299e-06	-7.981315e-10	-3.152938e+01	-5.635505e+01
1.160000e-06	-4.287186e-06	-7.954659e-10	-3.112204e+01	-5.596655e+01
1.170000e-06	-4.230903e-06	-7.914538e-10	-3.071346e+01	-5.557630e+01
1.180000e-06	-4.174430e-06	-7.807635e-10	-3.030351e+01	-5.518299e+01
1.190000e-06	-4.117606e-06	-7.686186e-10	-2.989101e+01	-5.478532e+01
1.200000e-06	-4.060204e-06	-7.619168e-10	-2.947431e+01	-5.438200e+01
1.210000e-06	-4.002291e-06	-7.577297e-10	-2.905389e+01	-5.397178e+01
1.220000e-06	-3.944063e-06	-7.493500e-10	-2.863120e+01	-5.355346e+01
1.230000e-06	-3.885543e-06	-7.385953e-10	-2.820639e+01	-5.312590e+01
1.240000e-06	-3.826623e-06	-7.323573e-10	-2.777867e+01	-5.268807e+01
1.250000e-06	-3.767367e-06	-7.267376e-10	-2.734851e+01	-5.223900e+01
1.260000e-06	-3.707931e-06	-7.175181e-10	-2.691704e+01	-5.177783e+01
1.270000e-06	-3.648270e-06	-7.056068e-10	-2.648395e+01	-5.130382e+01
1.280000e-06	-3.588376e-06	-6.956977e-10	-2.604916e+01	-5.081635e+01
1.290000e-06	-3.528298e-06	-6.876301e-10	-2.561303e+01	-5.031492e+01
1.300000e-06	-3.467984e-06	-6.799190e-10	-2.517519e+01	-4.979916e+01
1.310000e-06	-3.407461e-06	-6.712265e-10	-2.473584e+01	-4.926883e+01
1.320000e-06	-3.346773e-06	-6.618381e-10	-2.429529e+01	-4.872383e+01
1.330000e-06	-3.285920e-06	-6.537274e-10	-2.385353e+01	-4.816418e+01
1.340000e-06	-3.224808e-06	-6.473338e-10	-2.340990e+01	-4.759003e+01
1.350000e-06	-3.163413e-06	-6.394120e-10	-2.296421e+01	-4.700166e+01
1.360000e-06	-3.101839e-06	-6.289850e-10	-2.251723e+01	-4.639945e+01
1.370000e-06	-3.039999e-06	-6.181790e-10	-2.206831e+01	-4.578392e+01
1.380000e-06	-2.977922e-06	-6.090989e-10	-2.161768e+01	-4.515566e+01
1.390000e-06	-2.915648e-06	-6.007689e-10	-2.116561e+01	-4.451535e+01
1.400000e-06	-2.853180e-06	-5.913418e-10	-2.071213e+01	-4.386376e+01
1.410000e-06	-2.790513e-06	-5.814595e-10	-2.025721e+01	-4.320172e+01
1.420000e-06	-2.727711e-06	-5.728747e-10	-1.980132e+01	-4.253011e+01
1.430000e-06	-2.664855e-06	-5.638454e-10	-1.934503e+01	-4.184985e+01
1.440000e-06	-2.601842e-06	-5.519846e-10	-1.888759e+01	-4.116188e+01
1.450000e-06	-2.538662e-06	-5.416540e-10	-1.842895e+01	-4.046715e+01
1.460000e-06	-2.475411e-06	-5.353842e-10	-1.796979e+01	-3.976661e+01
1.470000e-06	-2.412074e-06	-5.281348e-10	-1.751001e+01	-3.906117e+01
1.480000e-06	-2.348507e-06	-5.195985e-10	-1.704855e+01	-3.835174e+01
1.490000e-06	-2.284670e-06	-5.138256e-10	-1.658514e+01	-3.763914e+01
1.500000e-06	-2.220626e-06	-5.094169e-10	-1.612023e+01	-3.692417e+01
1.510000e-06	-2.156482e-06	-5.019820e-10	-1.565459e+01	-3.620752e+01
1.520000e-06	-2.092283e-06	-4.912310e-10	-1.518854e+01	-3.548984e+01
1.530000e-06	-2.027906e-06	-4.800631e-10	-1.472121e+01	-3.477164e+01
1.540000e-06	-1.963354e-06	-4.674985e-10	-1.425261e+01	-3.405337e+01
1.550000e-06	-1.898630e-06	-4.555869e-10	-1.378276e+01	-3.333533e+01
1.560000e-06	-1.833666e-06	-4.459698e-10	-1.331116e+01	-3.261775e+01
1.570000e-06	-1.768559e-06	-4.358858e-10	-1.283853e+01	-3.190069e+01
1.580000e-06	-1.703439e-06	-4.264035e-10	-1.236581e+01	-3.118414e+01
1.590000e-06	-1.638249e-06	-4.177646e-10	-1.189257e+01	-3.046793e+01
1.600000e-06	-1.572768e-06	-4.093930e-10	-1.141722e+01	-2.975177e+01
1.610000e-06	-1.507042e-06	-3.989414e-10	-1.094009e+01	-2.903527e+01
1.620000e-06	-1.441250e-06	-3.845624e-10	-1.046249e+01	-2.831791e+01
1.630000e-06	-1.375359e-06	-3.729392e-10	-9.984164e+00	-2.759905e+01
1.640000e-06	-1.309316e-06	-3.632633e-10	-9.504741e+00	-2.687795e+01
1.650000e-06	-1.243172e-06	-3.541830e-10	-9.024581e+00	-2.615377e+01
1.660000e-06	-1.176896e-06	-3.428648e-10	-8.543457e+00	-2.542558e+01
1.670000e-06	-1.110465e-06	-3.309936e-10	-8.061218e+00	-2.469237e+01
1.680000e-06	-1.043960e-06	-3.195485e-10	-7.578436e+00	-2.395306e+01
1.690000e-06	-9.774304e-07	-3.093295e-10	-7.095476e+00	-2.320650e+01
1.700000e-06	-9.108588e-07	-2.996775e-10	-6.612212e+00	-2.245152e+01
1.710000e-06	-8.442487e-07	-2.878887e-10	-6.128668e+00	-2.168688e+01
1.720000e-06	-7.775520e-07	-2.745210e-10	-5.644496e+00	-2.091136e+01
1.730000e-06	-7.106621e-07	-2.621294e-10	-5.158921e+00	-2.012370e+01
1.740000e-06	-6.436821e-07	-2.501635e-10	-4.672692e+00	-1.932266e+01
1.750000e-06	-5.767402e-07	-2.360559e-10	-4.186739e+00	-1.850703e+01
1.760000e-06	-5.098112e-07	-2.200295e-10	-3.700881e+00	-1.767561e+01
1.770000e-06	-4.428573e-07	-2.060457e-10	-3.214841e+00	-1.682726e+01
1.780000e-06	-3.758624e-07	-1.947546e-10	-2.728504e+00	-1.596089e+01
1.790000e-06	-3.089050e-07	-1.790701e-10	-2.242439e+00	-1.507548e+01
1.800000e-06	-2.419140e-07	-1.613136e-10	-1.756130e+00	-1.417010e+01
1.810000e-06	-1.748070e-07	-1.467944e-10	-1.268979e+00	-1.324390e+01
1.820000e-06	-1.077350e-07	-1.333674e-10	-7.820827e-01	-1.229610e+01
1.830000e-06	-4.070570e-08	-1.183266e-10	-2.954955e-01	-1.132608e+01
1.840000e-06	2.631324e-08	-1.037128e-10	1.910161e-01	-1.033328e+01
1.850000e-06	9.326657e-08	-9.028433e-11	6.770515e-01	-9.317269e+00
1.860000e-06	1.602224e-07	-7.778234e-11	1.163105e+00	-8.277748e+00
1.870000e-06	2.272155e-07	-6.489273e-11	1.649429e+00	-7.214526e+00
1.880000e-06	2.941685e-07	-5.004140e-11	2.135462e+00	-6.127533e+00
1.890000e-06	3.611565e-07	-3.320108e-11	2.621750e+00	-5.016825e+00
1.900000e-06	4.281899e-07	-1.828225e-11	3.108366e+00	-3.882574e+00
1.910000e-06	4.951361e-07	-3.945303e-12	3.594350e+00	-2.725070e+00
1.920000e-06	5.620610e-07	1.270950e-11	4.080179e+00	-1.544716e+00
1.930000e-06	6.289796e-07	2.894064e-11	4.565962e+00	-3.420219e-01
1.940000e-06	6.958164e-07	4.284085e-11	5.051151e+00	8.824001e-01
1.950000e-06	7.626412e-07	5.732309e-11	5.536253e+00	2.127843e+00
1.960000e-06	8.293406e-07	7.363377e-11	6.020445e+00	3.393512e+00
1.970000e-06	8.959017e-07	9.134342e-11	6.503634e+00	4.678534e+00
1.980000e-06	9.624174e-07	1.082921e-10	6.986492e+00	5.981965e+00
1.990000e-06	1.028825e-06	1.253339e-10	7.468568e+00	7.302802e+00
2.000000e-06	1.095244e-06	1.437595e-10	7.950721e+00	8.639987e+00
2.010000e-06	1.161670e-06	1.628257e-10	8.432929e+00	9.992424e+00
2.020000e-06	1.227942e-06	1.808346e-10	8.914018e+00	1.135898e+01
2.030000e-06	1.294085e-06	1.965421e-10	9.394174e+00	1.273851e+01
2.040000e-06	1.360095e-06	2.137369e-10	9.873363e+00	1.412983e+01
2.050000e-06	1.426031e-06	2.342175e-10	1.035201e+01	1.553179e+01
2.060000e-06	1.491930e-06	2.535992e-10	1.083039e+01	1.694321e+01
2.070000e-06	1.557614e-06	2.705835e-10	1.130722e+01	1.836293e+01
2.080000e-06	1.623134e-06	2.888658e-10	1.178284e+01	1.978983e+01
2.090000e-06	1.688544e-06	3.091155e-10	1.225767e+01	2.122279e+01
2.100000e-06	1.753702e-06	3.296586e-10	1.273068e+01	2.266072e+01
2.110000e-06	1.818653e-06	3.500100e-10	1.320218e+01	2.410259e+01
2.120000e-06	1.883469e-06	3.701461e-10	1.367270e+01	2.554739e+01
2.130000e-06	1.948061e-06	3.905438e-10	1.414159e+01	2.699415e+01
2.140000e-06	2.012408e-06	4.126355e-10	1.460871e+01	2.844195e+01
2.150000e-06	2.076569e-06	4.355215e-10	1.507447e+01	2.988993e+01
2.160000e-06	2.140631e-06	4.573548e-10	1.553952e+01	3.133725e+01
2.170000e-06	2.204561e-06	4.784816e-10	1.600360e+01	3.278313e+01
2.180000e-06	2.268368e-06	5.006261e-10	1.646680e+01	3.422683e+01
2.190000e-06	2.332017e-06	5.231549e-10	1.692885e+01	3.566765e+01
2.200000e-06	2.395458e-06	5.443381e-10	1.738938e+01	3.710493e+01
2.210000e-06	2.458799e-06	5.650656e-10	1.784920e+01	3.853804e+01
2.220000e-06	2.522052e-06	5.859029e-10	1.830837e+01	3.996639e+01
2.230000e-06	2.585156e-06	6.057713e-10	1.876646e+01	4.138939e+01
2.240000e-06	2.648137e-06	6.280774e-10	1.922366e+01	4.280650e+01
2.250000e-06	2.710951e-06	6.514159e-10	1.967965e+01	4.421718e+01
2.260000e-06	2.773582e-06	6.713026e-10	2.013431e+01	4.562091e+01
2.270000e-06	2.836071e-06	6.893700e-10	2.058794e+01	4.701715e+01
2.280000e-06	2.898339e-06	7.097492e-10	2.103996e+01	4.840538e+01
2.290000e-06	2.960436e-06	7.317243e-10	2.149074e+01	4.978507e+01
2.300000e-06	3.022354e-06	7.517080e-10	2.194022e+01	5.115567e+01
2.310000e-06	3.083952e-06	7.698626e-10	2.238738e+01	5.251664e+01
2.320000e-06	3.145413e-06	7.873627e-10	2.283355e+01	5.386740e+01
2.330000e-06	3.206768e-06	8.049023e-10	2.327895e+01	5.520734e+01
2.340000e-06	3.267826e-06	8.221073e-10	2.372218e+01	5.653585e+01
2.350000e-06	3.328650e-06	8.378581e-10	2.416373e+01	5.785229e+01
2.360000e-06	3.389304e-06	8.546961e-10	2.460403e+01	5.915597e+01
2.370000e-06	3.449698e-06	8.720708e-10	2.504245e+01	6.044620e+01
2.380000e-06	3.509812e-06	8.890300e-10	2.547883e+01	6.172226e+01
2.390000e-06	3.569735e-06	9.069227e-10	2.591384e+01	6.298340e+01
2.400000e-06	3.629478e-06	9.240394e-10	2.634753e+01	6.422885e+01
2.410000e-06	3.688979e-06	9.411045e-10	2.677947e+01	6.545782e+01
2.420000e-06	3.748290e-06	9.584898e-10	2.721002e+01	6.666952e+01
2.430000e-06	3.807388e-06	9.745616e-10	2.763904e+01	6.786314e+01
2.440000e-06	3.866125e-06	9.876468e-10	2.806543e+01	6.903788e+01
2.450000e-06	3.924588e-06	9.984808e-10	2.848983e+01	7.019293e+01
2.460000e-06	3.982723e-06	1.011755e-09	2.891185e+01	7.132750e+01
2.470000e-06	4.040485e-06	1.026961e-09	2.933116e+01	7.244082e+01
2.480000e-06	4.097867e-06	1.040718e-09	2.974771e+01	7.353216e+01
2.490000e-06	4.154813e-06	1.052921e-09	3.016110e+01	7.460080e+01
2.500000e-06	4.211302e-06	1.064530e-09	3.057117e+01	7.564610e+01
2.510000e-06	4.267386e-06	1.077798e-09	3.097830e+01	7.666743e+01
2.520000e-06	4.323214e-06	1.091023e-09	3.138358e+01	7.766425e+01
2.530000e-06	4.378781e-06	1.101849e-09	3.178696e+01	7.863610e+01
2.540000e-06	4.434143e-06	1.111763e-09	3.218885e+01	7.958256e+01
2.550000e-06	4.489329e-06	1.122361e-09	3.258946e+01	8.050333e+01
2.560000e-06	4.544241e-06	1.134059e-09	3.298809e+01	8.139819e+01
2.570000e-06	4.598844e-06	1.146488e-09	3.338447e+01	8.226700e+01
2.580000e-06	4.653063e-06	1.159751e-09	3.377806e+01	8.310975e+01
2.590000e-06	4.706925e-06	1.174096e-09	3.416906e+01	8.392651e+01
2.600000e-06	4.760544e-06	1.187924e-09	3.455829e+01	8.471748e+01
2.610000e-06	4.813933e-06	1.200116e-09	3.494586e+01	8.548296e+01
2.620000e-06	4.867012e-06	1.209979e-09	3.533118e+01	8.622335e+01
2.630000e-06	4.919718e-06	1.220764e-09	3.571379e+01	8.693919e+01
2.640000e-06	4.971972e-06	1.233253e-09	3.609312e+01	8.763111e+01
2.650000e-06	5.023789e-06	1.243010e-09	3.646927e+01	8.829983e+01
2.660000e-06	5.075168e-06	1.251574e-09	3.684225e+01	8.894621e+01
2.670000e-06	5.126021e-06	1.262502e-09	3.721141e+01	8.957116e+01
2.680000e-06	5.176355e-06	1.275447e-09	3.757680e+01	9.017572e+01
2.690000e-06	5.226194e-06	1.287642e-09	3.793859e+01	9.076099e+01
2.700000e-06	5.275556e-06	1.297409e-09	3.829693e+01	9.132813e+01
2.710000e-06	5.324354e-06	1.306588e-09	3.865117e+01	9.187838e+01
2.720000e-06	5.372580e-06	1.317222e-09	3.900126e+01	9.241302e+01
2.730000e-06	5.420374e-06	1.327705e-09	3.934821e+01	9.293336e+01
2.740000e-06	5.467874e-06	1.335858e-09	3.969303e+01	9.344076e+01
2.750000e-06	5.515130e-06	1.342649e-09	4.003607e+01	9.393656e+01
2.760000e-06	5.562093e-06	1.352384e-09	4.037699e+01	9.442212e+01
2.770000e-06	5.608649e-06	1.365399e-09	4.071496e+01	9.489876e+01
2.780000e-06	5.654764e-06	1.376210e-09	4.104972e+01	9.536779e+01
2.790000e-06	5.700492e-06	1.382869e-09	4.138167e+01	9.583048e+01
2.800000e-06	5.745778e-06	1.388814e-09	4.171042e+01	9.628801e+01
2.810000e-06	5.790689e-06	1.396278e-09	4.203644e+01	9.674153e+01
2.820000e-06	5.835258e-06	1.402955e-09	4.235998e+01	9.719207e+01
2.830000e-06	5.879455e-06	1.407092e-09	4.268082e+01	9.764059e+01
2.840000e-06	5.923330e-06	1.411299e-09	4.299933e+01	9.808793e+01
2.850000e-06	5.966911e-06	1.418052e-09	4.331569e+01	9.853482e+01
2.860000e-06	6.010172e-06	1.426133e-09	4.362974e+01	9.898186e+01
2.870000e-06	6.053012e-06	1.434229e-09	4.394073e+01	9.942953e+01
2.880000e-06	6.095365e-06	1.443227e-09	4.424818e+01	9.987816e+01
2.890000e-06	6.137148e-06	1.452677e-09	4.455150e+01	1.003280e+02
2.900000e-06	6.178194e-06	1.460556e-09	4.484946e+01	1.007789e+02
2.910000e-06	6.218530e-06	1.466179e-09	4.514228e+01	1.012310e+02
2.920000e-06	6.258423e-06	1.470565e-09	4.543187e+01	1.016840e+02
2.930000e-06	6.298027e-06	1.476258e-09	4.571937e+01	1.021375e+02
2.940000e-06	6.337308e-06	1.483461e-09	4.600452e+01	1.025910e+02
2.950000e-06	6.376229e-06	1.490068e-09	4.628706e+01	1.030438e+02
2.960000e-06	6.414723e-06	1.495340e-09	4.656651e+01	1.034952e+02
2.970000e-06	6.452692e-06	1.500012e-09	4.684213e+01	1.039443e+02
2.980000e-06	6.490145e-06	1.506009e-09	4.711401e+01	1.043901e+02
2.990000e-06	6.527196e-06	1.514362e-09	4.738298e+01	1.048316e+02
3.000000e-06	6.563821e-06	1.520317e-09	4.764885e+01	1.052677e+02
3.010000e-06	6.599959e-06	1.524377e-09	4.791119e+01	1.056970e+02
3.020000e-06	6.635801e-06	1.530471e-09	4.817138e+01	1.061185e+02
3.030000e-06	6.671401e-06	1.536551e-09	4.842981e+01	1.065308e+02
3.040000e-06	6.706596e-06	1.542144e-09	4.868530e+01	1.069326e+02
3.050000e-06	6.741310e-06	1.548339e-09	4.893730e+01	1.073227e+02
3.060000e-06	6.775398e-06	1.555150e-09	4.918476e+01	1.076998e+02
3.070000e-06	6.808668e-06	1.560482e-09	4.942627e+01	1.080627e+02
3.080000e-06	6.841239e-06	1.565158e-09	4.966272e+01	1.084104e+02
3.090000e-06	6.873284e-06	1.571250e-09	4.989534e+01	1.087417e+02
3.100000e-06	6.904913e-06	1.577444e-09	5.012495e+01	1.090556e+02
3.110000e-06	6.936244e-06	1.583128e-09	5.035239e+01	1.093514e+02
3.120000e-06	6.967220e-06	1.589058e-09	5.057725e+01	1.096283e+02
3.130000e-06	6.997792e-06	1.594218e-09	5.079918e+01	1.098856e+02
3.140000e-06	7.027820e-06	1.598232e-09	5.101717e+01	1.101230e+02
3.150000e-06	7.057241e-06	1.602270e-09	5.123074e+01	1.103402e+02
3.160000e-06	7.086105e-06	1.605371e-09	5.144028e+01	1.105371e+02
3.170000e-06	7.114489e-06	1.609632e-09	5.164632e+01	1.107136e+02
3.180000e-06	7.142519e-06	1.615391e-09	5.184980e+01	1.108702e+02
3.190000e-06	7.170297e-06	1.618271e-09	5.205145e+01	1.110071e+02
3.200000e-06	7.197752e-06	1.618276e-09	5.225076e+01	1.111249e+02
3.210000e-06	7.224666e-06	1.621563e-09	5.244613e+01	1.112246e+02
3.220000e-06	7.250865e-06	1.627542e-09	5.263632e+01	1.113069e+02
3.230000e-06	7.276211e-06	1.630138e-09	5.282032e+01	1.113730e+02
3.240000e-06	7.300790e-06	1.633492e-09	5.299874e+01	1.114242e+02
3.250000e-06	7.324821e-06	1.638286e-09	5.317319e+01	1.114618e+02
3.260000e-06	7.348385e-06	1.640585e-09	5.334425e+01	1.114875e+02
3.270000e-06	7.371517e-06	1.642244e-09	5.351218e+01	1.115028e+02
3.280000e-06	7.394187e-06	1.644966e-09	5.367674e+01	1.115095e+02
3.290000e-06	7.416328e-06	1.646281e-09	5.383747e+01	1.115096e+02
3.300000e-06	7.438030e-06	1.648302e-09	5.399501e+01	1.115047e+02
3.310000e-06	7.459264e-06	1.652612e-09	5.414916e+01	1.114969e+02
3.320000e-06	7.479956e-06	1.656758e-09	5.429937e+01	1.114881e+02
3.330000e-06	7.500159e-06	1.660255e-09	5.444602e+01	1.114803e+02
3.340000e-06	7.519985e-06	1.662109e-09	5.458995e+01	1.114753e+02
3.350000e-06	7.539470e-06	1.663851e-09	5.473140e+01	1.114750e+02
3.360000e-06	7.558475e-06	1.664829e-09	5.486936e+01	1.114812e+02
3.370000e-06	7.576823e-06	1.665546e-09	5.500256e+01	1.114955e+02
3.380000e-06	7.594592e-06	1.667030e-09	5.513155e+01	1.115194e+02
3.390000e-06	7.611894e-06	1.669103e-09	5.525714e+01	1.115543e+02
3.400000e-06	7.628684e-06	1.671120e-09	5.537903e+01	1.116014e+02
3.410000e-06	7.644921e-06	1.672234e-09	5.549690e+01	1.116618e+02
3.420000e-06	7.660603e-06	1.674952e-09	5.561074e+01	1.117363e+02
3.430000e-06	7.675625e-06	1.679766e-09	5.571979e+01	1.118254e+02
3.440000e-06	7.689879e-06	1.682625e-09	5.582326e+01	1.119294e+02
3.450000e-06	7.703551e-06	1.682260e-09	5.592251e+01	1.120486e+02
3.460000e-06	7.716709e-06	1.681139e-09	5.601803e+01	1.121827e+02
3.470000e-06	7.729280e-06	1.682375e-09	5.610929e+01	1.123313e+02
3.480000e-06	7.741227e-06	1.684094e-09	5.619601e+01	1.124937e+02
3.490000e-06	7.752660e-06	1.683493e-09	5.627901e+01	1.126689e+02
3.500000e-06	7.763578e-06	1.683549e-09	5.635827e+01	1.128557e+02
3.510000e-06	7.773699e-06	1.684862e-09	5.643174e+01	1.130526e+02
3.520000e-06	7.782952e-06	1.686620e-09	5.649891e+01	1.132578e+02
3.530000e-06	7.791402e-06	1.686641e-09	5.656025e+01	1.134692e+02
3.540000e-06	7.799274e-06	1.687522e-09	5.661740e+01	1.136848e+02
3.550000e-06	7.806849e-06	1.690151e-09	5.667238e+01	1.139019e+02
3.560000e-06	7.814045e-06	1.693001e-09	5.672463e+01	1.141180e+02
3.570000e-06	7.820732e-06	1.695490e-09	5.677317e+01	1.143302e+02
3.580000e-06	7.826842e-06	1.696775e-09	5.681752e+01	1.145354e+02
3.590000e-06	7.832337e-06	1.698142e-09	5.685741e+01	1.147307e+02
3.600000e-06	7.837206e-06	1.700338e-09	5.689275e+01	1.149128e+02
3.610000e-06	7.841618e-06	1.704202e-09	5.692478e+01	1.150783e+02
3.620000e-06	7.845619e-06	1.705931e-09	5.695383e+01	1.152240e+02
3.630000e-06	7.849173e-06	1.706700e-09	5.697963e+01	1.153465e+02
3.640000e-06	7.852380e-06	1.710243e-09	5.700291e+01	1.154425e+02
3.650000e-06	7.854984e-06	1.712687e-09	5.702181e+01	1.155087e+02
3.660000e-06	7.856738e-06	1.712980e-09	5.703455e+01	1.155420e+02
3.670000e-06	7.857573e-06	1.714266e-09	5.704060e+01	1.155393e+02
3.680000e-06	7.857696e-06	1.715674e-09	5.704150e+01	1.154976e+02
3.690000e-06	7.857472e-06	1.715203e-09	5.703987e+01	1.154144e+02
3.700000e-06	7.856904e-06	1.715922e-09	5.703575e+01	1.152869e+02
3.710000e-06	7.855804e-06	1.717622e-09	5.702776e+01	1.151131e+02
3.720000e-06	7.854164e-06	1.717222e-09	5.701586e+01	1.148907e+02
3.730000e-06	7.852025e-06	1.718729e-09	5.700033e+01	1.146182e+02
3.740000e-06	7.849292e-06	1.722062e-09	5.698050e+01	1.142942e+02
3.750000e-06	7.846036e-06	1.725832e-09	5.695685e+01	1.139174e+02
3.760000e-06	7.842440e-06	1.740515e-09	5.693075e+01	1.134872e+02
3.770000e-06	7.838488e-06	1.755589e-09	5.690206e+01	1.130031e+02
3.780000e-06	7.834043e-06	1.701699e-09	5.686980e+01	1.124652e+02
3.790000e-06	7.828824e-06	1.609303e-09	5.683191e+01	1.118738e+02
3.800000e-06	7.822374e-06	1.598476e-09	5.678509e+01	1.112296e+02
3.810000e-06	7.814818e-06	1.776445e-09	5.673024e+01	1.105337e+02
3.820000e-06	7.806778e-06	1.915671e-09	5.667187e+01	1.097875e+02
3.830000e-06	7.798639e-06	1.769433e-09	5.661278e+01	1.089929e+02
3.840000e-06	7.790189e-06	1.574424e-09	5.655145e+01	1.081520e+02
3.850000e-06	7.781099e-06	1.639931e-09	5.648546e+01	1.072673e+02
3.860000e-06	7.771666e-06	1.806014e-09	5.641698e+01	1.063418e+02
3.870000e-06	7.762103e-06	1.748253e-09	5.634756e+01	1.053784e+02
3.880000e-06	7.751889e-06	1.610463e-09	5.627342e+01	1.043805e+02
3.890000e-06	7.740738e-06	1.526919e-09	5.619246e+01	1.033519e+02
3.900000e-06	7.729131e-06	1.605401e-09	5.610821e+01	1.022964e+02
3.910000e-06	7.717297e-06	1.805607e-09	5.602230e+01	1.012179e+02
3.920000e-06	7.704622e-06	1.815341e-09	5.593029e+01	1.001208e+02
3.930000e-06	7.690809e-06	1.546998e-09	5.583002e+01	9.900934e+01
3.940000e-06	7.676494e-06	1.401149e-09	5.572610e+01	9.788791e+01
3.950000e-06	7.661936e-06	1.549806e-09	5.562042e+01	9.676099e+01
3.960000e-06	7.646693e-06	1.436788e-09	5.550976e+01	9.563307e+01
3.970000e-06	7.630593e-06	1.068274e-09	5.539289e+01	9.450859e+01
3.980000e-06	7.613932e-06	1.066039e-09	5.527194e+01	9.339194e+01
3.990000e-06	7.596769e-06	1.296192e-09	5.514735e+01	9.228744e+01
4.000000e-06	7.579037e-06	1.166586e-09	5.501862e+01	9.119924e+01
4.010000e-06	7.560766e-06	9.932842e-10	5.488599e+01	9.013136e+01
4.020000e-06	7.542059e-06	1.192823e-09	5.475019e+01	8.908761e+01
4.030000e-06	7.522886e-06	1.304065e-09	5.461101e+01	8.807158e+01
4.040000e-06	7.503157e-06	1.265836e-09	5.446779e+01	8.708661e+01
4.050000e-06	7.483002e-06	1.389919e-09	5.432148e+01	8.613575e+01
4.060000e-06	7.462451e-06	1.396956e-09	5.417229e+01	8.522177e+01
4.070000e-06	7.441449e-06	1.184726e-09	5.401983e+01	8.434708e+01
4.080000e-06	7.419799e-06	1.245443e-09	5.386267e+01	8.351380e+01
4.090000e-06	7.397494e-06	1.426473e-09	5.370075e+01	8.272367e+01
4.100000e-06	7.374466e-06	1.255366e-09	5.353358e+01	8.197807e+01
4.110000e-06	7.350654e-06	1.071898e-09	5.336072e+01	8.127802e+01
4.120000e-06	7.326366e-06	1.254300e-09	5.318441e+01	8.062416e+01
4.130000e-06	7.301678e-06	1.407689e-09	5.300519e+01	8.001675e+01
4.140000e-06	7.276436e-06	1.227571e-09	5.282195e+01	7.945571e+01
4.150000e-06	7.250598e-06	1.095870e-09	5.263438e+01	7.894058e+01
4.160000e-06	7.224352e-06	1.253270e-09	5.244385e+01	7.847053e+01
4.170000e-06	7.197720e-06	1.336530e-09	5.225052e+01	7.804443e+01
4.180000e-06	7.170496e-06	1.195540e-09	5.205290e+01	7.766080e+01
4.190000e-06	7.142816e-06	1.157257e-09	5.185196e+01	7.731786e+01
4.200000e-06	7.114777e-06	1.256133e-09	5.164841e+01	7.701356e+01
4.210000e-06	7.086346e-06	1.239078e-09	5.144202e+01	7.674558e+01
4.220000e-06	7.057480e-06	1.185094e-09	5.123248e+01	7.651138e+01
4.230000e-06	7.027999e-06	1.226653e-09	5.101846e+01	7.630822e+01
4.240000e-06	6.997741e-06	1.212305e-09	5.079882e+01	7.613316e+01
4.250000e-06	6.966710e-06	1.171232e-09	5.057355e+01	7.598315e+01
4.260000e-06	6.935037e-06	1.217565e-09	5.034363e+01	7.585500e+01
4.270000e-06	6.902909e-06	1.247941e-09	5.011040e+01	7.574545e+01
4.280000e-06	6.870410e-06	1.172868e-09	4.987448e+01	7.565120e+01
4.290000e-06	6.837472e-06	1.149998e-09	4.963537e+01	7.556892e+01
4.300000e-06	6.804175e-06	1.221758e-09	4.939366e+01	7.549530e+01
4.310000e-06	6.770436e-06	1.232801e-09	4.914874e+01	7.542709e+01
4.320000e-06	6.736154e-06	1.150103e-09	4.889987e+01	7.536109e+01
4.330000e-06	6.701501e-06	1.141965e-09	4.864832e+01	7.529421e+01
4.340000e-06	6.666483e-06	1.210891e-09	4.839411e+01	7.522351e+01
4.350000e-06	6.630991e-06	1.205461e-09	4.813646e+01	7.514619e+01
4.360000e-06	6.595094e-06	1.141478e-09	4.787587e+01	7.505962e+01
4.370000e-06	6.558811e-06	1.150001e-09	4.761248e+01	7.496138e+01
4.380000e-06	6.521953e-06	1.189439e-09	4.734492e+01	7.484927e+01
4.390000e-06	6.484454e-06	1.172891e-09	4.707270e+01	7.472129e+01
4.400000e-06	6.446443e-06	1.149294e-09	4.679677e+01	7.457573e+01
4.410000e-06	6.407857e-06	1.157246e-09	4.651666e+01	7.441109e+01
4.420000e-06	6.368646e-06	1.153779e-09	4.623201e+01	7.422615e+01
4.430000e-06	6.328938e-06	1.144648e-09	4.594376e+01	7.401995e+01
4.440000e-06	6.288843e-06	1.157432e-09	4.565270e+01	7.379180e+01
4.450000e-06	6.248401e-06	1.147383e-09	4.535912e+01	7.354126e+01
4.460000e-06	6.207591e-06	1.117683e-09	4.506287e+01	7.326815e+01
4.470000e-06	6.166393e-06	1.128503e-09	4.476380e+01	7.297255e+01
4.480000e-06	6.124820e-06	1.157568e-09	4.446201e+01	7.265476e+01
4.490000e-06	6.082782e-06	1.132415e-09	4.415684e+01	7.231533e+01
4.500000e-06	6.040260e-06	1.099338e-09	4.384816e+01	7.195500e+01
4.510000e-06	5.997353e-06	1.116302e-09	4.353668e+01	7.157472e+01
4.520000e-06	5.954088e-06	1.139125e-09	4.322260e+01	7.117561e+01
4.530000e-06	5.910432e-06	1.113638e-09	4.290569e+01	7.075897e+01
4.540000e-06	5.866319e-06	1.085144e-09	4.258547e+01	7.032620e+01
4.550000e-06	5.821891e-06	1.092842e-09	4.226295e+01	6.987885e+01
4.560000e-06	5.777186e-06	1.106583e-09	4.193842e+01	6.941853e+01
4.570000e-06	5.732086e-06	1.092021e-09	4.161103e+01	6.894695e+01
4.580000e-06	5.686637e-06	1.074557e-09	4.128110e+01	6.846585e+01
4.590000e-06	5.640861e-06	1.073668e-09	4.094879e+01	6.797698e+01
4.600000e-06	5.594646e-06	1.079893e-09	4.061330e+01	6.748210e+01
4.610000e-06	5.547973e-06	1.078374e-09	4.027449e+01	6.698296e+01
4.620000e-06	5.500831e-06	1.071873e-09	3.993227e+01	6.648124e+01
4.630000e-06	5.453297e-06	1.057796e-09	3.958720e+01	6.597856e+01
4.640000e-06	5.405423e-06	1.046580e-09	3.923968e+01	6.547648e+01
4.650000e-06	5.357076e-06	1.050676e-09	3.888871e+01	6.497642e+01
4.660000e-06	5.308349e-06	1.047881e-09	3.853498e+01	6.447970e+01
4.670000e-06	5.259297e-06	1.025585e-09	3.817890e+01	6.398750e+01
4.680000e-06	5.209821e-06	1.012204e-09	3.781974e+01	6.350088e+01
4.690000e-06	5.159872e-06	1.022250e-09	3.745714e+01	6.302071e+01
4.700000e-06	5.109439e-06	1.023291e-09	3.709103e+01	6.254771e+01
4.710000e-06	5.058627e-06	1.005913e-09	3.672217e+01	6.208244e+01
4.720000e-06	5.007475e-06	9.948824e-10	3.635084e+01	6.162528e+01
4.730000e-06	4.955905e-06	9.979609e-10	3.597648e+01	6.117644e+01
4.740000e-06	4.903967e-06	9.949022e-10	3.559945e+01	6.073594e+01
4.750000e-06	4.851701e-06	9.833508e-10	3.522004e+01	6.030367e+01
4.760000e-06	4.799082e-06	9.746743e-10	3.483805e+01	5.987931e+01
4.770000e-06	4.746105e-06	9.716825e-10	3.445348e+01	5.946241e+01
4.780000e-06	4.692623e-06	9.668734e-10	3.406524e+01	5.905237e+01
4.790000e-06	4.638502e-06	9.604312e-10	3.367235e+01	5.864844e+01
4.800000e-06	4.583851e-06	9.534956e-10	3.327562e+01	5.824977e+01
4.810000e-06	4.528788e-06	9.454558e-10	3.287590e+01	5.785536e+01
4.820000e-06	4.473350e-06	9.385009e-10	3.247346e+01	5.746416e+01
4.830000e-06	4.417613e-06	9.369554e-10	3.206885e+01	5.707500e+01
4.840000e-06	4.361625e-06	9.304980e-10	3.166241e+01	5.668666e+01
4.850000e-06	4.305273e-06	9.179201e-10	3.125334e+01	5.629787e+01
4.860000e-06	4.248663e-06	9.103876e-10	3.084239e+01	5.590734e+01
4.870000e-06	4.191952e-06	9.091666e-10	3.043071e+01	5.551375e+01
4.880000e-06	4.134970e-06	9.018530e-10	3.001705e+01	5.511580e+01
4.890000e-06	4.077667e-06	8.879388e-10	2.960107e+01	5.471220e+01
4.900000e-06	4.020069e-06	8.796365e-10	2.918295e+01	5.430169e+01
4.910000e-06	3.962193e-06	8.780493e-10	2.876281e+01	5.388308e+01
4.920000e-06	3.904075e-06	8.717958e-10	2.834092e+01	5.345525e+01
4.930000e-06	3.845596e-06	8.594905e-10	2.791640e+01	5.301713e+01
4.940000e-06	3.786784e-06	8.512854e-10	2.748946e+01	5.256777e+01
4.950000e-06	3.727777e-06	8.470304e-10	2.706111e+01	5.210632e+01
4.960000e-06	3.668609e-06	8.404076e-10	2.663159e+01	5.163203e+01
4.970000e-06	3.609247e-06	8.302681e-10	2.620067e+01	5.114428e+01
4.980000e-06	3.549630e-06	8.214454e-10	2.576789e+01	5.064256e+01
4.990000e-06	3.489784e-06	8.153055e-10	2.533344e+01	5.012652e+01
5.000000e-06	3.429739e-06	8.107417e-10	2.489756e+01	4.959591e+01
5.010000e-06	3.369525e-06	8.042588e-10	2.446044e+01	4.905062e+01
5.020000e-06	3.309102e-06	7.937036e-10	2.402182e+01	4.849069e+01
5.030000e-06	3.248425e-06	7.828178e-10	2.358134e+01	4.791626e+01
5.040000e-06	3.187493e-06	7.774826e-10	2.313902e+01	4.732760e+01
5.050000e-06	3.126220e-06	7.706909e-10	2.269422e+01	4.672512e+01
5.060000e-06	3.064545e-06	7.593204e-10	2.224650e+01	4.610930e+01
5.070000e-06	3.002617e-06	7.508516e-10	2.179695e+01	4.548075e+01
5.080000e-06	2.940503e-06	7.448191e-10	2.134604e+01	4.484016e+01
5.090000e-06	2.878171e-06	7.346148e-10	2.089355e+01	4.418829e+01
5.100000e-06	2.815661e-06	7.224443e-10	2.043977e+01	4.352596e+01
5.110000e-06	2.752941e-06	7.132271e-10	1.998447e+01	4.285407e+01
5.120000e-06	2.689915e-06	7.060913e-10	1.952694e+01	4.217353e+01
5.130000e-06	2.626625e-06	6.968951e-10	1.906750e+01	4.148528e+01
5.140000e-06	2.563181e-06	6.849349e-10	1.860694e+01	4.079027e+01
5.150000e-06	2.499594e-06	6.729728e-10	1.814534e+01	4.008944e+01
5.160000e-06	2.435812e-06	6.651580e-10	1.768233e+01	3.938372e+01
5.170000e-06	2.371809e-06	6.581999e-10	1.721771e+01	3.867400e+01
5.180000e-06	2.307562e-06	6.509184e-10	1.675132e+01	3.796112e+01
5.190000e-06	2.243087e-06	6.440325e-10	1.628328e+01	3.724587e+01
5.200000e-06	2.178499e-06	6.355920e-10	1.581441e+01	3.652894e+01
5.210000e-06	2.113870e-06	6.271783e-10	1.534525e+01	3.581097e+01
5.220000e-06	2.049161e-06	6.202591e-10	1.487551e+01	3.509249e+01
5.230000e-06	1.984345e-06	6.093481e-10	1.440499e+01	3.437393e+01
5.240000e-06	1.919422e-06	5.930119e-10	1.393369e+01	3.365562e+01
5.250000e-06	1.854325e-06	5.808541e-10	1.346113e+01	3.293775e+01
5.260000e-06	1.789098e-06	5.715029e-10	1.298763e+01	3.222041e+01
5.270000e-06	1.723789e-06	5.634642e-10	1.251353e+01	3.150357e+01
5.280000e-06	1.658393e-06	5.546608e-10	1.203880e+01	3.078708e+01
5.290000e-06	1.592899e-06	5.430162e-10	1.156336e+01	3.007064e+01
5.300000e-06	1.527260e-06	5.265345e-10	1.108687e+01	2.935386e+01
5.310000e-06	1.461466e-06	5.110826e-10	1.060924e+01	2.863621e+01
5.320000e-06	1.395591e-06	4.989001e-10	1.013104e+01	2.791707e+01
5.330000e-06	1.329606e-06	4.842475e-10	9.652032e+00	2.719569e+01
5.340000e-06	1.263558e-06	4.684609e-10	9.172564e+00	2.647122e+01
5.350000e-06	1.197471e-06	4.587591e-10	8.692819e+00	2.574275e+01
5.360000e-06	1.131254e-06	4.516523e-10	8.212131e+00	2.500926e+01
5.370000e-06	1.064930e-06	4.400417e-10	7.730665e+00	2.426966e+01
5.380000e-06	9.985474e-07	4.262682e-10	7.248771e+00	2.352282e+01
5.390000e-06	9.321589e-07	4.117759e-10	6.766836e+00	2.276755e+01
5.400000e-06	8.657581e-07	3.996934e-10	6.284812e+00	2.200264e+01
5.410000e-06	7.993145e-07	3.888950e-10	5.802477e+00	2.122683e+01
5.420000e-06	7.328258e-07	3.745703e-10	5.319814e+00	2.043889e+01
5.430000e-06	6.662976e-07	3.566669e-10	4.836865e+00	1.963757e+01
5.440000e-06	5.996837e-07	3.417893e-10	4.353294e+00	1.882165e+01
5.450000e-06	5.329610e-07	3.288028e-10	3.868933e+00	1.798995e+01
5.460000e-06	4.661727e-07	3.142107e-10	3.384095e+00	1.714131e+01
5.470000e-06	3.993611e-07	2.992117e-10	2.899089e+00	1.627466e+01
5.480000e-06	3.325095e-07	2.864891e-10	2.413792e+00	1.538897e+01
5.490000e-06	2.656409e-07	2.746036e-10	1.928371e+00	1.448331e+01
5.500000e-06	1.987823e-07	2.593561e-10	1.443024e+00	1.355682e+01
5.510000e-06	1.318651e-07	2.395865e-10	9.572502e-01	1.260874e+01
5.520000e-06	6.489182e-08	2.228611e-10	4.710702e-01	1.163843e+01
5.530000e-06	-1.961317e-09	2.081086e-10	-1.423782e-02	1.064535e+01
5.540000e-06	-6.865496e-08	1.890964e-10	-4.983881e-01	9.629058e+00
5.550000e-06	-1.354379e-07	1.689047e-10	-9.831868e-01	8.589255e+00
5.560000e-06	-2.022611e-07	1.533456e-10	-1.468277e+00	7.525749e+00
5.570000e-06	-2.690668e-07	1.385144e-10	-1.953241e+00	6.438473e+00
5.580000e-06	-3.359232e-07	1.185688e-10	-2.438573e+00	5.327482e+00
5.590000e-06	-4.027372e-07	9.729775e-11	-2.923597e+00	4.192948e+00
5.600000e-06	-4.695681e-07	7.702944e-11	-3.408744e+00	3.035161e+00
5.610000e-06	-5.364088e-07	5.842066e-11	-3.893961e+00	1.854523e+00
5.620000e-06	-6.031591e-07	3.937908e-11	-4.378523e+00	6.515461e-01
5.630000e-06	-6.698665e-07	1.748289e-11	-4.862773e+00	-5.731590e-01
5.640000e-06	-7.364885e-07	-4.585731e-12	-5.346403e+00	-1.818885e+00
5.650000e-06	-8.029638e-07	-2.350134e-11	-5.828968e+00	-3.084837e+00
5.660000e-06	-8.694063e-07	-4.080628e-11	-6.311295e+00	-4.370142e+00
5.670000e-06	-9.357051e-07	-5.817607e-11	-6.792579e+00	-5.673857e+00
5.680000e-06	-1.001882e-06	-7.941996e-11	-7.272975e+00	-6.994976e+00
5.690000e-06	-1.068062e-06	-9.872658e-11	-7.753401e+00	-8.332445e+00
5.700000e-06	-1.134103e-06	-1.179793e-10	-8.232812e+00	-9.685164e+00
5.710000e-06	-1.200094e-06	-1.378978e-10	-8.711863e+00	-1.105200e+01
5.720000e-06	-1.266082e-06	-1.574431e-10	-9.190892e+00	-1.243181e+01
5.730000e-06	-1.331989e-06	-1.800488e-10	-9.669328e+00	-1.382342e+01
5.740000e-06	-1.397842e-06	-2.004608e-10	-1.014738e+01	-1.522566e+01
5.750000e-06	-1.463649e-06	-2.183402e-10	-1.062509e+01	-1.663736e+01
5.760000e-06	-1.529355e-06	-2.381745e-10	-1.110207e+01	-1.805737e+01
5.770000e-06	-1.594984e-06	-2.613386e-10	-1.157849e+01	-1.948455e+01
5.780000e-06	-1.660540e-06	-2.854105e-10	-1.205438e+01	-2.091779e+01
5.790000e-06	-1.725898e-06	-3.072442e-10	-1.252884e+01	-2.235601e+01
5.800000e-06	-1.791022e-06	-3.322291e-10	-1.300159e+01	-2.379816e+01
5.810000e-06	-1.855950e-06	-3.583391e-10	-1.347293e+01	-2.524324e+01
5.820000e-06	-1.920747e-06	-3.819829e-10	-1.394331e+01	-2.669028e+01
5.830000e-06	-1.985528e-06	-4.071355e-10	-1.441358e+01	-2.813837e+01
5.840000e-06	-2.050281e-06	-4.311215e-10	-1.488364e+01	-2.958663e+01
5.850000e-06	-2.114818e-06	-4.555545e-10	-1.535213e+01	-3.103424e+01
5.860000e-06	-2.179183e-06	-4.788580e-10	-1.581938e+01	-3.248040e+01
5.870000e-06	-2.243427e-06	-5.024850e-10	-1.628575e+01	-3.392438e+01
5.880000e-06	-2.307488e-06	-5.261299e-10	-1.675078e+01	-3.536549e+01
5.890000e-06	-2.371483e-06	-5.520957e-10	-1.721535e+01	-3.680305e+01
5.900000e-06	-2.435387e-06	-5.796610e-10	-1.767924e+01	-3.823645e+01
5.910000e-06	-2.499108e-06	-6.081999e-10	-1.814182e+01	-3.966507e+01
5.920000e-06	-2.562672e-06	-6.347387e-10	-1.860324e+01	-4.108836e+01
5.930000e-06	-2.626024e-06	-6.582886e-10	-1.906314e+01	-4.250576e+01
5.940000e-06	-2.689175e-06	-6.811620e-10	-1.952157e+01	-4.391672e+01
5.950000e-06	-2.752099e-06	-7.049571e-10	-1.997835e+01	-4.532073e+01
5.960000e-06	-2.814813e-06	-7.293103e-10	-2.043362e+01	-4.671725e+01
5.970000e-06	-2.877271e-06	-7.547315e-10	-2.088702e+01	-4.810576e+01
5.980000e-06	-2.939389e-06	-7.811801e-10	-2.133795e+01	-4.948573e+01
5.990000e-06	-3.001191e-06	-8.054076e-10	-2.178659e+01	-5.085662e+01
6.000000e-06	-3.062669e-06	-8.301669e-10	-2.223288e+01	-5.221788e+01
6.010000e-06	-3.123910e-06	-8.554167e-10	-2.267745e+01	-5.356891e+01
6.020000e-06	-3.184817e-06	-8.808970e-10	-2.311959e+01	-5.490914e+01
6.030000e-06	-3.245437e-06	-9.050537e-10	-2.355966e+01	-5.623794e+01
6.040000e-06	-3.305900e-06	-9.282046e-10	-2.399857e+01	-5.755465e+01
6.050000e-06	-3.366092e-06	-9.498035e-10	-2.443553e+01	-5.885862e+01
6.060000e-06	-3.426039e-06	-9.711127e-10	-2.487070e+01	-6.014914e+01
6.070000e-06	-3.485794e-06	-9.931135e-10	-2.530448e+01	-6.142548e+01
6.080000e-06	-3.545417e-06	-1.014346e-09	-2.573730e+01	-6.268690e+01
6.090000e-06	-3.604913e-06	-1.034309e-09	-2.616920e+01	-6.393263e+01
6.100000e-06	-3.664135e-06	-1.052228e-09	-2.659911e+01	-6.516189e+01
6.110000e-06	-3.723056e-06	-1.070226e-09	-2.702684e+01	-6.637387e+01
6.120000e-06	-3.781682e-06	-1.089701e-09	-2.745243e+01	-6.756778e+01
6.130000e-06	-3.840080e-06	-1.108796e-09	-2.787636e+01	-6.874279e+01
6.140000e-06	-3.898298e-06	-1.126696e-09	-2.829898e+01	-6.989813e+01
6.150000e-06	-3.956193e-06	-1.143423e-09	-2.871925e+01	-7.103298e+01
6.160000e-06	-4.013774e-06	-1.161124e-09	-2.913725e+01	-7.214659e+01
6.170000e-06	-4.071167e-06	-1.179187e-09	-2.955389e+01	-7.323821e+01
6.180000e-06	-4.128295e-06	-1.196178e-09	-2.996860e+01	-7.430714e+01
6.190000e-06	-4.185061e-06	-1.210496e-09	-3.038068e+01	-7.535271e+01
6.200000e-06	-4.241434e-06	-1.222677e-09	-3.078991e+01	-7.637432e+01
6.210000e-06	-4.297496e-06	-1.234894e-09	-3.119688e+01	-7.737143e+01
6.220000e-06	-4.353418e-06	-1.248494e-09	-3.160284e+01	-7.834356e+01
6.230000e-06	-4.409213e-06	-1.262076e-09	-3.200787e+01	-7.929031e+01
6.240000e-06	-4.464628e-06	-1.276153e-09	-3.241015e+01	-8.021136e+01
6.250000e-06	-4.519596e-06	-1.291669e-09	-3.280918e+01	-8.110650e+01
6.260000e-06	-4.574231e-06	-1.307735e-09	-3.320579e+01	-8.197560e+01
6.270000e-06	-4.628431e-06	-1.322542e-09	-3.359924e+01	-8.281863e+01
6.280000e-06	-4.682129e-06	-1.334923e-09	-3.398905e+01	-8.363567e+01
6.290000e-06	-4.735242e-06	-1.346330e-09	-3.437462e+01	-8.442693e+01
6.300000e-06	-4.787808e-06	-1.356732e-09	-3.475621e+01	-8.519269e+01
6.310000e-06	-4.839987e-06	-1.365984e-09	-3.513499e+01	-8.593337e+01
6.320000e-06	-4.891884e-06	-1.375896e-09	-3.551174e+01	-8.664949e+01
6.330000e-06	-4.943488e-06	-1.388878e-09	-3.588634e+01	-8.734169e+01
6.340000e-06	-4.994665e-06	-1.402788e-09	-3.625785e+01	-8.801069e+01
6.350000e-06	-5.045354e-06	-1.415514e-09	-3.662582e+01	-8.865735e+01
6.360000e-06	-5.095650e-06	-1.427902e-09	-3.699093e+01	-8.928259e+01
6.370000e-06	-5.145571e-06	-1.439452e-09	-3.735333e+01	-8.988743e+01
6.380000e-06	-5.195103e-06	-1.447706e-09	-3.771290e+01	-9.047298e+01
6.390000e-06	-5.244232e-06	-1.452503e-09	-3.806954e+01	-9.104041e+01
6.400000e-06	-5.292747e-06	-1.458045e-09	-3.842172e+01	-9.159094e+01
6.410000e-06	-5.340673e-06	-1.467527e-09	-3.876963e+01	-9.212586e+01
6.420000e-06	-5.388219e-06	-1.475964e-09	-3.911479e+01	-9.264649e+01
6.430000e-06	-5.435347e-06	-1.484488e-09	-3.945690e+01	-9.315417e+01
6.440000e-06	-5.482093e-06	-1.493631e-09	-3.979625e+01	-9.365025e+01
6.450000e-06	-5.528740e-06	-1.503737e-09	-4.013487e+01	-9.413609e+01
6.460000e-06	-5.575069e-06	-1.512968e-09	-4.047119e+01	-9.461302e+01
6.470000e-06	-5.620941e-06	-1.519451e-09	-4.080419e+01	-9.508233e+01
6.480000e-06	-5.666409e-06	-1.525384e-09	-4.113425e+01	-9.554530e+01
6.490000e-06	-5.711377e-06	-1.534645e-09	-4.146069e+01	-9.600312e+01
6.500000e-06	-5.756016e-06	-1.543769e-09	-4.178474e+01	-9.645692e+01
6.510000e-06	-5.800406e-06	-1.548715e-09	-4.210698e+01	-9.690774e+01
6.520000e-06	-5.844501e-06	-1.551950e-09	-4.242708e+01	-9.735655e+01
6.530000e-06	-5.888306e-06	-1.557197e-09	-4.274508e+01	-9.780417e+01
6.540000e-06	-5.931817e-06	-1.567626e-09	-4.306093e+01	-9.825134e+01
6.550000e-06	-5.974927e-06	-1.579043e-09	-4.337388e+01	-9.869867e+01
6.560000e-06	-6.017615e-06	-1.585272e-09	-4.368377e+01	-9.914662e+01
6.570000e-06	-6.059911e-06	-1.588651e-09	-4.399081e+01	-9.959554e+01
6.580000e-06	-6.101826e-06	-1.595071e-09	-4.429509e+01	-1.000456e+02
6.590000e-06	-6.143330e-06	-1.601148e-09	-4.459637e+01	-1.004969e+02
6.600000e-06	-6.184284e-06	-1.602251e-09	-4.489367e+01	-1.009493e+02
6.610000e-06	-6.224806e-06	-1.603477e-09	-4.518784e+01	-1.014025e+02
6.620000e-06	-6.265129e-06	-1.607857e-09	-4.548055e+01	-1.018563e+02
6.630000e-06	-6.305215e-06	-1.613192e-09	-4.577155e+01	-1.023101e+02
6.640000e-06	-6.344936e-06	-1.621271e-09	-4.605989e+01	-1.027632e+02
6.650000e-06	-6.384084e-06	-1.628854e-09	-4.634408e+01	-1.032148e+02
6.660000e-06	-6.422494e-06	-1.636996e-09	-4.662292e+01	-1.036642e+02
6.670000e-06	-6.460237e-06	-1.644054e-09	-4.689690e+01	-1.041103e+02
6.680000e-06	-6.497391e-06	-1.650309e-09	-4.716661e+01	-1.045521e+02
6.690000e-06	-6.534008e-06	-1.653490e-09	-4.743243e+01	-1.049884e+02
6.700000e-06	-6.570265e-06	-1.655029e-09	-4.769563e+01	-1.054181e+02
6.710000e-06	-6.606212e-06	-1.659436e-09	-4.795659e+01	-1.058398e+02
6.720000e-06	-6.641768e-06	-1.665791e-09	-4.821469e+01	-1.062524e+02
6.730000e-06	-6.676861e-06	-1.671746e-09	-4.846944e+01	-1.066545e+02
6.740000e-06	-6.711478e-06	-1.678464e-09	-4.872074e+01	-1.070449e+02
6.750000e-06	-6.745640e-06	-1.683615e-09	-4.896874e+01	-1.074223e+02
6.760000e-06	-6.779273e-06	-1.687631e-09	-4.921289e+01	-1.077855e+02
6.770000e-06	-6.812374e-06	-1.691159e-09	-4.945318e+01	-1.081334e+02
6.780000e-06	-6.845044e-06	-1.694197e-09	-4.969034e+01	-1.084650e+02
6.790000e-06	-6.877365e-06	-1.696586e-09	-4.992497e+01	-1.087792e+02
6.800000e-06	-6.909362e-06	-1.697952e-09	-5.015724e+01	-1.090753e+02
6.810000e-06	-6.940847e-06	-1.699646e-09	-5.038580e+01	-1.093524e+02
6.820000e-06	-6.971660e-06	-1.701690e-09	-5.060948e+01	-1.096101e+02
6.830000e-06	-7.001707e-06	-1.706489e-09	-5.082760e+01	-1.098478e+02
6.840000e-06	-7.030969e-06	-1.708426e-09	-5.104002e+01	-1.100652e+02
6.850000e-06	-7.059671e-06	-1.710264e-09	-5.124839e+01	-1.102624e+02
6.860000e-06	-7.088041e-06	-1.715616e-09	-5.145433e+01	-1.104392e+02
6.870000e-06	-7.116073e-06	-1.720271e-09	-5.165782e+01	-1.105960e+02
6.880000e-06	-7.143652e-06	-1.720776e-09	-5.185803e+01	-1.107332e+02
6.890000e-06	-7.170720e-06	-1.720953e-09	-5.205453e+01	-1.108514e+02
6.900000e-06	-7.197291e-06	-1.720524e-09	-5.224741e+01	-1.109513e+02
6.910000e-06	-7.223295e-06	-1.718626e-09	-5.243618e+01	-1.110339e+02
6.920000e-06	-7.248741e-06	-1.718338e-09	-5.262090e+01	-1.111003e+02
6.930000e-06	-7.273699e-06	-1.721306e-09	-5.280208e+01	-1.111517e+02
6.940000e-06	-7.298217e-06	-1.724098e-09	-5.298007e+01	-1.111897e+02
6.950000e-06	-7.322442e-06	-1.727963e-09	-5.315592e+01	-1.112156e+02
6.960000e-06	-7.346321e-06	-1.734734e-09	-5.332927e+01	-1.112312e+02
6.970000e-06	-7.369688e-06	-1.737628e-09	-5.349890e+01	-1.112382e+02
6.980000e-06	-7.392343e-06	-1.737875e-09	-5.366336e+01	-1.112385e+02
6.990000e-06	-7.414177e-06	-1.739764e-09	-5.382185e+01	-1.112340e+02
7.000000e-06	-7.435287e-06	-1.738943e-09	-5.397510e+01	-1.112265e+02
7.010000e-06	-7.455840e-06	-1.734097e-09	-5.412430e+01	-1.112180e+02
7.020000e-06	-7.476008e-06	-1.732932e-09	-5.427070e+01	-1.112104e+02
7.030000e-06	-7.495779e-06	-1.735002e-09	-5.441423e+01	-1.112057e+02
7.040000e-06	-7.515072e-06	-1.736971e-09	-5.455429e+01	-1.112057e+02
7.050000e-06	-7.533870e-06	-1.739888e-09	-5.469074e+01	-1.112122e+02
7.060000e-06	-7.552141e-06	-1.744792e-09	-5.482338e+01	-1.112267e+02
7.070000e-06	-7.569875e-06	-1.747289e-09	-5.495211e+01	-1.112509e+02
7.080000e-06	-7.587071e-06	-1.747145e-09	-5.507695e+01	-1.112861e+02
7.090000e-06	-7.603815e-06	-1.746685e-09	-5.519849e+01	-1.113335e+02
7.100000e-06	-7.620180e-06	-1.744459e-09	-5.531729e+01	-1.113942e+02
7.110000e-06	-7.636171e-06	-1.742601e-09	-5.543338e+01	-1.114689e+02
7.120000e-06	-7.651558e-06	-1.741726e-09	-5.554508e+01	-1.115583e+02
7.130000e-06	-7.665952e-06	-1.740158e-09	-5.564957e+01	-1.116627e+02
7.140000e-06	-7.679431e-06	-1.740401e-09	-5.574742e+01	-1.117821e+02
7.150000e-06	-7.692276e-06	-1.743688e-09	-5.584066e+01	-1.119165e+02
7.160000e-06	-7.704601e-06	-1.747021e-09	-5.593014e+01	-1.120654e+02
7.170000e-06	-7.716321e-06	-1.747230e-09	-5.601521e+01	-1.122281e+02
7.180000e-06	-7.727357e-06	-1.745298e-09	-5.609533e+01	-1.124036e+02
7.190000e-06	-7.737910e-06	-1.740923e-09	-5.617193e+01	-1.125906e+02
7.200000e-06	-7.748079e-06	-1.738937e-09	-5.624576e+01	-1.127878e+02
7.210000e-06	-7.757788e-06	-1.737022e-09	-5.631624e+01	-1.129932e+02
7.220000e-06	-7.766986e-06	-1.736116e-09	-5.638301e+01	-1.132050e+02
7.230000e-06	-7.775663e-06	-1.736804e-09	-5.644600e+01	-1.134208e+02
7.240000e-06	-7.783906e-06	-1.737464e-09	-5.650583e+01	-1.136383e+02
7.250000e-06	-7.791841e-06	-1.737912e-09	-5.656344e+01	-1.138546e+02
7.260000e-06	-7.799218e-06	-1.734837e-09	-5.661699e+01	-1.140671e+02
7.270000e-06	-7.805669e-06	-1.732924e-09	-5.666382e+01	-1.142726e+02
7.280000e-06	-7.811206e-06	-1.731298e-09	-5.670401e+01	-1.144682e+02
7.290000e-06	-7.816015e-06	-1.729696e-09	-5.673892e+01	-1.146505e+02
7.300000e-06	-7.820363e-06	-1.726815e-09	-5.677049e+01	-1.148164e+02
7.310000e-06	-7.824393e-06	-1.722534e-09	-5.679975e+01	-1.149623e+02
7.320000e-06	-7.828044e-06	-1.720265e-09	-5.682624e+01	-1.150851e+02
7.330000e-06	-7.831161e-06	-1.720852e-09	-5.684887e+01	-1.151814e+02
7.340000e-06	-7.833692e-06	-1.720408e-09	-5.686724e+01	-1.152479e+02
7.350000e-06	-7.835770e-06	-1.719236e-09	-5.688233e+01	-1.152815e+02
7.360000e-06	-7.837171e-06	-1.718395e-09	-5.689250e+01	-1.152790e+02
7.370000e-06	-7.838026e-06	-1.717298e-09	-5.689871e+01	-1.152377e+02
7.380000e-06	-7.838596e-06	-1.712933e-09	-5.690285e+01	-1.151547e+02
