# Temperatura_=_20.0
# Concentracion g/m^3_=_9000.0
# C_Vs_to_Am_M_A/Vsm_=_65563218390.804596
# pendiente_HvsI_1/m_=_3716.3
# ordenada_HvsI_A/m_=_1297.0
# frecuencia_Hz_=_212911.8938022183

Tiempo_(s)	Campo_(V.s)	Magnetizacion_(V.s)	Campo_(kA/m)	Magnetizacion_(A/m)
0.000000e+00	-6.711639e-06	-4.605547e-09	-4.768091e+01	-3.021701e+02
1.000000e-08	-6.710247e-06	-4.608007e-09	-4.767103e+01	-3.021315e+02
2.000000e-08	-6.707391e-06	-4.609817e-09	-4.765073e+01	-3.020801e+02
3.000000e-08	-6.703501e-06	-4.611072e-09	-4.762310e+01	-3.020155e+02
4.000000e-08	-6.698637e-06	-4.611241e-09	-4.758854e+01	-3.019371e+02
5.000000e-08	-6.692606e-06	-4.609692e-09	-4.754570e+01	-3.018447e+02
6.000000e-08	-6.685505e-06	-4.604677e-09	-4.749525e+01	-3.017381e+02
7.000000e-08	-6.677580e-06	-4.590290e-09	-4.743895e+01	-3.016178e+02
8.000000e-08	-6.668505e-06	-4.576431e-09	-4.737448e+01	-3.014843e+02
9.000000e-08	-6.657709e-06	-4.645307e-09	-4.729779e+01	-3.013387e+02
1.000000e-07	-6.645213e-06	-4.689251e-09	-4.720901e+01	-3.011825e+02
1.100000e-07	-6.631241e-06	-4.659510e-09	-4.710975e+01	-3.010171e+02
1.200000e-07	-6.615757e-06	-4.575205e-09	-4.699975e+01	-3.008443e+02
1.300000e-07	-6.598982e-06	-4.419676e-09	-4.688057e+01	-3.006657e+02
1.400000e-07	-6.581359e-06	-4.589285e-09	-4.675538e+01	-3.004826e+02
1.500000e-07	-6.562882e-06	-4.758069e-09	-4.662411e+01	-3.002958e+02
1.600000e-07	-6.543594e-06	-4.519247e-09	-4.648708e+01	-3.001056e+02
1.700000e-07	-6.523460e-06	-4.528104e-09	-4.634405e+01	-2.999115e+02
1.800000e-07	-6.502014e-06	-4.544805e-09	-4.619170e+01	-2.997123e+02
1.900000e-07	-6.479518e-06	-4.461234e-09	-4.603187e+01	-2.995057e+02
2.000000e-07	-6.456319e-06	-4.709956e-09	-4.586707e+01	-2.992889e+02
2.100000e-07	-6.431824e-06	-4.617561e-09	-4.569305e+01	-2.990583e+02
2.200000e-07	-6.405767e-06	-4.334672e-09	-4.550794e+01	-2.988097e+02
2.300000e-07	-6.378596e-06	-4.552049e-09	-4.531491e+01	-2.985388e+02
2.400000e-07	-6.350516e-06	-4.702216e-09	-4.511542e+01	-2.982411e+02
2.500000e-07	-6.321374e-06	-4.574670e-09	-4.490839e+01	-2.979123e+02
2.600000e-07	-6.291083e-06	-4.496266e-09	-4.469319e+01	-2.975488e+02
2.700000e-07	-6.259792e-06	-4.430203e-09	-4.447090e+01	-2.971476e+02
2.800000e-07	-6.227584e-06	-4.558614e-09	-4.424208e+01	-2.967066e+02
2.900000e-07	-6.194063e-06	-4.628264e-09	-4.400394e+01	-2.962249e+02
3.000000e-07	-6.159094e-06	-4.454609e-09	-4.375552e+01	-2.957028e+02
3.100000e-07	-6.122996e-06	-4.438749e-09	-4.349907e+01	-2.951417e+02
3.200000e-07	-6.085818e-06	-4.487835e-09	-4.323495e+01	-2.945439e+02
3.300000e-07	-6.047506e-06	-4.487779e-09	-4.296277e+01	-2.939129e+02
3.400000e-07	-6.008252e-06	-4.507110e-09	-4.268390e+01	-2.932527e+02
3.500000e-07	-5.968036e-06	-4.457691e-09	-4.239820e+01	-2.925677e+02
3.600000e-07	-5.926518e-06	-4.355665e-09	-4.210325e+01	-2.918623e+02
3.700000e-07	-5.883722e-06	-4.409339e-09	-4.179921e+01	-2.911407e+02
3.800000e-07	-5.839926e-06	-4.536649e-09	-4.148808e+01	-2.904064e+02
3.900000e-07	-5.795032e-06	-4.406730e-09	-4.116914e+01	-2.896622e+02
4.000000e-07	-5.748985e-06	-4.291738e-09	-4.084201e+01	-2.889097e+02
4.100000e-07	-5.702056e-06	-4.408592e-09	-4.050862e+01	-2.881493e+02
4.200000e-07	-5.654252e-06	-4.450132e-09	-4.016901e+01	-2.873802e+02
4.300000e-07	-5.605147e-06	-4.364846e-09	-3.982016e+01	-2.866003e+02
4.400000e-07	-5.554558e-06	-4.314709e-09	-3.946077e+01	-2.858065e+02
4.500000e-07	-5.502818e-06	-4.333612e-09	-3.909319e+01	-2.849948e+02
4.600000e-07	-5.450102e-06	-4.352800e-09	-3.871868e+01	-2.841608e+02
4.700000e-07	-5.396410e-06	-4.328848e-09	-3.833725e+01	-2.832995e+02
4.800000e-07	-5.341856e-06	-4.290535e-09	-3.794969e+01	-2.824062e+02
4.900000e-07	-5.286484e-06	-4.254405e-09	-3.755631e+01	-2.814767e+02
5.000000e-07	-5.230250e-06	-4.260982e-09	-3.715681e+01	-2.805074e+02
5.100000e-07	-5.173043e-06	-4.273902e-09	-3.675040e+01	-2.794956e+02
5.200000e-07	-5.114680e-06	-4.241736e-09	-3.633578e+01	-2.784397e+02
5.300000e-07	-5.055277e-06	-4.199580e-09	-3.591377e+01	-2.773396e+02
5.400000e-07	-4.995104e-06	-4.179660e-09	-3.548628e+01	-2.761961e+02
5.500000e-07	-4.934187e-06	-4.199743e-09	-3.505351e+01	-2.750111e+02
5.600000e-07	-4.872563e-06	-4.197082e-09	-3.461573e+01	-2.737875e+02
5.700000e-07	-4.810133e-06	-4.137157e-09	-3.417221e+01	-2.725287e+02
5.800000e-07	-4.746838e-06	-4.099402e-09	-3.372255e+01	-2.712385e+02
5.900000e-07	-4.682798e-06	-4.121220e-09	-3.326759e+01	-2.699205e+02
6.000000e-07	-4.617882e-06	-4.118115e-09	-3.280642e+01	-2.685780e+02
6.100000e-07	-4.551843e-06	-4.060981e-09	-3.233726e+01	-2.672136e+02
6.200000e-07	-4.484812e-06	-4.028880e-09	-3.186106e+01	-2.658290e+02
6.300000e-07	-4.417140e-06	-4.027200e-09	-3.138030e+01	-2.644246e+02
6.400000e-07	-4.348873e-06	-4.011570e-09	-3.089532e+01	-2.629999e+02
6.500000e-07	-4.279845e-06	-3.981351e-09	-3.040493e+01	-2.615528e+02
6.600000e-07	-4.209997e-06	-3.955890e-09	-2.990872e+01	-2.600803e+02
6.700000e-07	-4.139463e-06	-3.933226e-09	-2.940763e+01	-2.585784e+02
6.800000e-07	-4.068276e-06	-3.915184e-09	-2.890190e+01	-2.570425e+02
6.900000e-07	-3.996356e-06	-3.901045e-09	-2.839096e+01	-2.554676e+02
7.000000e-07	-3.923507e-06	-3.868631e-09	-2.787343e+01	-2.538484e+02
7.100000e-07	-3.849649e-06	-3.830941e-09	-2.734873e+01	-2.521804e+02
7.200000e-07	-3.774939e-06	-3.810638e-09	-2.681797e+01	-2.504591e+02
7.300000e-07	-3.699452e-06	-3.795785e-09	-2.628170e+01	-2.486813e+02
7.400000e-07	-3.623264e-06	-3.760362e-09	-2.574044e+01	-2.468444e+02
7.500000e-07	-3.546345e-06	-3.718292e-09	-2.519399e+01	-2.449470e+02
7.600000e-07	-3.468642e-06	-3.695432e-09	-2.464197e+01	-2.429887e+02
7.700000e-07	-3.390293e-06	-3.674570e-09	-2.408537e+01	-2.409700e+02
7.800000e-07	-3.311336e-06	-3.638173e-09	-2.352443e+01	-2.388921e+02
7.900000e-07	-3.231616e-06	-3.593714e-09	-2.295809e+01	-2.367564e+02
8.000000e-07	-3.151165e-06	-3.563610e-09	-2.238654e+01	-2.345647e+02
8.100000e-07	-3.070254e-06	-3.543050e-09	-2.181174e+01	-2.323183e+02
8.200000e-07	-2.988956e-06	-3.504910e-09	-2.123418e+01	-2.300180e+02
8.300000e-07	-2.907130e-06	-3.458536e-09	-2.065287e+01	-2.276638e+02
8.400000e-07	-2.824834e-06	-3.422035e-09	-2.006822e+01	-2.252544e+02
8.500000e-07	-2.742200e-06	-3.392920e-09	-1.948117e+01	-2.227876e+02
8.600000e-07	-2.659272e-06	-3.359802e-09	-1.889203e+01	-2.202595e+02
8.700000e-07	-2.575996e-06	-3.315124e-09	-1.830043e+01	-2.176656e+02
8.800000e-07	-2.492248e-06	-3.266138e-09	-1.770546e+01	-2.149999e+02
8.900000e-07	-2.408065e-06	-3.222940e-09	-1.710741e+01	-2.122559e+02
9.000000e-07	-2.323608e-06	-3.185599e-09	-1.650740e+01	-2.094264e+02
9.100000e-07	-2.238911e-06	-3.141751e-09	-1.590570e+01	-2.065044e+02
9.200000e-07	-2.153926e-06	-3.082736e-09	-1.530195e+01	-2.034827e+02
9.300000e-07	-2.068566e-06	-3.028688e-09	-1.469554e+01	-2.003548e+02
9.400000e-07	-1.982786e-06	-2.986531e-09	-1.408614e+01	-1.971149e+02
9.500000e-07	-1.896691e-06	-2.939310e-09	-1.347449e+01	-1.937576e+02
9.600000e-07	-1.810324e-06	-2.878022e-09	-1.286093e+01	-1.902785e+02
9.700000e-07	-1.723687e-06	-2.813639e-09	-1.224544e+01	-1.866735e+02
9.800000e-07	-1.636830e-06	-2.760673e-09	-1.162839e+01	-1.829388e+02
9.900000e-07	-1.549652e-06	-2.708893e-09	-1.100906e+01	-1.790701e+02
1.000000e-06	-1.462160e-06	-2.646592e-09	-1.038750e+01	-1.750626e+02
1.010000e-06	-1.374427e-06	-2.576833e-09	-9.764226e+00	-1.709097e+02
1.020000e-06	-1.286393e-06	-2.510540e-09	-9.138812e+00	-1.666027e+02
1.030000e-06	-1.198035e-06	-2.448838e-09	-8.511095e+00	-1.621304e+02
1.040000e-06	-1.109404e-06	-2.379956e-09	-7.881439e+00	-1.574782e+02
1.050000e-06	-1.020517e-06	-2.300137e-09	-7.249972e+00	-1.526281e+02
1.060000e-06	-9.313558e-07	-2.216106e-09	-6.616550e+00	-1.475583e+02
1.070000e-06	-8.420205e-07	-2.134700e-09	-5.981893e+00	-1.422435e+02
1.080000e-06	-7.525343e-07	-2.053855e-09	-5.346164e+00	-1.366552e+02
1.090000e-06	-6.629261e-07	-1.965012e-09	-4.709568e+00	-1.307624e+02
1.100000e-06	-5.732874e-07	-1.866860e-09	-4.072756e+00	-1.245327e+02
1.110000e-06	-4.835906e-07	-1.766020e-09	-3.435531e+00	-1.179333e+02
1.120000e-06	-3.937690e-07	-1.664001e-09	-2.797419e+00	-1.109324e+02
1.130000e-06	-3.037991e-07	-1.553039e-09	-2.158254e+00	-1.035013e+02
1.140000e-06	-2.137448e-07	-1.428431e-09	-1.518488e+00	-9.561530e+01
1.150000e-06	-1.237246e-07	-1.298464e-09	-8.789663e-01	-8.725613e+01
1.160000e-06	-3.370451e-08	-1.167936e-09	-2.394440e-01	-7.841301e+01
1.170000e-06	5.637228e-08	-1.029038e-09	4.004807e-01	-6.908424e+01
1.180000e-06	1.464396e-07	-8.794821e-10	1.040338e+00	-5.927825e+01
1.190000e-06	2.364496e-07	-7.217886e-10	1.679789e+00	-4.901440e+01
1.200000e-06	3.264176e-07	-5.600829e-10	2.318940e+00	-3.832330e+01
1.210000e-06	4.163472e-07	-3.936557e-10	2.957819e+00	-2.724674e+01
1.220000e-06	5.060858e-07	-2.203808e-10	3.595341e+00	-1.583711e+01
1.230000e-06	5.956355e-07	-4.193725e-11	4.231522e+00	-4.156386e+00
1.240000e-06	6.851118e-07	1.421192e-10	4.867180e+00	7.725289e+00
1.250000e-06	7.744488e-07	3.257571e-10	5.501849e+00	1.973142e+01
1.260000e-06	8.636425e-07	5.085856e-10	6.135500e+00	3.178128e+01
1.270000e-06	9.526452e-07	6.915070e-10	6.767795e+00	4.379215e+01
1.280000e-06	1.041435e-06	8.746077e-10	7.398577e+00	5.568178e+01
1.290000e-06	1.129958e-06	1.050695e-09	8.027461e+00	6.737072e+01
1.300000e-06	1.218185e-06	1.221218e-09	8.654245e+00	7.878460e+01
1.310000e-06	1.306210e-06	1.390896e-09	9.279598e+00	8.985618e+01
1.320000e-06	1.393950e-06	1.553662e-09	9.902920e+00	1.005270e+02
1.330000e-06	1.481397e-06	1.706519e-09	1.052416e+01	1.107489e+02
1.340000e-06	1.568615e-06	1.851235e-09	1.114377e+01	1.204846e+02
1.350000e-06	1.655610e-06	1.991673e-09	1.176180e+01	1.297086e+02
1.360000e-06	1.742395e-06	2.122880e-09	1.237834e+01	1.384066e+02
1.370000e-06	1.828927e-06	2.242820e-09	1.299308e+01	1.465756e+02
1.380000e-06	1.915212e-06	2.353207e-09	1.360608e+01	1.542224e+02
1.390000e-06	2.001241e-06	2.456502e-09	1.421724e+01	1.613631e+02
1.400000e-06	2.086886e-06	2.553705e-09	1.482568e+01	1.680211e+02
1.410000e-06	2.172147e-06	2.645655e-09	1.543140e+01	1.742256e+02
1.420000e-06	2.257068e-06	2.731846e-09	1.603469e+01	1.800097e+02
1.430000e-06	2.341673e-06	2.813392e-09	1.663574e+01	1.854092e+02
1.440000e-06	2.425997e-06	2.891427e-09	1.723480e+01	1.904604e+02
1.450000e-06	2.510023e-06	2.966516e-09	1.783174e+01	1.951990e+02
1.460000e-06	2.593710e-06	3.036370e-09	1.842627e+01	1.996586e+02
1.470000e-06	2.676929e-06	3.099697e-09	1.901747e+01	2.038700e+02
1.480000e-06	2.759680e-06	3.160017e-09	1.960535e+01	2.078604e+02
1.490000e-06	2.842000e-06	3.218912e-09	2.019018e+01	2.116532e+02
1.500000e-06	2.923794e-06	3.271890e-09	2.077126e+01	2.152675e+02
1.510000e-06	3.005022e-06	3.320258e-09	2.134832e+01	2.187188e+02
1.520000e-06	3.085666e-06	3.368166e-09	2.192123e+01	2.220190e+02
1.530000e-06	3.165771e-06	3.417611e-09	2.249031e+01	2.251772e+02
1.540000e-06	3.245332e-06	3.464113e-09	2.305553e+01	2.282001e+02
1.550000e-06	3.324279e-06	3.507269e-09	2.361639e+01	2.310929e+02
1.560000e-06	3.402515e-06	3.549299e-09	2.417219e+01	2.338597e+02
1.570000e-06	3.480022e-06	3.586788e-09	2.472282e+01	2.365045e+02
1.580000e-06	3.556951e-06	3.622160e-09	2.526933e+01	2.390313e+02
1.590000e-06	3.633286e-06	3.655404e-09	2.581164e+01	2.414445e+02
1.600000e-06	3.708921e-06	3.687952e-09	2.634897e+01	2.437495e+02
1.610000e-06	3.783743e-06	3.718778e-09	2.688052e+01	2.459525e+02
1.620000e-06	3.857719e-06	3.748225e-09	2.740606e+01	2.480604e+02
1.630000e-06	3.930851e-06	3.779356e-09	2.792560e+01	2.500806e+02
1.640000e-06	4.003085e-06	3.809732e-09	2.843877e+01	2.520211e+02
1.650000e-06	4.074506e-06	3.839468e-09	2.894616e+01	2.538898e+02
1.660000e-06	4.145274e-06	3.865424e-09	2.944891e+01	2.556942e+02
1.670000e-06	4.215394e-06	3.889804e-09	2.994705e+01	2.574413e+02
1.680000e-06	4.284786e-06	3.917007e-09	3.044003e+01	2.591372e+02
1.690000e-06	4.353473e-06	3.943767e-09	3.092800e+01	2.607867e+02
1.700000e-06	4.421488e-06	3.968044e-09	3.141119e+01	2.623936e+02
1.710000e-06	4.488758e-06	3.988060e-09	3.188910e+01	2.639601e+02
1.720000e-06	4.555224e-06	4.009418e-09	3.236128e+01	2.654876e+02
1.730000e-06	4.620874e-06	4.034006e-09	3.282767e+01	2.669761e+02
1.740000e-06	4.685632e-06	4.056977e-09	3.328773e+01	2.684249e+02
1.750000e-06	4.749487e-06	4.077390e-09	3.374137e+01	2.698328e+02
1.760000e-06	4.812596e-06	4.096645e-09	3.418970e+01	2.711981e+02
1.770000e-06	4.875007e-06	4.117930e-09	3.463309e+01	2.725194e+02
1.780000e-06	4.936618e-06	4.139280e-09	3.507079e+01	2.737955e+02
1.790000e-06	4.997400e-06	4.156148e-09	3.550259e+01	2.750257e+02
1.800000e-06	5.057401e-06	4.170642e-09	3.592886e+01	2.762101e+02
1.810000e-06	5.116642e-06	4.186436e-09	3.634972e+01	2.773494e+02
1.820000e-06	5.175008e-06	4.203745e-09	3.676436e+01	2.784454e+02
1.830000e-06	5.232296e-06	4.219735e-09	3.717135e+01	2.795002e+02
1.840000e-06	5.288423e-06	4.235743e-09	3.757008e+01	2.805169e+02
1.850000e-06	5.343593e-06	4.253204e-09	3.796202e+01	2.814989e+02
1.860000e-06	5.397949e-06	4.270796e-09	3.834818e+01	2.824495e+02
1.870000e-06	5.451431e-06	4.286614e-09	3.872813e+01	2.833723e+02
1.880000e-06	5.503918e-06	4.299207e-09	3.910101e+01	2.842706e+02
1.890000e-06	5.555190e-06	4.312128e-09	3.946526e+01	2.851470e+02
1.900000e-06	5.605112e-06	4.324656e-09	3.981991e+01	2.860035e+02
1.910000e-06	5.653730e-06	4.335938e-09	4.016531e+01	2.868416e+02
1.920000e-06	5.701251e-06	4.347188e-09	4.050290e+01	2.876618e+02
1.930000e-06	5.747791e-06	4.359260e-09	4.083354e+01	2.884638e+02
1.940000e-06	5.793354e-06	4.373148e-09	4.115722e+01	2.892469e+02
1.950000e-06	5.837984e-06	4.386324e-09	4.147429e+01	2.900095e+02
1.960000e-06	5.881665e-06	4.398154e-09	4.178460e+01	2.907499e+02
1.970000e-06	5.924312e-06	4.408965e-09	4.208757e+01	2.914664e+02
1.980000e-06	5.965795e-06	4.421088e-09	4.238228e+01	2.921569e+02
1.990000e-06	6.006031e-06	4.433477e-09	4.266812e+01	2.928199e+02
2.000000e-06	6.045226e-06	4.442904e-09	4.294658e+01	2.934543e+02
2.010000e-06	6.083531e-06	4.450912e-09	4.321870e+01	2.940594e+02
2.020000e-06	6.120829e-06	4.460320e-09	4.348367e+01	2.946353e+02
2.030000e-06	6.157107e-06	4.470295e-09	4.374140e+01	2.951825e+02
2.040000e-06	6.192451e-06	4.478230e-09	4.399249e+01	2.957023e+02
2.050000e-06	6.226757e-06	4.486419e-09	4.423621e+01	2.961963e+02
2.060000e-06	6.259757e-06	4.495507e-09	4.447065e+01	2.966666e+02
2.070000e-06	6.291525e-06	4.504194e-09	4.469634e+01	2.971154e+02
2.080000e-06	6.322255e-06	4.512458e-09	4.491465e+01	2.975450e+02
2.090000e-06	6.351972e-06	4.520618e-09	4.512576e+01	2.979575e+02
2.100000e-06	6.380675e-06	4.528162e-09	4.532967e+01	2.983547e+02
2.110000e-06	6.408378e-06	4.535253e-09	4.552648e+01	2.987378e+02
2.120000e-06	6.435003e-06	4.542408e-09	4.571563e+01	2.991078e+02
2.130000e-06	6.460304e-06	4.548248e-09	4.589538e+01	2.994649e+02
2.140000e-06	6.484302e-06	4.553660e-09	4.606586e+01	2.998086e+02
2.150000e-06	6.507164e-06	4.559506e-09	4.622828e+01	3.001383e+02
2.160000e-06	6.528990e-06	4.565364e-09	4.638333e+01	3.004526e+02
2.170000e-06	6.549800e-06	4.570495e-09	4.653118e+01	3.007502e+02
2.180000e-06	6.569614e-06	4.575503e-09	4.667194e+01	3.010293e+02
2.190000e-06	6.588454e-06	4.580937e-09	4.680578e+01	3.012884e+02
2.200000e-06	6.606104e-06	4.586130e-09	4.693117e+01	3.015262e+02
2.210000e-06	6.622471e-06	4.590594e-09	4.704745e+01	3.017416e+02
2.220000e-06	6.637584e-06	4.594139e-09	4.715481e+01	3.019339e+02
2.230000e-06	6.651479e-06	4.596955e-09	4.725352e+01	3.021030e+02
2.240000e-06	6.664200e-06	4.600332e-09	4.734390e+01	3.022492e+02
2.250000e-06	6.675697e-06	4.604591e-09	4.742557e+01	3.023732e+02
2.260000e-06	6.685752e-06	4.608661e-09	4.749701e+01	3.024762e+02
2.270000e-06	6.694295e-06	4.612436e-09	4.755770e+01	3.025595e+02
2.280000e-06	6.701658e-06	4.616074e-09	4.761001e+01	3.026248e+02
2.290000e-06	6.707930e-06	4.619209e-09	4.765456e+01	3.026735e+02
2.300000e-06	6.712967e-06	4.621461e-09	4.769035e+01	3.027073e+02
2.310000e-06	6.716932e-06	4.623392e-09	4.771852e+01	3.027273e+02
2.320000e-06	6.719902e-06	4.624444e-09	4.773962e+01	3.027346e+02
2.330000e-06	6.721416e-06	4.626546e-09	4.775037e+01	3.027296e+02
2.340000e-06	6.721469e-06	4.630112e-09	4.775075e+01	3.027128e+02
2.350000e-06	6.720457e-06	4.629333e-09	4.774356e+01	3.026839e+02
2.360000e-06	6.718472e-06	4.622322e-09	4.772945e+01	3.026427e+02
2.370000e-06	6.715479e-06	4.619808e-09	4.770820e+01	3.025887e+02
2.380000e-06	6.711486e-06	4.619439e-09	4.767983e+01	3.025213e+02
2.390000e-06	6.706509e-06	4.618801e-09	4.764447e+01	3.024401e+02
2.400000e-06	6.700185e-06	4.617625e-09	4.759954e+01	3.023448e+02
2.410000e-06	6.692527e-06	4.625001e-09	4.754514e+01	3.022354e+02
2.420000e-06	6.683945e-06	4.653404e-09	4.748417e+01	3.021123e+02
2.430000e-06	6.674417e-06	4.586291e-09	4.741648e+01	3.019762e+02
2.440000e-06	6.663582e-06	4.503282e-09	4.733950e+01	3.018283e+02
2.450000e-06	6.650795e-06	4.520499e-09	4.724867e+01	3.016701e+02
2.460000e-06	6.635925e-06	4.594832e-09	4.714303e+01	3.015031e+02
2.470000e-06	6.619915e-06	4.792925e-09	4.702929e+01	3.013290e+02
2.480000e-06	6.603531e-06	4.634898e-09	4.691289e+01	3.011493e+02
2.490000e-06	6.586403e-06	4.401777e-09	4.679121e+01	3.009654e+02
2.500000e-06	6.567761e-06	4.679529e-09	4.665877e+01	3.007779e+02
2.510000e-06	6.548117e-06	4.606278e-09	4.651922e+01	3.005869e+02
2.520000e-06	6.527971e-06	4.576676e-09	4.637609e+01	3.003919e+02
2.530000e-06	6.506313e-06	4.793901e-09	4.622223e+01	3.001913e+02
2.540000e-06	6.482901e-06	4.478620e-09	4.605591e+01	2.999829e+02
2.550000e-06	6.458642e-06	4.489872e-09	4.588357e+01	2.997636e+02
2.560000e-06	6.433545e-06	4.844841e-09	4.570527e+01	2.995296e+02
2.570000e-06	6.407323e-06	4.572913e-09	4.551899e+01	2.992769e+02
2.580000e-06	6.380023e-06	4.419347e-09	4.532504e+01	2.990009e+02
2.590000e-06	6.351754e-06	4.647260e-09	4.512421e+01	2.986973e+02
2.600000e-06	6.322635e-06	4.585400e-09	4.491735e+01	2.983618e+02
2.610000e-06	6.292025e-06	4.639979e-09	4.469989e+01	2.979909e+02
2.620000e-06	6.259915e-06	4.520800e-09	4.447177e+01	2.975818e+02
2.630000e-06	6.226887e-06	4.411243e-09	4.423713e+01	2.971327e+02
2.640000e-06	6.192729e-06	4.639288e-09	4.399447e+01	2.966428e+02
2.650000e-06	6.157343e-06	4.508442e-09	4.374308e+01	2.961127e+02
2.660000e-06	6.121107e-06	4.517279e-09	4.348565e+01	2.955439e+02
2.670000e-06	6.083824e-06	4.551051e-09	4.322078e+01	2.949392e+02
2.680000e-06	6.044987e-06	4.375912e-09	4.294488e+01	2.943020e+02
2.690000e-06	6.004921e-06	4.515185e-09	4.266024e+01	2.936364e+02
2.700000e-06	5.964050e-06	4.564407e-09	4.236988e+01	2.929469e+02
2.710000e-06	5.922080e-06	4.469181e-09	4.207172e+01	2.922379e+02
2.720000e-06	5.878874e-06	4.354064e-09	4.176477e+01	2.915135e+02
2.730000e-06	5.834886e-06	4.411935e-09	4.145227e+01	2.907770e+02
2.740000e-06	5.790097e-06	4.585582e-09	4.113408e+01	2.900310e+02
2.750000e-06	5.744187e-06	4.394078e-09	4.080793e+01	2.892768e+02
2.760000e-06	5.697139e-06	4.337803e-09	4.047369e+01	2.885147e+02
2.770000e-06	5.649089e-06	4.414683e-09	4.013233e+01	2.877436e+02
2.780000e-06	5.600029e-06	4.410002e-09	3.978380e+01	2.869612e+02
2.790000e-06	5.549823e-06	4.409801e-09	3.942712e+01	2.861641e+02
2.800000e-06	5.498670e-06	4.308004e-09	3.906373e+01	2.853483e+02
2.810000e-06	5.446664e-06	4.348538e-09	3.869426e+01	2.845091e+02
2.820000e-06	5.393528e-06	4.336246e-09	3.831677e+01	2.836417e+02
2.830000e-06	5.339016e-06	4.307287e-09	3.792951e+01	2.827415e+02
2.840000e-06	5.283392e-06	4.340826e-09	3.753434e+01	2.818043e+02
2.850000e-06	5.226943e-06	4.277477e-09	3.713332e+01	2.808266e+02
2.860000e-06	5.169575e-06	4.268480e-09	3.672576e+01	2.798060e+02
2.870000e-06	5.111380e-06	4.255366e-09	3.631233e+01	2.787412e+02
2.880000e-06	5.052439e-06	4.278194e-09	3.589360e+01	2.776323e+02
2.890000e-06	4.992731e-06	4.230664e-09	3.546942e+01	2.764802e+02
2.900000e-06	4.932272e-06	4.164840e-09	3.503991e+01	2.752872e+02
2.910000e-06	4.870918e-06	4.207104e-09	3.460404e+01	2.740562e+02
2.920000e-06	4.808520e-06	4.188333e-09	3.416075e+01	2.727908e+02
2.930000e-06	4.745036e-06	4.141359e-09	3.370975e+01	2.714947e+02
2.940000e-06	4.680652e-06	4.110571e-09	3.325235e+01	2.701715e+02
2.950000e-06	4.615528e-06	4.126895e-09	3.278969e+01	2.688244e+02
2.960000e-06	4.549555e-06	4.101282e-09	3.232101e+01	2.674558e+02
2.970000e-06	4.482767e-06	4.056209e-09	3.184653e+01	2.660672e+02
2.980000e-06	4.415280e-06	4.054475e-09	3.136709e+01	2.646588e+02
2.990000e-06	4.347110e-06	4.032783e-09	3.088279e+01	2.632297e+02
3.000000e-06	4.278150e-06	4.007765e-09	3.039289e+01	2.617778e+02
3.010000e-06	4.208328e-06	3.975817e-09	2.989686e+01	2.602997e+02
3.020000e-06	4.137535e-06	3.956097e-09	2.939393e+01	2.587914e+02
3.030000e-06	4.065739e-06	3.926722e-09	2.888388e+01	2.572480e+02
3.040000e-06	3.993169e-06	3.905002e-09	2.836832e+01	2.556646e+02
3.050000e-06	3.919968e-06	3.892231e-09	2.784829e+01	2.540360e+02
3.060000e-06	3.846130e-06	3.860892e-09	2.732372e+01	2.523576e+02
3.070000e-06	3.771575e-06	3.824242e-09	2.679407e+01	2.506252e+02
3.080000e-06	3.696432e-06	3.801649e-09	2.626024e+01	2.488356e+02
3.090000e-06	3.620681e-06	3.790952e-09	2.572209e+01	2.469867e+02
3.100000e-06	3.544179e-06	3.752474e-09	2.517860e+01	2.450770e+02
3.110000e-06	3.466890e-06	3.710848e-09	2.462953e+01	2.431066e+02
3.120000e-06	3.388784e-06	3.686511e-09	2.407464e+01	2.410759e+02
3.130000e-06	3.309919e-06	3.671709e-09	2.351437e+01	2.389862e+02
3.140000e-06	3.230338e-06	3.636003e-09	2.294901e+01	2.368392e+02
3.150000e-06	3.150159e-06	3.589019e-09	2.237940e+01	2.346364e+02
3.160000e-06	3.069533e-06	3.563803e-09	2.180662e+01	2.323791e+02
3.170000e-06	2.988447e-06	3.538523e-09	2.123056e+01	2.300680e+02
3.180000e-06	2.906847e-06	3.501681e-09	2.065086e+01	2.277028e+02
3.190000e-06	2.824865e-06	3.456919e-09	2.006844e+01	2.252822e+02
3.200000e-06	2.742443e-06	3.413006e-09	1.948290e+01	2.228033e+02
3.210000e-06	2.659532e-06	3.372021e-09	1.889389e+01	2.202625e+02
3.220000e-06	2.576284e-06	3.334350e-09	1.830247e+01	2.176547e+02
3.230000e-06	2.492734e-06	3.295255e-09	1.770891e+01	2.149738e+02
3.240000e-06	2.408841e-06	3.247732e-09	1.711292e+01	2.122132e+02
3.250000e-06	2.324548e-06	3.201027e-09	1.651408e+01	2.093658e+02
3.260000e-06	2.239892e-06	3.165223e-09	1.591267e+01	2.064243e+02
3.270000e-06	2.154872e-06	3.125567e-09	1.530867e+01	2.033818e+02
3.280000e-06	2.069433e-06	3.070853e-09	1.470169e+01	2.002320e+02
3.290000e-06	1.983546e-06	3.014571e-09	1.409153e+01	1.969689e+02
3.300000e-06	1.897246e-06	2.970122e-09	1.347844e+01	1.935875e+02
3.310000e-06	1.810621e-06	2.928347e-09	1.286304e+01	1.900835e+02
3.320000e-06	1.723652e-06	2.872011e-09	1.224519e+01	1.864528e+02
3.330000e-06	1.636232e-06	2.810985e-09	1.162414e+01	1.826916e+02
3.340000e-06	1.548375e-06	2.752321e-09	1.099999e+01	1.787956e+02
3.350000e-06	1.460165e-06	2.696913e-09	1.037332e+01	1.747595e+02
3.360000e-06	1.371696e-06	2.637830e-09	9.744824e+00	1.705765e+02
3.370000e-06	1.283069e-06	2.570545e-09	9.115195e+00	1.662374e+02
3.380000e-06	1.194247e-06	2.500552e-09	8.484188e+00	1.617303e+02
3.390000e-06	1.105277e-06	2.427741e-09	7.852125e+00	1.570401e+02
3.400000e-06	1.016192e-06	2.356505e-09	7.219245e+00	1.521478e+02
3.410000e-06	9.269265e-07	2.279495e-09	6.585083e+00	1.470311e+02
3.420000e-06	8.375218e-07	2.192541e-09	5.949933e+00	1.416639e+02
3.430000e-06	7.479998e-07	2.102269e-09	5.313950e+00	1.360173e+02
3.440000e-06	6.583396e-07	2.014390e-09	4.676985e+00	1.300597e+02
3.450000e-06	5.686013e-07	1.923493e-09	4.039465e+00	1.237586e+02
3.460000e-06	4.787362e-07	1.817678e-09	3.401044e+00	1.170813e+02
3.470000e-06	3.886749e-07	1.705323e-09	2.761230e+00	1.099965e+02
3.480000e-06	2.985358e-07	1.591775e-09	2.120862e+00	1.024761e+02
3.490000e-06	2.084570e-07	1.469891e-09	1.480923e+00	9.449672e+01
3.500000e-06	1.183750e-07	1.338501e-09	8.409611e-01	8.604130e+01
3.510000e-06	2.827555e-08	1.201441e-09	2.008756e-01	7.710083e+01
3.520000e-06	-6.181848e-08	1.060168e-09	-4.391717e-01	6.767555e+01
3.530000e-06	-1.518965e-07	9.120099e-10	-1.079105e+00	5.777603e+01
3.540000e-06	-2.419522e-07	7.576909e-10	-1.718880e+00	4.742387e+01
3.550000e-06	-3.319377e-07	5.989803e-10	-2.358156e+00	3.665194e+01
3.560000e-06	-4.218006e-07	4.327636e-10	-2.996561e+00	2.550420e+01
3.570000e-06	-5.115317e-07	2.585940e-10	-3.634030e+00	1.403506e+01
3.580000e-06	-6.011011e-07	7.853398e-11	-4.270350e+00	2.308256e+00
3.590000e-06	-6.905608e-07	-1.046982e-10	-4.905891e+00	-9.604647e+00
3.600000e-06	-7.799221e-07	-2.895772e-10	-5.540732e+00	-2.162613e+01
3.610000e-06	-8.691261e-07	-4.762161e-10	-6.174457e+00	-3.367487e+01
3.620000e-06	-9.581543e-07	-6.627499e-10	-6.806933e+00	-4.566807e+01
3.630000e-06	-1.047102e-06	-8.478143e-10	-7.438839e+00	-5.752383e+01
3.640000e-06	-1.135944e-06	-1.027513e-09	-8.069988e+00	-6.916356e+01
3.650000e-06	-1.224581e-06	-1.200706e-09	-8.699682e+00	-8.051416e+01
3.660000e-06	-1.312996e-06	-1.369571e-09	-9.327802e+00	-9.151000e+01
3.670000e-06	-1.401113e-06	-1.532793e-09	-9.953805e+00	-1.020946e+02
3.680000e-06	-1.488945e-06	-1.687461e-09	-1.057778e+01	-1.122219e+02
3.690000e-06	-1.576524e-06	-1.833715e-09	-1.119997e+01	-1.218570e+02
3.700000e-06	-1.663824e-06	-1.973721e-09	-1.182016e+01	-1.309766e+02
3.710000e-06	-1.750847e-06	-2.108121e-09	-1.243839e+01	-1.395688e+02
3.720000e-06	-1.837543e-06	-2.232851e-09	-1.305430e+01	-1.476325e+02
3.730000e-06	-1.923880e-06	-2.347461e-09	-1.366765e+01	-1.551766e+02
3.740000e-06	-2.009852e-06	-2.455053e-09	-1.427842e+01	-1.622188e+02
3.750000e-06	-2.095499e-06	-2.557457e-09	-1.488687e+01	-1.687836e+02
3.760000e-06	-2.180748e-06	-2.652167e-09	-1.549250e+01	-1.749013e+02
3.770000e-06	-2.265562e-06	-2.738353e-09	-1.609503e+01	-1.806057e+02
3.780000e-06	-2.349935e-06	-2.819309e-09	-1.669444e+01	-1.859326e+02
3.790000e-06	-2.433847e-06	-2.899297e-09	-1.729057e+01	-1.909186e+02
3.800000e-06	-2.517388e-06	-2.975041e-09	-1.788406e+01	-1.955988e+02
3.810000e-06	-2.600627e-06	-3.044956e-09	-1.847541e+01	-2.000064e+02
3.820000e-06	-2.683487e-06	-3.110151e-09	-1.906406e+01	-2.041716e+02
3.830000e-06	-2.765906e-06	-3.171323e-09	-1.964958e+01	-2.081209e+02
3.840000e-06	-2.847912e-06	-3.233055e-09	-2.023217e+01	-2.118765e+02
3.850000e-06	-2.929442e-06	-3.290138e-09	-2.081138e+01	-2.154572e+02
3.860000e-06	-3.010494e-06	-3.342824e-09	-2.138719e+01	-2.188774e+02
3.870000e-06	-3.091027e-06	-3.392716e-09	-2.195932e+01	-2.221487e+02
3.880000e-06	-3.171050e-06	-3.440895e-09	-2.252781e+01	-2.252794e+02
3.890000e-06	-3.250448e-06	-3.485474e-09	-2.309187e+01	-2.282760e+02
3.900000e-06	-3.329168e-06	-3.528684e-09	-2.365112e+01	-2.311433e+02
3.910000e-06	-3.407271e-06	-3.572476e-09	-2.420598e+01	-2.338855e+02
3.920000e-06	-3.484580e-06	-3.612472e-09	-2.475520e+01	-2.365064e+02
3.930000e-06	-3.561073e-06	-3.651337e-09	-2.529862e+01	-2.390101e+02
3.940000e-06	-3.636781e-06	-3.690157e-09	-2.583646e+01	-2.414012e+02
3.950000e-06	-3.711736e-06	-3.728497e-09	-2.636897e+01	-2.436854e+02
3.960000e-06	-3.786035e-06	-3.766138e-09	-2.689680e+01	-2.458688e+02
3.970000e-06	-3.859685e-06	-3.801013e-09	-2.742003e+01	-2.479586e+02
3.980000e-06	-3.932688e-06	-3.836521e-09	-2.793866e+01	-2.499623e+02
3.990000e-06	-4.005041e-06	-3.869839e-09	-2.845267e+01	-2.518879e+02
4.000000e-06	-4.076634e-06	-3.900256e-09	-2.896127e+01	-2.537431e+02
4.010000e-06	-4.147462e-06	-3.928690e-09	-2.946445e+01	-2.555356e+02
4.020000e-06	-4.217498e-06	-3.957179e-09	-2.996200e+01	-2.572721e+02
4.030000e-06	-4.286624e-06	-3.984765e-09	-3.045309e+01	-2.589584e+02
4.040000e-06	-4.354952e-06	-4.009834e-09	-3.093850e+01	-2.605992e+02
4.050000e-06	-4.422582e-06	-4.035715e-09	-3.141896e+01	-2.621978e+02
4.060000e-06	-4.489502e-06	-4.060764e-09	-3.189438e+01	-2.637566e+02
4.070000e-06	-4.555695e-06	-4.085503e-09	-3.236463e+01	-2.652763e+02
4.080000e-06	-4.621152e-06	-4.108957e-09	-3.282965e+01	-2.667570e+02
4.090000e-06	-4.685861e-06	-4.132684e-09	-3.328935e+01	-2.681978e+02
4.100000e-06	-4.749757e-06	-4.154012e-09	-3.374328e+01	-2.695973e+02
4.110000e-06	-4.812839e-06	-4.172610e-09	-3.419143e+01	-2.709540e+02
4.120000e-06	-4.874997e-06	-4.192605e-09	-3.463302e+01	-2.722664e+02
4.130000e-06	-4.936161e-06	-4.213694e-09	-3.506754e+01	-2.735334e+02
4.140000e-06	-4.996450e-06	-4.232567e-09	-3.549585e+01	-2.747545e+02
4.150000e-06	-5.055945e-06	-4.250406e-09	-3.591851e+01	-2.759298e+02
4.160000e-06	-5.114622e-06	-4.267909e-09	-3.633536e+01	-2.770604e+02
4.170000e-06	-5.172469e-06	-4.282923e-09	-3.674632e+01	-2.781479e+02
4.180000e-06	-5.229507e-06	-4.295640e-09	-3.715153e+01	-2.791950e+02
4.190000e-06	-5.285698e-06	-4.308398e-09	-3.755072e+01	-2.802045e+02
4.200000e-06	-5.340938e-06	-4.323304e-09	-3.794316e+01	-2.811799e+02
4.210000e-06	-5.395014e-06	-4.339225e-09	-3.832733e+01	-2.821248e+02
4.220000e-06	-5.447844e-06	-4.355163e-09	-3.870265e+01	-2.830425e+02
4.230000e-06	-5.499570e-06	-4.369657e-09	-3.907011e+01	-2.839362e+02
4.240000e-06	-5.550240e-06	-4.383112e-09	-3.943009e+01	-2.848085e+02
4.250000e-06	-5.599787e-06	-4.395591e-09	-3.978208e+01	-2.856614e+02
4.260000e-06	-5.648043e-06	-4.406496e-09	-4.012490e+01	-2.864959e+02
4.270000e-06	-5.695054e-06	-4.418384e-09	-4.045887e+01	-2.873126e+02
4.280000e-06	-5.741116e-06	-4.429538e-09	-4.078611e+01	-2.881109e+02
4.290000e-06	-5.786269e-06	-4.439439e-09	-4.110689e+01	-2.888901e+02
4.300000e-06	-5.830563e-06	-4.450308e-09	-4.142156e+01	-2.896484e+02
4.310000e-06	-5.874038e-06	-4.462401e-09	-4.173042e+01	-2.903843e+02
4.320000e-06	-5.916571e-06	-4.473542e-09	-4.203258e+01	-2.910957e+02
4.330000e-06	-5.958150e-06	-4.482867e-09	-4.232797e+01	-2.917809e+02
4.340000e-06	-5.998780e-06	-4.492418e-09	-4.261661e+01	-2.924383e+02
4.350000e-06	-6.038406e-06	-4.500068e-09	-4.289812e+01	-2.930669e+02
4.360000e-06	-6.076845e-06	-4.506382e-09	-4.317120e+01	-2.936662e+02
4.370000e-06	-6.113993e-06	-4.513754e-09	-4.343511e+01	-2.942364e+02
4.380000e-06	-6.150102e-06	-4.521252e-09	-4.369164e+01	-2.947780e+02
4.390000e-06	-6.185294e-06	-4.527449e-09	-4.394164e+01	-2.952925e+02
4.400000e-06	-6.219424e-06	-4.534772e-09	-4.418411e+01	-2.957817e+02
4.410000e-06	-6.252500e-06	-4.543448e-09	-4.441909e+01	-2.962475e+02
4.420000e-06	-6.284581e-06	-4.549724e-09	-4.464701e+01	-2.966924e+02
4.430000e-06	-6.315447e-06	-4.553105e-09	-4.486628e+01	-2.971185e+02
4.440000e-06	-6.344930e-06	-4.557354e-09	-4.507574e+01	-2.975278e+02
4.450000e-06	-6.373312e-06	-4.563840e-09	-4.527737e+01	-2.979221e+02
4.460000e-06	-6.400774e-06	-4.569369e-09	-4.547246e+01	-2.983027e+02
4.470000e-06	-6.427158e-06	-4.573140e-09	-4.565990e+01	-2.986701e+02
4.480000e-06	-6.452396e-06	-4.576714e-09	-4.583920e+01	-2.990246e+02
4.490000e-06	-6.476694e-06	-4.581478e-09	-4.601182e+01	-2.993657e+02
4.500000e-06	-6.499961e-06	-4.587069e-09	-4.617711e+01	-2.996924e+02
4.510000e-06	-6.521797e-06	-4.590786e-09	-4.633224e+01	-3.000036e+02
4.520000e-06	-6.542362e-06	-4.593329e-09	-4.647833e+01	-3.002976e+02
4.530000e-06	-6.561935e-06	-4.597220e-09	-4.661738e+01	-3.005729e+02
4.540000e-06	-6.580423e-06	-4.601363e-09	-4.674873e+01	-3.008279e+02
4.550000e-06	-6.597792e-06	-4.603960e-09	-4.687212e+01	-3.010614e+02
4.560000e-06	-6.614124e-06	-4.606586e-09	-4.698815e+01	-3.012722e+02
4.570000e-06	-6.629254e-06	-4.608079e-09	-4.709564e+01	-3.014600e+02
4.580000e-06	-6.642860e-06	-4.608001e-09	-4.719229e+01	-3.016245e+02
4.590000e-06	-6.655009e-06	-4.609156e-09	-4.727860e+01	-3.017662e+02
4.600000e-06	-6.665935e-06	-4.609211e-09	-4.735622e+01	-3.018859e+02
4.610000e-06	-6.675711e-06	-4.608581e-09	-4.742568e+01	-3.019849e+02
4.620000e-06	-6.684425e-06	-4.609496e-09	-4.748758e+01	-3.020646e+02
4.630000e-06	-6.692103e-06	-4.610732e-09	-4.754213e+01	-3.021264e+02
4.640000e-06	-6.698402e-06	-4.610652e-09	-4.758687e+01	-3.021721e+02
4.650000e-06	-6.703254e-06	-4.610877e-09	-4.762134e+01	-3.022031e+02
4.660000e-06	-6.707030e-06	-4.612359e-09	-4.764817e+01	-3.022206e+02
4.670000e-06	-6.709776e-06	-4.612637e-09	-4.766768e+01	-3.022254e+02
4.680000e-06	-6.711357e-06	-4.610294e-09	-4.767891e+01	-3.022181e+02
4.690000e-06	-6.711876e-06	-4.607648e-09	-4.768260e+01	-3.021989e+02
