# Temperatura_=_20.0
# Concentracion g/m^3_=_9000.0
# C_Vs_to_Am_M_A/Vsm_=_65563218390.804596
# pendiente_HvsI_1/m_=_3716.3
# ordenada_HvsI_A/m_=_1297.0
# frecuencia_Hz_=_212876.54126757447

Tiempo_(s)	Campo_(V.s)	Magnetizacion_(V.s)	Campo_(kA/m)	Magnetizacion_(A/m)
0.000000e+00	-3.950507e-06	-3.544512e-09	-2.913716e+01	-2.354424e+02
1.000000e-08	-3.950292e-06	-3.548186e-09	-2.913557e+01	-2.354328e+02
2.000000e-08	-3.949242e-06	-3.550457e-09	-2.912783e+01	-2.354075e+02
3.000000e-08	-3.947171e-06	-3.549735e-09	-2.911256e+01	-2.353694e+02
4.000000e-08	-3.944212e-06	-3.546739e-09	-2.909073e+01	-2.353214e+02
5.000000e-08	-3.940690e-06	-3.541566e-09	-2.906475e+01	-2.352664e+02
6.000000e-08	-3.936758e-06	-3.526480e-09	-2.903575e+01	-2.352067e+02
7.000000e-08	-3.932270e-06	-3.518877e-09	-2.900265e+01	-2.351439e+02
8.000000e-08	-3.926990e-06	-3.589443e-09	-2.896371e+01	-2.350788e+02
9.000000e-08	-3.920770e-06	-3.658630e-09	-2.891783e+01	-2.350111e+02
1.000000e-07	-3.913748e-06	-3.569855e-09	-2.886604e+01	-2.349394e+02
1.100000e-07	-3.906263e-06	-3.391946e-09	-2.881084e+01	-2.348612e+02
1.200000e-07	-3.898421e-06	-3.451123e-09	-2.875300e+01	-2.347730e+02
1.300000e-07	-3.889891e-06	-3.646618e-09	-2.869008e+01	-2.346701e+02
1.400000e-07	-3.880452e-06	-3.581753e-09	-2.862047e+01	-2.345475e+02
1.500000e-07	-3.870288e-06	-3.531499e-09	-2.854550e+01	-2.343994e+02
1.600000e-07	-3.859206e-06	-3.490118e-09	-2.846377e+01	-2.342203e+02
1.700000e-07	-3.846989e-06	-3.532241e-09	-2.837366e+01	-2.340047e+02
1.800000e-07	-3.834177e-06	-3.570911e-09	-2.827916e+01	-2.337476e+02
1.900000e-07	-3.820957e-06	-3.670808e-09	-2.818166e+01	-2.334453e+02
2.000000e-07	-3.806609e-06	-3.522291e-09	-2.807584e+01	-2.330951e+02
2.100000e-07	-3.791031e-06	-3.382095e-09	-2.796094e+01	-2.326956e+02
2.200000e-07	-3.774910e-06	-3.690555e-09	-2.784204e+01	-2.322474e+02
2.300000e-07	-3.758267e-06	-3.711022e-09	-2.771928e+01	-2.317523e+02
2.400000e-07	-3.740923e-06	-3.482143e-09	-2.759136e+01	-2.312139e+02
2.500000e-07	-3.722969e-06	-3.404535e-09	-2.745894e+01	-2.306372e+02
2.600000e-07	-3.704412e-06	-3.663508e-09	-2.732207e+01	-2.300281e+02
2.700000e-07	-3.685276e-06	-3.616808e-09	-2.718094e+01	-2.293938e+02
2.800000e-07	-3.665627e-06	-3.484805e-09	-2.703602e+01	-2.287417e+02
2.900000e-07	-3.645510e-06	-3.476487e-09	-2.688764e+01	-2.280792e+02
3.000000e-07	-3.624770e-06	-3.451976e-09	-2.673467e+01	-2.274135e+02
3.100000e-07	-3.603340e-06	-3.508165e-09	-2.657661e+01	-2.267510e+02
3.200000e-07	-3.581203e-06	-3.513472e-09	-2.641334e+01	-2.260970e+02
3.300000e-07	-3.558416e-06	-3.497232e-09	-2.624527e+01	-2.254553e+02
3.400000e-07	-3.535160e-06	-3.414495e-09	-2.607374e+01	-2.248283e+02
3.500000e-07	-3.511435e-06	-3.384011e-09	-2.589876e+01	-2.242166e+02
3.600000e-07	-3.487231e-06	-3.517241e-09	-2.572025e+01	-2.236190e+02
3.700000e-07	-3.462226e-06	-3.545602e-09	-2.553582e+01	-2.230328e+02
3.800000e-07	-3.436036e-06	-3.319130e-09	-2.534265e+01	-2.224539e+02
3.900000e-07	-3.408940e-06	-3.337635e-09	-2.514281e+01	-2.218771e+02
4.000000e-07	-3.381458e-06	-3.537959e-09	-2.494011e+01	-2.212962e+02
4.100000e-07	-3.353638e-06	-3.451426e-09	-2.473493e+01	-2.207049e+02
4.200000e-07	-3.325168e-06	-3.279326e-09	-2.452494e+01	-2.200966e+02
4.300000e-07	-3.296077e-06	-3.369227e-09	-2.431038e+01	-2.194653e+02
4.400000e-07	-3.266579e-06	-3.438915e-09	-2.409282e+01	-2.188055e+02
4.500000e-07	-3.236553e-06	-3.342078e-09	-2.387136e+01	-2.181129e+02
4.600000e-07	-3.205889e-06	-3.327676e-09	-2.364519e+01	-2.173841e+02
4.700000e-07	-3.174759e-06	-3.327868e-09	-2.341559e+01	-2.166173e+02
4.800000e-07	-3.143298e-06	-3.302250e-09	-2.318355e+01	-2.158118e+02
4.900000e-07	-3.111501e-06	-3.310562e-09	-2.294903e+01	-2.149683e+02
5.000000e-07	-3.079224e-06	-3.305139e-09	-2.271097e+01	-2.140885e+02
5.100000e-07	-3.046118e-06	-3.265352e-09	-2.246679e+01	-2.131751e+02
5.200000e-07	-3.012044e-06	-3.229262e-09	-2.221548e+01	-2.122312e+02
5.300000e-07	-2.977206e-06	-3.252312e-09	-2.195853e+01	-2.112603e+02
5.400000e-07	-2.941889e-06	-3.269244e-09	-2.169805e+01	-2.102660e+02
5.500000e-07	-2.906240e-06	-3.212019e-09	-2.143511e+01	-2.092513e+02
5.600000e-07	-2.870189e-06	-3.162745e-09	-2.116922e+01	-2.082187e+02
5.700000e-07	-2.833664e-06	-3.175988e-09	-2.089983e+01	-2.071700e+02
5.800000e-07	-2.796680e-06	-3.206739e-09	-2.062705e+01	-2.061060e+02
5.900000e-07	-2.759244e-06	-3.147844e-09	-2.035094e+01	-2.050263e+02
6.000000e-07	-2.721299e-06	-3.085282e-09	-2.007107e+01	-2.039297e+02
6.100000e-07	-2.682764e-06	-3.119773e-09	-1.978686e+01	-2.028140e+02
6.200000e-07	-2.643740e-06	-3.119241e-09	-1.949903e+01	-2.016764e+02
6.300000e-07	-2.604398e-06	-3.068725e-09	-1.920887e+01	-2.005132e+02
6.400000e-07	-2.564831e-06	-3.043970e-09	-1.891704e+01	-1.993208e+02
6.500000e-07	-2.524978e-06	-3.042200e-09	-1.862310e+01	-1.980954e+02
6.600000e-07	-2.484651e-06	-3.022186e-09	-1.832566e+01	-1.968332e+02
6.700000e-07	-2.443576e-06	-2.992291e-09	-1.802272e+01	-1.955313e+02
6.800000e-07	-2.401714e-06	-2.981460e-09	-1.771396e+01	-1.941871e+02
6.900000e-07	-2.359196e-06	-2.943342e-09	-1.740037e+01	-1.927987e+02
7.000000e-07	-2.316120e-06	-2.913876e-09	-1.708265e+01	-1.913653e+02
7.100000e-07	-2.272673e-06	-2.920747e-09	-1.676221e+01	-1.898867e+02
7.200000e-07	-2.229025e-06	-2.896274e-09	-1.644028e+01	-1.883635e+02
7.300000e-07	-2.185126e-06	-2.853424e-09	-1.611651e+01	-1.867969e+02
7.400000e-07	-2.140823e-06	-2.830474e-09	-1.578974e+01	-1.851886e+02
7.500000e-07	-2.096071e-06	-2.829723e-09	-1.545967e+01	-1.835404e+02
7.600000e-07	-2.050896e-06	-2.805156e-09	-1.512648e+01	-1.818541e+02
7.700000e-07	-2.005414e-06	-2.752261e-09	-1.479103e+01	-1.801312e+02
7.800000e-07	-1.959708e-06	-2.729736e-09	-1.445392e+01	-1.783729e+02
7.900000e-07	-1.913698e-06	-2.718589e-09	-1.411458e+01	-1.765796e+02
8.000000e-07	-1.867276e-06	-2.688339e-09	-1.377219e+01	-1.747509e+02
8.100000e-07	-1.820505e-06	-2.646126e-09	-1.342722e+01	-1.728857e+02
8.200000e-07	-1.773481e-06	-2.614304e-09	-1.308040e+01	-1.709821e+02
8.300000e-07	-1.726233e-06	-2.598642e-09	-1.273191e+01	-1.690373e+02
8.400000e-07	-1.678792e-06	-2.567602e-09	-1.238201e+01	-1.670480e+02
8.500000e-07	-1.631149e-06	-2.531547e-09	-1.203062e+01	-1.650103e+02
8.600000e-07	-1.583231e-06	-2.500212e-09	-1.167720e+01	-1.629201e+02
8.700000e-07	-1.534973e-06	-2.465949e-09	-1.132127e+01	-1.607731e+02
8.800000e-07	-1.486372e-06	-2.438513e-09	-1.096281e+01	-1.585654e+02
8.900000e-07	-1.437452e-06	-2.406645e-09	-1.060200e+01	-1.562929e+02
9.000000e-07	-1.388168e-06	-2.367093e-09	-1.023850e+01	-1.539526e+02
9.100000e-07	-1.338387e-06	-2.325136e-09	-9.871337e+00	-1.515416e+02
9.200000e-07	-1.288123e-06	-2.292380e-09	-9.500613e+00	-1.490577e+02
9.300000e-07	-1.237498e-06	-2.263401e-09	-9.127229e+00	-1.464993e+02
9.400000e-07	-1.186542e-06	-2.212843e-09	-8.751399e+00	-1.438654e+02
9.500000e-07	-1.135342e-06	-2.164666e-09	-8.373768e+00	-1.411552e+02
9.600000e-07	-1.083930e-06	-2.127834e-09	-7.994582e+00	-1.383682e+02
9.700000e-07	-1.032350e-06	-2.088755e-09	-7.614148e+00	-1.355038e+02
9.800000e-07	-9.806718e-07	-2.041135e-09	-7.232994e+00	-1.325612e+02
9.900000e-07	-9.288827e-07	-1.987591e-09	-6.851020e+00	-1.295390e+02
1.000000e-06	-8.768744e-07	-1.947484e-09	-6.467430e+00	-1.264351e+02
1.010000e-06	-8.245786e-07	-1.903672e-09	-6.081720e+00	-1.232468e+02
1.020000e-06	-7.721352e-07	-1.850350e-09	-5.694921e+00	-1.199703e+02
1.030000e-06	-7.196444e-07	-1.798842e-09	-5.307773e+00	-1.166007e+02
1.040000e-06	-6.669425e-07	-1.745152e-09	-4.919067e+00	-1.131324e+02
1.050000e-06	-6.140068e-07	-1.690871e-09	-4.528638e+00	-1.095587e+02
1.060000e-06	-5.610397e-07	-1.631402e-09	-4.137976e+00	-1.058726e+02
1.070000e-06	-5.080393e-07	-1.571389e-09	-3.747069e+00	-1.020662e+02
1.080000e-06	-4.548994e-07	-1.509256e-09	-3.355133e+00	-9.813186e+01
1.090000e-06	-4.016897e-07	-1.442630e-09	-2.962682e+00	-9.406199e+01
1.100000e-06	-3.484395e-07	-1.381124e-09	-2.569932e+00	-8.984951e+01
1.110000e-06	-2.951183e-07	-1.314773e-09	-2.176660e+00	-8.548825e+01
1.120000e-06	-2.417099e-07	-1.243346e-09	-1.782743e+00	-8.097315e+01
1.130000e-06	-1.882539e-07	-1.171757e-09	-1.388476e+00	-7.630063e+01
1.140000e-06	-1.348308e-07	-1.098086e-09	-9.944515e-01	-7.146876e+01
1.150000e-06	-8.143753e-08	-1.022073e-09	-6.006465e-01	-6.647742e+01
1.160000e-06	-2.797471e-08	-9.384078e-10	-2.063289e-01	-6.132839e+01
1.170000e-06	2.547719e-08	-8.542987e-10	1.879083e-01	-5.602536e+01
1.180000e-06	7.887308e-08	-7.714171e-10	5.817323e-01	-5.057388e+01
1.190000e-06	1.322982e-07	-6.844759e-10	9.757717e-01	-4.498126e+01
1.200000e-06	1.856985e-07	-5.988393e-10	1.369629e+00	-3.925640e+01
1.210000e-06	2.390880e-07	-5.113510e-10	1.763406e+00	-3.340960e+01
1.220000e-06	2.924277e-07	-4.221708e-10	2.156815e+00	-2.745232e+01
1.230000e-06	3.456656e-07	-3.264380e-10	2.549473e+00	-2.139701e+01
1.240000e-06	3.987815e-07	-2.267274e-10	2.941233e+00	-1.525681e+01
1.250000e-06	4.518183e-07	-1.321529e-10	3.332408e+00	-9.045422e+00
1.260000e-06	5.047857e-07	-3.382283e-11	3.723072e+00	-2.776896e+00
1.270000e-06	5.576809e-07	6.370698e-11	4.113203e+00	3.534510e+00
1.280000e-06	6.104880e-07	1.615481e-10	4.502684e+00	9.874438e+00
1.290000e-06	6.630865e-07	2.597057e-10	4.890627e+00	1.622851e+01
1.300000e-06	7.154546e-07	3.565659e-10	5.276871e+00	2.258240e+01
1.310000e-06	7.677147e-07	4.534086e-10	5.662318e+00	2.892182e+01
1.320000e-06	8.199027e-07	5.464236e-10	6.047233e+00	3.523264e+01
1.330000e-06	8.719375e-07	6.462612e-10	6.431018e+00	4.150081e+01
1.340000e-06	9.238093e-07	7.432715e-10	6.813601e+00	4.771246e+01
1.350000e-06	9.755189e-07	8.366616e-10	7.194988e+00	5.385396e+01
1.360000e-06	1.027076e-06	9.307476e-10	7.575253e+00	5.991196e+01
1.370000e-06	1.078496e-06	1.022793e-09	7.954499e+00	6.587355e+01
1.380000e-06	1.129756e-06	1.111413e-09	8.332570e+00	7.172634e+01
1.390000e-06	1.180810e-06	1.193856e-09	8.709125e+00	7.745866e+01
1.400000e-06	1.231599e-06	1.276363e-09	9.083721e+00	8.305976e+01
1.410000e-06	1.282091e-06	1.359482e-09	9.456128e+00	8.851994e+01
1.420000e-06	1.332233e-06	1.438906e-09	9.825951e+00	9.383079e+01
1.430000e-06	1.381887e-06	1.517134e-09	1.019217e+01	9.898535e+01
1.440000e-06	1.431014e-06	1.593722e-09	1.055451e+01	1.039783e+02
1.450000e-06	1.479717e-06	1.666277e-09	1.091373e+01	1.088059e+02
1.460000e-06	1.528062e-06	1.736254e-09	1.127030e+01	1.134662e+02
1.470000e-06	1.576133e-06	1.802778e-09	1.162485e+01	1.179593e+02
1.480000e-06	1.623954e-06	1.866922e-09	1.197756e+01	1.222867e+02
1.490000e-06	1.671603e-06	1.927292e-09	1.232899e+01	1.264515e+02
1.500000e-06	1.719079e-06	1.988443e-09	1.267915e+01	1.304583e+02
1.510000e-06	1.766241e-06	2.048240e-09	1.302700e+01	1.343131e+02
1.520000e-06	1.813145e-06	2.103761e-09	1.337294e+01	1.380225e+02
1.530000e-06	1.859718e-06	2.156775e-09	1.371644e+01	1.415939e+02
1.540000e-06	1.905898e-06	2.207660e-09	1.405704e+01	1.450350e+02
1.550000e-06	1.951722e-06	2.257400e-09	1.439502e+01	1.483536e+02
1.560000e-06	1.997234e-06	2.303023e-09	1.473070e+01	1.515573e+02
1.570000e-06	2.042452e-06	2.345622e-09	1.506421e+01	1.546530e+02
1.580000e-06	2.087266e-06	2.388600e-09	1.539473e+01	1.576473e+02
1.590000e-06	2.131681e-06	2.429655e-09	1.572232e+01	1.605458e+02
1.600000e-06	2.175744e-06	2.470346e-09	1.604731e+01	1.633531e+02
1.610000e-06	2.219498e-06	2.510754e-09	1.637002e+01	1.660731e+02
1.620000e-06	2.263031e-06	2.549936e-09	1.669110e+01	1.687089e+02
1.630000e-06	2.306373e-06	2.588899e-09	1.701077e+01	1.712626e+02
1.640000e-06	2.349362e-06	2.625415e-09	1.732784e+01	1.737359e+02
1.650000e-06	2.391801e-06	2.658074e-09	1.764085e+01	1.761299e+02
1.660000e-06	2.433521e-06	2.689083e-09	1.794856e+01	1.784455e+02
1.670000e-06	2.474524e-06	2.720111e-09	1.825098e+01	1.806833e+02
1.680000e-06	2.514896e-06	2.751397e-09	1.854874e+01	1.828442e+02
1.690000e-06	2.554772e-06	2.782076e-09	1.884285e+01	1.849291e+02
1.700000e-06	2.594368e-06	2.810781e-09	1.913489e+01	1.869392e+02
1.710000e-06	2.633684e-06	2.837690e-09	1.942487e+01	1.888762e+02
1.720000e-06	2.672686e-06	2.865818e-09	1.971253e+01	1.907422e+02
1.730000e-06	2.711210e-06	2.894678e-09	1.999666e+01	1.925394e+02
1.740000e-06	2.749187e-06	2.921537e-09	2.027677e+01	1.942706e+02
1.750000e-06	2.786752e-06	2.947989e-09	2.055383e+01	1.959388e+02
1.760000e-06	2.823809e-06	2.972645e-09	2.082715e+01	1.975472e+02
1.770000e-06	2.860331e-06	2.994828e-09	2.109651e+01	1.990989e+02
1.780000e-06	2.896425e-06	3.016105e-09	2.136273e+01	2.005970e+02
1.790000e-06	2.932146e-06	3.036767e-09	2.162619e+01	2.020446e+02
1.800000e-06	2.967605e-06	3.057369e-09	2.188772e+01	2.034442e+02
1.810000e-06	3.002678e-06	3.077346e-09	2.214640e+01	2.047984e+02
1.820000e-06	3.037101e-06	3.097956e-09	2.240029e+01	2.061092e+02
1.830000e-06	3.070768e-06	3.119564e-09	2.264860e+01	2.073782e+02
1.840000e-06	3.103588e-06	3.139430e-09	2.289066e+01	2.086069e+02
1.850000e-06	3.135655e-06	3.158102e-09	2.312718e+01	2.097965e+02
1.860000e-06	3.167262e-06	3.176248e-09	2.336029e+01	2.109478e+02
1.870000e-06	3.198435e-06	3.193698e-09	2.359021e+01	2.120618e+02
1.880000e-06	3.229103e-06	3.211132e-09	2.381641e+01	2.131392e+02
1.890000e-06	3.259243e-06	3.229210e-09	2.403871e+01	2.141808e+02
1.900000e-06	3.288793e-06	3.246431e-09	2.425665e+01	2.151877e+02
1.910000e-06	3.317701e-06	3.261154e-09	2.446987e+01	2.161608e+02
1.920000e-06	3.346015e-06	3.275599e-09	2.467870e+01	2.171015e+02
1.930000e-06	3.373908e-06	3.291581e-09	2.488443e+01	2.180112e+02
1.940000e-06	3.401486e-06	3.308234e-09	2.508783e+01	2.188914e+02
1.950000e-06	3.428623e-06	3.321870e-09	2.528798e+01	2.197437e+02
1.960000e-06	3.454943e-06	3.334350e-09	2.548211e+01	2.205697e+02
1.970000e-06	3.480297e-06	3.349026e-09	2.566910e+01	2.213708e+02
1.980000e-06	3.504801e-06	3.363033e-09	2.584983e+01	2.221485e+02
1.990000e-06	3.528665e-06	3.375491e-09	2.602584e+01	2.229037e+02
2.000000e-06	3.552027e-06	3.387840e-09	2.619815e+01	2.236373e+02
2.010000e-06	3.574787e-06	3.399392e-09	2.636602e+01	2.243496e+02
2.020000e-06	3.596938e-06	3.409655e-09	2.652939e+01	2.250407e+02
2.030000e-06	3.618476e-06	3.420158e-09	2.668825e+01	2.257104e+02
2.040000e-06	3.639383e-06	3.430126e-09	2.684245e+01	2.263581e+02
2.050000e-06	3.659663e-06	3.439113e-09	2.699202e+01	2.269830e+02
2.060000e-06	3.679409e-06	3.449301e-09	2.713767e+01	2.275842e+02
2.070000e-06	3.698799e-06	3.460936e-09	2.728068e+01	2.281608e+02
2.080000e-06	3.717719e-06	3.471407e-09	2.742022e+01	2.287121e+02
2.090000e-06	3.735877e-06	3.481588e-09	2.755415e+01	2.292373e+02
2.100000e-06	3.753258e-06	3.491076e-09	2.768234e+01	2.297362e+02
2.110000e-06	3.770058e-06	3.498247e-09	2.780625e+01	2.302088e+02
2.120000e-06	3.786255e-06	3.505316e-09	2.792571e+01	2.306555e+02
2.130000e-06	3.801759e-06	3.512780e-09	2.804006e+01	2.310771e+02
2.140000e-06	3.816458e-06	3.520081e-09	2.814847e+01	2.314749e+02
2.150000e-06	3.830323e-06	3.527344e-09	2.825074e+01	2.318503e+02
2.160000e-06	3.843501e-06	3.535970e-09	2.834793e+01	2.322050e+02
2.170000e-06	3.855965e-06	3.544591e-09	2.843986e+01	2.325408e+02
2.180000e-06	3.867753e-06	3.551332e-09	2.852680e+01	2.328593e+02
2.190000e-06	3.878911e-06	3.555219e-09	2.860910e+01	2.331620e+02
2.200000e-06	3.889188e-06	3.559519e-09	2.868490e+01	2.334503e+02
2.210000e-06	3.898322e-06	3.565190e-09	2.875227e+01	2.337248e+02
2.220000e-06	3.906530e-06	3.568684e-09	2.881280e+01	2.339859e+02
2.230000e-06	3.914168e-06	3.571042e-09	2.886914e+01	2.342336e+02
2.240000e-06	3.921262e-06	3.574801e-09	2.892146e+01	2.344670e+02
2.250000e-06	3.927650e-06	3.580188e-09	2.896857e+01	2.346852e+02
2.260000e-06	3.933309e-06	3.584869e-09	2.901031e+01	2.348866e+02
2.270000e-06	3.938293e-06	3.589052e-09	2.904707e+01	2.350698e+02
2.280000e-06	3.942592e-06	3.594369e-09	2.907878e+01	2.352330e+02
2.290000e-06	3.946391e-06	3.599958e-09	2.910680e+01	2.353747e+02
2.300000e-06	3.949817e-06	3.602876e-09	2.913207e+01	2.354937e+02
2.310000e-06	3.952551e-06	3.604993e-09	2.915223e+01	2.355893e+02
2.320000e-06	3.954225e-06	3.607795e-09	2.916458e+01	2.356611e+02
2.330000e-06	3.954858e-06	3.609870e-09	2.916925e+01	2.357096e+02
2.340000e-06	3.954747e-06	3.611084e-09	2.916844e+01	2.357360e+02
2.350000e-06	3.954127e-06	3.612614e-09	2.916386e+01	2.357420e+02
2.360000e-06	3.952958e-06	3.611351e-09	2.915524e+01	2.357299e+02
2.370000e-06	3.951186e-06	3.612028e-09	2.914217e+01	2.357025e+02
2.380000e-06	3.948766e-06	3.612385e-09	2.912432e+01	2.356627e+02
2.390000e-06	3.945655e-06	3.613479e-09	2.910137e+01	2.356135e+02
2.400000e-06	3.941940e-06	3.624606e-09	2.907397e+01	2.355577e+02
2.410000e-06	3.937751e-06	3.646012e-09	2.904308e+01	2.354974e+02
2.420000e-06	3.933187e-06	3.590664e-09	2.900941e+01	2.354343e+02
2.430000e-06	3.927913e-06	3.482971e-09	2.897052e+01	2.353688e+02
2.440000e-06	3.921345e-06	3.537688e-09	2.892207e+01	2.353006e+02
2.450000e-06	3.913578e-06	3.736243e-09	2.886479e+01	2.352282e+02
2.460000e-06	3.905252e-06	3.705010e-09	2.880338e+01	2.351487e+02
2.470000e-06	3.896763e-06	3.526260e-09	2.874077e+01	2.350586e+02
2.480000e-06	3.887634e-06	3.513649e-09	2.867344e+01	2.349531e+02
2.490000e-06	3.877428e-06	3.572033e-09	2.859816e+01	2.348270e+02
2.500000e-06	3.866766e-06	3.573104e-09	2.851952e+01	2.346747e+02
2.510000e-06	3.855956e-06	3.575854e-09	2.843979e+01	2.344905e+02
2.520000e-06	3.844098e-06	3.583801e-09	2.835233e+01	2.342689e+02
2.530000e-06	3.830976e-06	3.402916e-09	2.825555e+01	2.340053e+02
2.540000e-06	3.817550e-06	3.575633e-09	2.815653e+01	2.336959e+02
2.550000e-06	3.803624e-06	3.811477e-09	2.805382e+01	2.333384e+02
2.560000e-06	3.788458e-06	3.552359e-09	2.794196e+01	2.329316e+02
2.570000e-06	3.772379e-06	3.384509e-09	2.782336e+01	2.324761e+02
2.580000e-06	3.755837e-06	3.640161e-09	2.770136e+01	2.319743e+02
2.590000e-06	3.738641e-06	3.631617e-09	2.757453e+01	2.314298e+02
2.600000e-06	3.720638e-06	3.267999e-09	2.744175e+01	2.308478e+02
2.610000e-06	3.702077e-06	3.427417e-09	2.730485e+01	2.302345e+02
2.620000e-06	3.682972e-06	3.567688e-09	2.716394e+01	2.295971e+02
2.630000e-06	3.663210e-06	3.423009e-09	2.701819e+01	2.289429e+02
2.640000e-06	3.642921e-06	3.477646e-09	2.686854e+01	2.282795e+02
2.650000e-06	3.622222e-06	3.527919e-09	2.671588e+01	2.276139e+02
2.660000e-06	3.600913e-06	3.412536e-09	2.655871e+01	2.269524e+02
2.670000e-06	3.578422e-06	3.389172e-09	2.639283e+01	2.263000e+02
2.680000e-06	3.554785e-06	3.512098e-09	2.621850e+01	2.256604e+02
2.690000e-06	3.530638e-06	3.505598e-09	2.604040e+01	2.250358e+02
2.700000e-06	3.505941e-06	3.375853e-09	2.585824e+01	2.244263e+02
2.710000e-06	3.480593e-06	3.323602e-09	2.567128e+01	2.238306e+02
2.720000e-06	3.454833e-06	3.488789e-09	2.548129e+01	2.232458e+02
2.730000e-06	3.428563e-06	3.532080e-09	2.528754e+01	2.226676e+02
2.740000e-06	3.401511e-06	3.267561e-09	2.508801e+01	2.220905e+02
2.750000e-06	3.373796e-06	3.321558e-09	2.488360e+01	2.215085e+02
2.760000e-06	3.345748e-06	3.503924e-09	2.467673e+01	2.209151e+02
2.770000e-06	3.317340e-06	3.348910e-09	2.446721e+01	2.203037e+02
2.780000e-06	3.288375e-06	3.289657e-09	2.425358e+01	2.196685e+02
2.790000e-06	3.258759e-06	3.366991e-09	2.403514e+01	2.190041e+02
2.800000e-06	3.228384e-06	3.345911e-09	2.381110e+01	2.183062e+02
2.810000e-06	3.197149e-06	3.318531e-09	2.358073e+01	2.175718e+02
2.820000e-06	3.165214e-06	3.292735e-09	2.334519e+01	2.167992e+02
2.830000e-06	3.132910e-06	3.314814e-09	2.310693e+01	2.159880e+02
2.840000e-06	3.100209e-06	3.288630e-09	2.286575e+01	2.151389e+02
2.850000e-06	3.066843e-06	3.234383e-09	2.261965e+01	2.142539e+02
2.860000e-06	3.032915e-06	3.281343e-09	2.236941e+01	2.133356e+02
2.870000e-06	2.998638e-06	3.257556e-09	2.211660e+01	2.123875e+02
2.880000e-06	2.963853e-06	3.194063e-09	2.186004e+01	2.114129e+02
2.890000e-06	2.928441e-06	3.204228e-09	2.159886e+01	2.104153e+02
2.900000e-06	2.892591e-06	3.233880e-09	2.133445e+01	2.093978e+02
2.910000e-06	2.856453e-06	3.193246e-09	2.106791e+01	2.083627e+02
2.920000e-06	2.820009e-06	3.119184e-09	2.079912e+01	2.073117e+02
2.930000e-06	2.783157e-06	3.154359e-09	2.052732e+01	2.062454e+02
2.940000e-06	2.745712e-06	3.174476e-09	2.025113e+01	2.051633e+02
2.950000e-06	2.707347e-06	3.094998e-09	1.996817e+01	2.040640e+02
2.960000e-06	2.668047e-06	3.071557e-09	1.967831e+01	2.029452e+02
2.970000e-06	2.628169e-06	3.094080e-09	1.938419e+01	2.018040e+02
2.980000e-06	2.587969e-06	3.074466e-09	1.908770e+01	2.006367e+02
2.990000e-06	2.547492e-06	3.027321e-09	1.878915e+01	1.994396e+02
3.000000e-06	2.506715e-06	3.016695e-09	1.848840e+01	1.982088e+02
3.010000e-06	2.465492e-06	3.011096e-09	1.818436e+01	1.969410e+02
3.020000e-06	2.423721e-06	2.971469e-09	1.787627e+01	1.956328e+02
3.030000e-06	2.381597e-06	2.960055e-09	1.756559e+01	1.942821e+02
3.040000e-06	2.339141e-06	2.952815e-09	1.725245e+01	1.928870e+02
3.050000e-06	2.296226e-06	2.913061e-09	1.693593e+01	1.914468e+02
3.060000e-06	2.252831e-06	2.880856e-09	1.661587e+01	1.899615e+02
3.070000e-06	2.209028e-06	2.876989e-09	1.629279e+01	1.884317e+02
3.080000e-06	2.164957e-06	2.862600e-09	1.596775e+01	1.868587e+02
3.090000e-06	2.120695e-06	2.813900e-09	1.564129e+01	1.852443e+02
3.100000e-06	2.076209e-06	2.787371e-09	1.531318e+01	1.835903e+02
3.110000e-06	2.031424e-06	2.785702e-09	1.498287e+01	1.818984e+02
3.120000e-06	1.986207e-06	2.759035e-09	1.464937e+01	1.801702e+02
3.130000e-06	1.940556e-06	2.713355e-09	1.431267e+01	1.784066e+02
3.140000e-06	1.894516e-06	2.685715e-09	1.397310e+01	1.766080e+02
3.150000e-06	1.848071e-06	2.678039e-09	1.363054e+01	1.747739e+02
3.160000e-06	1.801332e-06	2.646516e-09	1.328581e+01	1.729032e+02
3.170000e-06	1.754381e-06	2.604889e-09	1.293952e+01	1.709936e+02
3.180000e-06	1.707207e-06	2.582769e-09	1.259159e+01	1.690424e+02
3.190000e-06	1.659913e-06	2.555909e-09	1.224277e+01	1.670461e+02
3.200000e-06	1.612401e-06	2.522093e-09	1.189234e+01	1.650008e+02
3.210000e-06	1.564593e-06	2.489956e-09	1.153973e+01	1.629023e+02
3.220000e-06	1.516490e-06	2.459391e-09	1.118495e+01	1.607465e+02
3.230000e-06	1.468035e-06	2.423123e-09	1.082756e+01	1.585292e+02
3.240000e-06	1.419176e-06	2.386633e-09	1.046720e+01	1.562469e+02
3.250000e-06	1.369884e-06	2.361630e-09	1.010365e+01	1.538961e+02
3.260000e-06	1.320369e-06	2.321582e-09	9.738450e+00	1.514742e+02
3.270000e-06	1.270610e-06	2.275405e-09	9.371450e+00	1.489793e+02
3.280000e-06	1.220528e-06	2.243381e-09	9.002066e+00	1.464096e+02
3.290000e-06	1.170245e-06	2.207502e-09	8.631202e+00	1.437643e+02
3.300000e-06	1.119808e-06	2.163474e-09	8.259197e+00	1.410427e+02
3.310000e-06	1.069175e-06	2.113009e-09	7.885753e+00	1.382441e+02
3.320000e-06	1.018311e-06	2.072090e-09	7.510605e+00	1.353681e+02
3.330000e-06	9.672462e-07	2.033190e-09	7.133972e+00	1.324136e+02
3.340000e-06	9.159364e-07	1.982725e-09	6.755534e+00	1.293793e+02
3.350000e-06	8.643858e-07	1.935965e-09	6.375321e+00	1.262630e+02
3.360000e-06	8.127215e-07	1.886780e-09	5.994268e+00	1.230617e+02
3.370000e-06	7.608429e-07	1.836441e-09	5.611635e+00	1.197716e+02
3.380000e-06	7.087938e-07	1.784323e-09	5.227744e+00	1.163876e+02
3.390000e-06	6.566831e-07	1.731960e-09	4.843399e+00	1.129039e+02
3.400000e-06	6.044535e-07	1.681635e-09	4.458177e+00	1.093138e+02
3.410000e-06	5.522006e-07	1.622373e-09	4.072783e+00	1.056101e+02
3.420000e-06	4.999122e-07	1.569715e-09	3.687127e+00	1.017851e+02
3.430000e-06	4.474850e-07	1.516545e-09	3.300448e+00	9.783089e+01
3.440000e-06	3.949547e-07	1.452265e-09	2.913008e+00	9.374007e+01
3.450000e-06	3.424050e-07	1.384722e-09	2.525425e+00	8.950565e+01
3.460000e-06	2.898258e-07	1.316613e-09	2.137624e+00	8.512161e+01
3.470000e-06	2.371401e-07	1.253509e-09	1.749039e+00	8.058309e+01
3.480000e-06	1.843624e-07	1.179605e-09	1.359774e+00	7.588676e+01
3.490000e-06	1.315531e-07	1.100525e-09	9.702761e-01	7.103094e+01
3.500000e-06	7.874432e-08	1.027175e-09	5.807827e-01	6.601579e+01
3.510000e-06	2.592839e-08	9.486168e-10	1.912361e-01	6.084339e+01
3.520000e-06	-2.696485e-08	8.680187e-10	-1.988806e-01	5.551770e+01
3.530000e-06	-7.983309e-08	7.844205e-10	-5.888129e-01	5.004455e+01
3.540000e-06	-1.326176e-07	7.008536e-10	-9.781278e-01	4.443150e+01
3.550000e-06	-1.853293e-07	6.163960e-10	-1.366906e+00	3.868766e+01
3.560000e-06	-2.379809e-07	5.277038e-10	-1.755240e+00	3.282354e+01
3.570000e-06	-2.906300e-07	4.393838e-10	-2.143556e+00	2.685075e+01
3.580000e-06	-3.432135e-07	3.442917e-10	-2.531388e+00	2.078186e+01
3.590000e-06	-3.957373e-07	2.492486e-10	-2.918780e+00	1.463011e+01
3.600000e-06	-4.482327e-07	1.571442e-10	-3.305963e+00	8.409252e+00
3.610000e-06	-5.006525e-07	6.145256e-11	-3.692587e+00	2.133388e+00
3.620000e-06	-5.529314e-07	-3.363280e-11	-4.078173e+00	-4.183205e+00
3.630000e-06	-6.051178e-07	-1.307577e-10	-4.463076e+00	-1.052616e+01
3.640000e-06	-6.572771e-07	-2.260385e-10	-4.847780e+00	-1.688111e+01
3.650000e-06	-7.093201e-07	-3.213260e-10	-5.231625e+00	-2.323373e+01
3.660000e-06	-7.612079e-07	-4.190874e-10	-5.614327e+00	-2.956976e+01
3.670000e-06	-8.130068e-07	-5.136917e-10	-5.996372e+00	-3.587506e+01
3.680000e-06	-8.646806e-07	-6.095703e-10	-6.377494e+00	-4.213562e+01
3.690000e-06	-9.161719e-07	-7.029432e-10	-6.757271e+00	-4.833761e+01
3.700000e-06	-9.674406e-07	-7.972122e-10	-7.135406e+00	-5.446742e+01
3.710000e-06	-1.018552e-06	-8.898974e-10	-7.512382e+00	-6.051177e+01
3.720000e-06	-1.069526e-06	-9.780434e-10	-7.888341e+00	-6.645780e+01
3.730000e-06	-1.120258e-06	-1.067362e-09	-8.262522e+00	-7.229323e+01
3.740000e-06	-1.170752e-06	-1.153419e-09	-8.634937e+00	-7.800653e+01
3.750000e-06	-1.220993e-06	-1.238721e-09	-9.005493e+00	-8.358707e+01
3.760000e-06	-1.270963e-06	-1.319242e-09	-9.374048e+00	-8.902534e+01
3.770000e-06	-1.320704e-06	-1.396602e-09	-9.740915e+00	-9.431315e+01
3.780000e-06	-1.370208e-06	-1.474340e-09	-1.010604e+01	-9.944376e+01
3.790000e-06	-1.419314e-06	-1.549869e-09	-1.046822e+01	-1.044121e+02
3.800000e-06	-1.467931e-06	-1.624436e-09	-1.082680e+01	-1.092146e+02
3.810000e-06	-1.516178e-06	-1.695652e-09	-1.118265e+01	-1.138499e+02
3.820000e-06	-1.563949e-06	-1.765496e-09	-1.153499e+01	-1.183179e+02
3.830000e-06	-1.611326e-06	-1.835030e-09	-1.188441e+01	-1.226207e+02
3.840000e-06	-1.658489e-06	-1.899144e-09	-1.223227e+01	-1.267614e+02
3.850000e-06	-1.705376e-06	-1.958794e-09	-1.257808e+01	-1.307451e+02
3.860000e-06	-1.752019e-06	-2.016597e-09	-1.292210e+01	-1.345776e+02
3.870000e-06	-1.798497e-06	-2.074614e-09	-1.326490e+01	-1.382658e+02
3.880000e-06	-1.844761e-06	-2.132559e-09	-1.360613e+01	-1.418171e+02
3.890000e-06	-1.890709e-06	-2.184026e-09	-1.394502e+01	-1.452394e+02
3.900000e-06	-1.936310e-06	-2.234523e-09	-1.428135e+01	-1.485403e+02
3.910000e-06	-1.981492e-06	-2.284031e-09	-1.461459e+01	-1.517273e+02
3.920000e-06	-2.026297e-06	-2.332349e-09	-1.494505e+01	-1.548075e+02
3.930000e-06	-2.070832e-06	-2.379315e-09	-1.527352e+01	-1.577870e+02
3.940000e-06	-2.115185e-06	-2.421583e-09	-1.560065e+01	-1.606715e+02
3.950000e-06	-2.159338e-06	-2.463900e-09	-1.592631e+01	-1.634655e+02
3.960000e-06	-2.203252e-06	-2.507103e-09	-1.625020e+01	-1.661727e+02
3.970000e-06	-2.246786e-06	-2.550603e-09	-1.657128e+01	-1.687960e+02
3.980000e-06	-2.289810e-06	-2.592698e-09	-1.688860e+01	-1.713376e+02
3.990000e-06	-2.332429e-06	-2.632796e-09	-1.720295e+01	-1.737989e+02
4.000000e-06	-2.374709e-06	-2.672921e-09	-1.751478e+01	-1.761811e+02
4.010000e-06	-2.416541e-06	-2.712062e-09	-1.782332e+01	-1.784850e+02
4.020000e-06	-2.457922e-06	-2.748471e-09	-1.812852e+01	-1.807112e+02
4.030000e-06	-2.498874e-06	-2.782930e-09	-1.843057e+01	-1.828606e+02
4.040000e-06	-2.539460e-06	-2.813903e-09	-1.872992e+01	-1.849342e+02
4.050000e-06	-2.579773e-06	-2.845082e-09	-1.902724e+01	-1.869332e+02
4.060000e-06	-2.619808e-06	-2.876537e-09	-1.932252e+01	-1.888595e+02
4.070000e-06	-2.659573e-06	-2.908030e-09	-1.961581e+01	-1.907149e+02
4.080000e-06	-2.698756e-06	-2.938818e-09	-1.990481e+01	-1.925020e+02
4.090000e-06	-2.737132e-06	-2.966311e-09	-2.018785e+01	-1.942236e+02
4.100000e-06	-2.774744e-06	-2.991451e-09	-2.046526e+01	-1.958826e+02
4.110000e-06	-2.811703e-06	-3.015642e-09	-2.073785e+01	-1.974823e+02
4.120000e-06	-2.848206e-06	-3.040845e-09	-2.100709e+01	-1.990258e+02
4.130000e-06	-2.884386e-06	-3.062884e-09	-2.127393e+01	-2.005161e+02
4.140000e-06	-2.920235e-06	-3.083045e-09	-2.153834e+01	-2.019563e+02
4.150000e-06	-2.955559e-06	-3.105910e-09	-2.179887e+01	-2.033490e+02
4.160000e-06	-2.990273e-06	-3.127638e-09	-2.205490e+01	-2.046965e+02
4.170000e-06	-3.024529e-06	-3.146451e-09	-2.230757e+01	-2.060009e+02
4.180000e-06	-3.058280e-06	-3.166473e-09	-2.255649e+01	-2.072638e+02
4.190000e-06	-3.091454e-06	-3.186806e-09	-2.280117e+01	-2.084866e+02
4.200000e-06	-3.124135e-06	-3.205507e-09	-2.304222e+01	-2.096704e+02
4.210000e-06	-3.156413e-06	-3.222996e-09	-2.328028e+01	-2.108161e+02
4.220000e-06	-3.188312e-06	-3.240029e-09	-2.351555e+01	-2.119245e+02
4.230000e-06	-3.219575e-06	-3.254654e-09	-2.374614e+01	-2.129964e+02
4.240000e-06	-3.249892e-06	-3.267155e-09	-2.396974e+01	-2.140328e+02
4.250000e-06	-3.279285e-06	-3.280432e-09	-2.418653e+01	-2.150345e+02
4.260000e-06	-3.308029e-06	-3.295396e-09	-2.439853e+01	-2.160027e+02
4.270000e-06	-3.336348e-06	-3.310801e-09	-2.460740e+01	-2.169386e+02
4.280000e-06	-3.364301e-06	-3.325024e-09	-2.481357e+01	-2.178438e+02
4.290000e-06	-3.391732e-06	-3.339691e-09	-2.501589e+01	-2.187197e+02
4.300000e-06	-3.418520e-06	-3.353516e-09	-2.521346e+01	-2.195679e+02
4.310000e-06	-3.444645e-06	-3.364711e-09	-2.540615e+01	-2.203901e+02
4.320000e-06	-3.470063e-06	-3.374682e-09	-2.559362e+01	-2.211876e+02
4.330000e-06	-3.494873e-06	-3.384301e-09	-2.577661e+01	-2.219618e+02
4.340000e-06	-3.519294e-06	-3.394290e-09	-2.595673e+01	-2.227138e+02
4.350000e-06	-3.543347e-06	-3.404688e-09	-2.613413e+01	-2.234441e+02
4.360000e-06	-3.566751e-06	-3.415182e-09	-2.630675e+01	-2.241532e+02
4.370000e-06	-3.589303e-06	-3.426413e-09	-2.647308e+01	-2.248412e+02
4.380000e-06	-3.610855e-06	-3.436366e-09	-2.663204e+01	-2.255076e+02
4.390000e-06	-3.631567e-06	-3.443890e-09	-2.678480e+01	-2.261519e+02
4.400000e-06	-3.651836e-06	-3.451817e-09	-2.693429e+01	-2.267733e+02
4.410000e-06	-3.671654e-06	-3.459346e-09	-2.708047e+01	-2.273709e+02
4.420000e-06	-3.690829e-06	-3.464814e-09	-2.722189e+01	-2.279438e+02
4.430000e-06	-3.709403e-06	-3.469477e-09	-2.735889e+01	-2.284911e+02
4.440000e-06	-3.727422e-06	-3.475745e-09	-2.749179e+01	-2.290124e+02
4.450000e-06	-3.744808e-06	-3.484495e-09	-2.762001e+01	-2.295073e+02
4.460000e-06	-3.761603e-06	-3.492010e-09	-2.774389e+01	-2.299760e+02
4.470000e-06	-3.777904e-06	-3.497647e-09	-2.786412e+01	-2.304189e+02
4.480000e-06	-3.793739e-06	-3.502950e-09	-2.798091e+01	-2.308368e+02
4.490000e-06	-3.808700e-06	-3.507513e-09	-2.809125e+01	-2.312312e+02
4.500000e-06	-3.822416e-06	-3.512270e-09	-2.819242e+01	-2.316033e+02
4.510000e-06	-3.835186e-06	-3.517129e-09	-2.828660e+01	-2.319551e+02
4.520000e-06	-3.847308e-06	-3.519702e-09	-2.837601e+01	-2.322881e+02
4.530000e-06	-3.858738e-06	-3.521870e-09	-2.846031e+01	-2.326042e+02
4.540000e-06	-3.869507e-06	-3.525357e-09	-2.853974e+01	-2.329047e+02
4.550000e-06	-3.879674e-06	-3.528493e-09	-2.861473e+01	-2.331908e+02
4.560000e-06	-3.889153e-06	-3.530751e-09	-2.868464e+01	-2.334633e+02
4.570000e-06	-3.897943e-06	-3.532723e-09	-2.874947e+01	-2.337225e+02
4.580000e-06	-3.906213e-06	-3.533741e-09	-2.881047e+01	-2.339680e+02
4.590000e-06	-3.914007e-06	-3.536838e-09	-2.886795e+01	-2.341992e+02
4.600000e-06	-3.921042e-06	-3.540342e-09	-2.891984e+01	-2.344150e+02
4.610000e-06	-3.927027e-06	-3.541404e-09	-2.896398e+01	-2.346138e+02
4.620000e-06	-3.932096e-06	-3.542300e-09	-2.900137e+01	-2.347940e+02
4.630000e-06	-3.936607e-06	-3.543225e-09	-2.903464e+01	-2.349541e+02
4.640000e-06	-3.940584e-06	-3.543910e-09	-2.906397e+01	-2.350925e+02
4.650000e-06	-3.943847e-06	-3.544268e-09	-2.908804e+01	-2.352080e+02
4.660000e-06	-3.946439e-06	-3.544949e-09	-2.910716e+01	-2.353000e+02
4.670000e-06	-3.948389e-06	-3.545849e-09	-2.912154e+01	-2.353682e+02
4.680000e-06	-3.949608e-06	-3.545564e-09	-2.913053e+01	-2.354133e+02
4.690000e-06	-3.950237e-06	-3.544256e-09	-2.913517e+01	-2.354365e+02
