# Temperatura_=_20.0
# Concentracion g/m^3_=_9000.0
# C_Vs_to_Am_M_A/Vsm_=_65563218390.804596
# pendiente_HvsI_1/m_=_3716.3
# ordenada_HvsI_A/m_=_1297.0
# frecuencia_Hz_=_212858.19487414806

Tiempo_(s)	Campo_(V.s)	Magnetizacion_(V.s)	Campo_(kA/m)	Magnetizacion_(A/m)
0.000000e+00	-5.299489e-06	-4.779140e-11	-5.698329e+01	-5.109924e+00
1.000000e-08	-5.299181e-06	-4.527237e-11	-5.697998e+01	-5.063704e+00
2.000000e-08	-5.297806e-06	-4.097838e-11	-5.696519e+01	-5.021571e+00
3.000000e-08	-5.295269e-06	-3.866616e-11	-5.693792e+01	-4.984451e+00
4.000000e-08	-5.291845e-06	-3.824763e-11	-5.690110e+01	-4.952765e+00
5.000000e-08	-5.287711e-06	-3.818761e-11	-5.685665e+01	-4.926376e+00
6.000000e-08	-5.282750e-06	-3.969213e-11	-5.680331e+01	-4.904553e+00
7.000000e-08	-5.276885e-06	-4.590673e-11	-5.674024e+01	-4.885982e+00
8.000000e-08	-5.270132e-06	-5.440794e-11	-5.666763e+01	-4.868807e+00
9.000000e-08	-5.262517e-06	-2.879568e-11	-5.658574e+01	-4.850707e+00
1.000000e-07	-5.253841e-06	1.531924e-11	-5.649246e+01	-4.829013e+00
1.100000e-07	-5.243749e-06	2.307720e-11	-5.638394e+01	-4.800841e+00
1.200000e-07	-5.232487e-06	-6.954132e-11	-5.626284e+01	-4.763253e+00
1.300000e-07	-5.220453e-06	-1.435271e-10	-5.613345e+01	-4.713424e+00
1.400000e-07	-5.207591e-06	-2.441775e-11	-5.599515e+01	-4.648819e+00
1.500000e-07	-5.193878e-06	5.748627e-11	-5.584770e+01	-4.567344e+00
1.600000e-07	-5.179396e-06	-3.409740e-11	-5.569197e+01	-4.467494e+00
1.700000e-07	-5.163812e-06	-6.890060e-11	-5.552441e+01	-4.348466e+00
1.800000e-07	-5.146811e-06	-5.949067e-11	-5.534161e+01	-4.210231e+00
1.900000e-07	-5.128993e-06	-8.330002e-11	-5.515002e+01	-4.053576e+00
2.000000e-07	-5.110730e-06	3.124714e-11	-5.495364e+01	-3.880088e+00
2.100000e-07	-5.091588e-06	3.774747e-11	-5.474781e+01	-3.692105e+00
2.200000e-07	-5.071516e-06	-1.506613e-10	-5.453199e+01	-3.492619e+00
2.300000e-07	-5.050683e-06	-8.227579e-11	-5.430798e+01	-3.285140e+00
2.400000e-07	-5.028952e-06	9.054638e-11	-5.407431e+01	-3.073536e+00
2.500000e-07	-5.006247e-06	-1.012216e-11	-5.383018e+01	-2.861846e+00
2.600000e-07	-4.982753e-06	-1.526184e-10	-5.357756e+01	-2.654088e+00
2.700000e-07	-4.958547e-06	-1.061967e-10	-5.331728e+01	-2.454068e+00
2.800000e-07	-4.933457e-06	-2.010952e-11	-5.304750e+01	-2.265199e+00
2.900000e-07	-4.907242e-06	-1.330932e-11	-5.276562e+01	-2.090346e+00
3.000000e-07	-4.879903e-06	-9.184307e-11	-5.247165e+01	-1.931701e+00
3.100000e-07	-4.851735e-06	-1.074918e-10	-5.216877e+01	-1.790701e+00
3.200000e-07	-4.822734e-06	-5.021492e-11	-5.185694e+01	-1.667984e+00
3.300000e-07	-4.792795e-06	-6.111341e-11	-5.153501e+01	-1.563396e+00
3.400000e-07	-4.762050e-06	-4.027527e-11	-5.120442e+01	-1.476039e+00
3.500000e-07	-4.730625e-06	-3.459425e-11	-5.086652e+01	-1.404359e+00
3.600000e-07	-4.698504e-06	-1.254241e-10	-5.052114e+01	-1.346272e+00
3.700000e-07	-4.665603e-06	-8.089044e-11	-5.016736e+01	-1.299310e+00
3.800000e-07	-4.631672e-06	3.728087e-11	-4.980252e+01	-1.260791e+00
3.900000e-07	-4.596565e-06	-4.999000e-11	-4.942503e+01	-1.227983e+00
4.000000e-07	-4.560568e-06	-1.397456e-10	-4.903797e+01	-1.198276e+00
4.100000e-07	-4.523908e-06	-3.558421e-11	-4.864378e+01	-1.169325e+00
4.200000e-07	-4.486529e-06	2.044357e-11	-4.824186e+01	-1.139180e+00
4.300000e-07	-4.448289e-06	-6.974591e-11	-4.783068e+01	-1.106376e+00
4.400000e-07	-4.409224e-06	-9.365836e-11	-4.741062e+01	-1.069993e+00
4.500000e-07	-4.369619e-06	-3.017905e-11	-4.698477e+01	-1.029670e+00
4.600000e-07	-4.329567e-06	-2.244823e-11	-4.655410e+01	-9.855890e-01
4.700000e-07	-4.288735e-06	-4.927117e-11	-4.611505e+01	-9.384152e-01
4.800000e-07	-4.246712e-06	-5.489113e-11	-4.566320e+01	-8.892134e-01
4.900000e-07	-4.203611e-06	-4.227843e-11	-4.519975e+01	-8.393365e-01
5.000000e-07	-4.159863e-06	-2.664612e-11	-4.472935e+01	-7.903005e-01
5.100000e-07	-4.115556e-06	-2.594029e-11	-4.425293e+01	-7.436530e-01
5.200000e-07	-4.070595e-06	-3.466735e-11	-4.376948e+01	-7.008451e-01
5.300000e-07	-4.024915e-06	-4.639458e-11	-4.327831e+01	-6.631148e-01
5.400000e-07	-3.978453e-06	-4.013564e-11	-4.277871e+01	-6.313900e-01
5.500000e-07	-3.931297e-06	-1.453774e-11	-4.227166e+01	-6.062169e-01
5.600000e-07	-3.883664e-06	-1.756985e-11	-4.175949e+01	-5.877181e-01
5.700000e-07	-3.835402e-06	-4.996988e-11	-4.124055e+01	-5.755814e-01
5.800000e-07	-3.786160e-06	-4.837478e-11	-4.071107e+01	-5.690801e-01
5.900000e-07	-3.735931e-06	-5.012316e-12	-4.017098e+01	-5.671219e-01
6.000000e-07	-3.684890e-06	-3.663134e-12	-3.962215e+01	-5.683214e-01
6.100000e-07	-3.633046e-06	-4.780762e-11	-3.906469e+01	-5.710907e-01
6.200000e-07	-3.580362e-06	-4.565585e-11	-3.849820e+01	-5.737413e-01
6.300000e-07	-3.527038e-06	-1.076992e-11	-3.792484e+01	-5.745897e-01
6.400000e-07	-3.473156e-06	-1.468781e-11	-3.734546e+01	-5.720585e-01
6.500000e-07	-3.418594e-06	-4.169292e-11	-3.675878e+01	-5.647669e-01
6.600000e-07	-3.363449e-06	-4.259519e-11	-3.616583e+01	-5.516049e-01
6.700000e-07	-3.307905e-06	-2.406383e-11	-3.556858e+01	-5.317852e-01
6.800000e-07	-3.251972e-06	-1.568739e-11	-3.496716e+01	-5.048722e-01
6.900000e-07	-3.195477e-06	-1.632373e-11	-3.435969e+01	-4.707853e-01
7.000000e-07	-3.138050e-06	-2.517020e-11	-3.374220e+01	-4.297784e-01
7.100000e-07	-3.079594e-06	-3.026317e-11	-3.311365e+01	-3.823985e-01
7.200000e-07	-3.020456e-06	-1.540006e-11	-3.247776e+01	-3.294262e-01
7.300000e-07	-2.960934e-06	-4.717631e-12	-3.183775e+01	-2.718047e-01
7.400000e-07	-2.901125e-06	-1.736980e-11	-3.119464e+01	-2.105621e-01
7.500000e-07	-2.840835e-06	-3.182374e-11	-3.054637e+01	-1.467333e-01
7.600000e-07	-2.779972e-06	-2.322180e-11	-2.989193e+01	-8.128857e-02
7.700000e-07	-2.718690e-06	-6.393353e-12	-2.923298e+01	-1.507097e-02
7.800000e-07	-2.656982e-06	-1.213002e-11	-2.856947e+01	5.124992e-02
7.900000e-07	-2.594789e-06	-2.534790e-11	-2.790073e+01	1.172076e-01
8.000000e-07	-2.532118e-06	-1.826154e-11	-2.722685e+01	1.825490e-01
8.100000e-07	-2.469029e-06	-4.070305e-12	-2.654848e+01	2.472265e-01
8.200000e-07	-2.405607e-06	-5.942826e-12	-2.586653e+01	3.113728e-01
8.300000e-07	-2.341889e-06	-1.649615e-11	-2.518140e+01	3.752619e-01
8.400000e-07	-2.277867e-06	-1.554017e-11	-2.449299e+01	4.392592e-01
8.500000e-07	-2.213541e-06	-8.533844e-12	-2.380132e+01	5.037674e-01
8.600000e-07	-2.148919e-06	-6.171174e-12	-2.310647e+01	5.691701e-01
8.700000e-07	-2.083787e-06	-5.563208e-12	-2.240613e+01	6.357799e-01
8.800000e-07	-2.017948e-06	-7.004919e-12	-2.169819e+01	7.037954e-01
8.900000e-07	-1.951526e-06	-7.442205e-12	-2.098398e+01	7.732682e-01
9.000000e-07	-1.884780e-06	-3.523305e-12	-2.026629e+01	8.440849e-01
9.100000e-07	-1.817712e-06	9.076318e-13	-1.954513e+01	9.159640e-01
9.200000e-07	-1.750302e-06	-8.423661e-13	-1.882030e+01	9.884676e-01
9.300000e-07	-1.682682e-06	-4.761723e-12	-1.809321e+01	1.061027e+00
9.400000e-07	-1.614918e-06	-8.662646e-13	-1.736457e+01	1.132979e+00
9.500000e-07	-1.547046e-06	1.933532e-12	-1.663477e+01	1.203611e+00
9.600000e-07	-1.478993e-06	-2.348194e-12	-1.590303e+01	1.272210e+00
9.700000e-07	-1.410672e-06	-4.656909e-12	-1.516840e+01	1.338113e+00
9.800000e-07	-1.341982e-06	-1.051519e-13	-1.442980e+01	1.400750e+00
9.900000e-07	-1.272979e-06	3.854795e-12	-1.368783e+01	1.459685e+00
1.000000e-06	-1.203794e-06	3.402891e-12	-1.294392e+01	1.514643e+00
1.010000e-06	-1.134391e-06	5.928103e-12	-1.219765e+01	1.565525e+00
1.020000e-06	-1.064758e-06	9.544861e-12	-1.144892e+01	1.612411e+00
1.030000e-06	-9.949707e-07	8.405265e-12	-1.069852e+01	1.655551e+00
1.040000e-06	-9.250496e-07	6.017173e-12	-9.946689e+00	1.695343e+00
1.050000e-06	-8.548845e-07	6.090747e-12	-9.192232e+00	1.732296e+00
1.060000e-06	-7.844967e-07	8.306877e-12	-8.435380e+00	1.766997e+00
1.070000e-06	-7.139986e-07	1.127249e-11	-7.677342e+00	1.800065e+00
1.080000e-06	-6.433829e-07	1.407171e-11	-6.918039e+00	1.832108e+00
1.090000e-06	-5.726118e-07	1.696223e-11	-6.157066e+00	1.863683e+00
1.100000e-06	-5.016244e-07	1.919505e-11	-5.393767e+00	1.895264e+00
1.110000e-06	-4.304816e-07	2.178277e-11	-4.628797e+00	1.927213e+00
1.120000e-06	-3.593570e-07	2.393067e-11	-3.864023e+00	1.959767e+00
1.130000e-06	-2.882221e-07	2.270067e-11	-3.099137e+00	1.993037e+00
1.140000e-06	-2.170407e-07	2.061327e-11	-2.333752e+00	2.027008e+00
1.150000e-06	-1.458187e-07	2.092988e-11	-1.567930e+00	2.061564e+00
1.160000e-06	-7.455639e-08	2.289450e-11	-8.016751e-01	2.096506e+00
1.170000e-06	-3.369194e-09	2.308638e-11	-3.622760e-02	2.131586e+00
1.180000e-06	6.773202e-08	2.340251e-11	7.282954e-01	2.166539e+00
1.190000e-06	1.388303e-07	2.797932e-11	1.492786e+00	2.201113e+00
1.200000e-06	2.099432e-07	3.296123e-11	2.257436e+00	2.235104e+00
1.210000e-06	2.809929e-07	3.446312e-11	3.021405e+00	2.268372e+00
1.220000e-06	3.519161e-07	3.439142e-11	3.784013e+00	2.300862e+00
1.230000e-06	4.227309e-07	3.551295e-11	4.545457e+00	2.332610e+00
1.240000e-06	4.934493e-07	3.729338e-11	5.305864e+00	2.363740e+00
1.250000e-06	5.640983e-07	3.837259e-11	6.065523e+00	2.394452e+00
1.260000e-06	6.346825e-07	3.755922e-11	6.824487e+00	2.425007e+00
1.270000e-06	7.051783e-07	3.584356e-11	7.582501e+00	2.455698e+00
1.280000e-06	7.755169e-07	3.874343e-11	8.338824e+00	2.486825e+00
1.290000e-06	8.456411e-07	4.401494e-11	9.092842e+00	2.518670e+00
1.300000e-06	9.156103e-07	4.653159e-11	9.845192e+00	2.551464e+00
1.310000e-06	9.854737e-07	4.644159e-11	1.059641e+01	2.585372e+00
1.320000e-06	1.055187e-06	4.571558e-11	1.134600e+01	2.620477e+00
1.330000e-06	1.124669e-06	4.640244e-11	1.209312e+01	2.656771e+00
1.340000e-06	1.193984e-06	4.546473e-11	1.283843e+01	2.694162e+00
1.350000e-06	1.263122e-06	4.171751e-11	1.358185e+01	2.732482e+00
1.360000e-06	1.331996e-06	3.942599e-11	1.432242e+01	2.771505e+00
1.370000e-06	1.400657e-06	4.092329e-11	1.506071e+01	2.810979e+00
1.380000e-06	1.469072e-06	4.487026e-11	1.579634e+01	2.850648e+00
1.390000e-06	1.537259e-06	4.757636e-11	1.652953e+01	2.890291e+00
1.400000e-06	1.605237e-06	4.713649e-11	1.726047e+01	2.929742e+00
1.410000e-06	1.672967e-06	4.767787e-11	1.798875e+01	2.968927e+00
1.420000e-06	1.740497e-06	5.012980e-11	1.871487e+01	3.007874e+00
1.430000e-06	1.807848e-06	5.145958e-11	1.943907e+01	3.046728e+00
1.440000e-06	1.874928e-06	4.964104e-11	2.016036e+01	3.085750e+00
1.450000e-06	1.941722e-06	4.707528e-11	2.087856e+01	3.125308e+00
1.460000e-06	2.008156e-06	4.748241e-11	2.159290e+01	3.165858e+00
1.470000e-06	2.073984e-06	5.064133e-11	2.230072e+01	3.207912e+00
1.480000e-06	2.139128e-06	5.225996e-11	2.300119e+01	3.252007e+00
1.490000e-06	2.203729e-06	5.120117e-11	2.369582e+01	3.298662e+00
1.500000e-06	2.267913e-06	5.281671e-11	2.438596e+01	3.348338e+00
1.510000e-06	2.331709e-06	5.560938e-11	2.507193e+01	3.401398e+00
1.520000e-06	2.395202e-06	5.615862e-11	2.575465e+01	3.458075e+00
1.530000e-06	2.458422e-06	5.541543e-11	2.643443e+01	3.518441e+00
1.540000e-06	2.521304e-06	5.569143e-11	2.711057e+01	3.582396e+00
1.550000e-06	2.583720e-06	5.623721e-11	2.778172e+01	3.649654e+00
1.560000e-06	2.645608e-06	5.519621e-11	2.844717e+01	3.719760e+00
1.570000e-06	2.707065e-06	5.451358e-11	2.910799e+01	3.792098e+00
1.580000e-06	2.768128e-06	5.652615e-11	2.976457e+01	3.865929e+00
1.590000e-06	2.828718e-06	6.052242e-11	3.041607e+01	3.940420e+00
1.600000e-06	2.888864e-06	6.415343e-11	3.106280e+01	4.014694e+00
1.610000e-06	2.948591e-06	6.734586e-11	3.170502e+01	4.087874e+00
1.620000e-06	3.007885e-06	6.954662e-11	3.234259e+01	4.159128e+00
1.630000e-06	3.066680e-06	7.025712e-11	3.297479e+01	4.227715e+00
1.640000e-06	3.124698e-06	7.076298e-11	3.359863e+01	4.293015e+00
1.650000e-06	3.181805e-06	7.146897e-11	3.421268e+01	4.354563e+00
1.660000e-06	3.238180e-06	7.196736e-11	3.481886e+01	4.412059e+00
1.670000e-06	3.294007e-06	7.400171e-11	3.541914e+01	4.465374e+00
1.680000e-06	3.349387e-06	7.684528e-11	3.601462e+01	4.514545e+00
1.690000e-06	3.404289e-06	7.871557e-11	3.660497e+01	4.559749e+00
1.700000e-06	3.458638e-06	8.025014e-11	3.718936e+01	4.601285e+00
1.710000e-06	3.512403e-06	8.115474e-11	3.776746e+01	4.639530e+00
1.720000e-06	3.565556e-06	8.147139e-11	3.833900e+01	4.674903e+00
1.730000e-06	3.618087e-06	8.042250e-11	3.890385e+01	4.707826e+00
1.740000e-06	3.669936e-06	7.842896e-11	3.946136e+01	4.738682e+00
1.750000e-06	3.720977e-06	7.817870e-11	4.001018e+01	4.767787e+00
1.760000e-06	3.771062e-06	7.968228e-11	4.054873e+01	4.795357e+00
1.770000e-06	3.820163e-06	8.188377e-11	4.107669e+01	4.821498e+00
1.780000e-06	3.868410e-06	8.462217e-11	4.159547e+01	4.846196e+00
1.790000e-06	3.916006e-06	8.897329e-11	4.210725e+01	4.869322e+00
1.800000e-06	3.963070e-06	9.317280e-11	4.261332e+01	4.890646e+00
1.810000e-06	4.009498e-06	9.403085e-11	4.311253e+01	4.909861e+00
1.820000e-06	4.055209e-06	9.310718e-11	4.360404e+01	4.926609e+00
1.830000e-06	4.100213e-06	9.132074e-11	4.408795e+01	4.940522e+00
1.840000e-06	4.144589e-06	8.916281e-11	4.456511e+01	4.951249e+00
1.850000e-06	4.188422e-06	8.856847e-11	4.503643e+01	4.958494e+00
1.860000e-06	4.231663e-06	8.995327e-11	4.550139e+01	4.962047e+00
1.870000e-06	4.274115e-06	9.132695e-11	4.595785e+01	4.961804e+00
1.880000e-06	4.315497e-06	9.186863e-11	4.640282e+01	4.957787e+00
1.890000e-06	4.355818e-06	9.239440e-11	4.683637e+01	4.950152e+00
1.900000e-06	4.395343e-06	9.287111e-11	4.726137e+01	4.939184e+00
1.910000e-06	4.434256e-06	9.273527e-11	4.767979e+01	4.925293e+00
1.920000e-06	4.472469e-06	9.321054e-11	4.809067e+01	4.908992e+00
1.930000e-06	4.509865e-06	9.239389e-11	4.849278e+01	4.890882e+00
1.940000e-06	4.546497e-06	9.099631e-11	4.888667e+01	4.871618e+00
1.950000e-06	4.582475e-06	9.113171e-11	4.927353e+01	4.851890e+00
1.960000e-06	4.617854e-06	9.099906e-11	4.965394e+01	4.832393e+00
1.970000e-06	4.652375e-06	9.054516e-11	5.002513e+01	4.813806e+00
1.980000e-06	4.685759e-06	8.891107e-11	5.038410e+01	4.796770e+00
1.990000e-06	4.718082e-06	8.897454e-11	5.073165e+01	4.781876e+00
2.000000e-06	4.749596e-06	8.920215e-11	5.107051e+01	4.769654e+00
2.010000e-06	4.780468e-06	8.666324e-11	5.140246e+01	4.760574e+00
2.020000e-06	4.810624e-06	8.415793e-11	5.172672e+01	4.755041e+00
2.030000e-06	4.839916e-06	8.335577e-11	5.204168e+01	4.753400e+00
2.040000e-06	4.868377e-06	8.397508e-11	5.234772e+01	4.755944e+00
2.050000e-06	4.896138e-06	8.351145e-11	5.264622e+01	4.762912e+00
2.060000e-06	4.923211e-06	8.495781e-11	5.293732e+01	4.774494e+00
2.070000e-06	4.949284e-06	8.717659e-11	5.321768e+01	4.790830e+00
2.080000e-06	4.974162e-06	8.727617e-11	5.348518e+01	4.812002e+00
2.090000e-06	4.998089e-06	8.795685e-11	5.374246e+01	4.838021e+00
2.100000e-06	5.021228e-06	8.813462e-11	5.399126e+01	4.868816e+00
2.110000e-06	5.043494e-06	8.720664e-11	5.423068e+01	4.904212e+00
2.120000e-06	5.064889e-06	8.665243e-11	5.446073e+01	4.943908e+00
2.130000e-06	5.085477e-06	8.802721e-11	5.468211e+01	4.987463e+00
2.140000e-06	5.105330e-06	9.021296e-11	5.489558e+01	5.034272e+00
2.150000e-06	5.124491e-06	9.114259e-11	5.510160e+01	5.083563e+00
2.160000e-06	5.142724e-06	9.250294e-11	5.529766e+01	5.134390e+00
2.170000e-06	5.159935e-06	9.449989e-11	5.548272e+01	5.185647e+00
2.180000e-06	5.176290e-06	9.553875e-11	5.565858e+01	5.236086e+00
2.190000e-06	5.191778e-06	9.745466e-11	5.582511e+01	5.284353e+00
2.200000e-06	5.206239e-06	9.941669e-11	5.598062e+01	5.329035e+00
2.210000e-06	5.219659e-06	9.904605e-11	5.612491e+01	5.368719e+00
2.220000e-06	5.232193e-06	9.889699e-11	5.625969e+01	5.402058e+00
2.230000e-06	5.243826e-06	1.002579e-10	5.638477e+01	5.427841e+00
2.240000e-06	5.254352e-06	1.009203e-10	5.649795e+01	5.445064e+00
2.250000e-06	5.263585e-06	1.020029e-10	5.659723e+01	5.452999e+00
2.260000e-06	5.271716e-06	1.042716e-10	5.668466e+01	5.451249e+00
2.270000e-06	5.279027e-06	1.049468e-10	5.676327e+01	5.439788e+00
2.280000e-06	5.285459e-06	1.040649e-10	5.683243e+01	5.418984e+00
2.290000e-06	5.290974e-06	1.039109e-10	5.689173e+01	5.389602e+00
2.300000e-06	5.295622e-06	1.035910e-10	5.694171e+01	5.352774e+00
2.310000e-06	5.299481e-06	1.026630e-10	5.698321e+01	5.309955e+00
2.320000e-06	5.302444e-06	1.027048e-10	5.701507e+01	5.262846e+00
2.330000e-06	5.304245e-06	1.030787e-10	5.703443e+01	5.213299e+00
2.340000e-06	5.304902e-06	1.030069e-10	5.704150e+01	5.163213e+00
2.350000e-06	5.304651e-06	1.022166e-10	5.703880e+01	5.114407e+00
2.360000e-06	5.303592e-06	1.024793e-10	5.702741e+01	5.068500e+00
2.370000e-06	5.301682e-06	1.050817e-10	5.700687e+01	5.026793e+00
2.380000e-06	5.298929e-06	1.066931e-10	5.697727e+01	4.990164e+00
2.390000e-06	5.295366e-06	1.042816e-10	5.693896e+01	4.958982e+00
2.400000e-06	5.291144e-06	1.014656e-10	5.689356e+01	4.933051e+00
2.410000e-06	5.286225e-06	1.006461e-10	5.684067e+01	4.911580e+00
2.420000e-06	5.280191e-06	8.577768e-11	5.677579e+01	4.893199e+00
2.430000e-06	5.272932e-06	8.985511e-11	5.669773e+01	4.876000e+00
2.440000e-06	5.264698e-06	1.412494e-10	5.660919e+01	4.857624e+00
2.450000e-06	5.255390e-06	1.791248e-10	5.650911e+01	4.835373e+00
2.460000e-06	5.244729e-06	1.094474e-10	5.639448e+01	4.806349e+00
2.470000e-06	5.233134e-06	-6.506445e-12	5.626981e+01	4.767618e+00
2.480000e-06	5.221344e-06	4.701991e-11	5.614303e+01	4.716379e+00
2.490000e-06	5.208973e-06	1.892092e-10	5.601001e+01	4.650130e+00
2.500000e-06	5.194949e-06	1.141437e-10	5.585921e+01	4.566832e+00
2.510000e-06	5.179488e-06	6.633625e-11	5.569297e+01	4.465047e+00
2.520000e-06	5.163504e-06	1.019056e-10	5.552110e+01	4.344044e+00
2.530000e-06	5.146772e-06	-2.487683e-12	5.534119e+01	4.203877e+00
2.540000e-06	5.128885e-06	9.233517e-11	5.514885e+01	4.045412e+00
2.550000e-06	5.110345e-06	2.316558e-10	5.494950e+01	3.870316e+00
2.560000e-06	5.091326e-06	4.294639e-11	5.474500e+01	3.680997e+00
2.570000e-06	5.071444e-06	-1.428365e-11	5.453121e+01	3.480505e+00
2.580000e-06	5.050503e-06	1.986554e-10	5.430604e+01	3.272393e+00
2.590000e-06	5.028322e-06	1.092322e-10	5.406754e+01	3.060556e+00
2.600000e-06	5.004983e-06	-7.281983e-11	5.381659e+01	2.849038e+00
2.610000e-06	4.980767e-06	1.717462e-11	5.355621e+01	2.641846e+00
2.620000e-06	4.955683e-06	4.647570e-11	5.328649e+01	2.442754e+00
2.630000e-06	4.929854e-06	1.774531e-11	5.300876e+01	2.255126e+00
2.640000e-06	4.903332e-06	-9.861048e-13	5.272358e+01	2.081765e+00
2.650000e-06	4.875927e-06	-3.027278e-11	5.242890e+01	1.924792e+00
2.660000e-06	4.847752e-06	2.295449e-11	5.212594e+01	1.785563e+00
2.670000e-06	4.818779e-06	-1.378307e-11	5.181441e+01	1.664637e+00
2.680000e-06	4.788502e-06	-1.368068e-11	5.148885e+01	1.561782e+00
2.690000e-06	4.756984e-06	7.192110e-11	5.114995e+01	1.476031e+00
2.700000e-06	4.724810e-06	-5.523782e-11	5.080400e+01	1.405770e+00
2.710000e-06	4.691922e-06	-8.192831e-11	5.045036e+01	1.348869e+00
2.720000e-06	4.658073e-06	8.700580e-11	5.008640e+01	1.302833e+00
2.730000e-06	4.623477e-06	2.665094e-11	4.971440e+01	1.264965e+00
2.740000e-06	4.588293e-06	-9.472152e-11	4.933608e+01	1.232540e+00
2.750000e-06	4.552484e-06	-2.177270e-11	4.895105e+01	1.202966e+00
2.760000e-06	4.515934e-06	6.240600e-11	4.855804e+01	1.173934e+00
2.770000e-06	4.478467e-06	-3.000884e-12	4.815516e+01	1.143539e+00
2.780000e-06	4.439924e-06	-7.509525e-11	4.774074e+01	1.110368e+00
2.790000e-06	4.400379e-06	-1.019748e-12	4.731552e+01	1.073556e+00
2.800000e-06	4.360135e-06	2.759933e-11	4.688280e+01	1.032799e+00
2.810000e-06	4.319297e-06	-4.084831e-11	4.644368e+01	9.883295e-01
2.820000e-06	4.277763e-06	-4.518476e-11	4.599708e+01	9.408575e-01
2.830000e-06	4.235434e-06	-5.786242e-12	4.554194e+01	8.914819e-01
2.840000e-06	4.192351e-06	4.712330e-13	4.507868e+01	8.415776e-01
2.850000e-06	4.148715e-06	-3.220671e-11	4.460948e+01	7.926697e-01
2.860000e-06	4.104580e-06	-2.558663e-11	4.413491e+01	7.463017e-01
2.870000e-06	4.059925e-06	-5.906168e-12	4.365476e+01	7.039085e-01
2.880000e-06	4.014631e-06	-3.372172e-11	4.316772e+01	6.667011e-01
2.890000e-06	3.968424e-06	-1.832204e-11	4.267088e+01	6.355719e-01
2.900000e-06	3.921367e-06	3.829451e-12	4.216490e+01	6.110262e-01
2.910000e-06	3.873813e-06	-3.217931e-11	4.165357e+01	5.931430e-01
2.920000e-06	3.825684e-06	-4.556259e-11	4.113606e+01	5.815672e-01
2.930000e-06	3.776650e-06	-1.427568e-12	4.060881e+01	5.755332e-01
2.940000e-06	3.726752e-06	1.441141e-11	4.007227e+01	5.739155e-01
2.950000e-06	3.676213e-06	-3.883195e-11	3.952885e+01	5.753041e-01
2.960000e-06	3.625031e-06	-4.589591e-11	3.897851e+01	5.780965e-01
2.970000e-06	3.573134e-06	1.193664e-12	3.842048e+01	5.805999e-01
2.980000e-06	3.520527e-06	-3.212585e-13	3.785483e+01	5.811370e-01
2.990000e-06	3.467172e-06	-3.212445e-11	3.728111e+01	5.781461e-01
3.000000e-06	3.412854e-06	-3.420276e-11	3.669706e+01	5.702708e-01
3.010000e-06	3.357575e-06	-1.620628e-11	3.610267e+01	5.564310e-01
3.020000e-06	3.301672e-06	-1.550502e-11	3.550156e+01	5.358739e-01
3.030000e-06	3.245301e-06	-1.917009e-11	3.489542e+01	5.081996e-01
3.040000e-06	3.188390e-06	-1.984757e-11	3.428348e+01	4.733623e-01
3.050000e-06	3.130914e-06	-2.834396e-11	3.366547e+01	4.316474e-01
3.060000e-06	3.072892e-06	-2.628216e-11	3.304158e+01	3.836281e-01
3.070000e-06	3.014362e-06	-1.106881e-11	3.241223e+01	3.301047e-01
3.080000e-06	2.955328e-06	-9.370407e-12	3.177746e+01	2.720324e-01
3.090000e-06	2.895750e-06	-2.941652e-11	3.113685e+01	2.104433e-01
3.100000e-06	2.835743e-06	-3.092446e-11	3.049161e+01	1.463692e-01
3.110000e-06	2.775439e-06	-1.071678e-11	2.984318e+01	8.077002e-02
3.120000e-06	2.714765e-06	-1.027753e-11	2.919078e+01	1.447340e-02
3.130000e-06	2.653535e-06	-2.696286e-11	2.853241e+01	-5.187041e-02
3.140000e-06	2.591607e-06	-2.930257e-11	2.786651e+01	-1.178161e-01
3.150000e-06	2.528929e-06	-1.476511e-11	2.719256e+01	-1.831317e-01
3.160000e-06	2.465615e-06	-1.571089e-11	2.651177e+01	-2.477892e-01
3.170000e-06	2.401888e-06	-2.781647e-11	2.582655e+01	-3.119374e-01
3.180000e-06	2.337880e-06	-2.726094e-11	2.513829e+01	-3.758615e-01
3.190000e-06	2.273598e-06	-2.360280e-11	2.444709e+01	-4.399334e-01
3.200000e-06	2.209012e-06	-2.322558e-11	2.375263e+01	-5.045564e-01
3.210000e-06	2.144084e-06	-2.228984e-11	2.305448e+01	-5.701090e-01
3.220000e-06	2.078786e-06	-1.995984e-11	2.235235e+01	-6.368944e-01
3.230000e-06	2.013149e-06	-2.272746e-11	2.164658e+01	-7.050977e-01
3.240000e-06	1.947163e-06	-2.497615e-11	2.093707e+01	-7.747545e-01
3.250000e-06	1.880825e-06	-1.982586e-11	2.022376e+01	-8.457346e-01
3.260000e-06	1.814175e-06	-2.190881e-11	1.950710e+01	-9.177400e-01
3.270000e-06	1.747169e-06	-2.902011e-11	1.878661e+01	-9.903184e-01
3.280000e-06	1.679839e-06	-2.902708e-11	1.806263e+01	-1.062890e+00
3.290000e-06	1.612299e-06	-2.487416e-11	1.733641e+01	-1.134784e+00
3.300000e-06	1.544612e-06	-2.642734e-11	1.660859e+01	-1.205286e+00
3.310000e-06	1.476710e-06	-3.209140e-11	1.587848e+01	-1.273686e+00
3.320000e-06	1.408602e-06	-3.026051e-11	1.514613e+01	-1.339327e+00
3.330000e-06	1.340362e-06	-2.804281e-11	1.441238e+01	-1.401653e+00
3.340000e-06	1.271950e-06	-3.070689e-11	1.367677e+01	-1.460242e+00
3.350000e-06	1.203235e-06	-3.128823e-11	1.293790e+01	-1.514836e+00
3.360000e-06	1.134256e-06	-3.031787e-11	1.219620e+01	-1.565353e+00
3.370000e-06	1.065061e-06	-3.125623e-11	1.145218e+01	-1.611893e+00
3.380000e-06	9.955194e-07	-3.388586e-11	1.070442e+01	-1.654720e+00
3.390000e-06	9.255732e-07	-3.279490e-11	9.952319e+00	-1.694244e+00
3.400000e-06	8.552731e-07	-3.039584e-11	9.196410e+00	-1.730987e+00
3.410000e-06	7.847613e-07	-3.248235e-11	8.438225e+00	-1.765538e+00
3.420000e-06	7.140958e-07	-3.628437e-11	7.678387e+00	-1.798519e+00
3.430000e-06	6.431727e-07	-3.967550e-11	6.915780e+00	-1.830533e+00
3.440000e-06	5.720514e-07	-4.136809e-11	6.151040e+00	-1.862131e+00
3.450000e-06	5.008230e-07	-4.160591e-11	5.385149e+00	-1.893776e+00
3.460000e-06	4.295087e-07	-4.093563e-11	4.618336e+00	-1.925818e+00
3.470000e-06	3.580972e-07	-4.001058e-11	3.850476e+00	-1.958483e+00
3.480000e-06	2.865654e-07	-4.154266e-11	3.081324e+00	-1.991867e+00
3.490000e-06	2.149682e-07	-4.191382e-11	2.311468e+00	-2.025946e+00
3.500000e-06	1.433682e-07	-4.020223e-11	1.541581e+00	-2.060592e+00
3.510000e-06	7.178043e-08	-4.129980e-11	7.718264e-01	-2.095601e+00
3.520000e-06	1.817248e-10	-4.321111e-11	1.954015e-03	-2.130722e+00
3.530000e-06	-7.141208e-08	-4.132033e-11	-7.678656e-01	-2.165690e+00
3.540000e-06	-1.429492e-07	-3.810218e-11	-1.537076e+00	-2.200256e+00
3.550000e-06	-2.143932e-07	-3.939775e-11	-2.305285e+00	-2.234221e+00
3.560000e-06	-2.857653e-07	-4.306428e-11	-3.072720e+00	-2.267454e+00
3.570000e-06	-3.570533e-07	-4.426188e-11	-3.839252e+00	-2.299908e+00
3.580000e-06	-4.281951e-07	-4.340157e-11	-4.604211e+00	-2.331629e+00
3.590000e-06	-4.991841e-07	-4.323019e-11	-5.367527e+00	-2.362749e+00
3.600000e-06	-5.700261e-07	-4.510655e-11	-6.129263e+00	-2.393475e+00
3.610000e-06	-6.406654e-07	-4.777941e-11	-6.888819e+00	-2.424072e+00
3.620000e-06	-7.111510e-07	-4.838536e-11	-7.646723e+00	-2.454834e+00
3.630000e-06	-7.814387e-07	-4.769791e-11	-8.402498e+00	-2.486063e+00
3.640000e-06	-8.514407e-07	-4.663219e-11	-9.155202e+00	-2.518035e+00
3.650000e-06	-9.211743e-07	-4.703114e-11	-9.905019e+00	-2.550976e+00
3.660000e-06	-9.906262e-07	-4.799944e-11	-1.065181e+01	-2.585043e+00
3.670000e-06	-1.059800e-06	-4.584025e-11	-1.139561e+01	-2.620311e+00
3.680000e-06	-1.128742e-06	-4.359573e-11	-1.213691e+01	-2.656762e+00
3.690000e-06	-1.197445e-06	-4.509990e-11	-1.287565e+01	-2.694296e+00
3.700000e-06	-1.265920e-06	-4.711167e-11	-1.361193e+01	-2.732739e+00
3.710000e-06	-1.334261e-06	-4.603648e-11	-1.434678e+01	-2.771860e+00
3.720000e-06	-1.402482e-06	-4.466191e-11	-1.508033e+01	-2.811407e+00
3.730000e-06	-1.470525e-06	-4.570424e-11	-1.581197e+01	-2.851125e+00
3.740000e-06	-1.538408e-06	-4.744114e-11	-1.654189e+01	-2.890796e+00
3.750000e-06	-1.606093e-06	-4.702084e-11	-1.726968e+01	-2.930264e+00
3.760000e-06	-1.673539e-06	-4.623436e-11	-1.799490e+01	-2.969464e+00
3.770000e-06	-1.740721e-06	-4.600679e-11	-1.871728e+01	-3.008435e+00
3.780000e-06	-1.807564e-06	-4.727970e-11	-1.943602e+01	-3.047334e+00
3.790000e-06	-1.874090e-06	-4.723921e-11	-2.015134e+01	-3.086433e+00
3.800000e-06	-1.940338e-06	-4.528611e-11	-2.086368e+01	-3.126111e+00
3.810000e-06	-2.006276e-06	-4.489661e-11	-2.157268e+01	-3.166829e+00
3.820000e-06	-2.071877e-06	-4.638083e-11	-2.227807e+01	-3.209104e+00
3.830000e-06	-2.137118e-06	-4.829374e-11	-2.297958e+01	-3.253474e+00
3.840000e-06	-2.202006e-06	-4.696192e-11	-2.367729e+01	-3.300453e+00
3.850000e-06	-2.266546e-06	-4.309052e-11	-2.437126e+01	-3.350495e+00
3.860000e-06	-2.330766e-06	-4.071113e-11	-2.506180e+01	-3.403951e+00
3.870000e-06	-2.394699e-06	-4.132663e-11	-2.574925e+01	-3.461038e+00
3.880000e-06	-2.458222e-06	-4.345814e-11	-2.643228e+01	-3.521812e+00
3.890000e-06	-2.521200e-06	-4.277337e-11	-2.710946e+01	-3.586155e+00
3.900000e-06	-2.583544e-06	-4.125382e-11	-2.777982e+01	-3.653763e+00
3.910000e-06	-2.645170e-06	-4.257849e-11	-2.844246e+01	-3.724164e+00
3.920000e-06	-2.706108e-06	-4.575067e-11	-2.909770e+01	-3.796728e+00
3.930000e-06	-2.766534e-06	-4.774142e-11	-2.974744e+01	-3.870705e+00
3.940000e-06	-2.826614e-06	-4.560289e-11	-3.039346e+01	-3.945256e+00
3.950000e-06	-2.886320e-06	-4.251841e-11	-3.103544e+01	-4.019501e+00
3.960000e-06	-2.945500e-06	-4.159743e-11	-3.167179e+01	-4.092567e+00
3.970000e-06	-3.004106e-06	-4.405341e-11	-3.230196e+01	-4.163628e+00
3.980000e-06	-3.062205e-06	-4.725220e-11	-3.292666e+01	-4.231953e+00
3.990000e-06	-3.119806e-06	-4.728086e-11	-3.354603e+01	-4.296938e+00
4.000000e-06	-3.176881e-06	-4.618470e-11	-3.415973e+01	-4.358133e+00
4.010000e-06	-3.233463e-06	-4.770947e-11	-3.476814e+01	-4.415256e+00
4.020000e-06	-3.289593e-06	-5.036283e-11	-3.537168e+01	-4.468194e+00
4.030000e-06	-3.345192e-06	-5.170337e-11	-3.596951e+01	-4.516999e+00
4.040000e-06	-3.400111e-06	-5.145256e-11	-3.656004e+01	-4.561864e+00
4.050000e-06	-3.454200e-06	-5.164501e-11	-3.714163e+01	-4.603095e+00
4.060000e-06	-3.507396e-06	-5.324294e-11	-3.771363e+01	-4.641075e+00
4.070000e-06	-3.559854e-06	-5.539837e-11	-3.827769e+01	-4.676226e+00
4.080000e-06	-3.611622e-06	-5.755370e-11	-3.883433e+01	-4.708967e+00
4.090000e-06	-3.662741e-06	-5.829022e-11	-3.938400e+01	-4.739678e+00
4.100000e-06	-3.713331e-06	-5.859634e-11	-3.992797e+01	-4.768663e+00
4.110000e-06	-3.763228e-06	-5.909777e-11	-4.046449e+01	-4.796129e+00
4.120000e-06	-3.812250e-06	-5.971928e-11	-4.099161e+01	-4.822170e+00
4.130000e-06	-3.860318e-06	-6.002063e-11	-4.150846e+01	-4.846760e+00
4.140000e-06	-3.907531e-06	-5.912025e-11	-4.201613e+01	-4.869760e+00
4.150000e-06	-3.954132e-06	-5.888456e-11	-4.251720e+01	-4.890929e+00
4.160000e-06	-4.000239e-06	-6.022487e-11	-4.301297e+01	-4.909955e+00
4.170000e-06	-4.045784e-06	-6.122792e-11	-4.350270e+01	-4.926479e+00
4.180000e-06	-4.090619e-06	-6.149715e-11	-4.398479e+01	-4.940130e+00
4.190000e-06	-4.134878e-06	-6.068663e-11	-4.446070e+01	-4.950563e+00
4.200000e-06	-4.178647e-06	-5.955363e-11	-4.493132e+01	-4.957488e+00
4.210000e-06	-4.221712e-06	-5.986943e-11	-4.539438e+01	-4.960706e+00
4.220000e-06	-4.264020e-06	-6.109546e-11	-4.584931e+01	-4.960124e+00
4.230000e-06	-4.305628e-06	-6.133683e-11	-4.629670e+01	-4.955778e+00
4.240000e-06	-4.346559e-06	-6.093674e-11	-4.673682e+01	-4.947836e+00
4.250000e-06	-4.386838e-06	-6.192402e-11	-4.716992e+01	-4.936598e+00
4.260000e-06	-4.426397e-06	-6.342998e-11	-4.759528e+01	-4.922482e+00
4.270000e-06	-4.465035e-06	-6.478040e-11	-4.801074e+01	-4.906014e+00
4.280000e-06	-4.502514e-06	-6.533613e-11	-4.841374e+01	-4.887800e+00
4.290000e-06	-4.539029e-06	-6.470468e-11	-4.880636e+01	-4.868500e+00
4.300000e-06	-4.574903e-06	-6.420861e-11	-4.919211e+01	-4.848806e+00
4.310000e-06	-4.610070e-06	-6.380298e-11	-4.957024e+01	-4.829412e+00
4.320000e-06	-4.644405e-06	-6.307772e-11	-4.993944e+01	-4.810994e+00
4.330000e-06	-4.677965e-06	-6.232629e-11	-5.030029e+01	-4.794188e+00
4.340000e-06	-4.710811e-06	-6.277763e-11	-5.065347e+01	-4.779579e+00
4.350000e-06	-4.742917e-06	-6.296302e-11	-5.099869e+01	-4.767694e+00
4.360000e-06	-4.774156e-06	-6.232664e-11	-5.133460e+01	-4.758993e+00
4.370000e-06	-4.804357e-06	-6.260603e-11	-5.165933e+01	-4.753876e+00
4.380000e-06	-4.833503e-06	-6.281447e-11	-5.197273e+01	-4.752684e+00
4.390000e-06	-4.861787e-06	-6.249639e-11	-5.227686e+01	-4.755701e+00
4.400000e-06	-4.889337e-06	-6.239032e-11	-5.257309e+01	-4.763165e+00
4.410000e-06	-4.916057e-06	-6.166468e-11	-5.286040e+01	-4.775259e+00
4.420000e-06	-4.941869e-06	-5.949456e-11	-5.313795e+01	-4.792118e+00
4.430000e-06	-4.966883e-06	-5.908472e-11	-5.340691e+01	-4.813816e+00
4.440000e-06	-4.991256e-06	-6.039769e-11	-5.366898e+01	-4.840360e+00
4.450000e-06	-5.014886e-06	-6.136529e-11	-5.392307e+01	-4.871666e+00
4.460000e-06	-5.037475e-06	-6.195942e-11	-5.416596e+01	-4.907549e+00
4.470000e-06	-5.058916e-06	-6.095383e-11	-5.439651e+01	-4.947696e+00
4.480000e-06	-5.079409e-06	-5.912534e-11	-5.461686e+01	-4.991647e+00
4.490000e-06	-5.099152e-06	-5.864030e-11	-5.482914e+01	-5.038784e+00
4.500000e-06	-5.118114e-06	-6.060270e-11	-5.503304e+01	-5.088316e+00
4.510000e-06	-5.136225e-06	-6.160221e-11	-5.522778e+01	-5.139280e+00
4.520000e-06	-5.153493e-06	-6.118837e-11	-5.541345e+01	-5.190556e+00
4.530000e-06	-5.169963e-06	-6.061552e-11	-5.559054e+01	-5.240881e+00
4.540000e-06	-5.185660e-06	-6.082488e-11	-5.575933e+01	-5.288895e+00
4.550000e-06	-5.200306e-06	-6.054385e-11	-5.591681e+01	-5.333183e+00
4.560000e-06	-5.213651e-06	-5.900133e-11	-5.606031e+01	-5.372333e+00
4.570000e-06	-5.225847e-06	-5.742061e-11	-5.619145e+01	-5.405009e+00
4.580000e-06	-5.237065e-06	-5.491404e-11	-5.631207e+01	-5.430019e+00
4.590000e-06	-5.247363e-06	-5.522110e-11	-5.642280e+01	-5.446383e+00
4.600000e-06	-5.256719e-06	-5.721849e-11	-5.652340e+01	-5.453403e+00
4.610000e-06	-5.265216e-06	-5.717041e-11	-5.661477e+01	-5.450719e+00
4.620000e-06	-5.272959e-06	-5.553514e-11	-5.669802e+01	-5.438342e+00
4.630000e-06	-5.279678e-06	-5.452853e-11	-5.677027e+01	-5.416681e+00
4.640000e-06	-5.285144e-06	-5.498681e-11	-5.682905e+01	-5.386539e+00
4.650000e-06	-5.289620e-06	-5.472173e-11	-5.687718e+01	-5.349084e+00
4.660000e-06	-5.293312e-06	-5.290570e-11	-5.691687e+01	-5.305798e+00
4.670000e-06	-5.296167e-06	-5.045179e-11	-5.694757e+01	-5.258401e+00
4.680000e-06	-5.298119e-06	-4.935454e-11	-5.696856e+01	-5.208758e+00
4.690000e-06	-5.299140e-06	-4.899955e-11	-5.697954e+01	-5.158762e+00
